   0.02582,  -0.01094,   0.02057,  -0.09498,   0.00832,  -0.00394,   0.06959,  -0.01620,   0.01007,  -0.04246,   0.02582,  -0.01970,   0.01182,  -0.05471,   0.06084,   0.03108,  -0.07922,  -0.02845,   0.01357,   0.01007,  -0.01444,   0.00481,   0.05734,  -0.01970,   0.02933,  -0.09673,   0.02757,   0.07485,   0.03458,  -0.02670,   0.02933,   0.06784,   0.00832,   0.04158,   0.02933,  -0.00219,   0.03108,  -0.04246,   0.02407,  -0.04421,  -0.01795,  -0.00394,   0.02057,   0.02232,   0.01182,  -0.01094,   0.05734,  -0.05121,  -0.10374,   0.01357,   0.00832,   0.01182,  -0.00219,  -0.05296,  -0.04246,   0.01357,   0.03983,  -0.03370,  -0.01795,   0.02582,  -0.00044,  -0.09848,  -0.08448,   0.01182,  -0.03370,  -0.02145,  -0.06697,  -0.04596,   0.06784,  -0.01269,  -0.03721,  -0.06697,  -0.06697,  -0.03195,  -0.09848,   0.04858,  -0.05121,  -0.03721,  -0.05296,  -0.01094,   0.01357,   0.01882,  -0.03896,   0.07310,   0.04508,  -0.00569,   0.03108,  -0.00744,  -0.02845,   0.00657,  -0.02495,   0.00131,   0.04858,   0.03108,   0.00832,  -0.00919,  -0.07747,  -0.02320,   0.01882,  -0.01620,   0.01707,  -0.04946,   0.00832,  -0.01970,  -0.01970,  -0.05296,   0.01007,   0.03633,  -0.02670,   0.05734,   0.09411,   0.00306,  -0.08623,   0.01007,   0.01357,  -0.02670,  -0.00744,  -0.00394,  -0.00744,   0.04158,   0.03808,   0.06609,   0.06259,  -0.00744,   0.01182,  -0.04421,   0.01882,   0.05034,   0.05034,   0.04683,  -0.06347,   0.03283,   0.03458,  -0.01269,   0.02232,  -0.08973,   0.01182,  -0.03721,  -0.01094,   0.00832,  -0.03370,   0.01007,  -0.02320,  -0.02145,   0.01357,   0.01882,  -0.02670,  -0.05121,   0.00832,   0.02582,   0.05034,  -0.01970,   0.02057,  -0.02495,  -0.01269,  -0.01094,  -0.07222,  -0.02320,   0.01182,  -0.03896,  -0.07922,  -0.01620,   0.02582,  -0.01620,   0.01532,  -0.00569,   0.01007,  -0.02145,  -0.02145,  -0.00919,   0.04158,  -0.02320,  -0.02670,   0.01707,   0.09411,  -0.03896,  -0.00219,   0.04508,  -0.09498,   0.01882,   0.02757,  -0.05822,   0.06434,   0.02582,   0.00131,   0.07310,   0.02757,  -0.00219,  -0.04421,   0.03983,   0.06434,   0.03983,   0.02057,  -0.04246,   0.06959,  -0.02670,   0.01882,  -0.00394,  -0.03020,   0.01532,  -0.04596,  -0.01269,  -0.05296,   0.03808,   0.01882,  -0.02670,  -0.00744,  -0.03020,   0.01882,  -0.02145,  -0.00569,  -0.01094,   0.03108,   0.01882,  -0.04946,  -0.00219,  -0.00394,   0.00481,  -0.03020,  -0.03721,  -0.01094,   0.03108,  -0.03370,  -0.07397,   0.06609,   0.02933,  -0.03370,  -0.00219,  -0.00569,  -0.01094,   0.00306,   0.04508,   0.06784,   0.00481,  -0.04596,  -0.07397,   0.06784,   0.02757,   0.02407,   0.00131,   0.06784,  -0.03896,  -0.04421,  -0.04421,   0.01707,  -0.05997,  -0.06172,  -0.02495,  -0.01269,   0.02407,   0.00131,  -0.02670,   0.04858,   0.02407,   0.03808,  -0.04596,   0.00306,   0.00131,   0.00131,   0.08360,  -0.01620,  -0.04771,   0.00832,  -0.01970,  -0.04946,  -0.03370,  -0.00394,   0.01882,   0.01882,   0.00832,   0.00481,   0.02232,   0.00306,  -0.02845,   0.05209,  -0.01444,  -0.03195,  -0.01620,   0.06784,   0.00131,   0.02407,   0.01707,  -0.01094,   0.03633,   0.04333,   0.00832,  -0.00919,  -0.00569,  -0.00394,  -0.02320,   0.01882,  -0.06522,  -0.00919,  -0.01795,   0.01007,   0.00131,  -0.05471,  -0.04421,  -0.06872,   0.09235,   0.06084,  -0.00744,  -0.06522,  -0.00394,   0.05734,   0.01007,   0.01532,   0.06259,   0.00131,  -0.02670,   0.05209,  -0.00569,   0.01007,  -0.10374,  -0.04421,  -0.02845,  -0.03545,   0.04158,   0.00832,  -0.01094,   0.09060,  -0.10549,  -0.00919,   0.05209,  -0.05822,  -0.01444,   0.00306,  -0.00569,  -0.00744,   0.01182,   0.01882,   0.05384,   0.04158,   0.02057,  -0.02495,   0.02582,   0.06959,  -0.02845,   0.09060,  -0.05997,  -0.01620,  -0.01094,   0.00481,   0.00657,  -0.03896,  -0.00219,  -0.01444,  -0.01094,   0.01882,  -0.02845,  -0.02145,  -0.07572,   0.03108,  -0.06697,   0.04158,   0.00657,   0.00832,  -0.03195,   0.04858,  -0.04946,  -0.07922,  -0.04421,  -0.02145,  -0.03370,  -0.00044,  -0.04071,  -0.00219,   0.01357,  -0.02670,  -0.04071,  -0.03020,  -0.00219,  -0.01094,   0.04333,   0.02407,  -0.00744,   0.08710,  -0.07047,  -0.00394,   0.05209,   0.00306,   0.03983,  -0.05471,   0.08360,  -0.00919,  -0.04771,  -0.00919,  -0.03020,   0.00832,   0.00657,  -0.04596,   0.00657,  -0.05997,   0.01532,   0.00306,  -0.00219,   0.00481,   0.02232,  -0.02145,   0.04683,  -0.02495,  -0.00744,  -0.04596,   0.02232,  -0.01444,   0.00131,   0.05384,  -0.00044,  -0.05121,  -0.01970,   0.06609,   0.00832,   0.05734,   0.00481,   0.03983,   0.03633,  -0.02145,   0.00306,  -0.00394,   0.00131,   0.09411,  -0.00394,   0.03108,  -0.00569,  -0.01970,  -0.01620,   0.06784,   0.02582,   0.07485,  -0.01795,   0.01532,   0.01007,  -0.00219,   0.05734,   0.01882,   0.08185,  -0.05646,  -0.05296,   0.00657,   0.03283,   0.01882,   0.04333,   0.01357,  -0.03721,   0.02582,  -0.00219,   0.02057,   0.00832,   0.00131,   0.06959,   0.04858,  -0.03545,  -0.01269,  -0.03721,  -0.01269,  -0.04246,   0.01182,   0.05034,  -0.05646,   0.01707,   0.09411,  -0.02845,   0.01882,  -0.06697,  -0.08448,   0.07485,   0.03808,   0.00131,   0.00306,   0.04508,  -0.03195,  -0.00394,   0.00832,  -0.07747,  -0.03370,  -0.00919,   0.05734,   0.10111,  -0.03370,  -0.01269,  -0.02670,  -0.01795,  -0.00219,  -0.08448,   0.02232,   0.03808,  -0.02845,  -0.01094,   0.06259,   0.04333,   0.03283,  -0.04771,   0.01007,   0.00131,  -0.05121,  -0.06347,  -0.01795,   0.04508,   0.02582,  -0.05997,  -0.00044,  -0.01795,  -0.08098,  -0.01444,   0.05384,  -0.04071,  -0.07922,   0.03283,   0.03458,  -0.01269,   0.01357,  -0.07047,   0.04683,  -0.05646,  -0.03545,  -0.08448,  -0.07747,  -0.00219,  -0.01795,  -0.03370,  -0.01094,   0.01182,   0.05034,   0.09235,  -0.05646,   0.00481,  -0.03020,   0.00306,   0.03808,  -0.01795,  -0.00219,  -0.07047,  -0.01444,  -0.01795,   0.01532,  -0.06172,  -0.02670,   0.01532,  -0.00744,  -0.04771,  -0.03370,  -0.06697,   0.05734,   0.03283,   0.03808,  -0.03896,   0.05559,  -0.00044,  -0.03020,  -0.03370,  -0.00569,   0.00481,   0.05734,  -0.02145,  -0.05646,   0.12212,  -0.01795,  -0.03195,   0.03983,   0.01182,   0.05734,   0.03283,  -0.04771,  -0.04771,   0.05384,  -0.02495,  -0.02145,   0.01532,   0.05734,  -0.04071,  -0.02495,  -0.03896,   0.02933,   0.02407,  -0.03370,   0.03983,  -0.03721,   0.03983,  -0.00919,  -0.10199,   0.08535,   0.01182,  -0.01620,  -0.00569,   0.05559,   0.02407,   0.03808,  -0.05822,  -0.04421,  -0.05296,  -0.00394,   0.02407,   0.04158,   0.00657,  -0.00744,  -0.01620,  -0.04421,  -0.04071,   0.07835,   0.03283,   0.03283,   0.06434,   0.02933,   0.01532,   0.04683,  -0.10899,   0.01532,  -0.02145,   0.02933,  -0.04421,  -0.00219,  -0.03545,   0.04158,  -0.00744,   0.01182,  -0.02320,   0.02933,   0.02582,  -0.00919,  -0.03195,  -0.01094,  -0.00394,  -0.05296,   0.03283,  -0.04246,  -0.01269,  -0.02145,  -0.04771,   0.01357,   0.01532,   0.05909,   0.04508,   0.03283,  -0.04771,  -0.06872,  -0.03195,  -0.03545,  -0.06697,   0.00131,  -0.02495,   0.01182,   0.00481,   0.05209,  -0.02845,  -0.08098,   0.01182,   0.02232,   0.01532,  -0.00569,   0.10461,   0.04158,  -0.04071,   0.01707,   0.00131,  -0.01620,   0.01182,  -0.01970,   0.00832,   0.00481,  -0.03195,   0.03283,   0.00306,  -0.06697,   0.03458,   0.01707,   0.02757,   0.03458,  -0.01094,   0.04333,   0.03983,   0.05384,  -0.07047,  -0.02670,  -0.01094,  -0.01795,  -0.03721,  -0.00569,  -0.03370,  -0.08623,  -0.01795,  -0.07222,   0.01532,  -0.00394,  -0.01444,  -0.08098,  -0.00044,  -0.02145,   0.01007,  -0.04771,  -0.04421,   0.06784,  -0.02670,   0.04683,   0.00832,  -0.02145,  -0.01970,   0.03983,   0.01007,  -0.00044,   0.00481,  -0.02145,  -0.03020,  -0.04421,  -0.04071,   0.03633,   0.04683,   0.11161,  -0.04596,  -0.04946,   0.02232,  -0.01094,   0.02582,   0.02057,   0.00657,  -0.00919,   0.05734,   0.04158,  -0.02145,   0.06434,   0.01532,   0.03108,   0.01707,  -0.04946,  -0.01970,   0.02407,   0.00657,  -0.03721,  -0.00219,   0.07310,   0.05909,  -0.01094,  -0.03195,  -0.00219,  -0.00744,  -0.02320,  -0.00569,  -0.01444,  -0.03545,   0.04333,  -0.01620,  -0.00569,  -0.09148,   0.00481,   0.00657,   0.03808,   0.08885,   0.02057,   0.00306,   0.02582,  -0.01970,   0.00832,   0.01882,  -0.05121,   0.08885,   0.06784,   0.02232,  -0.04421,   0.03108,   0.03633,  -0.02495,   0.00832,  -0.02670,  -0.07047,  -0.03020,  -0.00569,   0.01707,   0.07660,  -0.00744,  -0.05121,   0.00306,  -0.01269,  -0.04071,  -0.09673,  -0.01620,  -0.00919,   0.00481,   0.04158,  -0.05822,  -0.01094,  -0.01269,  -0.07397,   0.05909,  -0.02845,  -0.03721,   0.02757,  -0.03721,   0.00131,   0.02057,  -0.03721,  -0.07222,   0.05559,   0.00657,   0.01532,  -0.05121,   0.01357,  -0.02145,   0.01707,  -0.00394,  -0.04596,  -0.04246,  -0.10374,   0.02757,  -0.01094,   0.01182,  -0.02145,   0.02582,   0.01532,   0.05734,  -0.01444,   0.00306,  -0.00394,  -0.04246,  -0.02145,  -0.07747,  -0.06697,   0.06784,  -0.04771,  -0.01620,   0.05384,  -0.00919,   0.06084,  -0.00044,  -0.00919,   0.04508,   0.01007,   0.00481,   0.00481,  -0.04596,  -0.00919,  -0.03721,  -0.00219,   0.01532,   0.01007,  -0.02320,  -0.01094,  -0.03545,   0.02933,   0.01532,   0.07485,   0.03108,   0.01357,  -0.00219,  -0.01970,   0.04683,   0.09936,  -0.10023,   0.01532,  -0.07922,  -0.04946,   0.06959,  -0.05296,   0.11161,  -0.02845,  -0.00394,  -0.00744,  -0.00044,   0.02757,   0.01707,  -0.00044,   0.01532,  -0.05296,   0.01182,   0.03108,  -0.00394,  -0.06697,  -0.09148,  -0.05822,   0.01182,  -0.03545,  -0.02670,  -0.00744,   0.09235,   0.03983,  -0.01970,   0.03633,   0.03633,   0.03283,   0.03983,   0.06784,   0.00657,   0.03633,  -0.04596,  -0.03020,  -0.03545,   0.03983,  -0.01094,   0.01882,  -0.03195,  -0.03370,   0.01532,   0.00481,   0.00481,   0.03458,  -0.04771,  -0.01620,  -0.00744,  -0.00394,  -0.01970,  -0.02145,  -0.01269,   0.01357,  -0.00569,   0.02582,   0.06784,   0.02582,   0.06434,   0.01007,   0.01532,   0.04508,   0.01007,   0.02232,   0.01357,   0.01357,  -0.02670,   0.04333,  -0.01970,   0.03458,   0.00481,   0.02232,   0.02057,  -0.06347,   0.06259,   0.00657,   0.03283,  -0.01094,   0.06084,   0.00657,   0.07835,  -0.04246,  -0.04246,  -0.03020,   0.01007,   0.03983,   0.00306,   0.00481,  -0.03195,  -0.05121,  -0.01269,  -0.03896,  -0.01620,   0.00306,  -0.05471,   0.02757,   0.04508,  -0.01094,   0.02407,   0.06084,  -0.01444,  -0.01444,   0.02232,  -0.01444,   0.00832,   0.04683,  -0.06697,   0.03458,  -0.05997,   0.02057,   0.00481,   0.08885,   0.03633,  -0.02670,  -0.01094,   0.04858,  -0.02145,  -0.02145,   0.08360,   0.02057,   0.04333,   0.02232,  -0.07922,  -0.06172,   0.05034,  -0.01444,  -0.01795,   0.05034,  -0.03545,  -0.06697,   0.00832,   0.01007,  -0.02145,  -0.03020,   0.06959,  -0.09148,   0.00481,  -0.02320,   0.06609,   0.07660,  -0.04771,   0.06609,  -0.01970,   0.00481,   0.00481,   0.00832,  -0.02845,   0.03283,   0.01532,  -0.06522,   0.02582,   0.08010,  -0.02320,  -0.04771,   0.08185,   0.05034,  -0.03370,   0.01182,   0.01707,  -0.01620,  -0.05822,  -0.00919,   0.07135,  -0.06522,  -0.01444,   0.00657,   0.03983,   0.01182,   0.02057,  -0.01620,  -0.02145,  -0.06347,  -0.03020,   0.01882,  -0.01970,  -0.02320,   0.00481
   0.01882,  -0.06172,   0.02232,  -0.02670,   0.03633,   0.00306,  -0.05471,  -0.05822,  -0.00394,   0.06609,   0.04333,  -0.01970,   0.05384,  -0.00744,  -0.02495,  -0.06172,   0.01357,   0.02057,  -0.02320,  -0.01094,   0.01882,   0.04508,   0.02232,  -0.01269,   0.07310,  -0.07922,   0.01007,  -0.02145,   0.05034,   0.01882,   0.02933,  -0.02320,  -0.00919,   0.00306,  -0.05997,  -0.03896,  -0.01970,   0.03283,  -0.05121,  -0.04946,   0.02057,   0.03458,  -0.08973,  -0.00569,  -0.01620,   0.03983,  -0.08448,   0.04683,   0.01007,  -0.01094,   0.00657,  -0.02845,   0.05559,   0.01532,  -0.07397,  -0.04421,   0.00832,   0.05734,  -0.03545,   0.07310,   0.02933,   0.02757,   0.04333,   0.03633,  -0.03020,  -0.00219,  -0.09323,  -0.03020,  -0.01620,  -0.04071,  -0.01269,  -0.02845,  -0.04246,   0.09411,   0.03108,   0.03108,  -0.00044,   0.00131,  -0.07222,   0.01357,  -0.03721,  -0.01795,   0.00657,  -0.01620,  -0.00044,  -0.04771,  -0.01795,  -0.08973,  -0.02845,  -0.10199,  -0.03020,  -0.06347,  -0.01269,   0.06959,   0.00306,  -0.04946,   0.04683,   0.10636,  -0.08098,  -0.03195,   0.03983,   0.00481,   0.03983,   0.05734,   0.02057,   0.02582,  -0.02320,  -0.05471,  -0.01970,  -0.01795,  -0.02145,  -0.05121,   0.04858,  -0.01444,  -0.04071,   0.01532,  -0.06872,   0.01182,  -0.01444,  -0.06522,   0.01532,   0.03633,   0.06959,  -0.07047,  -0.05997,  -0.07747,   0.07835,  -0.04246,  -0.04421,   0.05384,  -0.03721,   0.01007,   0.17639,   0.05034,  -0.00394,   0.03633,   0.03283,  -0.04771,  -0.09673,  -0.04596,   0.03108,  -0.03020,   0.04683,  -0.03195,  -0.00919,   0.03633,  -0.04071,  -0.00569,   0.01357,  -0.07747,  -0.01269,   0.03808,  -0.03896,  -0.02320,   0.10111,   0.08535,   0.02407,   0.06784,  -0.02495,  -0.04596,  -0.04946,   0.02057,  -0.00219,   0.01007,  -0.07397,  -0.00219,  -0.01094,   0.08360,   0.07660,   0.12387,  -0.00394,  -0.00569,   0.05734,  -0.07572,  -0.06872,  -0.03896,  -0.00219,   0.06784,  -0.16501,  -0.04946,  -0.00219,   0.01182,   0.03633,   0.04158,   0.01182,  -0.03020,   0.12387,  -0.03020,   0.13262,  -0.05646,  -0.06347,  -0.01620,   0.02057,  -0.00569,  -0.01444,  -0.02670,   0.02757,   0.05734,  -0.03195,   0.04508,  -0.08273,  -0.01444,   0.02582,   0.03458,   0.03633,  -0.05471,  -0.05471,   0.02933,  -0.06347,   0.05559,   0.02933,  -0.00219,   0.07660,   0.06259,  -0.05997,   0.01007,  -0.03195,  -0.05471,  -0.02670,   0.09411,  -0.00569,  -0.08273,  -0.06347,   0.00481,  -0.03195,   0.00306,   0.02232,   0.02757,  -0.03721,  -0.04071,  -0.03020,   0.00657,   0.04333,   0.00131,  -0.03721,  -0.04246,  -0.04771,  -0.05822,   0.01532,  -0.03545,  -0.00394,   0.01007,  -0.05471,   0.02232,   0.09235,   0.11862,   0.00832,  -0.07747,   0.00131,  -0.01970,  -0.02670,  -0.06522,   0.02057,   0.05209,  -0.03545,  -0.00919,   0.01007,   0.03633,  -0.05471,  -0.00569,   0.00131,  -0.01970,  -0.07572,  -0.05121,  -0.04771,   0.06084,   0.02407,  -0.00044,  -0.01620,  -0.01269,   0.05909,  -0.00744,   0.01707,  -0.03721,   0.06084,  -0.02145,  -0.03721,  -0.04246,   0.02057,  -0.01094,   0.00481,  -0.00744,   0.00657,   0.09936,   0.03808,   0.01882,  -0.09498,   0.03108,   0.02582,  -0.00044,  -0.00394,   0.03808,  -0.03896,   0.00832,  -0.04246,  -0.04421,  -0.00919,  -0.07222,  -0.06172,  -0.01620,   0.04683,   0.05209,  -0.03370,  -0.00394,   0.05384,   0.05384,  -0.02670,   0.00131,   0.01882,   0.02933,   0.01882,   0.08885,   0.04333,  -0.06347,   0.02582,  -0.04946,  -0.00394,  -0.07572,  -0.01444,   0.02582,   0.04858,  -0.01970,   0.03983,   0.00657,  -0.02320,   0.04333,  -0.01444,  -0.08973,   0.06259,   0.02057,   0.00306,  -0.00219,   0.00832,   0.09936,   0.02757,   0.02933,  -0.02495,  -0.05646,  -0.00569,  -0.03195,   0.05209,  -0.01620,  -0.01269,   0.06959,   0.01532,  -0.10724,  -0.00394,  -0.03020,  -0.00744,   0.06784,   0.05384,  -0.00569,  -0.03545,   0.01882,   0.02757,   0.07835,   0.05384,  -0.00569,  -0.02670,   0.04858,  -0.00219,  -0.02145,  -0.06172,  -0.10374,   0.00306,  -0.05121,  -0.02845,  -0.03545,  -0.01094,  -0.01269,  -0.05471,  -0.00744,   0.03458,   0.00131,   0.04683,  -0.01795,   0.02933,  -0.01269,   0.08535,   0.01532,  -0.01795,   0.00832,   0.01532,  -0.05471,  -0.03020,  -0.03195,  -0.01269,  -0.00569,  -0.04771,  -0.06872,  -0.08798,  -0.01444,   0.00657,  -0.00919,  -0.04071,  -0.04596,   0.03458,  -0.04246,  -0.04071,  -0.01620,   0.01707,  -0.01269,  -0.00919,   0.00306,   0.03458,   0.04683,   0.01357,   0.06084,  -0.00744,  -0.03721,  -0.03721,   0.06959,  -0.01269,  -0.02495,  -0.07222,   0.02757,  -0.05997,   0.02407,   0.01357,  -0.03896,   0.05034,  -0.05121,  -0.00219,  -0.04246,   0.02057,   0.02407,  -0.05646,  -0.04421,  -0.09848,  -0.00044,  -0.00919,  -0.06872,  -0.03370,   0.05384,  -0.01444,  -0.00744,  -0.03545,  -0.00219,   0.00306,  -0.06872,  -0.03195,  -0.05471,   0.04333,   0.00832,  -0.02320,   0.06084,  -0.00569,  -0.01444,   0.05209,   0.05034,  -0.02670,   0.02232,   0.02407,  -0.01269,   0.00306,   0.01357,   0.05734,   0.06084,  -0.00219,  -0.03195,   0.07835,  -0.01970,  -0.02845,  -0.03896,   0.01882,   0.01182,   0.03808,   0.06259,  -0.06172,  -0.00919,  -0.00044,  -0.04071,   0.04508,   0.03108,  -0.07572,   0.00481,   0.05209,   0.03283,  -0.00394,  -0.01970,  -0.05296,   0.02407,   0.05034,   0.04858,  -0.13175,  -0.03195,   0.00131,   0.06259,   0.00481,  -0.03020,  -0.04246,  -0.01970,  -0.01620,   0.01007,  -0.01269,  -0.04421,   0.08535,   0.04333,   0.05384,   0.04158,   0.03633,  -0.01795,  -0.02145,  -0.01795,   0.01357,   0.02232,  -0.02845,   0.02057,  -0.04421,  -0.00394,   0.05734,   0.03458,  -0.01444,  -0.03896,  -0.08098,  -0.05822,   0.02232,  -0.03545,   0.02757,  -0.01795,  -0.01269,  -0.03896,  -0.00919,   0.06609,  -0.00044,   0.04858,  -0.00569,  -0.02495,   0.00832,   0.01707,  -0.08973,  -0.03370,  -0.05822,  -0.02495,   0.05384,   0.01182,  -0.07222,   0.09411,   0.02057,  -0.04946,   0.05034,   0.06609,   0.05559,  -0.03721,  -0.01970,   0.02933,   0.05734,  -0.03020,  -0.08973,  -0.07397,   0.04508,  -0.03370,  -0.03545,  -0.03545,  -0.04421,   0.01532,  -0.01444,   0.00131,  -0.00219,   0.03108,   0.00481,  -0.01444,  -0.02495,  -0.00219,   0.05209,   0.02582,  -0.01269,  -0.02845,  -0.09323,  -0.01970,  -0.05646,  -0.00569,  -0.04421,   0.03283,   0.00306,  -0.00569,   0.00481,   0.01007,  -0.03721,  -0.07397,  -0.02495,  -0.02320,   0.00832,   0.01357,  -0.02670,  -0.04771,   0.02933,   0.00131,  -0.00569,  -0.02145,  -0.01444,  -0.01970,   0.03633,  -0.01094,  -0.09498,   0.03983,  -0.02320,  -0.03545,  -0.02670,  -0.04946,   0.04333,   0.04333,  -0.05471,   0.02232,  -0.00744,   0.02232,   0.05559,  -0.07397,   0.01882,   0.00657,  -0.08098,  -0.00919,   0.01707,  -0.04596,  -0.04071,  -0.05646,  -0.01094,  -0.00919,   0.05909,  -0.04771,  -0.02145,  -0.04946,  -0.02845,  -0.01094,   0.03283,  -0.04596,   0.07135,  -0.08798,  -0.03195,   0.02407,   0.00131,  -0.05121,   0.00131,   0.00657,   0.01182,  -0.00569,  -0.10724,   0.09235,  -0.02845,   0.02582,  -0.07397,   0.05909,   0.01532,  -0.04946,  -0.01795,   0.00657,  -0.02845,   0.03108,   0.00306,   0.00306,  -0.00744,  -0.02670,  -0.04946,  -0.05121,   0.03283,   0.02757,  -0.02670,   0.03983,   0.07660,  -0.05646,  -0.01970,   0.06084,   0.14138,  -0.06172,  -0.04771,   0.04508,  -0.01620,   0.00657,   0.02232,  -0.06172,   0.04683,   0.00131,   0.01007,  -0.03896,   0.06959,   0.02933,  -0.02320,  -0.00744,  -0.08623,   0.02407,   0.01182,   0.00481,  -0.01970,   0.02407,  -0.08798,   0.06259,  -0.03020,   0.07835,   0.02933,  -0.00919,   0.05384,   0.02933,  -0.05997,   0.01182,  -0.08448,   0.08010,   0.02057,  -0.06697,  -0.03545,  -0.03370,   0.00832,  -0.01269,   0.08885,   0.02933,  -0.03195,   0.00131,  -0.01620,   0.01532,   0.00481,  -0.05121,   0.03458,   0.06959,  -0.06172,   0.05034,  -0.07572,  -0.03545,  -0.03195,   0.04158,   0.02582,  -0.06172,   0.05034,   0.07135,  -0.00219,   0.02757,   0.09586,   0.09060,  -0.04421,  -0.04946,   0.09060,  -0.04771,   0.07835,   0.04158,   0.01707,  -0.07397,   0.07660,   0.01882,   0.01007,  -0.08798,  -0.05822,   0.01007,  -0.01970,  -0.01269,   0.02057,  -0.00044,   0.00306,   0.00481,   0.01007,   0.06084,   0.05384,   0.06959,   0.02757,  -0.07572,   0.11336,   0.05559,   0.04508,  -0.03896,   0.01532,  -0.08798,  -0.04246,   0.02757,  -0.00919,   0.00657,   0.01357,  -0.07747,  -0.06872,  -0.01795,   0.06259,  -0.00394,  -0.06872,   0.10986,  -0.01970,  -0.03721,   0.01532,   0.04508,   0.01007,   0.05034,   0.01007,  -0.03896,  -0.00044,  -0.05296,  -0.02320,  -0.01970,  -0.08273,   0.03108,  -0.01444,  -0.00744,  -0.00919,  -0.01269,  -0.00219,   0.02933,  -0.02495,  -0.02145,   0.00306,  -0.01094,   0.03458,   0.00481,   0.02757,   0.07485,   0.01357,  -0.00919,   0.06084,  -0.01094,  -0.05822,  -0.10549,  -0.00919,  -0.04771,  -0.02845,   0.00481,   0.00481,  -0.00044,   0.07835,   0.02933,  -0.05822,  -0.09848,  -0.02670,  -0.03721,  -0.00044,   0.05559,  -0.05296,   0.01882,  -0.00744,   0.03808,  -0.00394,   0.01182,   0.00306,   0.05209,  -0.01970,  -0.01269,   0.02057,   0.08885,  -0.04421,  -0.00919,  -0.00044,   0.01007,   0.02933,  -0.10374,   0.00657,   0.01357,  -0.03195,  -0.00394,  -0.04946,   0.06084,  -0.03896,  -0.00394,   0.03283,  -0.00219,  -0.02845,  -0.15976,  -0.00044,   0.12912,  -0.01094,  -0.03370,  -0.03195,  -0.04946,   0.03633,  -0.02495,   0.06259,   0.05734,  -0.00044,  -0.01094,  -0.02145,   0.06084,   0.09060,  -0.07397,  -0.01269,  -0.01795,  -0.04596,   0.00306,   0.02407,   0.00832,   0.01007,   0.03108,   0.04158,  -0.00919,   0.00657,   0.03108,   0.05384,  -0.00394,  -0.00919,  -0.01444,  -0.07397,   0.08885,  -0.02495,   0.00131,   0.04333,   0.02582,  -0.09498,   0.01707,  -0.03545,  -0.03370,   0.05734,  -0.02145,  -0.01094,   0.08185,  -0.01620,  -0.00919,  -0.04771,   0.00306,   0.01532,  -0.01620,  -0.02845,  -0.06872,   0.02057,  -0.00394,  -0.02145,   0.06784,  -0.06697,  -0.06172,   0.01007,  -0.00919,   0.07485,  -0.05121,   0.05034,  -0.02320,  -0.01620,  -0.01620,   0.06259,  -0.03896,  -0.01444,  -0.04071,  -0.04421,   0.04333,   0.04158,  -0.01795,  -0.00569,  -0.01094,   0.03983,   0.00306,  -0.00744,  -0.06172,  -0.05646,  -0.00219,   0.02057,   0.01182,  -0.02320,  -0.03545,  -0.00394,  -0.05822,   0.08185,   0.00481,  -0.01094,  -0.02495,   0.00481,  -0.01795,  -0.02320,  -0.03020,   0.03633,   0.06084,   0.04858,  -0.00569,  -0.01094,  -0.04596,  -0.01620,   0.03283,   0.00481,  -0.03896,  -0.00569,  -0.03370,   0.02057,   0.02757,   0.02232,   0.08710,  -0.06697,   0.01532,  -0.02845,  -0.02845,  -0.07922,   0.04333,  -0.02670,  -0.06172,   0.01882,   0.02757,   0.04858,  -0.05997,  -0.05471,  -0.03721,  -0.03370,  -0.08798,   0.03458,   0.00657,  -0.08973,   0.11336,   0.05559,  -0.02320,   0.01357,  -0.01269,  -0.07747,  -0.00044,  -0.02845,  -0.08448,   0.04508,   0.01007,  -0.00919,  -0.01444,   0.02057,  -0.04071,   0.04683,   0.03633,  -0.01094,   0.03283,  -0.01795,  -0.01620,  -0.01094,  -0.03370,   0.08885,   0.05909,   0.05559,  -0.01795,  -0.05822,   0.08010,   0.01357,  -0.01620,  -0.01269,  -0.01444,   0.04333,  -0.06347,   0.00832,  -0.04246,  -0.00219,   0.04333,   0.01007,  -0.06347,   0.03808,  -0.05646
   0.01882,   0.03983,   0.02582,   0.06784,  -0.02320,   0.06434,  -0.02845,  -0.02845,  -0.04946,  -0.03020,  -0.06872,   0.04858,  -0.08973,  -0.01444,   0.09936,   0.03808,   0.06609,  -0.03370,   0.02057,  -0.00394,   0.06434,  -0.01795,   0.02933,  -0.03370,   0.01007,  -0.08798,   0.05384,   0.00481,  -0.01269,  -0.05822,   0.02232,   0.09411,   0.05384,  -0.03370,   0.04508,   0.00306,   0.00306,  -0.01970,   0.02757,  -0.03545,  -0.08623,   0.10111,  -0.09673,   0.05559,  -0.00219,  -0.05471,   0.00657,   0.00306,  -0.02845,  -0.07572,   0.02057,  -0.05822,  -0.04946,   0.03808,   0.09411,  -0.06872,   0.03983,  -0.00394,  -0.00744,  -0.01444,  -0.02670,   0.01532,  -0.01444,  -0.05822,  -0.00394,  -0.01269,   0.03808,  -0.05997,  -0.01795,  -0.02670,   0.03458,   0.00832,  -0.08098,  -0.00744,  -0.08623,   0.01532,  -0.01269,   0.05909,   0.04683,  -0.05822,   0.05034,   0.05559,   0.02407,  -0.01094,   0.10111,  -0.01795,  -0.00044,   0.02057,  -0.03545,  -0.04421,   0.06959,  -0.01094,  -0.03020,   0.07485,  -0.03721,   0.01707,   0.01357,   0.07485,  -0.05296,  -0.05822,   0.01707,  -0.01444,  -0.04071,  -0.04071,  -0.01094,   0.01007,  -0.04246,  -0.00919,  -0.03721,  -0.04771,  -0.03896,  -0.00569,  -0.01444,   0.01357,   0.05384,   0.08885,   0.05209,  -0.00044,  -0.03545,  -0.03370,   0.03808,  -0.02495,  -0.06522,   0.02407,   0.05034,   0.00481,   0.02057,   0.03283,  -0.01795,   0.04508,  -0.00744,   0.07485,  -0.00394,  -0.03195,   0.03283,   0.05384,  -0.05121,  -0.05822,  -0.01970,   0.01357,  -0.02670,   0.01707,  -0.06347,   0.01357,  -0.02320,   0.11687,   0.00832,   0.05909,   0.03633,   0.06959,   0.10286,  -0.00394,  -0.00219,   0.00131,  -0.00219,  -0.02145,   0.07135,  -0.03020,   0.06434,   0.03808,  -0.04071,   0.00306,  -0.12124,   0.03633,   0.00131,  -0.04246,  -0.08273,  -0.00219,  -0.04421,  -0.02670,   0.00481,  -0.03020,  -0.02145,   0.09060,   0.01007,  -0.05646,  -0.05121,   0.04858,  -0.01795,   0.02407,   0.00131,  -0.04071,   0.05034,   0.03808,   0.04508,   0.00481,   0.01182,  -0.06172,   0.01707,   0.00131,   0.08885,   0.02582,  -0.00044,  -0.00044,   0.03458,   0.00657,  -0.04246,  -0.07572,  -0.09323,  -0.07047,  -0.03545,   0.06259,  -0.03195,   0.04858,  -0.10724,  -0.00569,  -0.04771,   0.00131,   0.00131,   0.06784,  -0.03545,   0.00832,   0.02933,   0.01707,  -0.00744,   0.06434,  -0.10549,  -0.02845,   0.00306,   0.03808,   0.02933,   0.03633,   0.00657,   0.02407,  -0.03721,  -0.04771,  -0.00219,  -0.02670,  -0.05822,  -0.00919,  -0.05822,   0.04508,  -0.01094,  -0.06872,   0.01882,   0.01707,   0.03808,  -0.01094,   0.01182,  -0.02495,   0.02582,   0.00131,  -0.05822,  -0.09848,  -0.08273,  -0.01444,  -0.00044,  -0.03545,  -0.03195,   0.00832,   0.02057,   0.00832,   0.02232,  -0.01269,   0.08185,  -0.05646,   0.01182,  -0.01795,   0.05559,  -0.00744,   0.01007,  -0.01444,   0.09586,   0.00131,  -0.09323,   0.00657,  -0.08973,   0.04858,  -0.02670,  -0.03545,  -0.00394,  -0.01444,   0.10636,  -0.10899,  -0.09148,  -0.02145,   0.06084,  -0.05646,   0.08535,   0.13788,   0.06434,  -0.02495,  -0.02845,   0.00481,   0.00131,  -0.05997,  -0.02145,   0.04683,  -0.01269,   0.05559,   0.00832,  -0.03020,  -0.03721,  -0.05822,  -0.01444,  -0.00394,   0.03458,   0.05384,  -0.03896,  -0.01795,   0.03983,  -0.06172,  -0.05121,   0.00481,   0.06784,   0.03808,   0.01707,   0.04158,   0.03108,  -0.03896,   0.06084,  -0.01970,   0.09411,  -0.10724,   0.02057,   0.01707,   0.01882,   0.07310,  -0.06172,  -0.03370,  -0.06872,  -0.04771,  -0.04771,   0.02582,  -0.05997,  -0.00044,   0.00306,   0.00131,   0.00481,  -0.06172,  -0.05822,  -0.06872,   0.02057,  -0.02670,   0.00481,   0.07660,   0.03633,   0.02933,   0.09586,  -0.07572,  -0.01620,  -0.00394,  -0.02670,  -0.00919,   0.00481,  -0.00569,   0.06434,   0.04508,  -0.03020,   0.07310,  -0.01970,  -0.04246,   0.01357,   0.01707,  -0.00219,  -0.04596,   0.06434,  -0.04596,  -0.02845,   0.03108,  -0.00394,   0.07485,  -0.02495,   0.04508,  -0.06172,   0.05384,   0.02407,  -0.00219,  -0.04071,  -0.07572,   0.02933,   0.07660,   0.03808,   0.13963,   0.01707,   0.01532,   0.08535,   0.03633,   0.02757,  -0.07572,   0.01007,  -0.04946,  -0.04596,   0.04508,   0.04683,  -0.07047,   0.03108,  -0.00744,   0.03458,   0.03458,  -0.07922,  -0.02495,   0.01182,   0.08360,  -0.08973,  -0.01269,  -0.05121,   0.00657,   0.07835,  -0.03721,   0.02232,   0.06609,  -0.01444,  -0.01269,   0.00131,   0.01707,   0.10811,   0.09761,   0.02232,  -0.02495,   0.10111,  -0.05646,  -0.06172,   0.05909,  -0.05997,  -0.05997,   0.04158,   0.00481,  -0.02145,   0.01882,  -0.05121,  -0.05296,   0.04858,   0.00657,  -0.02145,   0.01357,   0.04333,  -0.16326,  -0.01444,  -0.06172,  -0.01620,   0.02407,  -0.05121,  -0.04771,  -0.07922,  -0.02845,  -0.07572,   0.05209,  -0.00744,  -0.00919,   0.02057,  -0.00394,  -0.02320,  -0.03195,   0.00832,   0.01882,  -0.01970,   0.04858,   0.00657,  -0.00919,   0.01007,  -0.03370,   0.01182,   0.04858,   0.01707,   0.01882,   0.05209,   0.05734,   0.02057,   0.03283,  -0.00394,  -0.01269,  -0.04946,   0.07485,  -0.04771,   0.04508,  -0.08098,  -0.03370,  -0.01795,   0.10111,   0.04858,   0.03983,  -0.00044,   0.01707,  -0.07397,   0.01532,   0.03283,  -0.02845,   0.00481,   0.03458,   0.12562,  -0.00219,   0.04158,   0.08535,  -0.09323,   0.00481,  -0.09148,  -0.04946,  -0.03195,  -0.02670,  -0.00394,  -0.00744,  -0.00219,  -0.00219,   0.01532,   0.04158,   0.05384,   0.01182,   0.04683,   0.03808,  -0.05471,   0.04858,   0.00481,   0.04508,  -0.04596,  -0.02320,   0.00131,   0.04858,   0.00481,   0.06609,  -0.00219,  -0.03370,  -0.01094,  -0.04421,   0.04858,   0.07835,   0.07485,  -0.01620,  -0.00569,  -0.08098,  -0.00919,  -0.00744,   0.02582,  -0.10724,   0.00131,  -0.08273,  -0.02495,  -0.01444,  -0.08098,   0.03633,   0.07835,   0.00657,   0.04158,   0.04858,   0.04508,  -0.05296,   0.00131,   0.01007,  -0.11249,  -0.01970,  -0.00394,   0.11336,   0.07485,  -0.05121,  -0.03195,   0.01532,   0.01357,  -0.03020,  -0.01094,  -0.04771,   0.00481,  -0.13525,  -0.00394,   0.02757,   0.06434,   0.04333,   0.03458,  -0.03721,   0.00481,   0.05559,   0.05734,   0.00832,   0.06784,   0.06959,  -0.01444,   0.05909,   0.04508,   0.03983,  -0.04071,   0.02933,   0.15714,  -0.04246,  -0.01970,  -0.01094,  -0.07047,  -0.06347,   0.02407,   0.01707,  -0.02320,  -0.05471,  -0.03020,  -0.03896,  -0.04246,   0.00131,  -0.01795,   0.01182,   0.01357,   0.04858,  -0.03545,   0.00657,  -0.01620,  -0.01620,  -0.05471,  -0.07922,  -0.05646,  -0.02320,   0.03283,   0.06609,  -0.02145,  -0.00219,   0.01532,   0.01532,   0.00832,  -0.01620,   0.04508,  -0.00569,   0.03808,   0.00832,   0.00131,   0.02407,   0.03283,  -0.04071,   0.07135,   0.00131,  -0.06172,   0.01357,   0.09411,  -0.04596,   0.02933,   0.03458,  -0.02320,  -0.00219,   0.02057,   0.03808,  -0.07397,   0.03458,   0.02232,  -0.05471,   0.09411,  -0.02670,   0.02757,  -0.00394,  -0.05121,  -0.04246,   0.00481,   0.01532,  -0.02320,  -0.02670,   0.09586,  -0.02145,   0.07310,  -0.00219,   0.05909,  -0.00744,  -0.06872,   0.05034,  -0.04246,   0.02232,  -0.07047,  -0.06872,   0.03983,  -0.02845,  -0.01094,   0.02057,  -0.05121,   0.02582,  -0.01094,  -0.02145,   0.06959,  -0.07397,  -0.04421,   0.01882,   0.01707,  -0.03896,  -0.07222,  -0.02320,   0.05034,  -0.05471,  -0.06347,   0.03633,   0.03633,   0.09761,  -0.02320,   0.00481,   0.05734,   0.10286,   0.02057,  -0.11249,  -0.08448,  -0.01970,  -0.02145,   0.01532,   0.09060,  -0.02145,  -0.01970,   0.02582,  -0.03721,   0.01182,  -0.07047,   0.06434,  -0.03370,  -0.03020,  -0.04071,  -0.11774,   0.04158,  -0.07222,  -0.00219,   0.02407,  -0.01094,  -0.07047,   0.03283,  -0.02145,   0.13963,  -0.01269,  -0.00569,  -0.06172,  -0.04246,   0.02057,   0.00832,  -0.08973,  -0.05646,  -0.07747,  -0.01795,   0.01532,  -0.03370,   0.05034,  -0.05471,  -0.06872,   0.02582,  -0.03896,   0.07835,   0.03808,  -0.03896,  -0.02320,   0.03108,  -0.08098,  -0.00569,   0.02757,   0.04508,  -0.07222,   0.01007,  -0.08448,   0.03108,   0.07485,  -0.07572,  -0.01094,   0.00481,   0.02407,   0.02933,   0.00832,   0.00481,  -0.02145,   0.00832,   0.01007,   0.01882,  -0.00919,  -0.00919,   0.05909,   0.02582,   0.07835,   0.04508,   0.03808,  -0.05121,   0.01007,   0.01532,  -0.00744,   0.09936,   0.01882,  -0.01444,  -0.05121,   0.04158,   0.03108,   0.07660,   0.02582,  -0.00744,   0.00832,  -0.08973,  -0.08798,   0.00832,   0.06084,  -0.00919,   0.02582,   0.06784,   0.05384,   0.02582,   0.06609,  -0.09673,  -0.00219,   0.08535,  -0.00744,  -0.03896,   0.01532,   0.08360,  -0.03195,   0.02232,   0.01007,  -0.08098,   0.02582,   0.02232,  -0.02670,   0.07135,   0.10986,  -0.03370,   0.02407,   0.03633,   0.00131,  -0.05997,  -0.00394,  -0.05646,  -0.00744,  -0.10023,   0.02232,  -0.00219,  -0.03020,   0.04858,  -0.07047,  -0.02670,   0.04508,   0.03283,  -0.04421,  -0.02320,   0.02757,  -0.03721,   0.07835,  -0.02670,  -0.08098,   0.05909,  -0.00919,  -0.01795,  -0.03195,   0.04858,   0.08535,   0.03808,  -0.02320,   0.07310,  -0.04421,   0.01007,   0.03283,  -0.10549,  -0.05121,  -0.01269,  -0.02495,   0.05209,   0.03983,   0.00306,  -0.02845,   0.01182,   0.06259,  -0.06522,  -0.00219,  -0.01795,  -0.01444,   0.03458,   0.03633,  -0.02320,  -0.01795,   0.02757,  -0.00394,  -0.03721,  -0.00044,   0.01007,   0.01882,   0.06259,  -0.02145,  -0.05471,  -0.08623,   0.04683,  -0.01444,  -0.09498,   0.05209,  -0.00919,  -0.00219,  -0.00394,  -0.06872,   0.03108,  -0.00744,  -0.04596,   0.06784,  -0.00219,  -0.00569,  -0.01269,  -0.01094,  -0.02495,  -0.02320,  -0.01094,   0.01532,  -0.01620,  -0.03545,   0.05034,   0.02407,  -0.00919,   0.02582,   0.09235,   0.03458,  -0.05296,   0.00131,  -0.09148,  -0.02145,   0.02757,   0.02232,   0.01007,   0.09060,   0.03808,  -0.04596,  -0.05822,  -0.00394,   0.05034,  -0.06522,  -0.01620,  -0.03721,  -0.03896,  -0.02320,   0.08885,   0.00131,   0.01007,  -0.03020,   0.03108,   0.00131,   0.02057,   0.00131,   0.00306,  -0.07922,   0.00131,   0.01882,   0.08360,   0.05734,   0.01182,  -0.02670,  -0.00219,   0.08710,  -0.00569,   0.04858,   0.01882,  -0.09323,   0.01357,  -0.03195,  -0.04071,  -0.08973,   0.02933,   0.00306,   0.08010,   0.05734,   0.06609,  -0.03896,  -0.01620,  -0.05296,   0.06784,  -0.02845,  -0.02845,   0.01532,  -0.01620,  -0.00919,   0.05034,  -0.01094,   0.01882,   0.01882,  -0.00744,   0.08710,   0.06259,   0.00657,   0.00832,  -0.05296,   0.02232,   0.03108,  -0.03721,  -0.05646,   0.01357,  -0.04946,  -0.05997,  -0.04596,   0.03983,   0.00832,   0.02057,   0.01532,   0.03283,  -0.01620,  -0.01970,   0.03283,  -0.01094,   0.09586,   0.00481,  -0.00744,   0.01707,  -0.00744,   0.00832,   0.00306,   0.04158,   0.02232,  -0.04771,  -0.02495,   0.01357,  -0.02670,  -0.07747,  -0.01620,   0.04158,  -0.06347,  -0.00394,  -0.07747,   0.00306,   0.04333,   0.01707,   0.04158,  -0.00744,  -0.04946,  -0.05121,  -0.03370,  -0.04771,  -0.03545,  -0.02495,  -0.02145,  -0.04946,   0.02407,   0.05559,  -0.04421,  -0.04771,   0.02582,   0.00832,  -0.03545,   0.01182,   0.00832,  -0.02495,   0.02057,  -0.04596,  -0.01269,   0.00481,   0.03808,  -0.02495,   0.05209,   0.00657,   0.00657,   0.00131,   0.03633,  -0.03370,  -0.01444
   0.02933,   0.02407,  -0.05471,  -0.01970,   0.00832,  -0.04421,  -0.07747,   0.05734,  -0.04771,   0.06434,   0.12737,   0.00131,   0.03983,  -0.02320,   0.05909,  -0.01269,   0.06084,   0.01007,  -0.06172,   0.07485,  -0.06697,   0.09060,   0.02757,   0.05384,  -0.03545,  -0.00044,   0.01532,  -0.02320,  -0.03020,  -0.00394,   0.06609,  -0.01094,   0.02232,   0.02407,   0.05209,   0.03108,  -0.06172,   0.03108,   0.00481,  -0.03020,  -0.01970,  -0.00044,  -0.00044,  -0.03195,  -0.00919,   0.04333,  -0.00044,  -0.02320,  -0.06347,   0.08535,   0.02757,  -0.06347,   0.03983,   0.01357,  -0.06172,  -0.02320,  -0.01795,   0.06609,  -0.00919,   0.02933,   0.00481,  -0.01444,  -0.01269,  -0.01620,  -0.05296,  -0.00569,  -0.04246,  -0.00744,  -0.01620,  -0.01269,  -0.04946,  -0.00044,   0.04158,   0.00657,   0.02407,  -0.01444,   0.03808,  -0.01970,   0.02407,   0.01007,   0.01882,  -0.01620,  -0.00919,  -0.04246,   0.00657,  -0.07747,   0.00657,  -0.02670,   0.01532,   0.06959,   0.02582,   0.03108,  -0.11774,   0.04858,   0.02582,   0.01707,  -0.01620,  -0.00919,   0.07310,  -0.05296,  -0.08098,  -0.02145,   0.12212,  -0.00044,  -0.05296,  -0.00394,  -0.00569,   0.02232,  -0.00744,  -0.06872,  -0.00044,   0.02057,   0.06959,   0.02407,   0.00131,  -0.01970,  -0.12825,   0.00657,  -0.03370,  -0.03370,  -0.03020,  -0.03195,  -0.01444,  -0.04246,  -0.03370,  -0.07222,   0.13613,   0.03458,  -0.04071,   0.01882,   0.00481,  -0.01094,   0.03283,  -0.02845,  -0.00919,   0.05559,  -0.03370,  -0.07922,  -0.01444,  -0.06697,  -0.02670,  -0.05471,  -0.01444,  -0.09323,  -0.04071,   0.03808,  -0.01444,   0.02933,   0.02407,  -0.02320,   0.03108,   0.01532,  -0.04946,  -0.03370,   0.07835,  -0.05997,  -0.01795,   0.08710,   0.02933,   0.02582,  -0.01620,   0.01182,   0.08185,  -0.09323,   0.00657,   0.00306,   0.00657,   0.03458,   0.02407,   0.00481,  -0.02145,   0.01357,   0.02933,  -0.06697,  -0.03370,  -0.02320,  -0.05121,  -0.04246,  -0.04596,   0.03983,   0.03283,   0.01882,   0.04508,   0.04508,   0.03108,  -0.03195,   0.00481,  -0.05121,   0.00832,  -0.05646,   0.08885,  -0.00394,  -0.09673,  -0.05121,  -0.03545,   0.03808,  -0.07222,   0.09586,  -0.01795,  -0.05997,   0.05384,  -0.01269,   0.01882,   0.01532,   0.05034,  -0.00569,   0.00832,  -0.03896,   0.02232,   0.03633,   0.06259,   0.01707,  -0.03896,  -0.03195,  -0.02320,  -0.01269,   0.02582,  -0.02845,  -0.02145,   0.06434,   0.06784,   0.02057,   0.03283,   0.01532,  -0.01094,   0.02582,   0.03283,  -0.05121,   0.02407,  -0.03545,   0.02933,  -0.01620,   0.01707,   0.07485,  -0.02670,  -0.07047,   0.03108,   0.02057,  -0.03896,   0.00657,  -0.02145,  -0.02145,   0.01007,   0.10636,   0.05034,   0.04858,  -0.02145,  -0.01269,  -0.01620,  -0.02495,  -0.00219,   0.01182,  -0.08798,   0.04158,  -0.07222,  -0.02320,   0.04333,   0.00481,  -0.06172,   0.00306,   0.03808,  -0.01269,   0.00481,  -0.04596,   0.02057,   0.02407,  -0.00219,   0.03458,   0.01882,   0.05034,   0.05909,  -0.04246,  -0.06872,  -0.00744,  -0.02845,  -0.00919,  -0.01094,  -0.07747,  -0.00394,   0.04858,  -0.03545,   0.02407,   0.02232,  -0.01620,   0.01007,  -0.01269,  -0.04771,  -0.00044,   0.00832,  -0.02495,   0.02582,   0.00832,  -0.08448,  -0.03370,  -0.02320,  -0.01795,  -0.06347,  -0.06697,   0.00657,  -0.00744,   0.01007,   0.00832,   0.03808,  -0.02320,   0.01007,  -0.01094,  -0.04246,  -0.06347,   0.00306,   0.01182,  -0.01269,   0.01357,  -0.03020,  -0.04946,  -0.04071,   0.02407,   0.01882,   0.05734,   0.05559,  -0.00569,   0.04158,  -0.02145,   0.01357,  -0.05471,  -0.04596,   0.00306,  -0.01795,   0.02057,  -0.01444,   0.05559,   0.03458,  -0.05296,  -0.03721,   0.08010,  -0.01620,   0.02407,   0.04158,  -0.04246,  -0.05822,  -0.01970,  -0.03020,  -0.00919,  -0.08798,  -0.02495,  -0.02845,  -0.06522,   0.05734,  -0.02145,  -0.06347,  -0.06172,  -0.07047,  -0.00569,  -0.02495,   0.03108,   0.01532,  -0.03545,   0.03983,  -0.05471,  -0.03370,   0.03633,   0.07135,   0.01882,   0.03808,   0.03633,   0.00306,  -0.02320,  -0.03721,  -0.07747,   0.02232,   0.07660,  -0.07572,  -0.01094,   0.07135,  -0.07572,   0.01532,   0.00657,  -0.00744,  -0.03896,  -0.04596,   0.01007,  -0.06522,   0.01357,  -0.02320,  -0.04596,  -0.02495,   0.03458,   0.05034,  -0.06172,   0.01532,  -0.03896,  -0.01970,   0.06259,   0.02582,  -0.01444,  -0.02495,   0.01007,   0.01182,  -0.05471,  -0.08448,  -0.02495,   0.00481,   0.03983,  -0.06522,   0.04858,  -0.03721,   0.01532,   0.01707,   0.05034,  -0.02145,   0.01707,   0.06434,  -0.01094,  -0.02845,  -0.00744,   0.01707,  -0.02495,   0.04508,   0.02757,   0.00657,   0.07485,  -0.00394,   0.02582,   0.03633,  -0.04771,   0.01357,  -0.00219,  -0.04071,   0.00306,   0.01182,   0.01357,   0.04333,   0.03108,  -0.00219,   0.03108,  -0.03195,  -0.02320,  -0.03896,   0.00306,  -0.02145,  -0.06172,   0.01707,  -0.03721,   0.06959,   0.01357,  -0.05121,   0.05559,   0.02582,  -0.06347,  -0.00394,  -0.09323,  -0.00219,   0.00832,  -0.00569,   0.01357,  -0.00744,   0.00306,  -0.00569,  -0.00044,  -0.01620,  -0.01444,   0.04158,   0.05384,  -0.00744,  -0.01444,   0.03983,  -0.00744,   0.00481,  -0.00744,  -0.01094,   0.04858,  -0.05296,   0.04158,   0.03983,   0.02933,  -0.04946,  -0.01444,  -0.01444,  -0.02495,   0.00481,  -0.02845,   0.01182,   0.00131,  -0.00569,  -0.02145,   0.09936,   0.05384,   0.02757,   0.04858,   0.00481,  -0.06172,  -0.01970,  -0.08798,   0.02582,   0.00306,   0.00306,  -0.03545,  -0.03721,   0.13087,  -0.07047,  -0.06697,  -0.02495,  -0.00744,   0.06959,  -0.02145,   0.02933,  -0.02845,  -0.07047,  -0.00919,   0.05034,   0.08535,  -0.01970,   0.08535,   0.06784,   0.03108,   0.04508,  -0.03721,   0.02057,   0.02057,  -0.08973,  -0.00219,   0.03983,   0.02933,   0.03808,   0.06084,  -0.07047,  -0.02320,  -0.01795,   0.03283,   0.01707,  -0.01269,  -0.05121,   0.01182,  -0.02495,  -0.08448,  -0.04246,  -0.00044,  -0.01795,  -0.01795,  -0.03545,  -0.03020,   0.00657,  -0.05121,   0.03283,  -0.02670,  -0.02670,  -0.01094,   0.06259,  -0.04246,  -0.07047,   0.00306,   0.03458,  -0.04246,   0.00306,  -0.00044,  -0.00394,  -0.00569,  -0.02845,   0.03983,   0.01182,   0.06259,  -0.00919,   0.02232,  -0.03721,  -0.06522,   0.03108,  -0.02670,  -0.01094,   0.04158,  -0.01620,   0.05559,   0.03983,  -0.04246,   0.04508,  -0.05296,   0.02407,   0.03633,   0.08535,   0.07835,   0.02933,  -0.01444,   0.02933,   0.02933,   0.01357,  -0.04071,  -0.05296,  -0.03545,   0.02232,   0.06084,   0.01532,  -0.02495,  -0.00394,  -0.03370,  -0.09148,  -0.03896,   0.01707,   0.03983,   0.05384,  -0.04946,  -0.00394,  -0.05822,   0.03458,   0.00131,  -0.02495,  -0.01795,   0.03108,   0.02757,  -0.01269,  -0.06172,   0.06609,   0.03283,  -0.00569,  -0.02670,  -0.02320,  -0.01795,  -0.12650,   0.01007,  -0.00744,   0.04158,  -0.08448,  -0.03370,  -0.03020,  -0.03721,   0.03458,  -0.03020,   0.02232,   0.02757,   0.04858,  -0.04421,   0.00481,   0.00481,  -0.06522,  -0.01620,   0.01007,  -0.04771,   0.01882,   0.02582,   0.00306,   0.06609,   0.02933,   0.03458,   0.02232,   0.02933,   0.08010,  -0.02145,  -0.04596,   0.06434,   0.07135,  -0.01269,  -0.06697,  -0.03545,  -0.01970,   0.06959,  -0.01094,  -0.03545,  -0.01269,   0.02933,  -0.04596,  -0.02495,   0.03808,  -0.02670,   0.00306,  -0.00394,   0.04158,  -0.04071,   0.00657,  -0.00569,   0.01532,   0.05034,  -0.04421,  -0.05822,  -0.04246,   0.01707,  -0.00744,   0.01357,  -0.05822,  -0.00219,  -0.06522,   0.03808,   0.02232,  -0.00219,  -0.04071,   0.05909,  -0.00919,  -0.06172,  -0.00044,   0.00306,  -0.05296,   0.03283,   0.01007,   0.04158,   0.04508,  -0.00919,  -0.08098,  -0.05822,   0.05034,  -0.06347,   0.11687,  -0.02495,  -0.04771,  -0.04771,  -0.04596,  -0.01269,   0.04683,  -0.05646,  -0.01269,   0.04158,  -0.05997,  -0.03020,   0.03458,   0.01182,  -0.00394,  -0.07572,   0.07835,   0.00657,  -0.06347,  -0.00569,   0.01532,   0.06784,   0.00832,   0.02933,   0.00832,   0.01182,   0.03633,   0.01882,   0.00481,   0.04683,  -0.00219,   0.08185,  -0.05822,   0.02582,   0.00832,   0.00306,  -0.08448,  -0.02670,   0.05559,  -0.06347,  -0.03020,  -0.02670,  -0.09148,  -0.02145,   0.00306,   0.06609,  -0.02845,   0.04683,  -0.06172,  -0.02320,  -0.00919,  -0.01094,   0.02407,   0.05034,   0.05209,   0.00131,  -0.05997,   0.01882,   0.03458,   0.06784,  -0.00744,  -0.00919,  -0.01444,  -0.04421,   0.00657,   0.00832,  -0.02320,  -0.05296,  -0.00044,   0.04858,   0.02057,   0.05384,   0.05909,   0.02057,   0.02057,   0.00832,  -0.00569,   0.09761,  -0.01094,   0.01707,   0.05034,  -0.02495,  -0.05646,  -0.02145,  -0.05471,   0.05734,  -0.05296,   0.01882,   0.02232,  -0.06172,  -0.05296,  -0.02670,   0.02407,   0.03283,  -0.04071,  -0.06347,   0.01357,  -0.02320,  -0.06522,   0.01007,   0.03808,  -0.04596,  -0.04246,  -0.05822,  -0.03195,   0.01357,   0.05559,   0.06434,  -0.02495,  -0.01620,   0.01007,   0.00131,   0.05034,   0.01357,  -0.02845,   0.04158,   0.01007,  -0.04246,  -0.04771,   0.01882,   0.10111,   0.01707,  -0.01269,   0.03108,   0.04683,  -0.01269,  -0.03370,   0.00481,   0.00657,  -0.04596,  -0.04246,  -0.01094,  -0.05296,   0.01182,   0.03108,  -0.07047,  -0.04596,  -0.03195,   0.02933,  -0.01970,  -0.00394,   0.01532,  -0.00044,  -0.06697,  -0.03370,   0.03283,  -0.05471,  -0.04771,   0.02407,  -0.06347,   0.01007,  -0.04946,  -0.00219,   0.00131,  -0.03721,   0.01007,  -0.00219,   0.06609,   0.06959,  -0.01269,   0.07135,  -0.02670,  -0.04421,  -0.02145,   0.01357,   0.01532,   0.05034,   0.03283,  -0.00394,   0.05559,  -0.03896,   0.01532,   0.00131,   0.01707,   0.01707,  -0.00744,  -0.02845,  -0.01970,   0.03983,   0.07660,   0.05559,  -0.02320,  -0.00919,  -0.01620,   0.05209,   0.02057,  -0.01795,  -0.03896,  -0.00394,   0.04858,  -0.02845,  -0.03721,   0.00832,   0.01707,   0.03283,   0.02057,   0.03283,  -0.00394,   0.01532,   0.01182,  -0.02145,   0.01707,  -0.05646,   0.09411,   0.00832,   0.10461,   0.02232,  -0.02495,   0.01357,  -0.00219,   0.02057,  -0.04246,  -0.03370,  -0.04946,   0.03283,  -0.00044,  -0.01795,   0.02407,   0.00131,   0.04333,   0.01532,   0.03633,  -0.05646,   0.05734,   0.02407,  -0.05822,  -0.02495,   0.02057,   0.02757,   0.06259,  -0.02845,   0.01532,   0.05384,  -0.01444,   0.04508,  -0.02145,  -0.01094,  -0.03195,   0.03283,  -0.08273,  -0.04421,  -0.07047,  -0.02670,  -0.00394,  -0.01444,  -0.05471,  -0.00394,  -0.09148,  -0.05471,  -0.08448,   0.01707,  -0.01970,  -0.05471,  -0.02145,   0.03808,  -0.00744,   0.03283,  -0.03020,   0.10461,  -0.00219,   0.01357,   0.05034,  -0.04596,   0.05734,   0.00131,  -0.01269,  -0.02320,  -0.00219,  -0.03370,   0.04508,  -0.08798,   0.03283,  -0.02495,   0.00306,  -0.04421,  -0.02320,   0.06434,   0.04683,  -0.00569,   0.05209,   0.04333,  -0.03545,   0.00832,  -0.05997,   0.02232,   0.04158,  -0.01795,   0.02582,  -0.00919,  -0.00044,  -0.06347,  -0.09323,   0.07135,  -0.04771,  -0.03020,   0.02757,   0.08185,   0.00657,   0.05384,  -0.08273,   0.10811,  -0.00569,  -0.05296,  -0.05296,   0.03283,  -0.02145,   0.04158,  -0.00569,   0.01707,   0.10286,   0.06084,   0.07660,  -0.05822,   0.00306,  -0.04421,  -0.02145,  -0.02845,   0.03633,  -0.04421,  -0.11249,   0.05209,   0.02757,  -0.04071,   0.01532,   0.08010,  -0.06522,  -0.00219,  -0.04421
  -0.06697,  -0.05121,  -0.00219,   0.04683,   0.04158,   0.03108,   0.06084,   0.03283,  -0.00044,  -0.01970,   0.00657,  -0.01444,   0.05909,   0.02757,   0.04158,   0.02232,   0.04508,   0.05209,  -0.05121,   0.03458,  -0.00744,  -0.02145,  -0.02670,  -0.03545,  -0.00394,   0.04683,  -0.00219,  -0.05997,   0.00306,   0.06959,   0.00131,   0.07660,   0.04158,   0.02582,   0.05559,   0.01007,  -0.02320,  -0.01795,   0.05909,  -0.03370,  -0.02670,   0.04333,   0.02933,  -0.01444,   0.05559,   0.06609,   0.12737,  -0.02845,  -0.01970,  -0.02670,  -0.04946,  -0.08973,  -0.04246,   0.04158,   0.00131,   0.05384,   0.04508,  -0.04071,   0.03808,  -0.00044,  -0.04421,  -0.02670,   0.08535,   0.08535,   0.02582,  -0.03370,   0.00657,   0.10286,   0.04683,  -0.00744,   0.02407,   0.01182,  -0.01094,  -0.02495,  -0.01795,  -0.00394,   0.03458,  -0.00394,  -0.03896,   0.01882,   0.00657,  -0.05296,  -0.01444,  -0.01444,  -0.04421,  -0.04071,   0.04858,   0.07485,   0.00481,  -0.07747,   0.02933,   0.04158,  -0.01795,   0.01357,   0.08360,  -0.01269,  -0.04246,  -0.04246,  -0.02145,  -0.07747,  -0.06347,  -0.07747,  -0.03896,  -0.04071,  -0.00919,   0.02057,  -0.07747,  -0.05296,  -0.02670,   0.05734,  -0.02145,  -0.00744,   0.07135,   0.01532,  -0.00569,   0.03283,   0.05209,   0.08710,   0.05384,  -0.01620,   0.07485,  -0.04946,   0.05034,  -0.01620,   0.03458,  -0.11599,   0.01882,  -0.00219,   0.01357,   0.00481,   0.03633,  -0.01970,  -0.00919,  -0.01444,  -0.01620,  -0.01094,  -0.00744,  -0.01094,  -0.01444,   0.04158,  -0.02845,  -0.02670,   0.12737,   0.02232,  -0.09673,   0.03983,  -0.02845,  -0.00219,   0.03808,   0.00306,  -0.01620,  -0.00919,  -0.01444,  -0.03721,  -0.03545,  -0.00219,   0.06609,   0.15013,   0.06609,  -0.04246,  -0.02145,   0.03108,  -0.02845,   0.05034,   0.04508,  -0.08098,  -0.08973,  -0.02495,  -0.01620,   0.05384,   0.01007,  -0.03721,   0.04683,   0.05559,   0.01532,  -0.02320,   0.05034,  -0.00394,  -0.05997,   0.01007,  -0.07222,   0.07485,  -0.06522,  -0.01269,  -0.02145,  -0.00919,  -0.07397,  -0.00044,  -0.01094,   0.04333,  -0.00919,  -0.09848,  -0.00569,   0.02757,   0.02407,  -0.05471,  -0.01795,   0.06959,  -0.00044,  -0.05646,   0.03808,   0.01532,   0.01532,   0.02757,   0.01707,  -0.02670,  -0.01620,   0.08185,   0.02232,  -0.05471,  -0.01269,   0.00481,   0.05384,  -0.06172,   0.11336,   0.02232,  -0.02495,  -0.02145,  -0.06172,   0.06084,   0.03633,   0.01707,  -0.02320,   0.08885,   0.01357,  -0.05822,   0.05559,  -0.02845,  -0.02845,   0.04333,  -0.00569,   0.01882,  -0.07747,  -0.00919,  -0.02320,   0.05909,  -0.02495,  -0.04596,  -0.06697,   0.05559,  -0.02845,   0.02933,  -0.08973,  -0.02845,   0.00832,   0.03808,   0.05559,  -0.00394,  -0.03370,   0.02582,   0.06959,   0.03983,  -0.07572,  -0.03370,   0.01182,   0.00306,   0.06959,  -0.16677,   0.00832,   0.01532,  -0.11074,   0.05559,  -0.07572,  -0.09323,  -0.00919,  -0.01620,   0.03283,  -0.09323,  -0.07397,   0.00657,  -0.07747,   0.03983,   0.02757,   0.02933,  -0.02495,   0.02933,   0.02757,   0.02757,   0.00832,   0.00131,  -0.09848,  -0.06697,  -0.03370,  -0.00919,  -0.03896,   0.01707,  -0.00744,  -0.04071,   0.03283,  -0.02145,  -0.05646,   0.02407,   0.00657,   0.02057,   0.06259,   0.00306,  -0.01094,   0.07485,   0.03108,   0.03108,  -0.00394,  -0.00744,  -0.00394,   0.02757,   0.00131,  -0.06872,   0.07660,   0.03808,  -0.00044,  -0.00219,  -0.07747,  -0.04771,  -0.02145,   0.00657,  -0.03545,   0.02232,  -0.00569,   0.00306,  -0.03370,   0.02057,   0.00131,  -0.03545,   0.00832,  -0.01094,   0.03808,   0.00131,  -0.00569,  -0.04946,   0.00832,   0.01007,  -0.05997,   0.04683,   0.02407,   0.03283,  -0.04421,  -0.01269,   0.00481,   0.06084,  -0.08798,   0.04508,   0.02407,   0.06259,  -0.01620,  -0.05121,  -0.03721,   0.01532,   0.01007,  -0.02320,  -0.01444,   0.01182,  -0.02495,   0.01707,  -0.01620,  -0.03195,  -0.01444,  -0.01269,   0.00131,  -0.05471,   0.07135,   0.10111,   0.00832,  -0.03370,   0.11336,   0.02933,   0.00481,   0.06434,   0.02407,   0.02232,  -0.05646,  -0.06522,  -0.00394,   0.00832,   0.03283,   0.09235,   0.04508,   0.06609,  -0.05471,  -0.03896,   0.01707,  -0.10724,  -0.00394,  -0.03896,  -0.00394,  -0.02320,  -0.04421,   0.03633,   0.00832,   0.08010,   0.00306,  -0.03195,  -0.04246,   0.05559,  -0.00219,  -0.05997,   0.04158,  -0.06522,   0.06084,  -0.00219,   0.03108,   0.07310,  -0.00219,   0.00306,   0.04683,   0.00832,   0.03808,  -0.00919,  -0.05121,  -0.06172,  -0.01269,   0.02057,   0.03108,  -0.03020,  -0.05296,  -0.01620,   0.10286,  -0.00219,   0.00481,  -0.02845,   0.03983,  -0.07922,   0.04508,  -0.02670,  -0.02495,  -0.00044,  -0.00394,   0.03633,   0.00657,   0.02933,  -0.00044,   0.02933,  -0.00219,  -0.09848,  -0.01094,   0.00481,  -0.02495,   0.05209,  -0.05646,   0.04158,   0.04158,   0.00481,  -0.05646,   0.02582,  -0.01444,  -0.02670,   0.06959,  -0.00569,  -0.07397,   0.02757,  -0.08798,   0.04508,  -0.03370,   0.00657,  -0.04771,  -0.01970,  -0.06697,   0.02757,  -0.04596,  -0.00044,  -0.02145,   0.09936,  -0.02495,   0.02757,   0.05909,   0.00481,  -0.02320,   0.01882,   0.01182,   0.03108,  -0.06522,   0.03283,  -0.05296,  -0.00744,   0.01357,  -0.01094,  -0.04596,   0.02057,  -0.00744,   0.04508,  -0.04246,  -0.03721,  -0.05471,   0.00832,  -0.00219,   0.00131,  -0.01795,  -0.04071,   0.01357,  -0.05296,  -0.01620,   0.03108,  -0.01970,  -0.01795,   0.06959,  -0.02145,   0.01707,   0.06959,   0.00306,  -0.01094,   0.00306,  -0.01094,   0.01882,  -0.02320,   0.01707,   0.05559,   0.01882,   0.00657,   0.03458,   0.06259,   0.03108,  -0.03896,  -0.06172,   0.05909,   0.02232,   0.03983,   0.05384,  -0.05646,   0.00657,  -0.01970,   0.03283,  -0.04071,  -0.03721,  -0.00569,   0.05034,   0.01357,  -0.03195,  -0.02495,   0.01007,  -0.01269,   0.04333,   0.02582,  -0.04421,  -0.01620,   0.04858,  -0.04596,  -0.00219,   0.01707,  -0.00569,   0.03983,   0.05384,   0.05384,   0.05034,   0.05209,  -0.00044,  -0.03896,   0.01882,  -0.02495,   0.04508,  -0.01094,  -0.01444,   0.02582,   0.02757,   0.03283,   0.03458,   0.05559,  -0.07572,   0.05559,  -0.07747,  -0.01094,  -0.00044,   0.01182,  -0.05997,   0.01532,   0.02407,   0.00657,   0.01707,  -0.01094,  -0.00919,  -0.05997,   0.01882,  -0.01269,   0.01532,  -0.03721,   0.06609,  -0.03370,  -0.06347,  -0.00044,  -0.04421,  -0.04071,  -0.02320,  -0.05121,   0.05734,   0.01882,  -0.01970,   0.02057,   0.06609,  -0.07747,   0.00306,  -0.00219,   0.09586,   0.04333,   0.02057,  -0.08273,   0.04333,  -0.05997,  -0.00569,  -0.05997,  -0.00744,   0.07135,   0.03633,   0.01882,   0.05734,  -0.03721,   0.04858,   0.04158,  -0.02845,   0.05909,  -0.00044,   0.07310,   0.03983,   0.05209,  -0.00044,   0.03808,   0.01182,   0.05384,   0.00832,  -0.00044,   0.08010,   0.00306,   0.01882,   0.06084,   0.00832,  -0.08448,  -0.02495,   0.02407,  -0.00394,  -0.09673,  -0.00219,  -0.06697,  -0.03545,   0.01707,  -0.06347,  -0.01094,   0.07135,  -0.00744,  -0.01269,  -0.04946,  -0.05471,   0.01532,  -0.06872,   0.03983,  -0.01620,   0.06959,  -0.03896,   0.02232,  -0.02320,  -0.01444,   0.09936,  -0.03721,  -0.03545,  -0.01620,  -0.01970,   0.00306,  -0.00394,   0.01707,  -0.06697,   0.05909,  -0.03195,   0.00131,  -0.02320,   0.03808,  -0.01444,  -0.03896,  -0.05121,  -0.07222,  -0.02845,   0.00657,   0.09060,   0.01007,   0.00131,   0.11161,   0.05384,   0.04333,  -0.02320,   0.00832,  -0.02670,   0.02057,  -0.02670,  -0.02845,   0.00481,   0.08710,   0.02933,  -0.01620,   0.06084,  -0.00219,  -0.07747,   0.01007,  -0.03721,  -0.03545,   0.00832,   0.03458,  -0.01795,  -0.03020,  -0.01970,   0.00832,   0.02933,  -0.11949,  -0.03195,   0.03458,   0.01707,  -0.03020,  -0.00919,   0.08710,  -0.04246,   0.04683,   0.00832,   0.01882,  -0.10199,   0.01182,   0.02933,  -0.01444,  -0.04071,  -0.00219,  -0.07397,   0.00481,  -0.02145,  -0.02845,   0.02933,  -0.01094,  -0.00744,   0.05384,  -0.03721,   0.00306,  -0.04071,  -0.05646,  -0.00219,   0.03983,   0.10111,   0.05559,   0.03108,  -0.02320,  -0.02320,   0.07660,   0.01007,   0.01882,  -0.02845,   0.03283,   0.06784,   0.00832,   0.04508,  -0.02670,   0.00657,  -0.05471,  -0.01970,  -0.02845,  -0.02320,  -0.00219,  -0.01094,   0.02407,   0.03283,  -0.01444,  -0.00919,  -0.02495,  -0.02670,  -0.04596,  -0.01269,   0.03458,   0.02933,  -0.12124,   0.05734,   0.03458,  -0.04596,  -0.06347,  -0.02145,   0.02407,   0.00657,  -0.07572,  -0.02145,   0.01357,  -0.00569,   0.09235,  -0.09848,  -0.02495,   0.03458,   0.05034,   0.01882,   0.05909,  -0.02495,  -0.01795,  -0.03721,  -0.02145,   0.02407,   0.02407,   0.03983,  -0.00744,   0.07485,  -0.06522,   0.02757,   0.05734,   0.01707,  -0.03545,   0.01707,   0.03808,   0.02933,   0.01182,  -0.05997,  -0.05822,  -0.03020,   0.01357,  -0.01620,  -0.00919,   0.02057,  -0.02320,  -0.04771,   0.02757,  -0.02320,   0.04333,   0.09411,  -0.00744,   0.01357,  -0.00569,   0.00131,  -0.01620,   0.04333,  -0.00219,  -0.03020,   0.09060,  -0.03195,   0.01007,  -0.00919,  -0.05997,   0.03458,   0.02582,   0.03283,  -0.00044,  -0.01269,  -0.01094,   0.03808,  -0.07047,  -0.03370,   0.01182,  -0.05121,   0.00657,  -0.06522,  -0.00394,  -0.00394,   0.00481,   0.00131,  -0.01620,   0.01182,  -0.03195,   0.07660,  -0.01269,  -0.03545,   0.02582,   0.00832,  -0.09498,  -0.00569,  -0.03896,  -0.03020,  -0.01620,  -0.03195,   0.00306,   0.02933,  -0.02845,   0.09761,  -0.01795,  -0.10374,  -0.03370,   0.04158,  -0.04421,  -0.09498,  -0.00044,  -0.07572,  -0.06347,  -0.03020,  -0.03370,  -0.05471,   0.01707,   0.03983,   0.00657,   0.03808,  -0.02670,  -0.01620,  -0.03195,  -0.03020,  -0.01269,  -0.01094,   0.00306,   0.02057,  -0.02320,   0.02232,   0.05384,   0.06609,   0.01882,  -0.01970,  -0.04771,   0.05034,  -0.00394,  -0.00394,  -0.06872,   0.01532,   0.09235,  -0.00044,  -0.02145,   0.00657,  -0.01444,   0.00131,   0.03633,  -0.02495,   0.03808,   0.05734,   0.01182,   0.02582,   0.04508,   0.03283,  -0.05296,  -0.04771,   0.00657,   0.02582,  -0.04596,   0.06084,   0.01357,   0.05209,   0.03108,  -0.02495,   0.06084,  -0.03545,  -0.00569,   0.07310,  -0.02145,  -0.04246,  -0.03721,  -0.00394,  -0.00919,  -0.03370,   0.02232,  -0.10549,   0.00131,   0.08010,  -0.01795,  -0.02670,  -0.07747,   0.01182,   0.04508,   0.06609,  -0.03370,  -0.01970,   0.02057,   0.02757,  -0.03370,   0.03283,  -0.00219,   0.02057,   0.02057,  -0.05296,  -0.04421,   0.03108,  -0.08973,   0.03633,  -0.05646,  -0.03020,   0.06609,   0.03108,   0.03808,  -0.00394,  -0.00219,  -0.00569,  -0.00569,  -0.02670,   0.06609,  -0.05471,   0.04858,  -0.04771,  -0.03896,  -0.01620,  -0.01620,   0.04683,   0.01357,   0.10461,  -0.00569,   0.05209,   0.00657,   0.00306,   0.00481,  -0.08798,  -0.00219,   0.01357,  -0.00219,  -0.03020,   0.07485,   0.04508,  -0.00219,   0.07135,   0.01532,  -0.00744,   0.02407,  -0.02320,  -0.05822,   0.03983,   0.01532,   0.02757,  -0.01970,   0.01182,  -0.07047,  -0.05121,  -0.02670,   0.02933,   0.03458,   0.01007,   0.06609,   0.00306,  -0.01444,  -0.02320,   0.00131,  -0.03370,   0.05034,  -0.01795,   0.00131,   0.03633,   0.03808,  -0.01094,   0.05209,   0.01882,   0.03458,  -0.07922,   0.01007,  -0.05997,   0.02057,  -0.03721,  -0.07047,   0.02582,  -0.05296,  -0.01620,  -0.05646
  -0.05822,  -0.01620,   0.07310,  -0.04771,  -0.01970,   0.03458,   0.00131,   0.01007,   0.06784,  -0.06522,  -0.02670,  -0.03195,   0.01182,  -0.03545,   0.00832,   0.02933,  -0.01444,   0.09060,  -0.05471,   0.02232,  -0.04946,  -0.03721,  -0.06172,   0.00657,   0.00131,   0.08010,  -0.00744,  -0.01444,   0.03983,   0.03633,  -0.03370,   0.04508,  -0.00219,  -0.11074,  -0.02670,  -0.00044,   0.01357,   0.07835,   0.06259,  -0.03896,  -0.04946,   0.09936,  -0.07572,   0.05034,  -0.02845,   0.05559,  -0.01444,   0.02933,   0.00481,  -0.04771,   0.05209,   0.14663,   0.00131,  -0.01795,  -0.08448,  -0.03545,   0.04158,   0.01882,  -0.00744,   0.03633,   0.07485,   0.00481,  -0.00569,   0.04683,   0.03458,   0.02582,  -0.01970,  -0.07572,   0.01182,   0.05734,  -0.01269,  -0.02495,   0.01357,  -0.05822,   0.02757,  -0.06172,   0.02057,  -0.01269,  -0.02145,  -0.04421,   0.04858,  -0.00044,  -0.01444,   0.03108,  -0.00219,   0.08360,   0.01007,   0.00657,  -0.01269,  -0.00919,   0.01007,  -0.03370,   0.06084,   0.05909,   0.01532,  -0.01269,   0.00481,  -0.01620,  -0.11949,  -0.08273,  -0.00919,   0.02757,  -0.05471,   0.02407,  -0.04246,  -0.06872,   0.12562,   0.01882,  -0.04596,  -0.03721,  -0.00919,   0.03283,  -0.13875,   0.00657,  -0.03195,  -0.03545,   0.03458,   0.05734,  -0.00744,  -0.03370,   0.02407,  -0.04946,   0.06259,   0.10286,   0.04508,   0.08710,  -0.06697,   0.04683,   0.00832,  -0.06522,  -0.04771,   0.08010,  -0.00569,  -0.06872,   0.03633,  -0.00919,   0.04508,  -0.07747,  -0.00744,  -0.00219,   0.01007,  -0.01620,   0.03808,  -0.05121,   0.08535,  -0.01970,   0.03633,  -0.04246,  -0.00394,  -0.00744,   0.00657,   0.07835,  -0.04071,   0.10286,  -0.06347,  -0.03896,   0.05034,  -0.01795,  -0.04071,   0.09936,   0.04158,  -0.00044,   0.07310,  -0.03370,  -0.00394,  -0.01444,   0.07835,  -0.02495,   0.02757,  -0.02320,   0.05034,  -0.01444,  -0.03721,   0.01532,   0.01357,  -0.01094,   0.02933,   0.01707,   0.02407,   0.01007,  -0.05997,  -0.07047,   0.02757,   0.01707,   0.10636,  -0.00569,  -0.07747,   0.02057,  -0.08973,  -0.12124,   0.03633,   0.13613,   0.03983,  -0.02845,   0.02582,  -0.04596,  -0.02845,   0.06259,   0.06434,  -0.03195,   0.02582,  -0.01444,  -0.02845,  -0.01444,  -0.04771,  -0.03020,   0.03458,  -0.00219,   0.03283,  -0.05471,  -0.02145,   0.07835,   0.05734,   0.03108,  -0.09848,  -0.07397,   0.01707,   0.02582,   0.01182,  -0.03721,   0.05034,  -0.00744,   0.09411,   0.10986,  -0.00044,  -0.01269,  -0.08973,   0.06609,   0.02582,   0.06609,  -0.03545,   0.07310,   0.01007,  -0.06347,  -0.04246,   0.01182,   0.01357,  -0.03020,   0.02407,  -0.03195,  -0.08273,   0.03458,  -0.01444,   0.00657,  -0.00919,   0.00306,   0.03458,   0.02582,   0.03983,  -0.07397,  -0.04071,   0.01882,   0.05384,  -0.01444,   0.00657,   0.05384,   0.07835,   0.05384,  -0.06697,   0.00306,   0.06084,   0.02757,   0.06434,  -0.05121,   0.01532,   0.08360,   0.04333,  -0.01094,  -0.04246,   0.02757,   0.04858,  -0.05997,  -0.04421,  -0.04771,   0.05384,   0.01707,   0.01707,   0.00306,  -0.01795,   0.00657,  -0.04596,  -0.04071,  -0.05822,  -0.00394,   0.06784,   0.02933,   0.01882,  -0.07047,   0.00832,   0.00131,  -0.00569,  -0.02845,   0.05384,   0.01707,   0.02582,  -0.00394,  -0.03020,  -0.05997,   0.01707,   0.10111,   0.04158,   0.04158,   0.02933,   0.00131,   0.02232,  -0.07047,  -0.03020,  -0.02670,  -0.06347,  -0.01970,   0.00657,  -0.00044,  -0.04771,   0.02407,   0.02407,  -0.00219,   0.07485,   0.00657,  -0.04421,   0.01007,  -0.03195,  -0.03896,   0.03983,   0.00481,   0.07835,   0.03108,   0.09936,  -0.04421,   0.01532,  -0.09848,   0.05734,   0.01882,   0.05209,  -0.03020,  -0.01269,   0.05034,  -0.02670,   0.02582,   0.00306,  -0.00569,   0.04158,   0.01707,   0.00481,  -0.00219,  -0.12300,   0.02407,  -0.05997,   0.05384,  -0.00394,  -0.05646,  -0.02320,   0.02933,  -0.06697,  -0.03195,   0.02232,   0.04508,  -0.05121,  -0.05646,   0.07310,  -0.07047,  -0.15276,  -0.03020,   0.06959,  -0.13350,   0.03108,   0.02582,  -0.04946,   0.07485,   0.05209,  -0.00569,   0.04158,  -0.03896,   0.00481,   0.02582,  -0.01094,   0.02582,  -0.00394,   0.00306,  -0.00394,  -0.04421,   0.01007,   0.04858,   0.00657,  -0.01269,   0.01532,  -0.14050,  -0.03370,   0.02232,   0.00832,   0.02582,   0.00131,  -0.07747,   0.07660,   0.03283,  -0.00394,  -0.02845,  -0.07572,   0.05559,   0.00832,  -0.00744,   0.03108,   0.07485,  -0.01444,   0.04508,   0.03108,   0.05559,   0.00481,   0.09411,  -0.01970,  -0.00919,  -0.04946,   0.00657,  -0.02320,  -0.05296,   0.11512,   0.02057,  -0.05471,  -0.09673,   0.01182,  -0.06697,   0.03283,  -0.05471,   0.02232,   0.00306,   0.00481,   0.02582,   0.18165,  -0.06522,   0.01357,   0.01007,   0.00832,  -0.02845,   0.05384,  -0.07922,  -0.04596,   0.02582,   0.01882,   0.03108,  -0.03370,  -0.03020,   0.02582,   0.03458,   0.03633,  -0.02845,  -0.07747,  -0.04421,  -0.03545,   0.02757,  -0.01970,  -0.06172,   0.01357,   0.01357,  -0.03020,   0.00481,  -0.01620,  -0.00219,  -0.02320,   0.00481,   0.01707,   0.07135,   0.07835,   0.04683,  -0.01620,   0.03458,  -0.00394,  -0.05822,  -0.01620,  -0.02145,   0.11512,  -0.01094,  -0.03370,  -0.03195,   0.00832,   0.06434,   0.03458,   0.02757,  -0.00919,  -0.03195,   0.04858,   0.00481,   0.00657,   0.00131,  -0.00919,  -0.00044,   0.03458,   0.05209,  -0.02145,   0.02582,  -0.00569,   0.07485,  -0.03020,   0.00657,   0.05909,  -0.00744,  -0.01970,  -0.03896,   0.05734,  -0.01795,   0.00131,   0.00481,  -0.05646,  -0.03545,   0.02757,  -0.00044,  -0.04771,   0.09060,   0.04508,   0.01707,   0.00131,  -0.01094,   0.08010,   0.04158,  -0.02845,   0.00481,  -0.00919,   0.03283,   0.00306,  -0.02670,   0.05034,   0.02757,  -0.00394,  -0.07572,  -0.08798,  -0.01269,   0.03283,  -0.02670,   0.02933,   0.01882,  -0.01620,  -0.09848,  -0.03721,  -0.03370,   0.05384,   0.04508,   0.09586,   0.02232,  -0.06872,  -0.06522,  -0.04246,  -0.00044,  -0.00919,   0.05384,   0.00481,  -0.03020,  -0.00044,   0.01532,   0.00481,  -0.05296,   0.08885,  -0.05646,  -0.04596,  -0.01620,  -0.05121,   0.08710,  -0.03020,  -0.00219,  -0.06872,  -0.03370,   0.00832,   0.00832,   0.00481,   0.01532,  -0.05646,   0.01882,  -0.03545,   0.03108,  -0.04246,  -0.00394,   0.01707,  -0.04246,   0.00832,  -0.07922,   0.01882,   0.01882,  -0.06172,   0.07485,  -0.01795,   0.05909,   0.01882,   0.02582,   0.00306,   0.03458,  -0.00219,  -0.07047,   0.02933,  -0.03370,  -0.04946,   0.01357,   0.00131,   0.06609,  -0.00744,  -0.00044,   0.02232,  -0.00744,  -0.04421,  -0.07047,   0.01182,  -0.04071,  -0.03370,   0.05909,   0.01532,  -0.03370,   0.01707,  -0.01094,   0.04333,  -0.00044,   0.06259,  -0.01094,  -0.00044,  -0.04596,   0.03108,  -0.02495,  -0.00044,   0.06084,   0.02757,   0.00481,  -0.05296,  -0.02845,   0.00657,  -0.12124,   0.06084,  -0.05822,  -0.01444,  -0.00394,   0.03808,   0.09411,  -0.02145,  -0.04771,   0.02057,   0.02582,   0.02232,   0.01007,   0.13613,  -0.04246,  -0.02320,  -0.03896,  -0.08798,   0.01182,  -0.03721,  -0.05471,   0.07835,   0.04333,  -0.04071,   0.00131,   0.02232,   0.03983,  -0.04596,  -0.02145,  -0.03195,   0.01007,  -0.06697,  -0.00219,  -0.00219,  -0.01444,  -0.02145,   0.04683,  -0.02670,  -0.01795,  -0.03370,  -0.10899,   0.00657,   0.00306,  -0.09323,   0.01532,  -0.04771,  -0.04246,   0.04508,   0.06084,   0.00832,   0.00481,   0.02057,  -0.03721,  -0.03721,   0.04858,  -0.02670,  -0.02320,   0.00131,   0.02582,  -0.01094,   0.00657,  -0.01444,  -0.01269,  -0.07922,  -0.02145,  -0.07222,   0.01882,   0.00832,   0.05034,   0.06784,  -0.03020,   0.02232,   0.07835,   0.03633,  -0.02670,  -0.01620,  -0.00394,  -0.00569,  -0.09673,   0.01357,  -0.03195,  -0.09323,  -0.06697,  -0.04596,  -0.08973,  -0.04246,  -0.00919,  -0.04596,  -0.02845,   0.03283,  -0.06522,  -0.05296,  -0.07222,   0.06084,   0.03633,   0.07310,   0.04858,   0.05034,  -0.01444,  -0.00569,   0.03108,   0.04333,   0.05909,  -0.01795,   0.06609,   0.00657,  -0.04246,   0.02757,   0.00306,   0.01007,  -0.00569,   0.03108,   0.11161,  -0.04596,  -0.00744,   0.03983,  -0.01970,   0.01707,   0.00481,  -0.04421,   0.04158,  -0.04596,  -0.02670,   0.07835,  -0.04071,  -0.00569,   0.01007,   0.01707,  -0.01620,   0.07660,   0.08535,   0.01707,  -0.05121,   0.04508,  -0.01620,  -0.04421,   0.02407,   0.04508,   0.02057,   0.04508,   0.07485,   0.02232,   0.05559,  -0.01269,  -0.06522,  -0.04421,   0.02232,   0.01182,   0.06959,  -0.03370,   0.05384,   0.06259,  -0.05121,  -0.00569,  -0.01269,  -0.02145,   0.09936,  -0.06872,  -0.03545,   0.00306,   0.04683,   0.01007,   0.02232,   0.02057,  -0.02845,  -0.02845,   0.03808,  -0.00744,  -0.04246,  -0.01269,   0.01357,  -0.04946,  -0.09498,  -0.03896,   0.04508,   0.05384,  -0.05121,   0.04858,  -0.11074,  -0.00044,  -0.03896,   0.02933,   0.02933,  -0.01094,  -0.04946,   0.01707,   0.03808,   0.05209,  -0.01970,   0.00481,   0.01182,  -0.04071,  -0.04596,   0.00131,   0.01882,  -0.03896,  -0.02845,  -0.04421,  -0.01444,   0.09060,  -0.04246,   0.04158,  -0.01620,   0.02232,   0.09936,   0.03108,   0.08185,   0.09761,   0.02933,   0.01007,   0.04858,   0.04333,   0.03108,  -0.03195,  -0.05822,  -0.01795,  -0.09148,   0.00657,  -0.02670,   0.01532,   0.00832,   0.00306,  -0.01620,  -0.02320,   0.00832,  -0.03020,   0.03458,   0.02232,   0.02757,   0.02582,  -0.01094,   0.10986,  -0.04946,  -0.06522,   0.00131,  -0.00569,  -0.00569,  -0.00044,   0.03983,  -0.00744,   0.02057,  -0.03020,   0.02407,  -0.08448,  -0.05646,   0.02582,  -0.05121,  -0.02145,   0.03983,   0.06259,   0.00832,  -0.03370,  -0.05646,   0.08185,   0.02232,   0.02407,   0.04508,   0.02757,  -0.04421,   0.03808,  -0.03370,  -0.03195,  -0.04771,   0.03633,  -0.00919,  -0.04771,   0.01882,   0.06259,   0.02933,   0.03808,   0.01707,  -0.00919,  -0.00569,  -0.03020,   0.03633,   0.01882,   0.02232,   0.02582,  -0.01269,  -0.01444,  -0.00744,  -0.06697,   0.06434,   0.00306,   0.00131,  -0.08798,   0.00306,  -0.00744,  -0.01620,  -0.00044,   0.06609,   0.05209,   0.02933,   0.05034,   0.03108,  -0.00919,   0.02757,  -0.00569,  -0.04246,  -0.12475,  -0.02495,   0.04158,  -0.00744,  -0.05471,   0.03808,  -0.04771,   0.06959,   0.04158,  -0.04071,   0.01707,  -0.05822,   0.10811,  -0.02670,   0.05209,  -0.04071,  -0.05296,   0.03283,   0.05209,   0.06959,  -0.00744,   0.01707,  -0.00569,   0.03983,   0.03108,   0.00306,   0.01532,  -0.01970,   0.02582,  -0.03020,   0.06784,   0.01882,   0.12387,  -0.07222,   0.12737,  -0.00044,   0.00832,   0.02232,  -0.01444,   0.03283,   0.01182,   0.06434,  -0.05121,   0.03458,   0.01007,   0.08010,  -0.01620,   0.05909,   0.00657,   0.03808,  -0.00394,  -0.03195,  -0.01444,   0.00657,  -0.03545,   0.02057,   0.00306,  -0.02320,   0.09235,   0.06609,   0.03108,   0.00306,  -0.01620,   0.00306,  -0.07747,   0.06609,  -0.00219,   0.04158,   0.00657,   0.02407,   0.03808,  -0.04771,  -0.01094,   0.03808,  -0.01620,   0.01182,  -0.03721,   0.01707,   0.00306,  -0.04771,  -0.00744,   0.02057,  -0.00919,   0.11862,  -0.01970,  -0.04246,   0.01707,  -0.08448,   0.00832,   0.04158,  -0.02145,  -0.00569,   0.06259,  -0.03020,   0.06084,  -0.05822,  -0.06522,   0.04858,  -0.07222,   0.00306,   0.01007,   0.08360,  -0.05296,  -0.03721,   0.03633,   0.00306
   0.01182,  -0.01094,   0.05909,  -0.04421,   0.04858,  -0.03195,  -0.02320,   0.08535,  -0.05646,   0.07310,   0.00131,  -0.00919,  -0.00219,  -0.00219,   0.03808,  -0.00219,  -0.05822,   0.01182,   0.03983,  -0.03020,  -0.01269,  -0.05471,   0.02757,   0.00481,  -0.06522,   0.00306,  -0.05121,  -0.03195,  -0.03370,   0.00657,  -0.05997,   0.02757,   0.09411,  -0.01620,   0.00657,   0.02933,   0.03808,   0.02407,   0.02057,  -0.03545,   0.05034,   0.06959,  -0.08273,  -0.03195,   0.00131,   0.03458,  -0.00744,   0.03458,  -0.00744,   0.02232,   0.05559,  -0.00919,  -0.00394,  -0.04421,  -0.00744,  -0.00569,  -0.01970,  -0.01620,   0.00131,  -0.01620,  -0.00919,   0.00481,   0.06609,  -0.08273,   0.00481,  -0.05121,   0.01007,   0.00131,  -0.08273,  -0.02320,  -0.05296,   0.01707,   0.05559,   0.00131,   0.02933,   0.08010,   0.01882,  -0.08273,  -0.03721,  -0.05121,   0.02933,  -0.01620,  -0.01620,   0.01532,   0.00832,   0.06609,   0.01182,  -0.05121,   0.04683,  -0.05997,  -0.04946,   0.01007,   0.01707,   0.03458,  -0.01620,   0.06259,  -0.00919,   0.01182,  -0.00044,  -0.04596,  -0.01620,  -0.07397,   0.04333,   0.02933,  -0.03195,  -0.00044,  -0.09148,   0.00481,  -0.05471,  -0.01970,  -0.02845,  -0.04596,   0.16939,  -0.03020,   0.00481,  -0.02145,  -0.05997,  -0.05296,  -0.01269,   0.01182,  -0.00744,   0.02057,  -0.04771,   0.08185,   0.03108,  -0.04946,   0.05384,  -0.03545,   0.08885,  -0.01094,   0.00131,   0.04333,   0.06084,   0.08710,   0.00306,   0.00306,  -0.03195,   0.05734,   0.03108,  -0.03896,   0.01007,  -0.05121,  -0.04421,  -0.09148,  -0.00569,   0.01882,  -0.01269,  -0.00919,   0.00832,   0.00832,  -0.03545,   0.04508,   0.00131,  -0.04246,  -0.05121,  -0.01444,   0.04858,  -0.02845,  -0.03370,   0.00832,  -0.02670,   0.07660,  -0.03020,  -0.05646,  -0.06522,   0.02757,   0.02757,   0.09411,  -0.03896,   0.01182,   0.02057,  -0.02670,  -0.02670,   0.02057,   0.00306,  -0.01444,   0.02057,   0.02057,   0.01707,  -0.07047,   0.03458,  -0.00919,  -0.05121,   0.05034,   0.13087,  -0.02670,   0.02582,  -0.05296,  -0.02845,   0.06609,   0.03633,   0.04508,  -0.02145,   0.07485,  -0.01269,   0.00657,   0.04508,  -0.03721,  -0.04946,  -0.00919,   0.02057,  -0.00219,  -0.02145,  -0.07747,   0.02407,   0.00481,   0.04333,  -0.03721,  -0.01795,   0.00832,  -0.02495,  -0.04596,  -0.00219,  -0.03896,  -0.01444,   0.01882,   0.04858,  -0.02320,   0.05909,  -0.03721,   0.02933,  -0.05471,  -0.02495,   0.01532,  -0.00044,   0.00657,  -0.01970,  -0.01094,  -0.00569,  -0.03020,  -0.00219,  -0.01444,   0.02407,   0.01707,  -0.00569,  -0.00044,  -0.01269,   0.02933,   0.02407,   0.02933,   0.03983,   0.00131,   0.01707,   0.04508,  -0.09848,  -0.02320,   0.04333,  -0.07397,   0.03283,  -0.01269,   0.04158,  -0.05121,   0.09411,   0.01182,   0.05559,  -0.03020,   0.01707,  -0.06347,  -0.02670,   0.00131,   0.00657,  -0.02845,  -0.05296,  -0.06347,  -0.01620,  -0.06347,  -0.01269,  -0.03020,   0.03633,   0.05209,  -0.00744,  -0.02670,  -0.03721,  -0.05646,   0.00832,   0.04333,  -0.00044,   0.01357,  -0.01444,  -0.01094,  -0.01970,  -0.00219,  -0.00219,  -0.07747,   0.08710,  -0.01795,   0.06084,  -0.01795,  -0.03195,  -0.01795,  -0.07397,  -0.02145,  -0.05121,   0.00131,  -0.11424,   0.03808,  -0.01620,  -0.01094,   0.02933,  -0.09498,   0.06784,   0.07485,  -0.07222,   0.02407,   0.02757,   0.05909,  -0.04071,   0.02582,  -0.03721,   0.02933,   0.02407,   0.05734,  -0.04946,  -0.08448,   0.00657,   0.05034,   0.01882,   0.02407,  -0.04421,  -0.08273,   0.02407,  -0.04071,   0.02757,   0.01007,   0.02232,  -0.02145,  -0.05646,   0.00481,  -0.03020,   0.03283,   0.05734,   0.00481,  -0.04246,   0.06959,   0.01532,  -0.10549,   0.01882,   0.02582,  -0.02495,   0.02933,   0.06434,  -0.02495,  -0.03721,  -0.03896,   0.00131,   0.08185,   0.08185,  -0.01795,   0.01007,   0.01532,   0.01182,  -0.00569,  -0.05296,  -0.02670,   0.00832,  -0.03545,   0.05559,  -0.05646,  -0.04246,   0.06609,  -0.02145,  -0.12300,   0.00481,   0.03108,  -0.07572,  -0.01970,  -0.13000,   0.03633,  -0.00394,  -0.00044,  -0.02845,  -0.02670,  -0.01970,  -0.05997,   0.07660,  -0.01444,   0.01357,  -0.02320,  -0.01795,  -0.02495,  -0.06697,  -0.06872,  -0.02845,  -0.03896,   0.03283,  -0.05997,   0.11862,   0.01007,   0.00832,   0.08535,  -0.01970,  -0.05471,   0.01532,  -0.04596,   0.03458,  -0.01970,  -0.02670,  -0.08623,  -0.05121,  -0.03721,  -0.00394,  -0.04771,  -0.07922,  -0.00744,   0.03808,   0.01532,  -0.04596,  -0.01970,   0.02582,  -0.00919,   0.00657,   0.03808,  -0.07397,   0.04508,   0.03983,   0.02232,  -0.04071,  -0.00219,   0.04508,   0.02407,  -0.01444,  -0.03545,   0.08360,  -0.05471,   0.11687,  -0.01269,   0.04508,  -0.04771,   0.01357,  -0.01444,   0.00306,  -0.13525,   0.04333,  -0.00744,   0.00657,  -0.01269,  -0.03896,  -0.04421,   0.03108,  -0.11599,   0.00131,  -0.02845,   0.06259,   0.03283,   0.02407,   0.02582,   0.02582,  -0.05997,   0.03808,  -0.00919,  -0.00044,  -0.06872,  -0.08098,  -0.06522,   0.08185,  -0.03370,  -0.07397,   0.04333,   0.00657,  -0.02495,   0.01532,  -0.07222,   0.01357,  -0.06172,  -0.04071,  -0.04771,   0.10286,  -0.03896,  -0.05646,   0.02407,  -0.06697,  -0.03020,   0.01357,  -0.01970,  -0.01620,  -0.02145,   0.00832,  -0.00044,   0.04858,  -0.00219,  -0.05646,   0.02057,   0.02757,   0.05034,   0.06609,   0.00481,  -0.01795,   0.01882,  -0.01444,  -0.00044,   0.00657,  -0.00219,  -0.03370,   0.05384,   0.01882,  -0.00569,  -0.04246,  -0.00744,  -0.02845,  -0.03020,   0.06084,  -0.03545,  -0.00569,   0.03108,  -0.08623,  -0.02495,  -0.02845,  -0.00394,  -0.06172,  -0.08798,   0.01707,   0.00657,  -0.00744,  -0.09148,   0.01532,   0.03983,  -0.08273,   0.02933,   0.12212,   0.03633,  -0.04246,   0.01532,  -0.02495,   0.02933,   0.05909,  -0.01620,   0.04508,   0.02757,   0.04158,   0.01357,   0.02933,  -0.02845,  -0.03721,  -0.03721,  -0.05822,   0.02933,  -0.02495,   0.01357,   0.07135,   0.01357,  -0.02845,   0.05909,   0.03283,   0.01357,  -0.15451,  -0.07222,   0.01007,   0.00131,   0.01357,  -0.00744,  -0.04421,  -0.01795,  -0.05471,  -0.00744,   0.04158,   0.03633,  -0.00219,   0.03983,  -0.05296,   0.01532,  -0.04771,  -0.05296,  -0.03896,  -0.02145,  -0.00394,   0.01007,  -0.04071,  -0.05471,  -0.08623,  -0.00044,  -0.00219,  -0.01269,  -0.04771,  -0.02670,  -0.10023,  -0.04596,   0.08885,   0.00832,   0.10636,  -0.04596,  -0.05296,  -0.03545,  -0.08973,  -0.08098,  -0.04421,   0.07135,   0.00657,  -0.01970,   0.00306,  -0.04246,   0.00832,  -0.01094,  -0.06872,  -0.00044,  -0.03545,  -0.01620,  -0.01970,  -0.03721,   0.00481,   0.03983,   0.02757,   0.00832,   0.08010,  -0.03721,  -0.03721,   0.02582,   0.03808,   0.08885,   0.02407,   0.04158,  -0.02495,   0.06434,  -0.09148,   0.03458,   0.00131,   0.01532,  -0.00744,  -0.02320,   0.00306,  -0.06522,  -0.00219,  -0.00919,   0.03108,  -0.02320,  -0.01620,  -0.00394,   0.00131,  -0.00219,  -0.03721,  -0.02845,  -0.07397,  -0.00744,   0.03633,  -0.08798,  -0.01444,   0.02582,  -0.03020,   0.03983,  -0.03545,  -0.08098,  -0.07222,   0.03808,   0.05559,  -0.00219,  -0.10549,  -0.06347,  -0.05296,   0.01357,  -0.09498,  -0.00744,   0.03283,   0.05909,   0.04508,  -0.01444,   0.06609,   0.02582,   0.03633,  -0.09323,  -0.00919,   0.06434,  -0.06347,  -0.00394,  -0.00919,   0.12212,  -0.03370,   0.03458,   0.00481,  -0.06347,   0.06784,   0.02933,   0.04858,  -0.02320,  -0.08798,  -0.05646,   0.06084,  -0.01094,   0.00832,  -0.00394,  -0.01795,   0.02057,   0.09936,   0.02232,  -0.02320,  -0.00044,  -0.07047,  -0.01269,   0.05734,  -0.02145,  -0.00219,  -0.00569,  -0.10899,   0.02232,  -0.01620,   0.04333,  -0.04946,   0.01357,  -0.07397,  -0.00394,   0.00481,   0.03633,   0.00657,  -0.04596,  -0.04946,   0.02407,   0.02232,   0.00481,  -0.00394,  -0.04771,  -0.00394,  -0.05997,   0.01007,   0.03983,  -0.04071,  -0.04771,   0.02757,  -0.14050,   0.04333,   0.00657,   0.03983,   0.02582,  -0.02145,   0.11161,  -0.00219,  -0.00394,   0.00481,   0.05209,  -0.03896,  -0.03020,   0.00306,   0.05034,  -0.00919,   0.01532,  -0.11599,   0.02582,   0.01882,   0.01182,  -0.01269,   0.02057,   0.01532,  -0.01620,  -0.08098,   0.01182,  -0.01269,   0.07310,  -0.05296,   0.02582,  -0.03370,   0.06784,  -0.02145,   0.00832,   0.03808,   0.04333,  -0.03896,   0.05559,   0.06084,  -0.01795,   0.01357,  -0.08798,  -0.01269,  -0.06522,  -0.05471,  -0.00219,   0.00306,   0.09411,  -0.03721,   0.00131,  -0.04771,  -0.01795,  -0.00394,  -0.02670,   0.04158,  -0.01269,  -0.04771,  -0.03545,  -0.01269,  -0.01269,   0.03633,  -0.00919,   0.00657,  -0.04071,   0.00832,   0.07835,   0.01532,   0.01007,  -0.07397,  -0.01094,   0.03283,   0.03808,   0.05384,  -0.04071,  -0.01970,   0.03108,  -0.04421,   0.07485,  -0.03020,   0.00306,   0.06784,  -0.00744,   0.01882,   0.02407,   0.09235,  -0.05646,  -0.01269,  -0.03195,  -0.05822,   0.02933,  -0.04071,  -0.03020,  -0.08623,  -0.01094,   0.07135,  -0.07922,   0.07835,  -0.02495,  -0.05471,  -0.04071,  -0.01094,   0.05209,   0.02232,  -0.00044,   0.05034,  -0.04421,  -0.03896,  -0.02320,   0.05909,   0.01182,  -0.01970,   0.00657,  -0.02145,  -0.00569,  -0.03896,   0.01007,  -0.01795,  -0.01094,  -0.00744,   0.00481,  -0.03545,  -0.03721,  -0.04596,   0.02582,   0.00131,  -0.02320,   0.05034,   0.01357,   0.02407,  -0.10023,  -0.00919,  -0.02845,  -0.03370,   0.00131,   0.07835,   0.09060,   0.06784,   0.02582,   0.04158,  -0.00044,   0.04683,  -0.02670,   0.02407,   0.01707,   0.05034,  -0.11074,   0.04158,   0.00306,   0.03633,  -0.04246,   0.00306,   0.07485,   0.07485,  -0.01970,   0.01532,  -0.04246,  -0.01269,   0.00306,  -0.03545,   0.02582,   0.07310,   0.01532,   0.04333,  -0.04421,  -0.04071,  -0.01444,  -0.00919,  -0.01970,   0.02407,  -0.06347,   0.00832,   0.10111,  -0.00569,  -0.03545,  -0.02845,   0.00306,   0.07135,  -0.06347,  -0.04596,   0.04683,  -0.05646,   0.00657,  -0.06172,  -0.09148,   0.05909,  -0.00744,  -0.03370,  -0.03721,   0.03283,   0.00131,  -0.04071,  -0.05471,  -0.00569,   0.01357,   0.01882,  -0.00044,  -0.01795,  -0.04596,   0.02582,   0.01882,   0.00131,   0.03108,  -0.04771,   0.01532,  -0.10023,  -0.01970,   0.00481,  -0.05121,   0.00832,  -0.07047,   0.00832,   0.05034,  -0.01269,   0.00481,   0.00306,   0.01882,   0.01532,   0.00306,  -0.04421,   0.09761,  -0.00044,  -0.00394,   0.03983,   0.14663,   0.03108,   0.03633,  -0.02320,   0.06084,   0.04158,   0.01182,   0.03808,  -0.05296,  -0.01444,   0.02407,   0.01182,  -0.03020,  -0.02845,  -0.00744,   0.01882,   0.00306,   0.00481,   0.02057,  -0.04071,  -0.01620,  -0.00569,  -0.04071,  -0.05646,  -0.05646,  -0.06872,   0.03808,  -0.00394,   0.00657,  -0.01094,   0.01882,   0.01357,  -0.08098,  -0.06522,   0.01182,  -0.00394,  -0.03721,   0.13262,   0.04158,   0.02933,   0.06259,   0.01707,  -0.05471,   0.01357,   0.05909,  -0.06522,   0.00832,  -0.05121,  -0.00219,  -0.02145,  -0.01970,  -0.04596,  -0.00219,   0.03108,  -0.03020,   0.04683,  -0.03020,   0.00657,  -0.05471,   0.03458,   0.03983,  -0.01269,  -0.00044,  -0.03896,  -0.02845,  -0.03721,  -0.04946,   0.00131,  -0.01269,   0.10461,  -0.03195,   0.09761,  -0.06172,  -0.02145,   0.04158,  -0.05121,   0.05384,  -0.00744,  -0.02495,   0.03108,  -0.04771,  -0.01620,   0.02582,   0.02757,  -0.02845
  -0.00394,   0.01882,  -0.06172,   0.03458,  -0.04246,   0.02582,   0.05034,  -0.06872,  -0.00919,  -0.00219,   0.09411,  -0.03195,  -0.05997,  -0.01269,   0.01882,   0.01357,  -0.01795,  -0.09148,  -0.01620,  -0.00569,   0.02232,   0.04858,  -0.00044,   0.01007,  -0.01094,   0.02757,  -0.04246,  -0.01970,   0.05034,   0.02933,  -0.03370,  -0.05646,  -0.00219,  -0.04071,  -0.04246,   0.01882,  -0.03020,   0.01357,  -0.02845,   0.01357,  -0.02845,   0.05209,  -0.03020,   0.11161,   0.00306,  -0.09323,   0.05384,   0.02057,  -0.02670,   0.04158,   0.12037,  -0.06522,  -0.04421,  -0.00394,  -0.08973,  -0.00219,  -0.04946,  -0.00044,  -0.03020,  -0.00044,   0.03808,   0.02232,   0.05034,   0.01707,  -0.05997,  -0.01094,  -0.01444,  -0.04596,  -0.06872,  -0.00569,  -0.01094,  -0.03721,  -0.00219,  -0.06172,  -0.01269,  -0.02145,   0.04858,   0.01707,  -0.04771,   0.02232,  -0.05997,   0.01007,   0.00832,  -0.03020,  -0.00219,   0.02933,  -0.01795,   0.05559,  -0.04246,   0.00832,  -0.03370,  -0.02495,   0.01532,  -0.01094,   0.04333,  -0.04946,   0.08710,  -0.04246,   0.01882,  -0.03721,  -0.02495,  -0.02670,  -0.04071,   0.03108,   0.00657,  -0.08973,  -0.01795,   0.08185,   0.00481,   0.00131,  -0.05121,  -0.00394,  -0.01620,   0.01357,  -0.00569,  -0.03545,   0.09936,  -0.01970,   0.10286,  -0.00394,  -0.05296,   0.01357,  -0.12650,   0.02232,   0.06259,   0.08185,   0.02757,  -0.02320,   0.01707,   0.07135,   0.09936,   0.03108,  -0.00919,   0.01182,   0.01007,   0.10286,  -0.08448,  -0.04946,  -0.02320,   0.00832,  -0.01970,   0.03108,   0.05559,   0.03283,   0.02057,   0.02933,   0.05384,   0.02933,   0.04683,   0.01532,  -0.01795,   0.00481,  -0.07397,   0.02232,   0.02757,  -0.02495,  -0.06347,   0.00481,   0.03808,  -0.03545,   0.04333,   0.01882,  -0.02320,  -0.00744,  -0.00044,  -0.03545,  -0.00394,  -0.01795,   0.12737,  -0.05121,   0.00306,   0.02232,   0.06084,   0.08710,   0.00832,  -0.01970,   0.04683,  -0.05822,   0.02582,  -0.07747,   0.03808,  -0.03195,   0.00657,   0.04508,   0.05909,  -0.00919,  -0.04771,  -0.05296,   0.08010,   0.01532,  -0.05822,  -0.00219,  -0.00569,  -0.03195,  -0.01970,   0.08535,   0.00131,   0.02232,   0.03983,  -0.03896,  -0.05822,  -0.03195,   0.00832,  -0.01094,   0.00832,  -0.04421,  -0.04771,  -0.01620,  -0.00219,   0.05909,  -0.08273,  -0.00044,   0.04333,  -0.02320,  -0.01269,  -0.05997,  -0.02495,   0.05909,   0.06784,   0.05209,   0.03808,   0.01182,  -0.00569,   0.06784,   0.03808,  -0.01620,  -0.04421,  -0.02145,   0.01882,   0.06784,  -0.05296,   0.00481,   0.01007,  -0.00744,  -0.03721,  -0.07572,  -0.03020,  -0.02145,   0.00832,  -0.00744,  -0.02670,  -0.06697,   0.01357,   0.01007,  -0.00044,   0.00657,   0.00481,  -0.02670,  -0.04946,   0.02407,  -0.10549,   0.03283,   0.03808,   0.01532,  -0.00569,  -0.02320,  -0.01795,  -0.04946,  -0.00044,   0.01007,  -0.08098,  -0.01970,   0.02232,   0.05559,  -0.00219,  -0.05822,   0.05209,  -0.01795,  -0.01620,  -0.05121,  -0.06347,   0.03633,  -0.01795,  -0.01795,   0.01357,  -0.03370,  -0.02845,  -0.02145,   0.10636,  -0.04596,   0.06084,   0.00832,  -0.03545,   0.05034,  -0.00569,   0.00306,  -0.00569,   0.04158,   0.04508,  -0.03721,   0.00657,  -0.07222,   0.02232,   0.03283,   0.05034,   0.04508,  -0.05121,  -0.00394,  -0.05296,  -0.00744,   0.01007,   0.01007,   0.00306,  -0.00919,   0.03633,  -0.03020,  -0.07397,   0.02757,  -0.04421,   0.01707,  -0.00044,  -0.02845,   0.05209,  -0.06697,  -0.00569,   0.06259,   0.02582,  -0.05646,   0.01882,  -0.03370,   0.03283,  -0.00744,  -0.01795,   0.04158,  -0.01970,   0.00657,  -0.05822,  -0.00219,   0.00832,   0.00481,  -0.01620,   0.05909,  -0.00919,   0.13788,  -0.04946,   0.05034,  -0.03370,   0.02407,   0.00657,  -0.01620,   0.05034,   0.01182,  -0.04246,  -0.03721,  -0.03545,  -0.03896,  -0.00919,  -0.03370,  -0.06872,   0.07485,   0.02232,   0.01357,   0.02582,  -0.04421,  -0.01795,  -0.00744,   0.08010,  -0.01795,  -0.01795,  -0.00569,   0.03983,   0.09761,  -0.00744,  -0.03370,  -0.01269,  -0.04071,  -0.01970,   0.02407,  -0.02145,  -0.06697,   0.05384,   0.00481,   0.08185,  -0.05471,   0.02407,   0.09761,   0.07135,   0.02407,  -0.04246,  -0.03896,  -0.00219,  -0.01970,  -0.02845,  -0.00394,  -0.02320,   0.01882,  -0.01970,  -0.00394,   0.02933,   0.01357,  -0.11074,   0.00481,  -0.09148,   0.01357,   0.03633,  -0.02670,  -0.07222,   0.02582,  -0.02495,  -0.00744,   0.01707,  -0.00569,  -0.00394,   0.05734,   0.02582,   0.10636,   0.03633,  -0.04596,   0.02933,  -0.05646,  -0.05646,  -0.08448,   0.05209,  -0.00394,   0.02933,  -0.01094,  -0.03896,  -0.01620,  -0.03721,  -0.03721,  -0.00394,  -0.02845,  -0.00744,  -0.01269,  -0.07397,  -0.04946,   0.03283,  -0.03195,   0.06784,   0.03808,  -0.06172,   0.01007,  -0.00569,   0.03458,  -0.00394,  -0.00044,   0.04158,   0.01007,   0.03108,  -0.02320,   0.04858,   0.04508,   0.04158,  -0.01795,   0.01007,  -0.00919,   0.05384,   0.11687,   0.01182,  -0.02320,  -0.02670,  -0.01795,  -0.01444,   0.01882,  -0.01795,   0.01532,  -0.02145,  -0.03195,   0.05909,   0.01532,   0.07660,   0.01182,  -0.01094,  -0.06872,   0.00306,  -0.00919,  -0.05471,   0.06084,  -0.01094,   0.01357,   0.03108,  -0.12300,   0.00832,   0.00481,  -0.08623,   0.01532,  -0.00569,  -0.00044,   0.04158,   0.02757,  -0.11074,   0.06084,  -0.08798,  -0.00219,  -0.01795,   0.04858,   0.01357,  -0.08448,  -0.01444,   0.00306,  -0.05997,  -0.06522,   0.01707,   0.00832,  -0.06172,  -0.03370,   0.02933,  -0.01795,   0.03458,  -0.00394,   0.00306,   0.00832,  -0.05646,  -0.05997,   0.01707,  -0.00744,  -0.06172,   0.00657,   0.06259,   0.06959,  -0.01269,   0.01882,  -0.01269,   0.06959,  -0.04246,  -0.01970,  -0.02145,  -0.03370,   0.04508,   0.00131,  -0.03721,   0.06959,  -0.00569,   0.09586,  -0.10899,  -0.02670,   0.02407,  -0.04771,   0.04333,  -0.00569,   0.03283,  -0.00044,   0.02757,   0.02057,   0.00657,   0.07135,  -0.07747,   0.09235,   0.06084,  -0.02670,  -0.03195,  -0.05646,   0.08885,   0.06784,  -0.00919,  -0.05646,  -0.01795,  -0.03545,   0.03458,  -0.00219,  -0.04421,   0.01182,  -0.03020,   0.03283,   0.02407,  -0.00919,  -0.00744,  -0.02320,   0.06084,  -0.02670,   0.03983,  -0.05471,  -0.02495,   0.01182,   0.00481,  -0.05997,  -0.02320,   0.03633,  -0.00569,  -0.01795,  -0.07747,  -0.04246,   0.08010,  -0.09848,  -0.07047,  -0.00219,   0.01182,  -0.05997,   0.02582,   0.06959,  -0.05997,   0.14313,   0.01357,   0.05909,   0.08360,   0.01007,  -0.03545,  -0.02845,  -0.03020,  -0.02320,  -0.04596,   0.01182,  -0.06522,   0.00306,  -0.04246,   0.00832,   0.03283,  -0.01620,   0.00131,  -0.05471,  -0.02320,  -0.00919,  -0.02670,   0.05384,   0.01707,  -0.00569,   0.01707,  -0.03721,   0.07485,  -0.01795,   0.06434,  -0.01795,   0.09586,  -0.08448,   0.01357,   0.02232,   0.03983,  -0.06872,   0.04158,  -0.05822,   0.05909,   0.01007,   0.04333,  -0.00569,  -0.09498,  -0.01444,  -0.05646,   0.04158,   0.02933,  -0.02320,   0.02407,  -0.05822,  -0.03370,   0.04858,   0.01182,   0.00306,  -0.03370,  -0.00219,  -0.00919,   0.03633,   0.02757,   0.01007,  -0.03545,  -0.01970,  -0.01444,   0.00832,   0.03983,   0.04683,  -0.11249,   0.01882,  -0.02670,   0.02582,  -0.06522,   0.03983,   0.02057,  -0.00394,   0.02407,  -0.01620,  -0.02145,  -0.01094,   0.01357,  -0.05997,  -0.04246,   0.03108,  -0.06872,  -0.00744,   0.00481,  -0.00744,  -0.02145,  -0.07047,  -0.06347,  -0.08973,   0.06259,   0.05734,   0.02407,   0.02057,  -0.02845,   0.03458,   0.04508,  -0.02495,   0.06609,   0.10111,  -0.04596,  -0.01269,   0.01707,  -0.07922,  -0.00394,  -0.00044,  -0.04246,  -0.04246,  -0.03370,  -0.01970,   0.01532,   0.08710,  -0.01620,   0.02933,   0.03808,  -0.01795,   0.07310,   0.03808,   0.05209,   0.06084,  -0.03721,   0.12037,  -0.00394,  -0.02845,  -0.01094,  -0.01444,   0.00832,   0.03283,   0.01532,   0.01532,   0.04158,  -0.01620,   0.02582,  -0.06872,   0.07835,  -0.01620,  -0.02145,  -0.04596,  -0.01970,   0.03808,  -0.04246,  -0.05296,   0.05909,   0.01532,   0.02232,  -0.02495,   0.00131,  -0.00744,  -0.01620,  -0.09848,   0.00657,   0.01357,   0.02057,   0.07835,  -0.02320,   0.07135,  -0.07397,  -0.05997,  -0.03721,  -0.02320,  -0.00219,   0.03283,  -0.01444,   0.01707,   0.07310,  -0.05296,   0.04158,  -0.02670,  -0.05121,   0.02933,  -0.04246,  -0.03545,   0.01532,  -0.02145,  -0.01620,   0.00657,  -0.01269,   0.01182,  -0.01620,  -0.02495,  -0.04771,  -0.01269,   0.06609,  -0.05997,  -0.05997,  -0.02320,   0.05734,   0.07310,  -0.00744,  -0.02320,  -0.03721,   0.04683,   0.00481,  -0.00044,  -0.05822,  -0.06347,   0.00131,   0.05209,   0.01007,  -0.03896,   0.00131,  -0.05646,  -0.03370,   0.01182,   0.02057,   0.01882,   0.03458,   0.02232,  -0.00044,  -0.01970,   0.05209,  -0.03721,   0.03458,  -0.03545,  -0.00569,   0.03458,  -0.05997,   0.01707,  -0.04421,   0.05384,   0.00306,  -0.04771,   0.05559,   0.10636,  -0.07747,  -0.02320,  -0.07397,  -0.00744,  -0.00744,  -0.01269,   0.06609,   0.04333,   0.02407,  -0.02495,   0.04683,   0.01882,  -0.05646,  -0.02320,  -0.05121,  -0.05822,  -0.07922,  -0.01970,   0.01882,   0.03458,   0.02407,  -0.05997,  -0.01620,   0.01882,  -0.10023,   0.05384,   0.00832,  -0.06697,   0.02757,   0.03283,   0.03283,   0.04158,   0.00832,  -0.03195,   0.09586,   0.00131,   0.01882,   0.09235,  -0.05646,   0.02057,  -0.07047,   0.05909,  -0.06522,  -0.01970,  -0.05822,  -0.01620,  -0.01094,  -0.02145,   0.06259,  -0.05296,  -0.00919,   0.08185,  -0.01620,  -0.05822,  -0.01444,  -0.03370,  -0.03020,  -0.03896,   0.03108,  -0.04596,   0.13963,   0.03458,   0.05034,  -0.03545,  -0.06522,   0.08885,   0.00832,  -0.08098,   0.03458,  -0.03370,  -0.07047,   0.06259,  -0.07747,  -0.02845,   0.04333,  -0.07222,   0.04858,   0.06084,   0.01357,  -0.00394,  -0.02495,  -0.04071,   0.01882,  -0.00919,   0.01882,  -0.01094,  -0.01970,  -0.06872,  -0.03545,  -0.00744,   0.01182,  -0.03721,   0.01007,   0.03983,  -0.02320,   0.01707,   0.01182,   0.00131,  -0.04946,   0.05559,   0.03458,  -0.00919,  -0.00219,   0.01182,   0.00832,   0.02933,  -0.02845,  -0.05471,  -0.02495,  -0.05121,   0.04683,  -0.01269,  -0.01795,  -0.01269,  -0.02845,   0.05034,   0.08535,   0.03108,  -0.03721,   0.03283,   0.08885,   0.05559,   0.03108,  -0.02495,   0.08710,  -0.06872,  -0.01094,   0.00306,  -0.05471,  -0.00044,   0.03458,  -0.03545,  -0.08973,   0.02407,  -0.05646,  -0.01620,  -0.00569,   0.02057,   0.04858,  -0.02495,   0.07135,  -0.00044,   0.01882,   0.02933,  -0.05471,   0.01532,   0.04858,  -0.02320,   0.01007,  -0.04071,   0.06434,   0.06084,   0.00657,   0.04508,   0.01707,   0.08885,  -0.03370,  -0.00044,  -0.00569,  -0.00394,  -0.06697,   0.07310,  -0.00044,   0.03633,  -0.00744,  -0.03896,  -0.01620,   0.09936,   0.02407,  -0.01444,  -0.00394,   0.03283,   0.08710,   0.00481,   0.02757,  -0.04946,  -0.00919,   0.01532,   0.02057,   0.02757,   0.07660,  -0.01795,   0.01882,  -0.09673,  -0.05296,  -0.07397,   0.01007,   0.00657,  -0.06522,   0.05734,  -0.00919,   0.05034,   0.02057,  -0.05121,  -0.00044,  -0.00744,   0.02933,   0.02057,   0.01707,  -0.03195,   0.01707,   0.02407,  -0.02670,  -0.04771,  -0.02670,   0.02582,  -0.03370,   0.02232,  -0.01795,   0.06609,  -0.06172,  -0.04246,  -0.02495,   0.01007,  -0.07572,  -0.01795,   0.02933,  -0.00219
  -0.04421,  -0.03370,   0.01007,  -0.06522,  -0.05121,  -0.05471,   0.06959,   0.02933,   0.06959,  -0.01094,   0.05209,   0.01357,   0.06959,   0.04858,  -0.04421,  -0.08098,   0.09235,   0.03108,   0.03108,   0.00131,   0.00131,   0.00306,  -0.04071,  -0.04596,  -0.03370,  -0.03020,  -0.08448,   0.11512,  -0.01444,  -0.07572,  -0.10199,  -0.02670,   0.06609,   0.04858,   0.06084,  -0.04946,  -0.04421,   0.04858,   0.03108,  -0.05646,  -0.03020,  -0.03195,   0.02757,  -0.04421,   0.02232,  -0.01094,  -0.03721,   0.00131,   0.01532,   0.05384,   0.02757,  -0.04421,  -0.04071,  -0.02670,  -0.02320,   0.02057,   0.05909,  -0.01970,   0.03633,  -0.04071,  -0.03195,   0.04333,  -0.06697,  -0.04246,  -0.08273,   0.08360,  -0.02845,   0.01882,   0.01357,   0.02232,  -0.05296,   0.01357,   0.07660,  -0.04421,   0.01007,   0.05909,   0.04858,  -0.06172,   0.00131,   0.03983,  -0.04771,   0.02057,  -0.00394,   0.00832,  -0.01094,   0.04333,  -0.00044,  -0.04421,   0.07135,   0.02057,  -0.09498,   0.01182,   0.08885,  -0.01444,  -0.01094,  -0.04421,  -0.07222,  -0.07397,   0.05559,   0.06784,   0.01532,   0.02933,  -0.02145,  -0.01269,  -0.04596,  -0.02670,  -0.04421,  -0.02845,   0.09411,   0.02582,   0.00306,  -0.02145,   0.04508,   0.00832,  -0.00219,  -0.03721,  -0.05471,  -0.03721,  -0.01795,   0.00481,  -0.02670,   0.02057,   0.02407,   0.00657,   0.02057,  -0.04946,  -0.00744,  -0.05646,  -0.02670,  -0.01444,   0.06084,   0.00832,   0.02757,  -0.05997,  -0.13700,  -0.04071,   0.05909,  -0.00919,  -0.01970,  -0.00744,  -0.03545,  -0.12124,   0.01707,  -0.04946,  -0.02320,  -0.03370,  -0.06172,   0.00657,   0.00131,  -0.00569,   0.03283,   0.01182,  -0.06172,  -0.05997,  -0.04246,  -0.06522,   0.03283,  -0.02320,  -0.05296,  -0.05646,   0.02933,   0.03108,  -0.09673,  -0.00219,   0.03983,   0.04508,   0.01532,   0.05734,  -0.11599,   0.06084,  -0.04071,   0.02757,   0.01532,  -0.06697,   0.02232,   0.01357,   0.11687,   0.02057,  -0.00744,  -0.00394,   0.02057,   0.02232,   0.03283,   0.04158,  -0.09323,   0.06959,   0.04858,   0.04158,  -0.00044,   0.08885,   0.01532,   0.02057,   0.07135,  -0.08798,  -0.00219,   0.06959,  -0.01444,   0.11512,   0.05909,   0.03983,   0.04858,   0.04683,   0.00657,  -0.04071,   0.03983,  -0.01620,   0.02933,   0.04858,   0.00306,  -0.01269,   0.07310,  -0.03370,  -0.09148,   0.09235,  -0.00919,  -0.04071,  -0.04071,   0.03458,   0.11512,  -0.00919,   0.06959,  -0.11949,   0.06259,  -0.03370,   0.00481,  -0.01444,  -0.01970,   0.02232,   0.04508,   0.08185,   0.05734,  -0.08273,  -0.03896,   0.02057,   0.00306,   0.01182,   0.03633,   0.07310,  -0.05121,   0.02057,   0.04508,  -0.05646,  -0.00044,  -0.01094,   0.01357,   0.03108,  -0.00394,  -0.09323,  -0.02670,   0.00832,   0.01182,  -0.00919,   0.00131,  -0.02320,  -0.05471,  -0.03721,   0.08010,  -0.02845,   0.05209,  -0.06697,   0.05034,  -0.06347,  -0.01269,  -0.03370,   0.02933,  -0.01444,   0.02407,  -0.09323,   0.07310,   0.03458,  -0.04071,   0.01532,   0.02757,   0.01532,   0.05034,   0.06259,   0.04508,   0.01532,  -0.03020,   0.00832,  -0.03721,   0.01707,   0.02757,   0.00832,   0.02232,   0.00131,   0.06259,  -0.02495,   0.05209,  -0.02320,  -0.03896,   0.10111,  -0.03370,   0.09586,  -0.11774,   0.02933,   0.05734,  -0.03370,   0.05559,  -0.07047,   0.03983,  -0.03020,  -0.03721,   0.04333,  -0.01444,  -0.04596,   0.01357,  -0.00219,   0.03283,   0.01182,   0.02933,  -0.02845,  -0.01094,   0.08885,  -0.00744,  -0.01795,   0.01882,   0.04508,   0.00306,  -0.03896,  -0.03896,  -0.02845,   0.02582,  -0.07397,  -0.04946,  -0.01269,   0.01357,   0.00306,   0.03808,  -0.07397,  -0.10023,  -0.04596,  -0.01094,  -0.07222,   0.05034,  -0.05822,   0.06259,  -0.03896,  -0.01094,   0.01707,   0.01882,  -0.03195,  -0.04246,  -0.00219,   0.05209,  -0.06522,   0.03633,   0.08535,   0.00481,  -0.02670,  -0.01094,   0.01182,   0.01882,  -0.00044,   0.08710,  -0.03545,   0.05909,  -0.02495,   0.02057,   0.05384,   0.01357,  -0.08273,  -0.07222,  -0.02320,  -0.00569,  -0.00569,   0.02232,   0.03108,   0.01532,  -0.03721,  -0.07397,   0.03983,  -0.00394,  -0.00044,   0.01007,  -0.00569,   0.02232,  -0.03020,  -0.08798,   0.03108,  -0.03195,   0.01182,  -0.01795,  -0.05646,  -0.02145,   0.06084,  -0.00569,   0.08010,  -0.01795,  -0.04071,  -0.00744,  -0.06172,  -0.02145,   0.01707,  -0.07922,  -0.00919,  -0.02145,  -0.03545,   0.04858,  -0.02145,  -0.02495,  -0.01269,   0.04158,   0.09235,   0.05209,  -0.04596,   0.05384,  -0.00569,  -0.03721,   0.01882,   0.02057,  -0.01269,  -0.02320,   0.02407,  -0.01094,  -0.09148,  -0.04771,   0.04158,   0.00131,  -0.08623,  -0.02145,  -0.00569,   0.01357,  -0.09673,  -0.07222,   0.00306,  -0.02845,   0.05909,   0.01532,  -0.00044,  -0.01970,   0.02933,   0.05909,   0.04858,  -0.00219,   0.03808,   0.04333,   0.05384,  -0.01970,   0.01182,   0.00131,   0.02057,  -0.06872,   0.09586,  -0.05296,  -0.03545,   0.08360,  -0.07747,  -0.04596,   0.02407,   0.03108,  -0.04071,   0.03633,   0.02232,  -0.08798,  -0.08098,  -0.01795,  -0.00044,  -0.02320,  -0.07222,  -0.01444,   0.08360,   0.13788,   0.02057,   0.00306,   0.07135,   0.09411,   0.01182,  -0.05121,   0.05209,   0.00131,   0.00657,  -0.07047,  -0.02845,   0.00657,  -0.06697,  -0.07572,   0.03633,  -0.00394,  -0.01970,   0.03458,  -0.04946,   0.02057,  -0.01970,   0.01532,   0.03108,  -0.05822,  -0.01795,  -0.01795,   0.08360,   0.01882,  -0.00919,   0.01707,   0.05734,  -0.04421,  -0.02145,   0.04333,  -0.08623,  -0.00744,  -0.01620,   0.03458,  -0.03195,  -0.01094,   0.04158,  -0.10724,  -0.03896,   0.10986,   0.02057,   0.02407,  -0.03020,  -0.00744,  -0.04246,   0.01532,   0.08360,   0.06084,  -0.03195,   0.07660,   0.00306,   0.04158,  -0.02845,   0.09586,  -0.01795,  -0.05822,   0.01882,  -0.04596,   0.01532,   0.06609,  -0.02845,   0.02232,   0.03633,  -0.05296,   0.05909,  -0.03545,  -0.06172,  -0.02145,   0.03458,  -0.06522,  -0.05997,   0.01532,  -0.00744,  -0.01970,  -0.02495,   0.00131,   0.01007,  -0.03020,   0.01182,   0.05384,   0.05034,   0.02757,   0.03808,   0.01182,  -0.07572,  -0.01620,  -0.04246,  -0.00744,  -0.03195,   0.02933,   0.05384,  -0.11074,   0.09586,   0.01007,  -0.01444,   0.04158,  -0.04421,   0.07835,   0.04158,   0.06959,   0.05559,   0.06259,  -0.07047,  -0.04071,  -0.03896,   0.03808,   0.00131,   0.01182,  -0.09148,   0.09060,   0.00131,  -0.06522,  -0.05296,   0.01532,  -0.07572,   0.02933,  -0.00569,   0.10811,  -0.01094,  -0.05471,  -0.03721,  -0.00569,   0.02757,   0.04858,   0.02933,   0.06784,  -0.02320,  -0.04946,  -0.00044,   0.04683,  -0.05296,  -0.03370,   0.06259,  -0.01444,   0.10986,   0.01532,  -0.05646,   0.03983,  -0.02145,   0.09060,   0.06959,   0.01007,  -0.00394,  -0.02320,  -0.00569,  -0.00919,   0.02057,   0.03283,   0.07485,   0.00481,   0.01707,  -0.01970,   0.07660,  -0.01094,   0.01182,  -0.04421,   0.06959,   0.01007,   0.06084,   0.00306,   0.03108,   0.00832,  -0.02320,   0.01882,  -0.03020,  -0.01094,   0.08535,  -0.05997,  -0.01444,  -0.01620,   0.02757,  -0.00744,  -0.00919,  -0.01269,  -0.07222,  -0.07397,  -0.02145,   0.06434,  -0.01269,   0.00832,   0.03633,  -0.02670,  -0.01444,   0.01357,  -0.02145,  -0.03721,   0.01007,  -0.03545,  -0.02845,  -0.01970,   0.02407,   0.06959,  -0.01970,  -0.01444,  -0.04071,  -0.04771,  -0.04946,   0.03283,  -0.06172,   0.01707,   0.00832,   0.02057,  -0.00219,   0.01532,   0.04683,  -0.06697,   0.02057,  -0.07922,   0.01707,  -0.05822,  -0.06347,  -0.02670,  -0.04246,  -0.01269,   0.03108,  -0.00394,   0.05209,   0.06609,  -0.07747,   0.01707,  -0.00219,  -0.02670,   0.00832,   0.01007,  -0.01444,   0.06259,   0.08360,  -0.00569,   0.01357,  -0.03195,   0.07660,   0.01007,   0.06434,  -0.06172,   0.06084,   0.01707,  -0.08448,  -0.01094,   0.01007,  -0.06522,   0.02232,   0.06259,   0.00306,  -0.01970,   0.02057,  -0.04421,  -0.02670,  -0.00044,  -0.14576,  -0.06872,  -0.03896,   0.00832,  -0.01795,   0.00481,   0.06084,   0.04333,   0.00306,   0.03108,  -0.04946,  -0.03020,  -0.00919,   0.00657,   0.03633,  -0.03545,  -0.01444,   0.01882,   0.02407,   0.01182,  -0.01970,   0.01357,  -0.06172,  -0.07747,  -0.00919,  -0.07222,  -0.03721,  -0.00044,   0.05209,   0.04683,  -0.00394,   0.00657,  -0.06172,  -0.04946,   0.00131,   0.02757,   0.01882,  -0.07397,  -0.00919,  -0.05296,   0.06959,   0.01357,   0.02057,  -0.02845,   0.01707,   0.03633,   0.02757,   0.03458,  -0.03545,   0.01357,   0.02407,  -0.02320,   0.06959,   0.00306,  -0.00744,  -0.03020,  -0.00569,   0.03458,  -0.14400,   0.00481,  -0.11249,   0.03808,   0.03108,  -0.06347,  -0.03896,  -0.03896,  -0.02145,   0.05209,   0.00481,  -0.06347,  -0.01444,  -0.06172,  -0.09673,  -0.00394,  -0.02670,   0.05384,   0.01007,  -0.04421,   0.03633,   0.03808,  -0.00919,  -0.02320,  -0.06522,   0.00657,  -0.02320,   0.01182,  -0.04946,  -0.06172,  -0.01795,  -0.00394,   0.04858,  -0.00044,   0.01532,   0.01007,  -0.04421,   0.02057,  -0.01795,  -0.03545,  -0.02145,   0.03808,   0.08535,  -0.02495,  -0.01444,  -0.04246,   0.00131,  -0.01269,   0.01532,   0.03633,  -0.12300,  -0.03370,  -0.11249,   0.01007,  -0.00744,  -0.02145,  -0.03545,   0.04158,  -0.06522,   0.00832,   0.03633,   0.06609,  -0.08098,  -0.00744,  -0.04596,   0.00657,  -0.07572,  -0.00394,  -0.00394,   0.00306,  -0.02495,   0.06084,   0.03808,   0.04858,  -0.02670,   0.01007,  -0.03195,   0.05909,  -0.10023,   0.06259,  -0.04246,  -0.06697,   0.02232,   0.00131,   0.03283,  -0.00219,  -0.04421,  -0.05646,  -0.06697,   0.04158,   0.01707,  -0.00744,  -0.05121,  -0.08448,  -0.05471,  -0.04946,  -0.00744,   0.06784,  -0.04596,   0.03108,   0.02232,  -0.09498,  -0.00394,   0.06259,   0.06784,   0.00306,   0.02582,   0.07310,  -0.06172,  -0.05997,   0.02757,  -0.00394,   0.03983,  -0.01620,  -0.00744,   0.00131,  -0.06347,  -0.04246,  -0.05471,   0.01532,  -0.04771,  -0.07222,   0.04858,  -0.02670,   0.05034,  -0.05646,   0.02232,   0.04333,  -0.06347,  -0.06172,  -0.04246,  -0.02145,  -0.03721,  -0.05121,  -0.04596,  -0.03896,   0.03108,  -0.04596,   0.02232,   0.05909,   0.04508,  -0.04421,  -0.02320,  -0.01094,   0.01882,   0.02407,   0.01007,   0.06784,  -0.01444,   0.09235,   0.02582,  -0.06522,   0.06084,  -0.00219,   0.01007,  -0.03195,  -0.02670,  -0.00919,   0.00481,   0.02933,  -0.00394,   0.06434,   0.03283,  -0.01269,  -0.00569,  -0.00044,  -0.03721,   0.08360,   0.05559,  -0.01444,  -0.02145,   0.03458,   0.00481,   0.07835,   0.05034,  -0.00744,  -0.01795,  -0.04771,  -0.02145,   0.03108,  -0.04771,   0.02232,   0.01182,  -0.04071,   0.01182,   0.00306,   0.01532,  -0.04246,   0.02057,  -0.04421,   0.09936,  -0.03370,   0.05034,   0.00306,  -0.04071,  -0.07047,   0.03808,  -0.04596,   0.00481,   0.04508,  -0.06872,   0.01707,   0.00306,   0.08710,   0.01532,   0.01532,  -0.01269,  -0.06347,   0.09586,  -0.00044,  -0.03195,   0.04683,   0.00131,  -0.07047,  -0.04946,  -0.04246,  -0.05121,  -0.06172,   0.05734,   0.05384,  -0.03545,  -0.02145,   0.02933,  -0.02845,   0.08360,   0.01182,  -0.02845,  -0.08273,  -0.01970,  -0.07397,   0.06434,  -0.04771,  -0.00919,   0.00131,   0.02232,  -0.07222,  -0.02145,  -0.02495,   0.02057,   0.06959,   0.02582,   0.01882,  -0.02845,  -0.00219,  -0.02320,   0.06084,   0.02232,   0.01882,  -0.03195,  -0.02145,  -0.02845
  -0.04946,  -0.02495,  -0.01269,  -0.03370,  -0.02845,   0.00832,   0.06084,   0.04158,  -0.01444,   0.00657,   0.03808,  -0.02145,   0.01882,   0.03108,   0.06434,   0.04333,   0.00306,  -0.04071,  -0.01269,   0.02757,   0.01357,   0.04158,  -0.06522,  -0.04946,  -0.04946,  -0.05822,  -0.06522,   0.00306,   0.05909,  -0.03370,   0.06084,  -0.02495,  -0.08623,  -0.08273,  -0.00569,   0.00131,  -0.01795,   0.02582,   0.00481,   0.05559,  -0.04421,  -0.00569,   0.03458,   0.01357,  -0.03721,  -0.00044,  -0.04246,  -0.02670,  -0.01269,  -0.06697,  -0.06347,   0.01182,  -0.02845,   0.02057,   0.03108,  -0.04771,  -0.01795,   0.00657,  -0.07397,   0.01707,  -0.05471,  -0.04596,  -0.00919,  -0.04946,   0.06084,   0.02582,   0.02582,   0.02582,  -0.04421,   0.01182,  -0.02495,   0.02933,  -0.03370,   0.02933,   0.02933,  -0.11074,   0.06784,  -0.01620,  -0.05121,   0.01707,  -0.04071,   0.09060,  -0.02495,   0.04158,   0.03283,   0.11687,  -0.01795,  -0.02495,   0.04333,   0.02757,  -0.06172,   0.03108,   0.05734,   0.05384,   0.00657,   0.03633,  -0.07047,   0.02582,   0.02582,  -0.00044,   0.03808,   0.02933,   0.04858,   0.06609,   0.04158,  -0.03370,  -0.04421,   0.05034,   0.00131,   0.02232,  -0.02845,  -0.04246,  -0.01795,   0.05559,   0.02232,  -0.03545,  -0.01795,   0.07660,   0.03283,   0.08185,   0.09936,  -0.03896,  -0.06522,  -0.08448,   0.01007,  -0.02495,   0.02232,   0.02933,  -0.03721,   0.06434,  -0.00219,   0.03283,   0.02757,  -0.01269,  -0.02670,  -0.00919,   0.00832,   0.02057,  -0.01269,  -0.00569,  -0.04071,   0.03283,  -0.00044,   0.01007,   0.08360,   0.01357,  -0.00394,  -0.01620,   0.04158,  -0.05121,  -0.03195,  -0.02145,   0.00481,   0.03108,   0.01707,   0.02933,   0.14313,  -0.04071,  -0.00744,   0.05384,   0.01882,  -0.07397,   0.00481,   0.02232,   0.02057,  -0.06872,   0.02582,   0.01182,   0.11687,   0.04333,  -0.00219,  -0.01444,  -0.05997,  -0.04596,   0.00832,   0.04683,   0.06259,  -0.01269,   0.04858,  -0.04596,  -0.02145,  -0.00219,  -0.01269,   0.00481,  -0.01620,  -0.02670,   0.06784,  -0.02145,  -0.04421,  -0.04946,  -0.06347,  -0.02495,   0.01707,  -0.02670,   0.01007,   0.06084,   0.06959,  -0.03721,  -0.00219,   0.00832,   0.06259,  -0.00744,   0.00832,  -0.00044,  -0.01620,  -0.05822,  -0.00919,  -0.00044,  -0.08273,  -0.01094,  -0.00044,   0.09235,   0.01707,  -0.03020,  -0.03370,  -0.00919,   0.02407,   0.03458,   0.01182,   0.03633,   0.04508,   0.05384,  -0.01094,   0.05909,   0.05209,   0.06959,  -0.04071,  -0.04771,   0.07485,  -0.05296,  -0.02670,   0.00131,   0.03808,  -0.04596,   0.00131,  -0.00569,   0.02757,  -0.03370,  -0.02145,  -0.02845,   0.02407,   0.02407,  -0.03545,  -0.03370,   0.05559,  -0.01795,   0.08185,  -0.06347,   0.05034,   0.02057,  -0.05121,  -0.03896,   0.03983,   0.01182,  -0.04071,  -0.04246,   0.06959,   0.01532,  -0.08623,   0.05909,  -0.03896,   0.04333,  -0.02145,   0.05559,  -0.00219,   0.07135,   0.04683,   0.01007,  -0.04771,  -0.00219,   0.02933,  -0.00744,  -0.08973,   0.00657,   0.01707,   0.10636,  -0.01094,   0.05209,   0.00306,  -0.01444,   0.03458,  -0.00744,  -0.06697,   0.03808,  -0.04421,   0.02933,   0.09936,  -0.05997,  -0.00044,  -0.07397,   0.07835,   0.03983,   0.04508,   0.05034,  -0.01269,   0.03283,   0.03633,  -0.00919,  -0.01269,   0.02757,  -0.02670,  -0.01970,   0.03633,  -0.07397,   0.00832,  -0.05121,  -0.05997,  -0.01970,  -0.02845,  -0.08623,   0.05034,   0.05034,  -0.03896,   0.05734,   0.06609,  -0.05646,  -0.04421,   0.00832,   0.05559,   0.00131,  -0.04946,  -0.08273,  -0.08098,  -0.03370,   0.05034,   0.01532,  -0.03020,   0.00306,   0.00657,   0.04158,  -0.04771,  -0.01970,  -0.05997,  -0.04946,  -0.03545,   0.06259,   0.00657,   0.00832,   0.07310,   0.05559,  -0.00569,  -0.02320,  -0.07747,  -0.00919,  -0.04071,   0.01007,   0.04333,  -0.01444,  -0.00569,   0.00832,   0.00832,   0.03633,  -0.03020,  -0.05471,   0.01357,   0.04683,  -0.06347,  -0.02145,   0.05209,  -0.03370,   0.01007,   0.00131,   0.03458,  -0.07922,  -0.01444,   0.05034,  -0.00394,  -0.06522,   0.04858,   0.06784,   0.00832,   0.01182,  -0.00919,  -0.00219,  -0.00219,   0.03633,   0.00832,   0.01007,   0.05909,   0.02757,  -0.01094,  -0.00569,   0.02757,  -0.02495,  -0.00219,   0.01007,  -0.00044,   0.04158,  -0.07747,  -0.04946,  -0.09498,  -0.03370,   0.03633,  -0.03020,   0.03633,   0.00657,   0.06784,   0.05034,  -0.05296,  -0.05296,  -0.03370,  -0.05646,  -0.00394,  -0.04421,  -0.10374,  -0.01620,  -0.02845,  -0.01094,   0.03983,   0.05209,   0.01007,  -0.03020,  -0.01970,  -0.03896,  -0.02670,   0.04858,   0.02057,  -0.03721,  -0.00394,  -0.00919,   0.06259,   0.00481,  -0.01970,  -0.01444,  -0.05822,  -0.01795,   0.00481,  -0.06872,  -0.01444,   0.00306,   0.01182,   0.01532,  -0.01795,   0.02232,   0.03108,   0.02933,  -0.09848,   0.00131,   0.05734,   0.04333,  -0.01795,   0.02933,   0.02232,   0.01532,   0.02232,   0.02232,   0.04683,  -0.02320,   0.03983,  -0.02670,   0.00832,   0.11161,   0.03283,  -0.04071,   0.00481,   0.03458,  -0.03195,   0.01182,  -0.04071,  -0.03020,  -0.03370,  -0.08623,  -0.01620,  -0.02845,  -0.09148,  -0.01620,  -0.01795,   0.04158,  -0.03195,  -0.03896,   0.05384,  -0.02845,   0.04683,  -0.06522,  -0.00919,  -0.05997,   0.05034,  -0.00569,  -0.05646,   0.06784,   0.00306,   0.01357,   0.01532,   0.06259,  -0.01094,   0.04683,  -0.06872,   0.05209,  -0.01444,  -0.02845,   0.08185,  -0.01269,  -0.01970,  -0.07922,  -0.03370,  -0.05822,   0.07485,  -0.02145,  -0.00744,   0.03633,  -0.02845,   0.01182,  -0.03896,  -0.02495,   0.03983,   0.07135,   0.00657,   0.10811,   0.04508,   0.03633,   0.07135,  -0.00044,  -0.09673,   0.03458,  -0.04071,  -0.00044,  -0.03545,   0.07485,   0.04158,  -0.08098,   0.07135,   0.02057,   0.10636,   0.07835,  -0.02320,  -0.00919,  -0.00219,   0.02232,  -0.05121,   0.03108,   0.05559,   0.03808,  -0.06172,   0.04333,  -0.05997,  -0.12650,  -0.05296,   0.05384,  -0.02845,  -0.03020,  -0.05997,   0.01007,  -0.00044,  -0.00219,   0.05734,  -0.00744,   0.02933,  -0.01444,  -0.03020,   0.00657,  -0.03195,  -0.07397,  -0.00044,  -0.00919,   0.02057,  -0.03020,  -0.02145,   0.05384,  -0.03721,   0.02232,  -0.00044,   0.01182,  -0.05997,   0.01357,   0.02232,  -0.00569,  -0.00744,  -0.01444,  -0.05296,   0.05034,   0.02933,  -0.02145,   0.02582,   0.03458,  -0.01795,  -0.00919,   0.08010,  -0.06522,   0.05034,   0.00657,   0.04158,  -0.00394,   0.05034,  -0.00569,  -0.01094,  -0.00569,   0.01357,  -0.02670,   0.02407,   0.03633,   0.06434,   0.05559,  -0.01094,   0.00306,  -0.02495,  -0.03020,   0.02757,  -0.00569,   0.08185,  -0.09848,  -0.04246,   0.10986,  -0.03195,  -0.04246,  -0.01970,  -0.02845,   0.03633,   0.02232,  -0.05822,   0.03633,  -0.04071,  -0.00044,   0.01882,  -0.07047,  -0.01795,  -0.01094,  -0.05296,  -0.03020,   0.05734,  -0.02145,  -0.01970,   0.00481,   0.09586,  -0.00219,   0.02407,  -0.01620,  -0.00569,   0.02232,  -0.00044,  -0.06522,  -0.07222,  -0.01269,  -0.04246,   0.08710,   0.01182,   0.04333,  -0.00394,   0.01357,  -0.08098,   0.00481,   0.03108,  -0.05822,   0.01007,   0.03458,  -0.04771,  -0.03721,   0.01182,  -0.02670,  -0.00044,  -0.01269,   0.01182,  -0.02670,   0.01357,  -0.01620,   0.02057,   0.00832,  -0.02320,   0.02057,   0.04158,  -0.05997,  -0.04071,  -0.00569,   0.05734,  -0.01970,  -0.03545,  -0.00044,  -0.00919,  -0.01620,   0.08710,   0.01882,  -0.06172,   0.02057,  -0.00744,   0.02057,   0.01357,   0.01007,   0.06609,   0.03458,   0.03808,  -0.00219,  -0.00744,   0.01707,  -0.05296,   0.03633,   0.01707,  -0.04071,   0.01707,  -0.04596,  -0.07222,  -0.05822,  -0.01970,  -0.00919,  -0.04071,  -0.01970,   0.00306,  -0.01269,   0.03283,  -0.00219,  -0.02495,  -0.03020,   0.01532,   0.03633,  -0.04771,  -0.05471,   0.02757,   0.02582,   0.02407,  -0.01269,   0.00131,   0.02407,  -0.09498,  -0.00919,   0.02933,  -0.05646,   0.02057,  -0.02495,   0.04333,  -0.04771,   0.03108,  -0.00394,  -0.00044,   0.03283,   0.00481,   0.03283,  -0.04771,  -0.00044,  -0.07047,  -0.02845,  -0.02845,   0.03633,  -0.02495,   0.00131,   0.00481,  -0.01970,   0.00481,  -0.00219,   0.04158,  -0.01269,  -0.05296,  -0.01795,   0.03633,  -0.00394,   0.02582,  -0.00569,   0.01882,  -0.05822,   0.02057,  -0.07572,   0.00657,   0.03108,   0.01182,  -0.01444,  -0.05471,  -0.05822,   0.00832,  -0.03020,  -0.05471,  -0.02670,  -0.01795,  -0.00394,   0.05559,  -0.00569,  -0.00919,  -0.03545,   0.00481,  -0.02495,   0.02232,  -0.03721,   0.02407,   0.04158,   0.04158,  -0.00394,  -0.03370,  -0.06522,   0.04333,   0.02582,  -0.00569,  -0.03545,   0.07660,  -0.01444,  -0.00744,   0.07135,  -0.05471,  -0.01795,   0.06784,   0.07485,   0.04333,   0.06259,   0.08710,  -0.02145,  -0.01795,   0.08360,   0.01357,  -0.00919,   0.06434,  -0.01269,   0.03808,   0.01707,   0.01357,   0.01182,   0.02757,  -0.04596,   0.00832,  -0.03195,   0.01007,   0.00832,   0.01532,   0.00131,  -0.05471,  -0.00744,  -0.01444,  -0.04071,  -0.03195,   0.00481,   0.02582,  -0.00044,  -0.04771,   0.01532,   0.03808,   0.06959,  -0.01620,   0.09761,   0.02057,   0.07485,  -0.04071,   0.04508,   0.05734,  -0.05296,  -0.00919,  -0.00044,   0.01357,   0.00657,  -0.02145,  -0.00219,   0.01882,   0.09411,  -0.00394,  -0.05296,   0.06434,  -0.00569,   0.01707,   0.04683,   0.01532,  -0.01795,  -0.02320,  -0.05296,  -0.12475,  -0.02145,   0.00657,  -0.01620,  -0.03896,  -0.00919,  -0.01795,  -0.04946,  -0.04596,   0.01357,   0.02057,  -0.06347,   0.02933,  -0.01094,   0.00832,  -0.03370,   0.03283,   0.02933,   0.05734,  -0.02495,   0.00832,  -0.03370,   0.01357,  -0.03545,   0.02757,   0.05559,   0.08535,  -0.00919,   0.15889,  -0.00219,  -0.03195,   0.03108,  -0.01094,   0.00657,  -0.10724,  -0.04771,  -0.02495,  -0.01269,   0.01182,  -0.01795,   0.01357,   0.01532,   0.02757,  -0.00744,  -0.00044,  -0.09323,   0.07485,   0.04508,   0.06084,   0.00832,   0.05034,  -0.03195,   0.10986,   0.06434,   0.01007,   0.02407,   0.06609,   0.02933,  -0.03195,   0.03458,  -0.07222,  -0.00394,  -0.01620,  -0.09498,   0.04158,  -0.00394,  -0.01269,  -0.06522,   0.01357,  -0.00569,   0.02232,  -0.03896,  -0.02495,  -0.04771,   0.00306,  -0.03721,   0.05909,  -0.01094,  -0.06872,   0.00306,   0.11336,  -0.01269,  -0.11599,   0.03633,   0.00832,  -0.00919,  -0.09148,   0.03808,  -0.01795,   0.07835,   0.02407,  -0.02670,  -0.00569,  -0.05296,   0.03108,  -0.05296,  -0.01444,   0.02232,   0.07835,  -0.02145,   0.01707,  -0.05121,  -0.04071,  -0.02320,  -0.00219,  -0.00394,   0.00481,  -0.03020,   0.00131,  -0.05997,   0.00131,   0.04683,   0.03808,  -0.02495,  -0.02495,   0.07485,   0.00131,   0.00131,  -0.06172,  -0.00569,  -0.01795,  -0.05471,   0.05734,  -0.02495,  -0.08273,   0.01182,  -0.03545,   0.06084,  -0.04596,   0.01007,  -0.06172,  -0.02320,   0.04683,  -0.04596,  -0.07222,   0.05034,   0.05734,   0.01007,   0.07485,   0.07310,  -0.03195,  -0.01269,   0.10461,  -0.03195,   0.03633,   0.04508,   0.00481,   0.06434,  -0.03195,  -0.03195,   0.03458,   0.04683,   0.03633,  -0.00919,  -0.07747,  -0.03721,   0.03283,   0.09586,  -0.00919,  -0.06172,  -0.04246,  -0.01620,  -0.05997,  -0.00919,   0.03633,  -0.00394,  -0.03545,  -0.07572,  -0.01094,   0.01532,   0.02057,  -0.00919,  -0.01269,  -0.05471,   0.00481,  -0.03195,  -0.02320,  -0.02670
  -0.01094,   0.05034,   0.04683,  -0.02495,  -0.03195,   0.05209,   0.02407,  -0.04246,  -0.03545,   0.01182,   0.03808,   0.04158,   0.03808,   0.06609,   0.04158,   0.00657,   0.08360,   0.00131,  -0.01269,   0.05559,   0.02232,   0.04158,  -0.00569,  -0.05646,   0.03808,   0.00481,  -0.02320,  -0.01620,   0.01182,  -0.01620,   0.02232,   0.03108,  -0.03721,   0.03108,   0.01357,   0.00306,  -0.01444,   0.04683,  -0.02845,  -0.01970,   0.04858,   0.00832,  -0.00569,  -0.00394,  -0.02495,   0.02057,  -0.01094,   0.01532,  -0.08273,  -0.04246,  -0.03195,   0.08185,   0.03108,  -0.03370,  -0.00919,  -0.05822,  -0.00219,   0.06784,  -0.04246,   0.01532,   0.00131,   0.03108,   0.00306,  -0.05822,  -0.04421,   0.03633,   0.00657,  -0.08098,   0.03633,  -0.05471,  -0.03020,  -0.00744,   0.05909,   0.00481,   0.01007,  -0.01795,   0.07660,   0.01707,   0.04858,  -0.01094,  -0.02495,   0.02407,  -0.00219,  -0.08098,  -0.07572,   0.06084,   0.02057,  -0.05121,   0.06259,  -0.02145,  -0.01444,  -0.01444,   0.02232,   0.03633,  -0.02495,   0.02582,  -0.07047,  -0.02495,   0.07485,   0.04508,  -0.02320,  -0.04421,   0.06434,  -0.00394,  -0.00919,  -0.01094,   0.00306,   0.00657,  -0.00394,   0.02582,  -0.00044,  -0.00219,   0.01532,  -0.01269,  -0.05997,   0.05209,  -0.02495,  -0.08448,   0.00832,   0.01707,   0.06259,   0.03458,  -0.03195,  -0.01094,  -0.00744,   0.02757,   0.09586,   0.04158,   0.01532,  -0.02845,   0.01007,  -0.00744,   0.01707,   0.01707,  -0.02320,   0.01007,  -0.02145,  -0.02145,   0.03983,   0.03283,   0.01707,  -0.02670,   0.00481,  -0.02495,   0.03983,   0.05734,  -0.03195,  -0.01094,  -0.00919,   0.06609,  -0.04421,  -0.01620,   0.02757,  -0.08973,   0.03283,  -0.02845,   0.06434,  -0.00919,  -0.01970,  -0.00219,   0.08185,  -0.02670,  -0.00919,  -0.05997,   0.00306,   0.08185,   0.03983,   0.00657,  -0.00219,   0.01707,   0.01182,  -0.01795,  -0.00744,  -0.05822,  -0.03896,  -0.00044,   0.08185,   0.01357,  -0.01795,   0.01182,   0.02232,   0.05734,   0.01357,   0.02582,   0.05209,  -0.02670,   0.00832,  -0.00394,  -0.03721,   0.02933,   0.03283,  -0.05296,  -0.02670,  -0.06172,   0.00832,   0.03108,   0.00481,   0.01707,   0.01182,  -0.04246,  -0.01970,   0.00131,   0.06609,  -0.08798,  -0.00919,  -0.05822,   0.03108,   0.01182,  -0.05646,   0.03983,   0.06259,  -0.02845,  -0.00044,   0.00832,  -0.02320,   0.03983,  -0.03020,   0.02232,  -0.00744,   0.02582,   0.03458,  -0.01620,   0.10636,   0.04333,   0.02057,   0.01532,  -0.00919,   0.01882,   0.01707,  -0.02320,  -0.04771,  -0.04946,  -0.03896,   0.01532,   0.05909,  -0.06522,   0.08360,   0.00306,   0.00832,  -0.06872,   0.09411,   0.00306,  -0.01444,  -0.04771,   0.03633,   0.00481,   0.09936,   0.04858,  -0.06697,   0.04508,   0.03808,  -0.05822,  -0.01094,   0.01707,   0.01007,   0.05034,   0.04858,   0.00481,  -0.02495,  -0.04771,   0.05034,  -0.10899,  -0.11949,   0.00306,   0.02232,   0.03458,   0.06434,   0.13087,  -0.00219,  -0.04071,  -0.01795,  -0.02670,  -0.05646,  -0.01444,   0.01182,   0.01532,   0.01532,  -0.08098,  -0.01444,   0.05209,   0.04158,  -0.01970,  -0.01620,   0.05034,   0.00832,   0.02232,   0.05384,   0.01357,  -0.03721,   0.03633,   0.01532,  -0.05646,  -0.00394,   0.07310,   0.00657,  -0.06872,  -0.03370,   0.07310,  -0.05646,  -0.00044,  -0.10549,   0.04858,  -0.00044,  -0.00394,   0.01182,   0.06784,  -0.09498,   0.00306,   0.03283,  -0.00044,  -0.00044,   0.01882,   0.04508,   0.05559,  -0.01970,  -0.02670,   0.06959,  -0.09848,  -0.05997,  -0.00744,  -0.03195,   0.02933,   0.00306,  -0.06172,   0.01182,  -0.01795,   0.01532,  -0.00044,  -0.03545,  -0.00919,   0.02407,  -0.03545,  -0.00919,  -0.00219,  -0.01444,  -0.07222,   0.03983,   0.02407,  -0.04596,   0.03458,   0.00657,  -0.04596,  -0.06697,  -0.05471,   0.06959,   0.00832,  -0.00744,  -0.04246,   0.06609,  -0.03370,   0.03808,   0.02582,   0.08185,   0.04683,   0.00657,  -0.03020,   0.04858,  -0.05471,  -0.06347,   0.12037,   0.02933,  -0.01269,  -0.00744,   0.00131,  -0.03545,   0.03633,  -0.05471,   0.02232,   0.02407,  -0.01444,   0.04683,  -0.01094,  -0.05296,   0.00306,  -0.01094,   0.00131,  -0.03721,   0.02407,   0.03458,   0.05559,  -0.00744,  -0.00219,   0.01882,   0.02057,  -0.01970,   0.08885,   0.01707,   0.06434,   0.06259,  -0.04421,  -0.09673,  -0.01970,  -0.01444,  -0.07747,  -0.07397,  -0.01795,  -0.02845,  -0.01970,   0.02232,  -0.02845,   0.03983,  -0.00744,   0.00832,   0.01007,   0.05909,   0.07310,   0.02407,   0.00657,  -0.05471,   0.05909,   0.00657,  -0.01795,   0.10111,  -0.01795,  -0.07047,  -0.05121,   0.02757,  -0.02495,   0.00481,  -0.00919,  -0.00919,   0.01882,  -0.06347,  -0.03370,  -0.02495,   0.05909,  -0.05822,  -0.03721,  -0.00044,   0.00832,  -0.01795,  -0.05471,  -0.05121,   0.00657,  -0.03370,   0.00131,   0.00131,  -0.01269,  -0.02495,   0.07135,   0.02582,  -0.02145,   0.00306,   0.04158,  -0.04071,   0.04508,  -0.05822,  -0.08273,   0.00832,  -0.04246,   0.02407,  -0.00394,   0.04858,  -0.01970,  -0.05121,  -0.00744,  -0.04946,  -0.09848,   0.08710,   0.06259,  -0.10549,  -0.02495,  -0.00919,   0.02933,   0.06084,  -0.00919,  -0.00044,  -0.09148,  -0.02670,  -0.00919,  -0.08273,   0.03458,  -0.06522,  -0.03896,   0.01707,   0.10811,  -0.04771,  -0.01444,  -0.01444,  -0.00394,  -0.00394,  -0.00744,  -0.01444,  -0.00744,   0.05734,   0.04508,   0.05559,   0.03283,  -0.01970,  -0.00219,   0.03983,   0.08710,   0.04858,  -0.07047,  -0.01094,   0.03633,  -0.00219,  -0.01094,  -0.03195,   0.00657,   0.00306,   0.01182,   0.03108,   0.00306,   0.01532,  -0.04771,  -0.02495,   0.01357,  -0.06697,  -0.00919,   0.02582,  -0.01795,  -0.00569,  -0.01444,  -0.01795,  -0.01970,  -0.02845,  -0.00044,  -0.05296,   0.03458,  -0.01970,  -0.04596,  -0.01620,   0.04683,   0.05034,   0.07485,   0.07135,  -0.04771,   0.01357,   0.09411,  -0.10724,   0.04858,   0.03458,   0.05909,   0.03983,   0.00131,  -0.07047,   0.02933,   0.02057,   0.02057,   0.05034,  -0.07922,   0.09586,   0.02933,   0.01007,   0.03458,   0.03458,   0.02582,  -0.00044,  -0.01269,   0.02407,   0.01357,   0.01707,  -0.00744,  -0.01620,  -0.03896,  -0.07222,  -0.00219,   0.03983,   0.04158,   0.02582,  -0.04771,   0.01882,   0.02757,   0.03633,  -0.00394,   0.00306,   0.06784,  -0.04596,  -0.00394,   0.01357,  -0.00569,   0.03633,  -0.05646,  -0.06872,  -0.01269,  -0.01269,   0.00832,   0.00832,  -0.09498,   0.01707,   0.00657,   0.06084,  -0.05646,  -0.02145,   0.05384,  -0.03195,  -0.00044,   0.03458,  -0.01970,  -0.00744,   0.10811,   0.10111,   0.03983,   0.01882,  -0.00744,   0.02057,   0.00832,   0.04683,  -0.07572,  -0.00044,   0.03808,  -0.00219,  -0.00394,  -0.09148,   0.10811,   0.02582,  -0.01795,  -0.04421,   0.01532,   0.05909,  -0.00744,  -0.09148,  -0.02320,  -0.05646,  -0.02320,  -0.00744,   0.00306,  -0.00919,  -0.00569,  -0.02845,   0.04333,  -0.03545,  -0.03020,   0.03633,  -0.03370,   0.03458,   0.02757,   0.01182,  -0.02845,   0.02407,   0.01882,  -0.02320,  -0.01444,  -0.00919,  -0.05646,   0.02757,   0.07485,  -0.00744,   0.05909,  -0.03721,  -0.00394,   0.11161,   0.04333,  -0.06697,  -0.02495,   0.07835,  -0.03020,  -0.03896,  -0.01094,  -0.02145,  -0.02670,   0.11161,   0.03283,   0.05559,   0.08010,  -0.04421,   0.01532,  -0.07047,   0.08010,  -0.02845,   0.02057,  -0.04946,  -0.06522,   0.06784,   0.04158,   0.00832,   0.03108,   0.07310,   0.02232,  -0.05296,  -0.04946,  -0.00569,  -0.06347,  -0.02320,   0.01182,  -0.01269,  -0.00919,  -0.00919,   0.06434,   0.02582,  -0.01620,  -0.04596,   0.05209,   0.01182,   0.01182,   0.01532,  -0.00219,  -0.02495,  -0.00569,  -0.03020,  -0.03020,  -0.00219,   0.00131,   0.01007,   0.00832,  -0.04071,   0.03633,  -0.03020,   0.01707,   0.00832,  -0.05296,  -0.05296,   0.00657,   0.02057,  -0.00219,  -0.06172,  -0.00394,   0.00832,   0.01357,   0.02582,   0.00481,   0.00657,   0.05209,  -0.00219,  -0.07747,   0.04858,  -0.02495,   0.00657,   0.03808,   0.02232,   0.01707,   0.01357,   0.06959,  -0.02670,   0.09235,  -0.00744,   0.04158,  -0.01970,   0.08710,  -0.00219,  -0.00569,  -0.01094,  -0.09673,  -0.00744,   0.02757,  -0.03370,  -0.01269,   0.02933,  -0.02670,   0.01707,   0.01357,  -0.00744,  -0.00219,  -0.00919,   0.01707,  -0.01094,   0.02933,  -0.05296,  -0.01444,   0.01357,   0.02757,   0.02057,  -0.00219,  -0.00569,   0.01357,   0.00832,  -0.06347,   0.01357,  -0.03370,   0.03458,   0.00481,  -0.01094,   0.08360,   0.01007,   0.01007,  -0.03721,  -0.03545,   0.01357,  -0.07572,   0.00306,  -0.02670,   0.04858,   0.02582,  -0.05997,  -0.02845,   0.02933,   0.00306,   0.02057,   0.00657,  -0.01970,  -0.03370,  -0.02495,   0.00657,  -0.03721,  -0.01970,  -0.08448,   0.05384,   0.01182,  -0.06872,  -0.06872,  -0.03020,  -0.01269,  -0.09323,  -0.05822,   0.05384,   0.00131,   0.04683,   0.03108,   0.02582,   0.05734,  -0.04596,   0.07135,  -0.01444,  -0.03545,  -0.10724,  -0.02320,  -0.04071,   0.03458,   0.05734,   0.00832,   0.00657,  -0.02145,  -0.09148,   0.05034,  -0.02495,  -0.04246,   0.04333,  -0.02670,  -0.11949,   0.03108,  -0.06697,   0.01532,  -0.03721,   0.04508,   0.03108,  -0.04771,  -0.03195,  -0.03896,   0.06784,   0.00657,   0.02757,  -0.04421,   0.08885,   0.03633,   0.02407,  -0.05997,   0.02057,   0.07485,   0.04158,  -0.01970,   0.04858,  -0.01970,  -0.00219,  -0.06697,  -0.03721,   0.02933,   0.07660,  -0.05296,   0.09060,   0.01532,  -0.02320,   0.02933,   0.02232,  -0.03020,  -0.00044,   0.09060,   0.02582,   0.02933,  -0.01094,   0.03108,   0.00131,  -0.01094,  -0.05822,   0.04333,   0.09761,   0.04508,   0.01182,   0.01357,  -0.08098,   0.07310,  -0.05296,   0.05734,   0.01007,  -0.04946,  -0.02145,  -0.03721,   0.01532,  -0.03020,   0.02407,   0.03808,   0.01707,   0.02933,  -0.00394,   0.04333,  -0.01795,  -0.00569,  -0.08098,   0.06434,  -0.01970,   0.00657,  -0.00569,   0.04683,  -0.00569,  -0.05471,   0.03983,   0.01532,  -0.01269,   0.02933,  -0.06172,   0.00306,  -0.01094,  -0.00044,  -0.02670,   0.03983,   0.01882,  -0.01620,  -0.03020,   0.05734,  -0.09148,   0.03458,   0.01532,   0.01007,  -0.04071,   0.02407,   0.04158,  -0.00394,   0.00131,  -0.12650,  -0.02145,  -0.04246,  -0.02145,   0.04858,  -0.00219,   0.03808,  -0.00569,  -0.02145,  -0.04771,   0.06784,   0.05734,  -0.01444,  -0.03370,   0.02757,   0.00832,   0.02582,   0.01007,   0.01707,  -0.02145,   0.02757,  -0.01970,  -0.04246,   0.04158,  -0.11949,   0.03633,   0.02582,  -0.00394,  -0.03370,  -0.01094,  -0.05646,   0.01532,  -0.02495,  -0.00394,  -0.03545,   0.03283,  -0.02495,   0.03108,   0.07135,  -0.00744,  -0.01094,   0.02757,  -0.11074,  -0.02495,   0.04683,  -0.09498,  -0.04946,   0.06784,  -0.04596,  -0.06347,  -0.07047,   0.02407,   0.00481,  -0.01620,   0.02407,   0.07310,   0.04858,   0.00306,   0.06434,  -0.06347,  -0.06347,  -0.02670,  -0.00744,   0.09936,   0.00306,  -0.03195,   0.10461,   0.02232,  -0.01094,   0.03983,  -0.08448,  -0.00219,   0.01707,   0.01707,  -0.03020,  -0.06347,  -0.00219,   0.02057,   0.00306,  -0.01970,  -0.00744,  -0.02495,   0.01882,   0.00657,  -0.04946,  -0.02145,  -0.01620,  -0.06872,  -0.06347,   0.02057,  -0.05822,   0.03458,  -0.01970,  -0.07222,  -0.02320,   0.01707,  -0.03721,  -0.00044,  -0.06872,  -0.07222,  -0.02145,  -0.03545,   0.02933,   0.09411,   0.06084,   0.07310
  -0.00569,  -0.06522,   0.00481,   0.05559,  -0.00744,  -0.00394,   0.03633,   0.03283,  -0.00919,   0.07835,   0.00481,   0.02933,  -0.05296,   0.07835,   0.03283,   0.02232,   0.01007,   0.00481,   0.02057,   0.04508,  -0.06172,   0.10811,  -0.01620,   0.01532,  -0.00569,  -0.08448,  -0.06697,  -0.01269,   0.01532,  -0.04596,   0.03283,  -0.00569,  -0.00569,   0.04858,  -0.00219,   0.01007,  -0.00219,   0.04508,   0.00306,   0.11336,  -0.06347,  -0.06697,  -0.01444,  -0.03020,  -0.02320,  -0.02495,  -0.01620,   0.05384,  -0.02320,   0.01357,   0.03458,   0.02407,   0.05559,   0.06259,   0.06084,   0.05909,  -0.08273,   0.02407,   0.04158,  -0.00044,   0.03808,   0.06259,  -0.01094,   0.04858,  -0.03721,   0.00131,   0.00832,  -0.01444,  -0.00219,   0.03633,   0.04158,  -0.02670,  -0.02495,   0.05384,  -0.04246,  -0.02495,   0.09060,   0.04858,   0.04858,  -0.08973,   0.01182,  -0.00219,  -0.05822,   0.05209,  -0.06697,  -0.03195,  -0.00919,   0.07660,   0.03633,  -0.00744,  -0.07747,   0.00306,   0.01007,  -0.04596,   0.03983,  -0.00044,   0.01357,   0.05209,   0.07135,   0.08360,   0.01882,  -0.01970,  -0.04596,  -0.00744,   0.01707,  -0.03545,   0.01357,   0.07485,   0.03983,  -0.03020,   0.05559,  -0.01970,   0.04158,  -0.07047,  -0.06172,   0.05034,  -0.07922,   0.04858,  -0.07397,   0.03983,  -0.08623,   0.04333,   0.01707,   0.03458,   0.04158,  -0.07047,   0.06084,  -0.00744,   0.05559,   0.04508,   0.00481,  -0.04596,   0.12212,  -0.02845,  -0.05471,  -0.04071,   0.00657,  -0.01620,   0.03283,  -0.00919,  -0.03545,   0.04158,   0.02933,   0.01882,   0.01357,   0.08360,  -0.05646,  -0.08098,   0.06259,  -0.03020,   0.04158,   0.00832,   0.02407,  -0.03195,   0.06784,  -0.00744,  -0.02320,  -0.03545,   0.04158,  -0.06872,  -0.08273,   0.01182,  -0.00569,  -0.02670,   0.02232,   0.07485,  -0.06522,  -0.00219,  -0.02845,   0.13788,  -0.01444,   0.01707,  -0.02670,   0.00481,   0.05734,  -0.00569,  -0.01970,   0.05034,   0.02933,  -0.01795,  -0.03721,   0.04158,   0.05384,  -0.03545,   0.07485,   0.04858,   0.07135,  -0.04071,  -0.05646,  -0.00219,   0.03458,   0.02407,  -0.01444,  -0.00219,   0.03108,  -0.00219,  -0.00569,  -0.03020,   0.04858,  -0.03896,   0.03808,  -0.02320,  -0.02670,   0.01532,  -0.02670,   0.03283,   0.04683,  -0.02495,  -0.04071,   0.03458,   0.00306,   0.02582,   0.02232,  -0.08623,   0.00306,   0.00481,  -0.01444,  -0.02320,   0.01532,  -0.03896,   0.03808,   0.00481,   0.03633,  -0.02320,  -0.03545,   0.03108,   0.01532,  -0.06697,  -0.02320,   0.00657,  -0.00044,  -0.02320,  -0.02495,  -0.03545,   0.02933,  -0.01094,   0.02582,   0.00832,  -0.02845,   0.10111,   0.00832,  -0.04596,   0.00306,  -0.01620,  -0.04246,   0.05209,   0.01707,  -0.08973,  -0.00044,  -0.06522,  -0.00744,  -0.04771,  -0.02670,   0.03108,   0.02057,   0.02232,   0.03633,  -0.02845,   0.04508,  -0.05471,  -0.06522,  -0.00919,  -0.00044,  -0.05822,   0.04508,  -0.00044,  -0.01269,  -0.02495,  -0.00044,  -0.02495,   0.01882,   0.07835,   0.03808,  -0.00569,   0.01357,   0.02933,  -0.02495,  -0.02495,   0.05559,  -0.00744,   0.00657,   0.02582,   0.00657,   0.02757,   0.01182,   0.00481,  -0.02145,   0.02232,  -0.04246,   0.00306,   0.02232,  -0.03195,  -0.04071,   0.01182,  -0.02845,  -0.00394,   0.01357,  -0.07047,  -0.03896,   0.14663,  -0.02320,   0.03983,   0.02933,  -0.00044,   0.05209,   0.03808,  -0.00569,   0.01882,   0.06259,  -0.01970,   0.02757,  -0.02495,   0.00481,   0.01182,   0.01882,  -0.01269,  -0.02320,   0.03983,  -0.00919,  -0.03545,   0.01357,   0.00131,   0.00657,   0.08010,   0.03633,   0.08535,  -0.04071,   0.01707,   0.02057,   0.05734,  -0.05471,   0.05559,   0.01532,   0.09411,  -0.00044,   0.11862,   0.03633,   0.01007,   0.02057,   0.07310,   0.01182,   0.02057,  -0.00919,   0.06784,  -0.06522,   0.00832,  -0.05121,   0.11336,   0.08010,  -0.04071,  -0.01620,  -0.01269,   0.02057,  -0.07747,  -0.05471,  -0.05121,  -0.00394,  -0.02495,   0.05384,   0.06084,   0.05034,  -0.05471,   0.05909,   0.07660,   0.02582,  -0.06522,   0.04158,   0.00481,   0.02057,  -0.05471,   0.05209,  -0.05822,   0.03633,   0.02757,  -0.05121,   0.02407,   0.04158,  -0.06347,   0.04333,  -0.00394,  -0.01094,   0.02757,  -0.01094,   0.09235,   0.00481,  -0.06872,  -0.01795,  -0.04946,   0.03633,  -0.01094,   0.06259,  -0.00394,   0.00657,   0.01007,   0.04333,  -0.03896,   0.02232,  -0.07572,   0.01882,   0.03108,   0.04508,  -0.02145,   0.00657,   0.01882,  -0.06347,   0.00832,   0.03458,   0.04683,   0.02757,   0.00657,   0.07310,  -0.03195,   0.02407,  -0.07222,  -0.02320,  -0.01620,  -0.04771,   0.00657,  -0.01620,   0.00131,   0.00131,  -0.08448,  -0.00219,   0.08185,   0.03633,   0.02933,  -0.02495,  -0.03020,   0.01707,   0.08360,   0.00832,  -0.00569,   0.06084,  -0.02670,   0.04508,  -0.01970,   0.01707,   0.05559,  -0.02145,   0.05909,  -0.01269,  -0.00744,  -0.01970,   0.03458,   0.01007,   0.09235,   0.07660,  -0.09498,   0.03283,  -0.03195,   0.00657,  -0.04596,   0.00481,   0.07135,  -0.00219,  -0.03721,  -0.08273,  -0.07747,   0.02757,  -0.00744,  -0.04421,  -0.02845,   0.07485,  -0.07747,  -0.00569,   0.03808,  -0.03721,  -0.02320,   0.02933,  -0.01970,  -0.01094,  -0.02145,  -0.03195,  -0.05822,   0.01707,  -0.03545,   0.05034,  -0.01269,   0.06784,  -0.13175,   0.01357,   0.02057,  -0.02670,  -0.02145,  -0.01795,   0.02757,  -0.00919,  -0.05121,   0.09586,  -0.00569,   0.01007,   0.01707,  -0.01094,   0.06259,   0.08360,   0.05909,   0.02407,  -0.08973,   0.01357,  -0.06172,   0.01357,   0.02232,  -0.05471,   0.06434,  -0.02145,   0.01357,   0.04158,   0.03283,  -0.00219,   0.01182,   0.07135,  -0.01094,   0.06434,   0.01707,   0.06784,   0.03808,   0.08010,  -0.03896,   0.01007,  -0.03545,   0.05559,   0.00131,  -0.01795,  -0.02670,  -0.02145,  -0.00744,  -0.03195,   0.04683,  -0.05471,   0.05209,   0.02757,  -0.07047,   0.11336,  -0.02495,  -0.07572,   0.06784,   0.01357,  -0.04771,   0.00657,   0.06609,   0.02407,  -0.00744,   0.01357,  -0.01620,  -0.00044,   0.00657,   0.00832,  -0.00219,  -0.03545,  -0.01620,   0.08710,  -0.02320,   0.02407,  -0.03721,   0.02057,  -0.00569,  -0.00744,  -0.03721,   0.00481,  -0.03545,  -0.10724,   0.02933,   0.04858,   0.03458,   0.03458,  -0.06347,   0.05034,   0.03458,   0.07135,   0.00657,  -0.00744,  -0.00044,  -0.05471,  -0.03721,  -0.05646,  -0.10899,  -0.03370,  -0.02495,   0.01882,   0.05909,  -0.00219,  -0.10023,  -0.08098,  -0.05121,  -0.00219,  -0.01094,  -0.01620,  -0.01620,   0.02057,   0.02582,   0.04683,  -0.02145,   0.01707,   0.00657,  -0.01269,  -0.10724,  -0.01269,  -0.02495,   0.02232,  -0.06172,   0.02757,   0.01182,  -0.01795,   0.01357,  -0.05296,   0.06434,  -0.05997,  -0.06697,   0.03458,  -0.00569,   0.07835,  -0.01444,  -0.02845,  -0.01970,   0.05034,  -0.03896,   0.05209,  -0.12650,  -0.10023,  -0.04596,  -0.00044,   0.00481,   0.07310,   0.05909,   0.02407,  -0.07922,   0.02057,  -0.00569,   0.03983,   0.01357,  -0.00744,  -0.00394,   0.00657,   0.12212,  -0.03020,  -0.02670,   0.00832,   0.03283,  -0.00044,  -0.11949,   0.02582,   0.02933,  -0.03896,  -0.03195,   0.05559,  -0.07397,   0.07310,   0.00657,   0.03108,   0.02757,   0.03458,   0.03458,   0.06084,   0.01707,  -0.01970,  -0.00219,   0.02407,  -0.00919,  -0.02670,   0.01182,  -0.03370,   0.03633,  -0.00744,   0.04858,   0.02933,  -0.02670,  -0.10374,  -0.02670,   0.03633,  -0.04071,  -0.05822,  -0.00569,   0.01532,  -0.01094,   0.08185,   0.02232,   0.02232,   0.06959,  -0.01620,   0.02232,   0.06259,   0.00832,   0.05034,  -0.00219,   0.01707,   0.01532,  -0.02495,  -0.04421,  -0.06172,  -0.03721,  -0.01620,  -0.00219,   0.01882,   0.02232,  -0.03896,  -0.00744,  -0.02845,   0.02057,  -0.02670,   0.01532,  -0.04771,   0.02407,  -0.06522,  -0.09323,   0.05734,  -0.05121,   0.01007,  -0.06872,  -0.03545,   0.03633,  -0.04421,   0.00306,  -0.09673,  -0.01970,   0.02407,   0.05734,  -0.04071,   0.02757,   0.02232,   0.00306,   0.01357,  -0.06172,   0.03808,   0.05559,   0.00131,  -0.05296,   0.03983,  -0.03545,   0.01182,   0.00657,  -0.00919,  -0.05471,  -0.03370,  -0.02670,  -0.05997,   0.01882,   0.09060,   0.01007,  -0.00919,  -0.01094,  -0.01620,   0.01532,   0.01007,   0.03108,   0.00832,   0.03633,   0.05909,  -0.00569,   0.02757,  -0.03020,  -0.03370,  -0.06172,   0.02757,  -0.07397,  -0.00219,  -0.00044,  -0.04071,   0.02933,   0.03633,  -0.00219,   0.01707,   0.01007,   0.03458,  -0.07047,   0.00832,   0.06259,   0.08885,   0.03983,  -0.01620,   0.05559,   0.01007,  -0.01620,  -0.00569,  -0.05121,  -0.01620,   0.09060,   0.02582,  -0.02495,   0.02582,  -0.00919,   0.00657,  -0.04421,  -0.00919,  -0.03545,  -0.00744,  -0.01094,  -0.04946,   0.00832,  -0.02495,   0.00306,  -0.00919,   0.01707,  -0.02320,  -0.05471,   0.09411,   0.06434,  -0.00569,   0.09761,  -0.02845,  -0.04246,   0.03458,  -0.04421,  -0.05471,  -0.03020,   0.01357,  -0.04596,  -0.00744,  -0.01970,   0.00481,   0.02232,   0.01182,   0.05034,   0.06609,   0.01882,   0.00306,   0.02057,  -0.03721,   0.02757,   0.02757,   0.01882,  -0.03195,  -0.04946,  -0.04246,  -0.01795,   0.01882,  -0.09148,  -0.15101,   0.02933,   0.02933,   0.14488,   0.08360,   0.01882,   0.02407,   0.00131,   0.03108,  -0.01970,   0.03983,  -0.02145,   0.09761,  -0.02845,  -0.02845,   0.01532,  -0.03896,  -0.01094,   0.03283,  -0.04071,  -0.02845,   0.04333,  -0.06522,  -0.03195,  -0.04421,   0.05559,  -0.01094,   0.05384,  -0.06347,   0.06434,  -0.03195,  -0.07222,   0.01707,  -0.00569,   0.05209,   0.01532,   0.03808,   0.03808,  -0.05646,   0.06259,   0.01007,   0.00131,  -0.04246,   0.03283,  -0.06172,  -0.00394,   0.00481,  -0.00044,   0.05559,   0.03283,  -0.02670,  -0.03721,  -0.01970,   0.05909,  -0.01094,  -0.03195,   0.03808,   0.04158,  -0.01444,  -0.03195,   0.02057,  -0.06522,   0.05559,  -0.01970,   0.04333,   0.02057,   0.00481,   0.07660,   0.03458,  -0.03195,  -0.06347,  -0.01444,   0.01357,  -0.01970,   0.03108,  -0.04596,   0.01007,  -0.02495,  -0.02845,  -0.03370,   0.05734,   0.05559,   0.08185,   0.03983,   0.04333,   0.01357,  -0.01269,  -0.09848,  -0.03545,   0.03633,  -0.03020,  -0.00219,   0.00306,  -0.02670,   0.07660,  -0.05471,  -0.06872,  -0.01269,   0.05909,  -0.06872,  -0.09323,  -0.05471,   0.03283,  -0.05997,   0.07835,   0.12387,  -0.02320,  -0.03721,   0.08710,  -0.01269,   0.02057,  -0.07047,  -0.00569,   0.00306,  -0.08448,  -0.06172,   0.02757,   0.03108,  -0.03896,   0.06434,   0.00657,   0.04333,   0.03983,  -0.12124,   0.05384,   0.00657,  -0.05471,  -0.07047,   0.08535,   0.00131,  -0.01620,  -0.03896,   0.00832,  -0.00569,   0.07485,  -0.00919,   0.02057,  -0.09323,   0.03108,   0.12387,   0.00481,  -0.02145,  -0.03020,  -0.03195,  -0.03545,  -0.00744,  -0.04071,   0.05559,  -0.01444,  -0.05822,  -0.00744,   0.01182,  -0.06872,   0.05034,   0.05559,   0.02757,  -0.02320,  -0.03721,   0.00131,  -0.02670,  -0.03370,   0.05384,   0.03283,  -0.09848,  -0.02495,   0.05034,   0.02232,  -0.03896,  -0.01444,  -0.05121,  -0.05121,   0.05909,   0.03633,  -0.01444,  -0.05121,   0.01882,   0.03633,   0.03808,   0.03108,   0.08710,   0.03633,   0.01182,  -0.07222,   0.05209,  -0.00044,   0.03108,  -0.00744,   0.07835,  -0.00569,  -0.05121,   0.08185,  -0.04246,  -0.03721,  -0.04596,  -0.00919,  -0.04946,   0.03808,  -0.03370
  -0.05121,   0.00832,  -0.03721,   0.00131,   0.01707,   0.03108,  -0.00919,  -0.08623,   0.02757,   0.01357,   0.00481,  -0.08098,   0.05384,   0.10111,   0.04683,  -0.02845,  -0.02145,   0.04158,   0.00306,   0.01882,  -0.07747,   0.00657,   0.03108,   0.04508,   0.04158,  -0.02145,   0.04333,  -0.01795,  -0.00919,  -0.06697,   0.05034,   0.04508,   0.00832,   0.02232,  -0.01795,  -0.00744,  -0.01970,   0.04333,  -0.00919,  -0.03370,  -0.00394,   0.00832,   0.01882,  -0.01620,  -0.00744,   0.00657,  -0.01269,  -0.03545,  -0.04071,   0.10986,  -0.02495,  -0.00744,  -0.01269,   0.01532,  -0.00394,   0.00481,  -0.04596,   0.05384,   0.01182,   0.01182,   0.02057,   0.02407,   0.09411,   0.00306,   0.03808,   0.04333,  -0.05646,  -0.00219,   0.05559,  -0.03370,   0.04858,   0.00131,   0.00306,  -0.00219,  -0.01269,   0.02232,   0.06084,   0.02232,   0.00306,   0.02232,  -0.04771,  -0.07572,   0.07135,  -0.00744,   0.02582,  -0.00919,  -0.00394,  -0.01444,   0.01007,   0.01882,  -0.01795,   0.02933,   0.05559,   0.01707,  -0.01620,  -0.05121,  -0.08098,  -0.06697,   0.00657,  -0.05471,   0.01357,   0.00832,   0.05734,  -0.00219,   0.10811,  -0.05121,  -0.03545,   0.03633,  -0.00044,   0.04858,   0.04508,   0.00131,   0.02232,   0.01532,  -0.01094,  -0.00394,   0.02232,   0.01357,   0.04333,   0.03808,  -0.04946,  -0.00394,   0.08010,  -0.07572,   0.03633,   0.00306,  -0.00919,   0.00131,  -0.03721,  -0.07397,  -0.00569,   0.05909,  -0.01795,   0.03633,  -0.00044,  -0.05997,   0.05909,  -0.05121,  -0.03721,  -0.02845,   0.05559,  -0.05121,   0.00832,   0.04683,   0.00481,   0.02232,   0.01532,  -0.00744,  -0.00744,  -0.04246,  -0.01094,  -0.04246,  -0.01795,   0.00832,  -0.01795,  -0.07222,   0.01882,   0.04158,   0.01182,   0.00657,  -0.00044,  -0.03020,  -0.02145,   0.08010,  -0.01795,   0.05559,   0.02757,   0.02757,   0.03283,  -0.00569,  -0.02320,  -0.05646,  -0.05296,   0.02407,   0.04158,  -0.03721,  -0.10724,   0.02057,  -0.06697,  -0.00219,  -0.04071,   0.06959,   0.05559,   0.00481,  -0.00044,  -0.05471,   0.07835,   0.05909,   0.02757,  -0.03020,   0.01532,   0.08185,   0.08885,   0.06959,  -0.00394,   0.05384,   0.05909,  -0.05121,  -0.00569,  -0.04596,   0.01707,  -0.01620,   0.01532,   0.01007,  -0.02320,  -0.03020,  -0.01620,   0.08185,   0.04158,  -0.06697,   0.01707,   0.00306,   0.03633,  -0.07397,  -0.00744,   0.08885,   0.01882,   0.02933,  -0.01620,  -0.04771,   0.10461,   0.01532,  -0.04071,  -0.02845,   0.00657,  -0.04246,  -0.00744,  -0.01620,  -0.02145,   0.02232,   0.08185,   0.03283,   0.00306,  -0.03545,   0.04158,   0.02407,  -0.02495,  -0.02145,  -0.00919,  -0.01444,  -0.02145,   0.03808,   0.04858,  -0.02845,  -0.02670,  -0.02845,  -0.05471,  -0.09323,  -0.03195,  -0.07922,   0.01007,   0.04333,   0.05209,   0.07310,   0.02407,   0.01182,   0.05559,  -0.04596,  -0.02670,  -0.07047,   0.00131,  -0.01444,   0.03633,  -0.07922,   0.00657,  -0.06172,   0.00306,   0.03283,  -0.02670,  -0.06347,  -0.01094,   0.01182,   0.00657,  -0.02145,  -0.10549,  -0.03545,   0.02232,  -0.03195,  -0.00744,  -0.03195,  -0.04421,  -0.00744,  -0.07222,  -0.02320,   0.00657,   0.03283,  -0.08448,  -0.03896,   0.02582,  -0.02670,  -0.01269,   0.06434,  -0.00569,  -0.02495,   0.03808,  -0.03896,   0.01707,   0.05034,   0.02582,   0.04333,  -0.00569,  -0.03020,   0.01182,  -0.00569,  -0.00569,   0.01532,  -0.02670,   0.07135,  -0.04421,   0.01182,   0.01182,  -0.01094,  -0.02670,   0.03808,   0.03983,  -0.05296,   0.01182,   0.03108,   0.05034,  -0.02320,   0.03983,  -0.03545,  -0.00219,  -0.03545,  -0.04596,   0.06784,   0.02933,   0.00657,   0.04683,  -0.01444,  -0.00919,   0.06434,   0.03633,   0.00481,  -0.00569,  -0.01795,   0.02407,   0.00832,   0.05034,   0.05559,   0.00131,   0.01882,   0.02407,  -0.02845,  -0.02145,   0.04508,   0.06434,   0.01532,  -0.01444,   0.02057,  -0.09673,   0.03983,  -0.05997,  -0.00919,   0.01357,   0.03633,  -0.02145,  -0.06697,  -0.04421,  -0.02845,  -0.00919,   0.05034,   0.02232,   0.05034,   0.02057,  -0.04596,  -0.02495,   0.00832,  -0.00744,  -0.04421,   0.00306,   0.00657,   0.00657,   0.00481,  -0.03896,   0.01532,  -0.01620,   0.03283,   0.02757,  -0.01444,  -0.03195,   0.00481,   0.12562,  -0.00569,   0.01007,   0.02757,  -0.01970,   0.00481,  -0.00919,  -0.03370,  -0.02845,  -0.02145,   0.03458,   0.00832,  -0.01269,  -0.01269,   0.01007,  -0.01620,  -0.01795,   0.00481,  -0.00219,  -0.01269,  -0.00044,   0.07835,   0.03458,  -0.04421,   0.04508,   0.06609,   0.02582,   0.00481,  -0.01795,  -0.09848,  -0.10549,   0.03108,   0.02057,  -0.01444,  -0.05296,   0.02407,   0.06434,  -0.07222,  -0.02670,   0.03808,   0.03983,  -0.04071,   0.00481,   0.01357,   0.05559,  -0.00744,   0.03283,   0.06434,   0.01357,  -0.04246,   0.00131,   0.01707,  -0.00744,   0.05559,  -0.04771,  -0.07747,  -0.01795,   0.01707,  -0.06172,   0.01707,   0.01007,   0.04158,   0.05209,   0.06784,  -0.07047,  -0.00919,  -0.02495,  -0.05471,  -0.04421,   0.00481,   0.00306,   0.00657,   0.00131,   0.05209,   0.00306,  -0.10374,   0.05734,  -0.03896,  -0.00394,   0.04158,   0.03283,  -0.03721,  -0.02320,  -0.06522,   0.07660,  -0.00919,  -0.04771,  -0.00569,  -0.04071,  -0.00044,  -0.00394,   0.08710,  -0.02495,   0.01532,   0.01007,  -0.02145,   0.00657,  -0.03020,   0.01707,  -0.05997,  -0.03195,  -0.00744,  -0.04946,   0.02232,  -0.01970,  -0.03370,  -0.05997,  -0.00744,  -0.01444,  -0.00919,   0.01007,  -0.05296,  -0.07047,   0.05384,  -0.00569,  -0.05822,   0.01007,  -0.03370,  -0.06697,  -0.02145,  -0.01269,   0.01182,  -0.03545,  -0.01620,  -0.04596,   0.02407,   0.03108,  -0.01970,   0.02232,  -0.01970,  -0.03370,  -0.04071,  -0.01795,   0.02582,  -0.00044,   0.01357,  -0.01620,  -0.04421,   0.01707,   0.03983,  -0.05296,   0.03283,   0.04333,   0.01007,   0.03283,  -0.03721,   0.02757,   0.01007,  -0.01094,   0.01357,  -0.02320,  -0.03195,  -0.05646,  -0.02845,   0.01007,   0.09761,  -0.02495,   0.04158,   0.06784,  -0.00394,  -0.00569,  -0.02670,   0.06784,   0.06084,  -0.03721,   0.05034,  -0.01795,   0.01182,   0.01182,  -0.00569,   0.04683,  -0.09498,   0.02232,   0.02933,  -0.00919,  -0.09323,   0.00832,   0.05909,   0.00131,   0.08535,   0.07835,   0.04508,  -0.00394,   0.00832,   0.03108,  -0.00219,   0.04158,   0.10636,  -0.03370,  -0.02320,  -0.04771,  -0.02845,   0.03458,   0.00481,  -0.00569,  -0.10899,   0.01532,  -0.05296,  -0.00044,   0.07310,  -0.00219,  -0.05471,  -0.09323,  -0.01620,   0.04158,  -0.06172,  -0.01970,   0.05384,   0.01357,   0.01182,  -0.00394,  -0.02320,  -0.07222,   0.02407,  -0.00044,  -0.02320,   0.01707,  -0.05471,   0.02582,   0.04508,   0.03983,  -0.10199,   0.01357,  -0.09848,  -0.01795,  -0.01795,   0.04158,  -0.02670,  -0.00919,   0.06259,  -0.06872,  -0.03545,   0.01182,   0.02232,  -0.00744,   0.03283,  -0.00044,   0.02757,  -0.04071,   0.13437,  -0.04071,  -0.01444,   0.00657,   0.01182,  -0.00744,   0.01882,  -0.00219,   0.00832,   0.01357,  -0.03721,   0.00481,   0.01532,  -0.07572,  -0.02145,  -0.00744,  -0.03195,  -0.01795,  -0.02320,  -0.05296,  -0.00569,  -0.04771,  -0.02670,   0.01532,   0.03458,  -0.00744,  -0.04421,   0.03633,   0.01882,  -0.08098,   0.03108,   0.10286,  -0.00394,   0.06434,  -0.01970,  -0.06872,   0.03108,  -0.00219,  -0.07397,  -0.05121,  -0.00044,   0.00657,  -0.04071,  -0.00219,   0.05734,   0.09936,  -0.01620,   0.05034,   0.00481,  -0.00744,   0.02407,   0.04858,  -0.00569,  -0.03020,  -0.02145,  -0.01444,  -0.01269,  -0.02320,  -0.02320,  -0.04771,  -0.01269,   0.03458,   0.06084,  -0.04246,   0.08885,   0.01707,  -0.01094,   0.03108,  -0.01620,  -0.02670,  -0.09323,   0.04333,   0.01532,  -0.01795,   0.04158,  -0.01269,  -0.02495,  -0.00744,  -0.01620,  -0.04946,  -0.06172,   0.01357,  -0.00919,  -0.01970,  -0.07222,  -0.00044,  -0.00394,  -0.02495,  -0.02320,   0.02407,  -0.00394,  -0.01269,   0.10811,   0.03283,   0.02057,  -0.00919,  -0.03370,   0.03283,  -0.05646,   0.00481,   0.09060,   0.04683,  -0.05471,  -0.01444,  -0.04946,   0.07835,  -0.01269,   0.03808,   0.01357,   0.00657,   0.01882,   0.00131,  -0.01444,  -0.05646,   0.01882,  -0.08623,   0.02057,  -0.01795,  -0.03896,   0.03108,  -0.00744,   0.04158,  -0.05997,  -0.01795,  -0.02845,  -0.06172,   0.04333,   0.07660,   0.03808,   0.06084,   0.01532,  -0.03195,   0.04508,  -0.01444,  -0.00044,   0.03983,  -0.06697,   0.03633,  -0.02145,   0.10461,  -0.10724,  -0.03195,   0.05384,   0.03283,   0.00131,   0.09235,  -0.00394,   0.02232,  -0.00044,  -0.04596,   0.00657,  -0.03020,  -0.02320,  -0.02670,   0.02232,  -0.00744,   0.07660,  -0.06697,   0.06609,  -0.07922,  -0.03370,   0.04683,  -0.02495,   0.02582,  -0.02670,  -0.02145,  -0.00744,   0.03283,   0.00131,   0.05559,  -0.06172,  -0.00394,   0.03458,  -0.00569,   0.02582,   0.05034,   0.04333,  -0.07047,  -0.01269,  -0.05471,   0.01182,   0.01882,  -0.01970,  -0.00219,  -0.00569,   0.06259,  -0.09848,  -0.02845,   0.00131,   0.02407,  -0.01795,  -0.00744,   0.03108,   0.00306,  -0.06347,  -0.05997,   0.02582,   0.03108,  -0.00744,  -0.01620,   0.01707,   0.01882,   0.05909,   0.02582,  -0.00044,   0.00657,  -0.03545,   0.01882,  -0.00919,   0.02407,   0.03633,   0.02057,  -0.04946,   0.00481,   0.00657,   0.06084,  -0.00219,   0.03283,   0.03458,  -0.01970,  -0.00219,  -0.00219,  -0.02495,  -0.01620,  -0.06172,   0.01532,   0.06609,  -0.00569,  -0.05822,   0.04158,  -0.00219,  -0.04246,  -0.02495,  -0.03020,   0.00657,   0.02757,   0.04333,  -0.05822,  -0.02145,  -0.02145,  -0.07222,  -0.07222,  -0.01444,   0.05734,   0.09761,   0.00832,  -0.02145,   0.04683,   0.00306,  -0.02320,  -0.05471,  -0.03545,  -0.02845,   0.05384,   0.06259,   0.02232,  -0.02495,   0.00657,   0.02582,   0.00131,  -0.01620,   0.03633,   0.02407,  -0.01620,  -0.02845,   0.06434,  -0.00394,  -0.02670,   0.00306,  -0.08623,   0.07485,  -0.01620,  -0.01620,  -0.00219,   0.03458,  -0.02670,   0.02933,  -0.02495,  -0.00919,   0.00657,  -0.03370,  -0.00919,   0.03808,   0.01182,   0.02407,  -0.07222,   0.02582,   0.00832,   0.00481,  -0.03896,   0.01532,  -0.03370,  -0.01620,  -0.08098,   0.00306,   0.01532,  -0.00394,   0.03808,  -0.04421,   0.03108,   0.00832,   0.06784,  -0.06172,   0.02582,   0.02057,   0.01357,  -0.01094,  -0.03721,   0.04683,   0.02757,   0.00306,   0.05034,   0.01357,  -0.02670,   0.02232,  -0.01094,   0.04158,   0.00832,  -0.07922,   0.04333,   0.06259,  -0.03896,  -0.04246,   0.04158,  -0.01795,   0.00481,   0.06434,   0.01182,  -0.05296,  -0.04071,   0.04333,  -0.05296,   0.05734,  -0.02845,  -0.05121,   0.04158,   0.06609,  -0.01970,   0.03983,   0.03983,  -0.03896,   0.00657,  -0.04421,  -0.03370,  -0.03896,  -0.02320,   0.02232,   0.05034,  -0.00919,  -0.00569,  -0.07222,   0.07485,   0.03633,  -0.01620,  -0.02320,   0.01007,  -0.01094,  -0.07747,   0.06259,   0.00131,  -0.06172,  -0.05822,   0.01707,  -0.01970,  -0.03370,  -0.06697,   0.06259,   0.00306,   0.00657,   0.00131,   0.03283,   0.03108,   0.01707,  -0.04421,   0.00481,  -0.03020,   0.03458,   0.06084,  -0.02145,   0.00657,  -0.05121,  -0.02495,   0.05734,  -0.02845,  -0.00219,  -0.02320,   0.06084,  -0.04246,   0.00131,   0.06259,   0.05559,   0.00481,   0.05909,  -0.10724,  -0.04771,   0.00657,   0.03983,  -0.00569,  -0.00394,   0.03808,  -0.00044,   0.04158,  -0.00394
   0.04508,  -0.02320,  -0.02670,  -0.08273,   0.01532,  -0.04071,   0.01707,   0.05384,   0.05909,   0.07835,  -0.01094,  -0.00044,   0.00306,   0.01882,   0.06259,   0.12562,  -0.02495,   0.10811,  -0.04946,  -0.03545,   0.05909,  -0.00219,  -0.08273,  -0.09148,  -0.03195,   0.02757,   0.05559,   0.04508,   0.05209,  -0.03195,  -0.02845,   0.02933,  -0.00044,  -0.01094,  -0.01094,   0.05734,   0.02757,   0.02057,   0.00306,  -0.03896,  -0.03020,  -0.00219,   0.06259,  -0.01269,   0.05034,   0.06609,  -0.04596,   0.07310,   0.02057,   0.01707,   0.06084,  -0.03896,  -0.04246,   0.02582,   0.07835,   0.05209,   0.05209,   0.00481,   0.01532,   0.00131,   0.04333,   0.00131,   0.00481,  -0.00919,  -0.01970,  -0.07747,   0.03808,   0.01532,  -0.06697,   0.00481,   0.02057,   0.07485,   0.01532,   0.03808,   0.03458,   0.03283,   0.06084,   0.00832,   0.03808,  -0.00394,   0.01007,  -0.06872,   0.02933,  -0.06872,  -0.01444,  -0.00569,   0.05559,  -0.02320,   0.01357,  -0.05646,  -0.03370,   0.00657,   0.00131,   0.01532,   0.06959,   0.02057,  -0.01094,   0.02232,   0.05734,   0.03808,   0.01532,  -0.05296,   0.03108,   0.00481,   0.00657,  -0.03545,   0.02582,  -0.05121,  -0.01620,  -0.04596,  -0.00394,  -0.00744,   0.02582,  -0.00919,  -0.04071,   0.05034,   0.02582,   0.07660,   0.00306,  -0.05997,   0.06609,   0.06959,  -0.02495,   0.03458,   0.00832,   0.00657,   0.03458,  -0.00044,   0.00131,  -0.03545,   0.01357,   0.04158,   0.07835,  -0.05296,  -0.01444,  -0.05121,  -0.01795,   0.05384,   0.07660,  -0.04246,   0.02757,   0.00657,   0.00481,   0.03283,   0.04333,  -0.03370,   0.00306,  -0.00394,  -0.01444,  -0.02320,   0.06259,  -0.05997,   0.03283,   0.01357,  -0.03370,   0.00481,   0.01357,   0.04158,   0.03458,   0.03108,   0.01182,   0.04333,   0.04158,  -0.02145,  -0.05296,   0.00832,  -0.01795,  -0.02845,   0.04158,   0.02407,   0.04158,  -0.03195,  -0.02670,   0.04858,  -0.02670,   0.00131,   0.03633,   0.03283,  -0.00219,  -0.06522,   0.01882,   0.01182,   0.03458,  -0.02145,   0.03983,   0.01882,  -0.07747,   0.01707,  -0.02320,  -0.06347,  -0.03020,  -0.06522,  -0.00219,  -0.05997,  -0.06872,   0.05034,   0.03808,   0.01532,   0.04683,   0.06259,  -0.01444,  -0.00044,  -0.10374,   0.02407,  -0.00744,  -0.03020,  -0.06522,  -0.02495,   0.03108,  -0.03370,   0.05034,   0.01182,   0.04158,  -0.02495,   0.02933,  -0.00044,   0.03108,   0.01882,   0.00131,  -0.00744,  -0.00744,  -0.06172,   0.06784,   0.00657,  -0.00569,   0.04683,   0.02757,   0.03283,  -0.07397,   0.01357,  -0.03370,   0.01182,   0.04858,   0.03808,  -0.03896,  -0.00744,  -0.01444,  -0.02845,  -0.00569,   0.00832,   0.00131,   0.02582,   0.02407,  -0.01269,   0.08185,  -0.08448,   0.03283,   0.05209,   0.01182,  -0.00744,   0.06434,   0.03808,  -0.00394,   0.02057,  -0.01269,  -0.03020,   0.03108,  -0.00394,  -0.02845,   0.00131,   0.00657,  -0.01269,   0.01007,  -0.00744,   0.02407,   0.00131,   0.00832,   0.00657,  -0.03195,   0.01007,  -0.02320,   0.00481,   0.01007,  -0.01970,  -0.02845,  -0.00569,   0.07310,   0.02232,   0.05209,   0.05034,  -0.01795,  -0.03545,   0.06259,  -0.00044,  -0.05296,  -0.00394,   0.08535,   0.05384,  -0.01444,  -0.01795,  -0.02670,   0.04858,  -0.05997,  -0.04771,  -0.00569,   0.01357,  -0.00919,  -0.03020,  -0.02495,   0.00657,  -0.01094,   0.00481,  -0.05997,   0.02057,   0.02582,  -0.01444,  -0.09673,   0.04858,   0.05034,  -0.04246,  -0.02145,  -0.01269,   0.05034,   0.03808,  -0.03545,  -0.03545,  -0.02670,  -0.03896,  -0.08798,  -0.06172,   0.00481,  -0.06172,  -0.04246,  -0.04596,  -0.03020,  -0.08098,   0.08360,   0.06259,   0.03458,   0.07310,   0.00832,  -0.01094,  -0.01620,  -0.12300,  -0.05997,   0.03458,   0.01357,  -0.05296,  -0.02320,  -0.00044,   0.01007,  -0.00569,   0.02057,   0.04683,  -0.04246,   0.05209,  -0.00394,   0.04508,  -0.07572,  -0.09323,  -0.03020,   0.00657,   0.02933,   0.05384,  -0.06872,   0.04683,   0.00131,  -0.02495,   0.01882,  -0.07397,   0.00657,   0.00832,  -0.00569,  -0.02145,   0.02232,  -0.00394,  -0.04246,  -0.05471,  -0.04421,   0.01532,  -0.00219,   0.03633,   0.02933,   0.01532,  -0.07397,  -0.01444,   0.05209,   0.05209,  -0.06872,  -0.01970,   0.00131,  -0.01795,   0.02757,  -0.03370,  -0.02320,  -0.02670,   0.03983,  -0.08798,   0.01182,  -0.03195,   0.05384,  -0.03020,   0.00131,   0.00481,   0.03983,  -0.02145,   0.04858,   0.00481,  -0.02495,  -0.00919,   0.06609,   0.02757,   0.04333,  -0.01970,   0.04508,   0.08010,  -0.04421,  -0.03195,  -0.00044,   0.05209,   0.00832,   0.01182,  -0.07222,  -0.09148,  -0.00394,  -0.01620,  -0.02845,  -0.00044,   0.06959,  -0.00044,   0.05909,  -0.04771,   0.05909,   0.01182,   0.01882,  -0.08273,  -0.03195,   0.00306,  -0.10724,  -0.03370,   0.13963,  -0.08098,  -0.01620,  -0.04071,   0.05909,   0.03108,  -0.04771,  -0.04421,   0.02057,   0.06959,   0.04683,  -0.01444,   0.00306,   0.03108,   0.06084,   0.02232,   0.02933,   0.00131,  -0.01094,   0.05559,  -0.06872,  -0.02495,  -0.02495,   0.02757,  -0.00569,  -0.03370,  -0.05646,  -0.08623,  -0.00044,  -0.03195,  -0.05121,   0.00481,  -0.00744,  -0.02845,  -0.00044,  -0.06347,   0.05734,  -0.03370,  -0.04771,  -0.05296,  -0.07922,  -0.01970,   0.06609,   0.03458,  -0.11074,   0.02582,   0.03283,   0.02232,  -0.00569,   0.07135,   0.01182,  -0.00744,   0.02232,   0.03633,   0.02407,  -0.08098,   0.01182,   0.06959,   0.04333,  -0.06172,  -0.08098,   0.03458,  -0.06872,   0.01357,  -0.02320,  -0.06697,  -0.03370,  -0.03195,  -0.02670,   0.02232,   0.01357,  -0.01094,  -0.00219,  -0.04246,   0.01182,   0.00131,   0.05384,  -0.04946,  -0.01094,   0.00131,   0.03633,   0.01532,   0.07660,   0.05209,   0.03283,  -0.00219,  -0.01094,  -0.04946,  -0.04771,  -0.03020,  -0.06697,  -0.01269,  -0.07922,  -0.06522,   0.05734,  -0.05121,   0.05559,   0.10636,  -0.02670,   0.01532,   0.04158,  -0.01795,  -0.08448,  -0.01795,   0.01882,  -0.00744,  -0.02845,  -0.08623,  -0.01094,   0.02757,   0.04508,  -0.11599,  -0.03195,  -0.00044,  -0.01970,   0.03283,  -0.01094,   0.01182,  -0.01444,  -0.03020,   0.05384,   0.02407,  -0.00744,  -0.05296,   0.04858,   0.03283,   0.00657,  -0.04071,   0.03633,   0.00657,   0.05734,   0.02933,  -0.01094,   0.05384,   0.04683,   0.03808,   0.05384,  -0.06522,  -0.03195,   0.02757,  -0.00219,  -0.01094,  -0.03195,  -0.03370,   0.02582,   0.07135,  -0.01620,   0.01882,   0.05209,   0.00832,   0.01357,   0.00481,   0.02933,   0.03808,   0.04508,   0.00481,   0.00306,  -0.03195,  -0.04771,  -0.00394,   0.00832,   0.03633,  -0.05121,  -0.08098,   0.01532,   0.02232,   0.01357,   0.06959,   0.04858,   0.05209,   0.00481,  -0.04946,  -0.02495,   0.01182,  -0.04071,   0.03458,  -0.06697,   0.01357,  -0.00569,   0.05384,   0.03283,   0.03283,  -0.01094,   0.01357,   0.00306,   0.05384,  -0.04596,  -0.03370,   0.00306,   0.07485,   0.04158,   0.05734,   0.05034,   0.01882,  -0.04421,   0.00481,  -0.06347,   0.06784,  -0.06172,   0.01357,   0.02232,  -0.00744,   0.00306,  -0.02495,   0.03808,  -0.01795,  -0.01269,  -0.06522,   0.00832,   0.03633,   0.03633,  -0.06347,  -0.01970,  -0.02845,  -0.02845,   0.01182,   0.02933,  -0.03721,   0.00306,   0.01707,  -0.00219,   0.01532,  -0.00219,   0.01182,  -0.00219,  -0.00569,  -0.02145,   0.09235,   0.01532,  -0.05646,  -0.01094,   0.06434,   0.05559,  -0.01620,  -0.04946,   0.04158,  -0.00744,   0.04683,   0.00832,  -0.07222,   0.03983,  -0.03545,   0.00832,  -0.02845,   0.02582,  -0.01970,  -0.03721,  -0.01620,  -0.01970,   0.08010,   0.02057,   0.03108,  -0.01094,   0.07835,   0.04333,   0.01007,   0.03283,  -0.03195,   0.00481,  -0.10023,  -0.11599,   0.02582,  -0.00394,  -0.01970,  -0.02320,  -0.05997,  -0.04421,   0.05384,  -0.05997,   0.04333,   0.01707,  -0.03721,  -0.04946,   0.00481,  -0.01620,   0.02757,  -0.01620,   0.04683,  -0.04596,   0.05209,  -0.03195,  -0.02845,  -0.01970,   0.01007,   0.03808,  -0.04596,  -0.01970,  -0.00219,  -0.00219,   0.03458,   0.01357,  -0.03020,   0.06434,   0.01532,  -0.01094,   0.00657,   0.09411,  -0.02145,  -0.05121,  -0.01269,   0.01882,   0.07835,   0.02933,   0.00657,   0.02232,   0.05559,  -0.06697,  -0.04946,  -0.01269,  -0.04071,  -0.02145,   0.03458,  -0.04596,   0.01882,  -0.04596,  -0.05121,   0.00131,   0.02407,  -0.01269,  -0.01444,   0.01532,  -0.06522,  -0.03896,   0.01357,  -0.07572,  -0.02670,   0.01532,   0.04683,   0.02933,  -0.00919,   0.05034,  -0.00744,   0.01182,   0.01707,  -0.02495,  -0.04071,   0.02757,   0.03808,   0.06609,   0.02933,  -0.02495,  -0.01970,   0.03633,   0.00306,   0.00832,   0.09235,  -0.00744,   0.06434,   0.00131,   0.00306,   0.01532,  -0.08098,   0.04333,  -0.01970,   0.06609,  -0.03195,   0.00481,  -0.00044,  -0.03195,  -0.00219,  -0.01620,  -0.06522,   0.00306,  -0.02495,   0.01532,  -0.00744,  -0.05822,  -0.02495,  -0.05997,   0.00306,  -0.03545,   0.05209,   0.02582,   0.03808,  -0.03721,   0.02407,  -0.02670,   0.00657,  -0.10899,   0.01007,   0.10811,  -0.03721,   0.01882,   0.01182,  -0.07222,  -0.01444,   0.01707,  -0.01620,   0.01882,   0.02057,  -0.03370,   0.05209,  -0.00394,   0.01532,  -0.00219,   0.10461,   0.05734,  -0.02320,  -0.05471,  -0.00219,   0.01707,   0.03108,  -0.03195,  -0.04421,  -0.02145,  -0.01620,  -0.00219,   0.01182,  -0.02320,  -0.03370,   0.01882,  -0.01269,  -0.01094,   0.02232,   0.02757,   0.05384,   0.05384,  -0.11599,   0.03458,  -0.00569,  -0.02495,   0.03458,  -0.01094,  -0.03195,  -0.00219,   0.00131,   0.01882,   0.02057,  -0.04596,   0.02582,   0.03633,   0.04858,  -0.03020,   0.04508,  -0.01620,  -0.00394,  -0.01795,   0.01007,   0.06784,   0.06084,   0.06259,   0.08710,   0.01532,  -0.07922,   0.05209,  -0.01444,  -0.00744,   0.06784,   0.00481,   0.00131,  -0.06872,  -0.00569,  -0.08273,   0.02582,   0.03808,   0.01357,   0.01182,  -0.00044,   0.04683,  -0.00744,   0.02757,  -0.02320,  -0.01269,  -0.02845,  -0.03721,   0.04683,   0.08010,   0.03983,  -0.02495,  -0.01269,   0.03108,   0.08185,   0.01707,  -0.01620,  -0.04596,   0.04333,   0.03633,  -0.01444,   0.04683,   0.00832,   0.00832,   0.07310,  -0.07047,   0.06434,  -0.05471,   0.08535,  -0.00394,   0.06434,   0.05034,   0.01357,   0.01882,   0.02933,   0.02407,   0.02407,  -0.01795,   0.03283,   0.02407,   0.01357,   0.04333,   0.07135,   0.06784,  -0.03195,  -0.03020,   0.02582,  -0.05471,  -0.02145,  -0.01269,   0.04683,   0.01007,  -0.02845,  -0.05471,   0.02057,  -0.01620,  -0.03545,  -0.00569,   0.07310,  -0.00569,   0.02232,  -0.00569,  -0.02320,   0.02232,   0.01182,   0.02582,   0.04158,   0.00306,   0.01182,   0.00131,  -0.05121,   0.04333,  -0.03370,   0.01007,  -0.09848,   0.06609,  -0.00219,  -0.05822,   0.05909,  -0.01269,  -0.02495,   0.03108,   0.00657,  -0.03020,  -0.09323,  -0.02495,  -0.03020,  -0.04946,   0.03108,   0.02582,  -0.02145,   0.02757,   0.06259,   0.07310,   0.03458,  -0.00219,  -0.01444,   0.00481,  -0.01620,  -0.00044,  -0.03545,   0.00832,  -0.01269,  -0.01620,   0.00481,  -0.03896,   0.03458,   0.02757,   0.03108,  -0.03370,   0.01532,   0.05209,  -0.04246,   0.04333,   0.00481,   0.04508,  -0.02670,  -0.07047,   0.03983,   0.00657,   0.05209,  -0.04071,   0.03983,  -0.03721,   0.02232,   0.01532,   0.13437,  -0.04071,   0.03458,   0.00832,   0.07835,  -0.04946,  -0.04771,  -0.00044,   0.05209,   0.03108,  -0.00044
  -0.03020,   0.01882,   0.04683,   0.02757,   0.03458,  -0.02845,   0.04683,  -0.00569,   0.13087,  -0.02320,   0.02757,  -0.05471,  -0.00569,   0.00657,  -0.00219,  -0.03195,  -0.04946,  -0.00919,  -0.03020,   0.03633,  -0.06522,  -0.02495,   0.04683,  -0.05646,  -0.01970,   0.06084,   0.03283,   0.00131,   0.00131,   0.01357,  -0.04596,  -0.11599,  -0.04946,   0.03108,  -0.07047,  -0.00044,  -0.01970,   0.08360,   0.02582,   0.04333,   0.02407,  -0.01620,  -0.03020,  -0.05471,   0.07485,  -0.00044,   0.01707,  -0.03545,   0.11336,  -0.00919,  -0.04596,   0.04858,  -0.01094,  -0.03896,   0.08885,   0.04508,   0.11336,   0.03633,   0.01357,  -0.00569,  -0.01094,  -0.01620,  -0.00394,  -0.00919,  -0.00744,  -0.01795,   0.08535,  -0.00044,  -0.03721,   0.03108,   0.00832,  -0.03721,  -0.03370,  -0.08448,  -0.00569,  -0.03721,   0.02232,  -0.01094,  -0.04771,   0.00657,  -0.06872,  -0.00219,  -0.04771,  -0.00744,   0.04683,   0.03808,   0.00832,   0.01882,   0.05034,  -0.02320,   0.01357,  -0.03896,   0.01532,   0.00306,  -0.00219,   0.05209,   0.09586,   0.05034,  -0.01620,  -0.02845,  -0.05296,  -0.00219,  -0.00394,   0.00481,   0.01007,  -0.06522,  -0.00919,  -0.00219,  -0.02495,  -0.03896,  -0.01620,   0.01357,  -0.01620,  -0.00044,  -0.01094,  -0.03545,   0.02407,  -0.01269,  -0.02145,  -0.08098,  -0.00569,   0.06434,  -0.03896,  -0.09498,  -0.06522,  -0.00744,   0.02933,  -0.01444,  -0.02495,  -0.07572,  -0.00044,  -0.02145,  -0.02145,   0.02232,   0.01007,   0.04683,  -0.01269,  -0.01970,  -0.01620,  -0.03370,  -0.04071,  -0.02670,   0.02582,  -0.00744,   0.02057,   0.03283,  -0.01795,  -0.04596,   0.02232,   0.05384,   0.00657,   0.02582,  -0.00919,   0.00131,   0.01707,   0.03458,   0.06259,   0.01357,   0.05209,   0.00832,  -0.05822,   0.04858,   0.09761,  -0.00919,   0.11512,  -0.04071,   0.11512,   0.06434,   0.05034,   0.04508,   0.01357,   0.03983,  -0.03195,  -0.03020,  -0.04771,   0.00657,   0.02582,   0.01007,  -0.07922,   0.01007,  -0.03195,  -0.06522,   0.01532,  -0.05121,   0.00306,  -0.02320,  -0.00744,   0.02582,  -0.02320,  -0.01269,  -0.00219,   0.00832,  -0.04596,  -0.00044,   0.06609,   0.01357,   0.01882,  -0.03370,   0.01007,   0.05384,   0.02582,   0.09411,  -0.01094,   0.00306,  -0.04771,  -0.01269,  -0.06172,  -0.04771,   0.03108,  -0.03896,   0.03283,   0.04508,  -0.02670,  -0.02670,   0.04508,  -0.04596,   0.01007,   0.04333,  -0.00394,   0.01007,  -0.01094,  -0.00569,  -0.04771,   0.06959,  -0.01620,  -0.06697,   0.02582,   0.04158,   0.06084,   0.02933,  -0.01795,   0.02232,   0.00657,   0.02057,  -0.01094,   0.00832,   0.05034,  -0.03020,   0.02057,  -0.04421,   0.00306,  -0.10374,   0.12037,   0.07135,  -0.08623,  -0.04071,   0.01007,   0.06609,  -0.04421,  -0.05471,   0.00306,  -0.00394,  -0.07397,  -0.03721,   0.06434,  -0.01444,   0.07485,  -0.00219,  -0.10724,  -0.00219,  -0.08273,   0.05909,  -0.00219,  -0.02845,   0.01532,  -0.00044,  -0.08623,  -0.00394,  -0.03195,  -0.01094,  -0.00394,   0.04158,   0.03633,   0.03808,  -0.01620,  -0.01795,  -0.03545,   0.08885,  -0.01970,  -0.04946,   0.00832,  -0.05296,  -0.04771,  -0.00219,   0.03983,  -0.05822,   0.02232,  -0.01795,  -0.04246,  -0.01269,   0.00657,   0.04333,   0.02407,  -0.00219,  -0.01094,   0.06609,   0.09936,   0.01007,  -0.00569,  -0.01970,   0.00131,   0.06434,   0.05909,  -0.03545,  -0.00569,  -0.02670,   0.02757,   0.05034,  -0.07222,   0.02057,   0.07485,   0.04683,  -0.01620,   0.02933,  -0.00919,   0.02232,  -0.00744,  -0.06697,   0.04683,   0.05559,  -0.00569,  -0.00919,   0.02057,   0.05034,  -0.00569,   0.00657,  -0.08273,   0.04858,   0.09411,   0.04158,   0.03108,   0.05909,  -0.02845,   0.05384,  -0.07922,   0.03633,   0.05559,   0.01707,  -0.02320,  -0.03020,   0.02057,   0.03808,  -0.03545,  -0.07222,  -0.07747,   0.06084,  -0.02845,   0.03983,   0.09235,  -0.10023,   0.00306,   0.02582,  -0.00744,   0.01532,   0.00832,   0.07835,   0.00306,   0.03633,  -0.07047,   0.01007,   0.04333,   0.10461,   0.03633,   0.00481,  -0.03195,   0.12037,  -0.02145,   0.00131,   0.01882,  -0.00219,   0.06609,   0.03283,   0.02757,   0.03983,  -0.00219,  -0.05296,   0.03108,  -0.03896,   0.03283,   0.05209,  -0.00219,   0.05909,   0.01882,  -0.03545,   0.04333,  -0.02670,   0.00657,  -0.04421,  -0.05822,  -0.14576,  -0.01970,   0.05559,   0.05034,  -0.07747,   0.05209,   0.05034,   0.03633,  -0.07047,   0.05909,  -0.04771,   0.00657,   0.07485,  -0.09148,  -0.01094,  -0.11949,   0.05034,  -0.04771,   0.03108,   0.04158,   0.00481,  -0.00219,   0.05909,  -0.02845,   0.01357,   0.03458,   0.05734,  -0.00219,   0.05909,  -0.01269,   0.01182,   0.03283,  -0.10899,  -0.03195,  -0.08623,  -0.04071,   0.06259,  -0.00394,  -0.07047,   0.00832,  -0.05121,  -0.06172,  -0.02495,  -0.00394,  -0.00919,  -0.00044,   0.01007,   0.03283,   0.08185,  -0.01094,   0.04683,   0.04333,  -0.07222,   0.07485,  -0.07222,  -0.03195,   0.03983,   0.01182,  -0.00394,   0.02407,  -0.03020,   0.08535,   0.00832,  -0.05471,  -0.00744,   0.04858,  -0.08098,  -0.01094,   0.03633,   0.01707,   0.02757,   0.03458,   0.04858,  -0.00744,  -0.02670,   0.00832,   0.00832,  -0.03721,  -0.05997,   0.08185,  -0.04071,   0.01532,   0.03808,  -0.00219,  -0.01620,  -0.02145,   0.06084,  -0.03721,  -0.05296,   0.08535,  -0.00569,   0.05209,   0.01532,  -0.04596,   0.05559,  -0.03195,   0.06784,  -0.01795,  -0.01269,  -0.00219,   0.04858,   0.00481,   0.01357,  -0.00394,   0.04508,  -0.01620,  -0.07572,   0.02933,  -0.02670,  -0.07047,   0.04683,  -0.00744,  -0.00219,   0.05209,   0.11512,  -0.08448,  -0.02845,  -0.02845,   0.01182,   0.08010,   0.01882,  -0.04246,  -0.08798,  -0.00394,  -0.03896,   0.02407,   0.02582,   0.03108,   0.03633,  -0.02845,  -0.03896,   0.02933,  -0.07397,  -0.10374,   0.02407,  -0.05471,  -0.03370,  -0.07047,  -0.01269,   0.06609,   0.01007,   0.01007,  -0.02845,   0.07660,  -0.00919,  -0.05646,  -0.09323,   0.02933,   0.02582,   0.04683,   0.01007,  -0.03195,   0.06959,  -0.04946,  -0.00394,   0.04158,   0.01707,   0.02757,  -0.03195,  -0.06697,   0.01357,   0.03633,  -0.01444,   0.05034,   0.02757,  -0.01444,   0.00481,  -0.00744,  -0.05121,   0.05559,   0.05559,   0.05909,   0.05909,   0.11862,  -0.03721,  -0.00219,  -0.02670,   0.01007,   0.01182,  -0.04596,  -0.00919,  -0.00919,  -0.01444,   0.04158,   0.06959,   0.04858,  -0.02320,   0.04858,  -0.03370,   0.02407,   0.04858,  -0.06347,   0.04683,  -0.04071,   0.03983,   0.02582,  -0.04071,   0.02407,  -0.09323,   0.03458,  -0.00744,  -0.01620,   0.02057,   0.05209,   0.09411,  -0.00394,   0.05734,   0.03458,  -0.05997,  -0.03020,  -0.05471,   0.05909,  -0.02845,  -0.01269,   0.01007,   0.00832,   0.06259,  -0.03370,  -0.02495,   0.08885,   0.03108,   0.04158,  -0.03195,  -0.00219,   0.00657,   0.05034,  -0.03370,   0.10111,  -0.07047,   0.03983,  -0.01269,  -0.00569,  -0.02845,  -0.03896,  -0.03020,   0.01007,   0.05034,  -0.05646,  -0.01269,  -0.04421,   0.07485,   0.01707,   0.02057,  -0.06172,   0.05384,   0.04683,  -0.01094,  -0.02670,  -0.00569,   0.00657,  -0.08448,  -0.09148,  -0.01795,  -0.00394,  -0.02145,   0.02757,  -0.00744,   0.06784,   0.00481,  -0.03721,  -0.14225,  -0.05296,  -0.05822,  -0.03020,  -0.02495,  -0.04596,   0.02582,   0.02232,  -0.07222,   0.09411,  -0.00219,   0.03458,   0.01357,  -0.02320,  -0.03721,  -0.04246,  -0.01444,  -0.05997,   0.01707,   0.00832,  -0.04071,  -0.02145,   0.00657,  -0.04771,   0.05384,  -0.01620,   0.00657,  -0.00744,   0.02057,   0.01357,  -0.01620,   0.04683,   0.03983,   0.01532,  -0.05471,  -0.04421,  -0.02320,   0.01882,   0.03808,   0.01882,   0.03983,  -0.02495,   0.02933,   0.01882,  -0.01094,  -0.03721,  -0.06872,  -0.03896,  -0.04596,   0.07660,  -0.00394,   0.01707,   0.05909,  -0.04421,  -0.01444,   0.01532,  -0.00219,  -0.00569,  -0.06522,   0.03983,  -0.01269,  -0.00919,  -0.05822,  -0.03020,   0.00306,   0.04508,   0.04333,   0.07835,   0.02232,  -0.10549,  -0.09148,   0.00306,   0.05034,   0.01532,  -0.01795,  -0.08448,  -0.03195,  -0.01094,   0.01182,   0.04158,   0.01357,   0.01357,   0.09761,  -0.01444,  -0.01620,   0.04858,  -0.00044,  -0.07222,  -0.08448,   0.04158,  -0.01444,   0.09235,  -0.11424,  -0.01620,  -0.00744,   0.00832,  -0.02670,  -0.02320,  -0.03721,   0.08710,  -0.02670,  -0.02495,  -0.02670,   0.06259,   0.00832,  -0.00919,  -0.06347,   0.01532,  -0.00569,  -0.05822,  -0.03020,  -0.06347,  -0.00744,  -0.05471,  -0.03721,   0.02407,  -0.01094,   0.01532,  -0.04071,  -0.04071,  -0.06172,   0.06784,  -0.01444,  -0.01444,   0.09060,  -0.02670,   0.03108,  -0.03370,  -0.00219,   0.05034,   0.00131,   0.02933,  -0.01620,  -0.04771,   0.04158,   0.00481,  -0.01795,  -0.00919,   0.03283,  -0.01620,   0.03983,   0.05034,  -0.09848,   0.00832,   0.00481,  -0.01970,  -0.11074,   0.05034,   0.03283,   0.09411,   0.01182,  -0.00219,  -0.01094,   0.01182,  -0.05121,  -0.01620,   0.02933,  -0.01444,  -0.01970,  -0.06522,   0.05909,   0.00657,  -0.00919,   0.01182,   0.08010,   0.02057,  -0.00394,   0.00481,   0.00832,   0.06784,   0.00481,  -0.07747,  -0.03195,   0.03983,   0.05559,  -0.01620,   0.05909,   0.04333,  -0.05646,  -0.01444,   0.04858,   0.00657,  -0.00744,  -0.00919,   0.00131,  -0.00044,  -0.07922,   0.06434,   0.01882,  -0.03896,   0.11687,  -0.02145,  -0.00044,   0.00832,  -0.00219,  -0.03721,   0.05384,  -0.01620,   0.02757,   0.00131,   0.03108,   0.03458,  -0.02320,  -0.04771,   0.06434,   0.04508,  -0.00569,  -0.02845,  -0.01970,  -0.06347,   0.02407,  -0.00744,   0.00657,   0.00131,   0.03283,  -0.05646,  -0.01094,   0.02757,   0.04683,  -0.01795,  -0.09498,   0.00657,  -0.01269,   0.06959,  -0.00744,  -0.00919,   0.03108,  -0.05296,  -0.04771,  -0.05997,   0.04683,  -0.03195,   0.05559,  -0.00044,   0.02933,  -0.07397,   0.00306,   0.09761,   0.04158,  -0.03721,   0.01357,   0.08185,   0.02407,  -0.03721,   0.12037,   0.02407,  -0.03020,   0.05559,  -0.05471,  -0.00569,   0.05734,  -0.02145,   0.09761,   0.09586,   0.00306,   0.01357,  -0.06522,   0.05734,  -0.04596,  -0.06522,  -0.00044,  -0.00044,   0.01532,   0.05034,   0.03458,  -0.03721,  -0.03020,  -0.15626,  -0.04946,  -0.02670,  -0.01795,  -0.00394,   0.04858,  -0.00919,   0.08710,   0.01882,   0.03283,  -0.01094,  -0.05822,  -0.08273,   0.06959,  -0.02145,   0.03808,   0.03808,   0.02407,   0.00832,   0.02057,  -0.03721,   0.08185,  -0.00044,  -0.00044,   0.06609,   0.00131,  -0.02320,  -0.01269,  -0.05471,  -0.03545,   0.06609,  -0.05471,   0.01182,   0.02057,  -0.07922,  -0.00044,   0.04683,  -0.03721,   0.04858,   0.02057,  -0.02320,   0.12562,   0.05734,  -0.02145,  -0.00394,   0.06434,   0.02582,   0.09060,   0.02057,  -0.01444,  -0.02670,  -0.07922,  -0.01444,   0.02933,  -0.08273,  -0.04946,  -0.07397,   0.01182,  -0.00569,   0.03983,   0.02057,   0.11336,   0.04333,  -0.00219,  -0.01795,  -0.00044,   0.03808,  -0.02495,   0.01182,   0.02407,  -0.00219,  -0.00744,  -0.03195,  -0.03195,  -0.00569,   0.04508,  -0.03721,  -0.02495,  -0.02670,  -0.06872,   0.01182,  -0.02845,  -0.04421,   0.00832,  -0.00569,   0.01182,   0.03633,  -0.00219,   0.02757,   0.01707,   0.05734,   0.01182,   0.03808,  -0.02845,   0.04683,   0.01707,  -0.04596,   0.01007,   0.02407,  -0.02845,  -0.05997,   0.00832,  -0.01970,  -0.01094,  -0.07397,  -0.06872,   0.07135,   0.03108
   0.00657,  -0.01795,   0.03283,  -0.09848,   0.00832,   0.00657,  -0.02670,   0.04858,   0.07135,   0.03808,   0.01007,  -0.07222,   0.02232,  -0.02495,  -0.00044,  -0.02845,   0.01532,  -0.02670,  -0.01795,  -0.04946,  -0.01620,   0.03108,  -0.01444,   0.03283,   0.02757,  -0.04421,  -0.05822,  -0.02670,   0.02582,   0.00657,   0.06084,   0.00306,  -0.08973,  -0.01795,   0.00657,  -0.02495,  -0.00919,   0.00131,  -0.02845,  -0.00219,   0.01357,  -0.02495,   0.07835,   0.00306,   0.00832,  -0.00919,   0.03808,   0.05209,  -0.02320,   0.02232,   0.00131,  -0.00394,  -0.06347,  -0.04771,  -0.02845,  -0.00219,   0.02232,  -0.02845,   0.01882,  -0.00394,  -0.04771,  -0.06172,  -0.02495,   0.09235,  -0.08973,  -0.03545,   0.06784,   0.08010,   0.01532,  -0.05471,   0.01357,   0.04158,  -0.04946,  -0.00219,  -0.03020,   0.01182,   0.02407,   0.03283,   0.02407,   0.04508,  -0.03195,   0.02232,   0.02582,   0.00657,  -0.05121,   0.04333,   0.02582,  -0.02320,   0.03108,   0.02057,  -0.05121,  -0.02845,  -0.00044,  -0.01970,   0.01357,  -0.03195,  -0.05471,  -0.02145,   0.03983,  -0.03370,  -0.05471,   0.03283,   0.02582,   0.03808,   0.03808,  -0.02320,  -0.03020,  -0.05296,  -0.00569,  -0.04421,  -0.01620,  -0.02320,   0.04683,  -0.01970,   0.01357,  -0.08098,  -0.03195,  -0.01444,  -0.00219,  -0.02495,  -0.03020,  -0.03721,   0.04508,   0.00832,  -0.01620,   0.00481,  -0.08623,   0.02407,  -0.04946,  -0.00744,  -0.04246,  -0.00394,   0.05559,  -0.01269,   0.03983,  -0.02670,   0.00306,  -0.01795,   0.02757,   0.07835,  -0.02320,  -0.00919,  -0.01620,   0.00306,  -0.00394,  -0.02670,  -0.01970,   0.00131,   0.07485,   0.00832,  -0.08973,  -0.08273,  -0.00044,  -0.00569,  -0.01795,  -0.09498,   0.01532,  -0.02145,   0.06609,   0.00131,   0.01357,  -0.01970,   0.01532,  -0.04071,   0.00131,   0.03983,   0.01532,  -0.04421,   0.00481,   0.03108,   0.00306,   0.00832,   0.05034,   0.01007,  -0.01094,  -0.05471,  -0.04246,   0.03808,  -0.00919,   0.04333,   0.01357,   0.02582,   0.03458,   0.02407,  -0.00919,  -0.04596,   0.02757,  -0.08448,  -0.01970,   0.00481,  -0.01444,   0.01357,  -0.02670,  -0.03896,   0.01357,  -0.02495,   0.01357,   0.02057,   0.02757,   0.01707,  -0.05646,  -0.06697,   0.02057,   0.00131,   0.05209,   0.01532,   0.03633,   0.03633,  -0.01620,   0.01357,  -0.10023,  -0.03020,   0.03983,   0.04333,  -0.00219,   0.02407,  -0.04421,   0.00481,   0.04333,   0.03283,  -0.01970,  -0.11774,   0.02057,   0.03633,  -0.05997,  -0.02495,  -0.02495,  -0.01094,   0.03108,  -0.01795,   0.01357,  -0.03370,  -0.02320,  -0.03020,  -0.01620,  -0.02495,   0.10286,  -0.04071,   0.01532,   0.00832,   0.04683,  -0.01444,   0.01357,  -0.01444,  -0.00044,  -0.06172,  -0.04421,  -0.04071,  -0.01620,  -0.04596,   0.00306,   0.02407,   0.01182,  -0.00394,   0.00657,   0.01007,   0.01182,   0.05384,  -0.02670,  -0.03020,  -0.00394,  -0.00394,  -0.03020,   0.00832,   0.01882,  -0.00219,  -0.02670,   0.03633,  -0.02320,   0.00306,  -0.03370,  -0.01444,  -0.00219,  -0.01269,  -0.05471,  -0.04246,  -0.00569,  -0.00569,  -0.00744,  -0.02670,  -0.04596,   0.01182,  -0.06522,   0.02757,  -0.00569,  -0.05296,   0.03283,  -0.08623,   0.03458,  -0.05471,   0.01007,   0.02407,  -0.01269,  -0.00044,   0.01007,  -0.07047,   0.01357,   0.01882,   0.02933,  -0.02320,   0.06259,  -0.00394,  -0.06522,  -0.03195,   0.06784,  -0.06872,  -0.08273,  -0.02145,   0.01357,  -0.05296,  -0.09498,  -0.03896,   0.01532,  -0.02495,   0.01357,  -0.03370,   0.02933,   0.00306,  -0.00919,  -0.06172,   0.01532,   0.02057,  -0.00569,   0.05034,  -0.05471,   0.00131,  -0.00044,  -0.01444,  -0.00394,  -0.06347,  -0.05646,  -0.01970,   0.02933,   0.03283,   0.03983,  -0.03545,  -0.07047,  -0.04071,   0.02757,  -0.01970,   0.01707,   0.05034,   0.02582,   0.04683,  -0.01970,   0.03458,   0.02057,  -0.03370,  -0.00219,  -0.04596,  -0.02670,  -0.03020,  -0.01795,   0.01357,   0.01532,   0.01532,   0.01357,   0.00306,  -0.03020,   0.02057,  -0.01094,  -0.00744,  -0.01795,   0.03633,  -0.00744,   0.04158,  -0.02670,   0.04333,   0.03808,  -0.06697,  -0.05822,  -0.02670,  -0.02320,  -0.04421,   0.00657,  -0.03195,  -0.03195,   0.02232,   0.09411,   0.05734,  -0.06172,  -0.05997,   0.02757,  -0.03896,   0.06784,   0.02582,   0.01532,  -0.00744,   0.07660,  -0.12124,   0.01532,  -0.00044,   0.05909,  -0.07572,  -0.07222,  -0.02670,  -0.00394,  -0.01970,  -0.00919,  -0.01444,   0.00481,  -0.00219,  -0.00044,   0.04158,  -0.05471,  -0.04246,  -0.00569,   0.08010,   0.01007,  -0.02320,   0.05734,  -0.08973,  -0.00569,  -0.01795,  -0.00044,  -0.04596,  -0.02670,  -0.05296,   0.01357,  -0.01094,   0.00657,  -0.00219,   0.03283,   0.02933,  -0.02320,  -0.01269,   0.06784,  -0.07222,   0.02057,  -0.00569,  -0.08798,  -0.02845,   0.03633,   0.01007,   0.05559,  -0.04596,  -0.03020,  -0.01795,  -0.04946,   0.04158,  -0.03896,  -0.02495,   0.00306,   0.00131,  -0.03020,   0.05209,  -0.01444,   0.01882,   0.13613,  -0.00744,   0.00832,  -0.04596,  -0.03370,   0.01357,  -0.04596,  -0.03020,   0.01707,   0.02407,  -0.00044,  -0.00044,  -0.01795,   0.05209,   0.02933,   0.01882,  -0.03721,   0.07660,   0.03458,  -0.01094,  -0.01620,  -0.01970,  -0.02320,   0.03108,  -0.04771,   0.00657,   0.01182,   0.04683,   0.00657,  -0.04596,  -0.03020,  -0.03721,  -0.09848,   0.00306,  -0.00219,   0.01357,  -0.05822,   0.01007,   0.02407,  -0.00569,   0.00306,  -0.04771,   0.01182,  -0.00569,   0.01532,   0.00657,   0.01007,  -0.03195,  -0.01620,  -0.02670,  -0.05997,  -0.04771,  -0.02145,   0.03458,  -0.06347,   0.00832,  -0.02670,  -0.02670,   0.05559,   0.03108,  -0.05646,  -0.00394,  -0.01795,  -0.01269,  -0.01970,  -0.05471,  -0.02670,   0.01532,  -0.07572,   0.04158,   0.04333,  -0.00919,  -0.05471,  -0.06522,  -0.01970,   0.01532,  -0.06872,  -0.03721,  -0.02320,   0.09235,  -0.08798,   0.07310,  -0.05646,  -0.06697,  -0.05997,   0.02232,  -0.01795,  -0.03896,   0.03983,  -0.01795,   0.03808,   0.06259,  -0.02145,  -0.04596,  -0.05296,  -0.05646,   0.00131,  -0.08448,   0.01357,   0.03108,  -0.02845,   0.03458,  -0.03545,  -0.04421,  -0.09323,  -0.04071,   0.03983,  -0.06872,  -0.01795,   0.01532,  -0.01444,   0.01182,  -0.04071,  -0.09148,  -0.01094,   0.01182,  -0.00919,   0.06259,   0.03983,   0.03633,   0.01182,   0.01007,  -0.02845,  -0.03195,  -0.00219,   0.01357,  -0.00044,   0.01882,   0.04683,   0.01532,  -0.02845,   0.01182,   0.00131,  -0.04946,   0.06259,  -0.03370,  -0.01970,   0.01007,   0.04508,   0.01007,   0.05384,  -0.01795,  -0.00044,   0.02933,   0.05909,  -0.03195,   0.00306,  -0.04596,   0.04858,   0.04508,   0.02232,  -0.00219,   0.00657,  -0.04596,   0.02407,   0.05559,   0.01007,   0.03808,   0.05384,   0.02933,  -0.01620,  -0.03545,   0.06084,   0.02407,  -0.00044,  -0.02495,  -0.00744,   0.04858,  -0.03020,  -0.01269,   0.00657,  -0.00044,   0.04158,  -0.07047,  -0.00394,   0.05209,  -0.00044,  -0.01620,   0.02057,  -0.01620,   0.02582,  -0.01970,  -0.00744,   0.06259,  -0.03195,  -0.04071,  -0.02670,   0.02933,  -0.02845,  -0.05471,   0.07310,   0.05209,  -0.00219,  -0.04596,  -0.01795,  -0.01444,  -0.04596,   0.00131,  -0.01444,  -0.00394,   0.03108,  -0.00569,  -0.05646,  -0.00744,   0.02232,   0.05034,   0.01182,  -0.02495,   0.03283,   0.01532,   0.01707,   0.03983,   0.02757,  -0.00569,   0.04333,  -0.03896,  -0.07222,   0.00481,   0.03633,  -0.01970,  -0.01970,   0.06084,  -0.03020,   0.03808,  -0.02495,   0.04333,   0.00131,   0.00832,  -0.07047,   0.03633,  -0.06697,   0.03633,  -0.05296,  -0.03195,   0.04333,  -0.05997,   0.01357,   0.01882,   0.12212,   0.00131,  -0.02320,  -0.05822,   0.03983,   0.08535,  -0.05646,  -0.00744,  -0.05471,  -0.00919,   0.07660,  -0.03896,  -0.01620,   0.00481,  -0.03195,  -0.00219,   0.03283,  -0.03721,  -0.05121,  -0.02495,  -0.01620,  -0.02495,  -0.02145,   0.01357,   0.00481,  -0.03545,   0.05384,   0.01707,   0.06434,   0.03108,  -0.03721,  -0.01094,  -0.00044,  -0.08098,   0.02582,   0.01007,  -0.03195,   0.00481,   0.05559,  -0.00219,  -0.01269,  -0.04071,  -0.00569,   0.00306,   0.00131,   0.02933,  -0.02495,  -0.03370,   0.07135,  -0.03370,  -0.02320,  -0.07747,   0.01357,  -0.01094,  -0.03721,   0.00131,  -0.02670,   0.03983,  -0.02145,   0.00657,  -0.01620,  -0.07922,   0.01357,   0.08010,  -0.02670,   0.03108,  -0.03896,   0.08185,   0.04158,  -0.02320,  -0.04946,  -0.01620,   0.00832,  -0.07572,   0.02407,  -0.01269,   0.00832,   0.00131,  -0.01620,  -0.03896,   0.06259,   0.03633,   0.01532,   0.04683,   0.05034,   0.00306,   0.02582,  -0.01620,  -0.00919,  -0.03721,   0.01532,  -0.03545,   0.01882,  -0.04596,   0.00657,  -0.04421,  -0.00394,   0.01357,   0.06259,  -0.02320,  -0.08098,  -0.07222,  -0.02495,  -0.00569,  -0.05121,  -0.10023,  -0.03721,   0.03808,   0.03108,  -0.01795,  -0.04946,   0.02933,   0.01182,  -0.01269,   0.02232,  -0.02495,   0.06609,  -0.01094,   0.01707,  -0.12124,  -0.10374,   0.03458,  -0.04246,   0.05209,   0.08535,  -0.00044,   0.05034,  -0.01620,  -0.00919,   0.00832,   0.09936,  -0.06872,  -0.02845,   0.04333,  -0.01269,  -0.00919,  -0.06347,   0.00657,   0.04858,   0.05734,   0.00481,   0.03633,  -0.00569,  -0.08973,   0.02933,   0.04508,  -0.04771,  -0.03545,  -0.05997,   0.00832,   0.01532,   0.04158,  -0.02845,  -0.06172,   0.07310,   0.01182,   0.06609,   0.00131,   0.01007,   0.02933,   0.00832,  -0.04071,   0.03458,  -0.06697,  -0.06872,  -0.03370,   0.06084,  -0.07047,   0.03283,  -0.01444,  -0.04771,   0.04508,   0.00481,  -0.01094,  -0.03370,  -0.03195,  -0.03020,  -0.00919,   0.05559,  -0.05121,   0.00131,  -0.02495,  -0.00044,   0.01182,   0.00657,   0.02407,   0.00657,  -0.15101,   0.03108,  -0.04771,   0.04333,   0.01007,   0.04683,   0.02407,  -0.04421,  -0.02495,   0.02057,   0.02933,   0.05209,   0.04158,  -0.02320,   0.04158,   0.05909,   0.01707,  -0.00219,  -0.01620,   0.00481,  -0.02495,  -0.01444,   0.05209,  -0.03896,   0.05384,   0.04508,   0.04158,  -0.02145,  -0.05121,   0.03633,   0.06434,  -0.07572,   0.03808,   0.04158,  -0.00219,  -0.00044,  -0.05296,   0.09761,   0.03808,  -0.03195,   0.01007,  -0.01094,  -0.00219,   0.00657,   0.04158,  -0.00044,   0.08185,  -0.00394,   0.00832,  -0.08623,  -0.03545,   0.07135,   0.07135,   0.03283,   0.02057,  -0.08448,   0.02057,   0.00657,   0.05034,  -0.01444,  -0.05296,  -0.00569,   0.02933,  -0.01795,  -0.02670,   0.02933,  -0.05121,   0.00131,   0.06084,   0.04333,  -0.01269,  -0.07397,   0.00481,   0.10636,  -0.01620,  -0.07572,   0.03458,   0.02407,   0.01357,  -0.00394,  -0.03195,  -0.01970,  -0.08623,  -0.09498,  -0.02145,   0.02933,   0.01707,   0.02933,  -0.00394,  -0.00919,   0.03458,   0.01882,  -0.01269,   0.02757,   0.06084,   0.04858,   0.01357,   0.00481,  -0.02845,   0.07135,  -0.04246,  -0.03896,   0.00832,   0.01532,   0.01357,   0.02757,  -0.01094,  -0.03721,  -0.00044,   0.00657,   0.00832,   0.02582,  -0.01444,  -0.03721,  -0.04596,   0.02582,  -0.06522,   0.06084,  -0.04421,  -0.05822,  -0.01795,  -0.01795,  -0.04946,  -0.02495,  -0.04771,  -0.03545,   0.05034,   0.01707,   0.01707,   0.01882,   0.05034,   0.01357,   0.03633,  -0.08273,  -0.01795,   0.03108,  -0.00394,   0.00832,   0.02057,  -0.00569,   0.01707,   0.04858,   0.02582,   0.01532,  -0.02495,   0.08010,   0.06084,   0.02582,  -0.05121,  -0.03896,   0.03283
   0.04858,   0.03108,  -0.07572,   0.03633,  -0.01620,   0.05209,  -0.07047,   0.02933,  -0.03195,   0.02057,   0.01882,  -0.00044,  -0.00394,   0.02933,  -0.00569,  -0.04071,  -0.04771,   0.05034,  -0.02495,   0.03458,  -0.00044,  -0.04596,   0.00481,  -0.03195,   0.01707,   0.01182,   0.01707,   0.01007,  -0.01620,  -0.02495,  -0.06872,   0.04158,   0.07310,   0.03633,  -0.00569,  -0.01795,  -0.00219,   0.00481,  -0.00919,   0.05909,  -0.04421,   0.00131,  -0.02670,   0.08185,   0.05909,  -0.07747,   0.06959,  -0.00744,   0.00481,   0.05734,  -0.03721,   0.05559,  -0.04421,  -0.06172,  -0.03370,   0.07485,   0.00131,   0.03283,   0.00306,   0.02057,   0.03983,  -0.01269,  -0.07572,  -0.02495,  -0.01269,   0.01707,  -0.01620,   0.04858,  -0.01620,   0.00131,   0.03108,   0.03283,   0.00306,   0.03283,   0.04858,   0.00481,   0.05384,  -0.02320,   0.00481,  -0.04421,  -0.05121,  -0.03721,   0.02407,   0.05384,   0.04333,   0.00481,   0.01357,   0.03808,  -0.00044,   0.02057,  -0.00044,  -0.01269,  -0.03896,   0.01182,   0.02057,   0.03808,  -0.06172,   0.01707,  -0.02845,  -0.07572,   0.09060,  -0.01094,  -0.01269,  -0.02670,  -0.04946,  -0.02145,  -0.01444,   0.08010,   0.06084,  -0.02670,   0.06784,   0.02933,  -0.05997,  -0.03721,  -0.07572,  -0.02670,   0.08360,   0.04333,  -0.01269,  -0.01094,  -0.07222,   0.02057,  -0.04246,  -0.05822,  -0.01094,  -0.07222,  -0.00569,  -0.03721,  -0.00569,   0.02933,   0.02933,  -0.01269,   0.04158,   0.02757,   0.01182,  -0.11599,   0.03283,  -0.00219,   0.00832,  -0.06872,  -0.00569,  -0.04071,   0.02757,  -0.01444,  -0.03020,  -0.05997,  -0.03195,   0.02933,  -0.04946,  -0.02845,   0.03108,  -0.03195,  -0.00219,  -0.00044,  -0.01094,  -0.08623,   0.03808,   0.00657,   0.06084,  -0.07572,  -0.04246,   0.00306,  -0.04596,  -0.00219,  -0.04421,  -0.02145,  -0.05121,   0.02057,   0.05734,   0.06784,   0.03283,  -0.00044,   0.02933,  -0.10023,   0.00131,   0.03108,  -0.07572,  -0.00569,  -0.03721,   0.01532,  -0.03545,   0.03808,   0.04508,  -0.06522,   0.08360,   0.06609,  -0.01269,  -0.00744,   0.06784,  -0.04946,  -0.04421,   0.07485,   0.07135,   0.05734,   0.01357,   0.04858,   0.00832,   0.00131,  -0.01094,  -0.00394,   0.01532,  -0.01620,   0.05559,  -0.04421,   0.09235,   0.07310,   0.12387,   0.03633,  -0.00044,  -0.04071,   0.02757,  -0.04071,   0.01532,  -0.00919,  -0.01269,  -0.07222,  -0.02495,  -0.02845,  -0.02320,   0.02582,   0.03633,   0.03633,   0.02057,  -0.00919,  -0.05997,   0.01357,   0.02232,   0.01532,   0.05909,  -0.03896,  -0.06522,  -0.04421,   0.04158,  -0.01970,   0.00481,   0.01707,   0.01707,  -0.08273,   0.02757,  -0.02495,   0.01882,  -0.03370,  -0.01269,  -0.06697,   0.02582,   0.00306,  -0.01094,  -0.00919,  -0.00744,  -0.05121,   0.01357,  -0.07747,  -0.00394,   0.01182,  -0.04421,   0.02933,  -0.01795,  -0.04946,  -0.04771,   0.02232,   0.01182,   0.09235,  -0.10023,  -0.00919,  -0.03896,   0.10636,  -0.01269,   0.04508,  -0.03195,  -0.02670,  -0.00044,   0.01357,  -0.04596,  -0.05121,   0.00306,   0.08185,  -0.01094,  -0.01970,   0.01182,   0.00131,   0.07485,   0.01707,   0.05034,  -0.00394,  -0.03020,   0.02232,  -0.05471,   0.06084,   0.01182,  -0.04246,   0.12387,   0.01882,  -0.00394,  -0.02670,  -0.02145,   0.02232,  -0.08273,  -0.01444,   0.03808,   0.04508,   0.01007,   0.00657,  -0.01094,   0.01182,  -0.01094,  -0.03896,   0.02582,   0.02757,  -0.07747,  -0.01269,  -0.04246,   0.02757,   0.00481,   0.00657,  -0.00569,   0.01532,  -0.05822,  -0.04071,  -0.06872,   0.04683,  -0.10899,  -0.00044,  -0.03721,   0.03633,   0.00131,  -0.07397,  -0.00219,   0.01532,  -0.05296,   0.01357,  -0.02145,  -0.03896,   0.03283,   0.03983,   0.00657,   0.05034,  -0.02495,   0.01007,  -0.00044,  -0.00744,  -0.06522,   0.06434,  -0.01795,  -0.00569,   0.04858,   0.03283,   0.05734,   0.08185,  -0.07572,  -0.00744,   0.04858,  -0.02320,  -0.01269,   0.00657,  -0.02145,  -0.00919,   0.05384,  -0.03896,  -0.00219,   0.03983,  -0.00744,  -0.04771,  -0.06697,  -0.01269,  -0.05296,   0.00306,   0.05209,   0.06609,  -0.03370,   0.00832,  -0.06697,   0.08885,  -0.02670,  -0.03370,   0.00131,  -0.02495,  -0.01444,  -0.04246,  -0.04246,   0.08360,   0.02582,   0.02582,  -0.00394,   0.00832,  -0.03370,  -0.08273,   0.04158,   0.00131,   0.03283,  -0.04421,  -0.03020,  -0.04071,   0.00657,  -0.04246,   0.03283,  -0.03020,  -0.10724,  -0.02495,  -0.02670,  -0.02320,  -0.07747,   0.01182,  -0.05121,  -0.03020,  -0.00394,  -0.01795,   0.00657,   0.05734,  -0.00219,  -0.00394,  -0.03545,   0.00306,   0.04683,  -0.00219,  -0.00919,  -0.02320,   0.04858,  -0.05121,   0.00832,   0.02582,  -0.01620,   0.00832,  -0.03195,   0.01007,   0.00306,   0.02057,   0.03633,  -0.01795,  -0.04946,   0.05559,   0.02057,  -0.02670,   0.05384,  -0.04771,  -0.01795,   0.00306,  -0.04421,  -0.01795,  -0.00044,  -0.01269,  -0.05646,   0.03633,  -0.05822,   0.02232,   0.02407,  -0.04771,  -0.03721,  -0.06697,  -0.02495,   0.00657,   0.01707,  -0.03020,  -0.09148,   0.02933,  -0.02495,  -0.04071,   0.02933,   0.02933,   0.06609,   0.01532,   0.03458,  -0.05471,  -0.04071,  -0.01094,  -0.01269,   0.01532,  -0.05997,  -0.01970,  -0.03195,   0.11336,   0.01707,   0.05559,   0.06259,   0.04858,  -0.00744,   0.01707,   0.02582,   0.02757,  -0.02670,  -0.03020,  -0.02495,  -0.00744,   0.05209,   0.07310,   0.05734,   0.00657,  -0.04421,  -0.03721,   0.01007,  -0.00744,  -0.03195,   0.01707,  -0.06872,   0.02757,   0.04858,  -0.05121,  -0.05997,  -0.07222,   0.06259,  -0.00394,   0.03808,  -0.03370,  -0.02670,  -0.02495,   0.01357,  -0.02845,  -0.11424,  -0.00219,  -0.05296,   0.03458,  -0.03020,   0.01707,  -0.00394,   0.00832,   0.03108,   0.06259,   0.02232,  -0.07047,   0.02407,  -0.00044,   0.05734,   0.06434,  -0.03545,  -0.05997,  -0.04596,   0.03633,  -0.02670,   0.02232,  -0.03896,  -0.06172,  -0.07222,   0.07485,   0.01882,  -0.02145,  -0.02495,  -0.01094,  -0.01795,   0.00306,   0.01707,  -0.01795,   0.06434,  -0.01269,   0.03283,  -0.00569,  -0.08448,  -0.05646,   0.04508,   0.01007,   0.01532,   0.12037,  -0.04946,   0.05034,  -0.01269,   0.07485,  -0.02320,   0.03108,  -0.06872,  -0.01620,   0.04333,  -0.00044,  -0.04071,   0.04858,   0.04858,  -0.03545,   0.04858,   0.13963,   0.01882,   0.01532,   0.02757,  -0.06522,   0.02232,  -0.01269,  -0.06347,  -0.01094,   0.05034,   0.06084,  -0.04771,  -0.03721,  -0.05471,  -0.07747,  -0.02145,   0.04858,   0.01707,  -0.03721,   0.03808,  -0.05471,   0.02933,   0.02933,   0.08535,  -0.04421,   0.04508,   0.08710,  -0.06347,  -0.01795,   0.05559,  -0.07922,   0.03283,  -0.04596,   0.02407,  -0.01094,   0.06784,  -0.01970,   0.08710,   0.02757,   0.02407,  -0.00219,   0.05384,   0.00481,   0.00657,   0.02057,   0.05034,  -0.02495,  -0.05646,   0.00832,   0.01007,  -0.01620,  -0.00044,   0.07135,   0.04158,   0.01182,  -0.04421,  -0.00569,   0.01707,  -0.03545,  -0.06347,  -0.08098,  -0.02320,   0.04858,  -0.03545,  -0.00919,  -0.01444,  -0.03545,  -0.09323,   0.01882,  -0.02495,   0.08885,   0.00131,   0.08185,  -0.00919,  -0.04771,   0.02057,   0.09936,  -0.03896,  -0.03370,  -0.02145,  -0.02495,   0.05384,   0.00306,  -0.05997,   0.01707,   0.02057,   0.04508,   0.03983,  -0.02845,   0.10286,   0.01707,  -0.01795,   0.01882,   0.02232,  -0.02320,  -0.04771,   0.04158,   0.08710,   0.02582,  -0.02845,  -0.00044,  -0.00044,  -0.01970,  -0.02145,   0.07485,   0.01707,  -0.02495,   0.02933,  -0.00044,   0.02057,  -0.07747,  -0.03545,   0.03983,  -0.09148,   0.07135,  -0.01795,   0.05559,   0.01007,  -0.06697,  -0.06172,   0.05909,   0.01007,  -0.04421,   0.03108,   0.02407,   0.01182,   0.04333,  -0.05471,   0.04683,   0.01007,  -0.04771,   0.11862,  -0.01094,  -0.01620,   0.03633,   0.01007,  -0.05997,  -0.05121,   0.02057,  -0.03545,  -0.00219,   0.01357,   0.01532,  -0.05121,   0.00481,  -0.01620,   0.00832,  -0.01620,  -0.03370,  -0.01620,  -0.00394,   0.08710,  -0.07747,   0.08360,  -0.02320,   0.06959,  -0.10023,  -0.08798,  -0.01269,  -0.01444,  -0.01970,  -0.01970,   0.01357,  -0.01094,   0.06434,  -0.05471,   0.00832,  -0.03020,   0.04683,  -0.01444,   0.07485,   0.01532,   0.03108,  -0.01620,  -0.06347,  -0.07747,   0.01007,   0.02407,   0.04858,   0.02582,   0.10811,   0.05384,   0.01182,   0.01882,   0.02407,   0.00832,   0.04858,  -0.02145,   0.04858,  -0.01444,  -0.00394,  -0.03020,  -0.02495,  -0.00744,   0.04333,  -0.00919,  -0.00044,  -0.01620,   0.00306,   0.00481,   0.01707,  -0.08448,  -0.01970,  -0.02845,  -0.02845,  -0.00044,  -0.10549,   0.00131,   0.05384,   0.02933,   0.05559,   0.02407,   0.01707,   0.08360,   0.00481,   0.00832,   0.04683,  -0.02145,   0.02757,  -0.02670,  -0.05121,  -0.03721,   0.01532,  -0.03896,   0.04683,   0.08885,   0.02407,  -0.00219,  -0.09148,  -0.02320,   0.00481,  -0.03545,  -0.06522,  -0.03370,   0.01532,   0.10286,  -0.03721,   0.02057,   0.07135,  -0.04596,   0.03458,   0.01007,   0.04858,  -0.00919,   0.00306,   0.00832,  -0.00044,  -0.01620,  -0.02670,  -0.04946,  -0.01620,  -0.03020,  -0.02670,   0.02933,  -0.05121,  -0.00394,   0.02232,   0.04158,  -0.00569,   0.09060,   0.02057,   0.01182,   0.06959,  -0.05646,  -0.01970,   0.06259,   0.05034,  -0.00919,  -0.03020,  -0.01444,   0.05209,   0.01357,  -0.00919,   0.08185,  -0.00044,   0.09586,   0.01882,  -0.01620,  -0.01444,  -0.03195,   0.00131,   0.05909,   0.02232,  -0.02495,  -0.04071,  -0.01620,   0.05209,  -0.02845,  -0.05296,   0.01357,  -0.01795,  -0.04421,   0.10986,   0.02057,  -0.01094,  -0.04421,   0.00481,  -0.00044,   0.11161,  -0.01795,  -0.07397,  -0.02145,   0.09761,   0.03808,  -0.00219,  -0.02320,   0.08710,   0.00481,   0.01007,   0.01182,  -0.00569,   0.00306,  -0.01795,  -0.03020,   0.00131,   0.00306,  -0.00744,   0.03108,  -0.05296,   0.05909,   0.01182,   0.02757,   0.01532,  -0.08273,  -0.08973,  -0.00394,  -0.03370,  -0.01269,   0.03633,   0.01532,  -0.03195,  -0.03195,  -0.02320,  -0.00394,  -0.03545,  -0.02320,  -0.05121,  -0.11249,   0.03983,  -0.03370,   0.01182,  -0.03370,   0.06084,   0.05209,  -0.01444,   0.05734,  -0.03020,  -0.05997,  -0.01795,  -0.02845,   0.01007,   0.01007,   0.03983,   0.06784,   0.02407,   0.00306,   0.01182,   0.06609,  -0.04071,  -0.00919,   0.06259,  -0.04421,   0.07835,   0.04683,   0.01707,  -0.02145,   0.06434,  -0.00744,  -0.02320,  -0.14926,  -0.00044,   0.03983,   0.05209,  -0.01094,   0.03983,   0.02757,   0.00481,   0.03808,  -0.03195,  -0.01970,   0.05734,  -0.01269,   0.04858,  -0.03195,   0.02757,  -0.06697,   0.01007,   0.03983,  -0.01094,  -0.01269,   0.05034,  -0.04246,   0.01182,  -0.01269,   0.01357,  -0.03020,  -0.00919,  -0.07572,  -0.03370,   0.03458,  -0.06872,  -0.00919,   0.00131,  -0.00919,   0.05384,   0.07835,   0.00657,   0.02407,   0.06784,  -0.00219,   0.03983,  -0.05296,  -0.06347,   0.02057,  -0.04946,   0.02232,  -0.02495,  -0.03195,  -0.06697,   0.02933,  -0.01620,  -0.01620,   0.05559,  -0.03195,  -0.00219,   0.06434,   0.03633,  -0.01620,  -0.03195,  -0.01094,   0.02933,  -0.01970,  -0.00919,   0.07310,   0.06434,  -0.09148,   0.00657,  -0.05121,  -0.00919,   0.00657,   0.06259,   0.05384,   0.02582,   0.03458,  -0.01269,  -0.01795,   0.03458,  -0.04071,   0.01882,  -0.05296,  -0.00394,   0.08360,   0.13788,   0.00131,   0.01707,  -0.01444,  -0.01620,  -0.02670,   0.02232
   0.02232,   0.02407,   0.04333,  -0.07572,   0.00131,  -0.04771,   0.06784,  -0.03545,   0.04158,  -0.06347,   0.04683,  -0.06522,   0.03983,   0.05559,  -0.07747,   0.06259,   0.01532,  -0.05997,   0.03458,   0.01007,   0.00131,   0.01007,   0.02057,  -0.04071,   0.09411,   0.03983,  -0.09848,   0.02407,   0.03108,   0.01007,   0.01357,  -0.07222,  -0.00394,   0.00306,  -0.00919,  -0.02670,   0.02933,  -0.04421,   0.02407,  -0.01970,   0.05209,   0.02757,  -0.07397,  -0.00744,  -0.00044,  -0.00744,   0.05559,   0.02757,   0.04858,  -0.05121,   0.04333,  -0.02845,  -0.00044,  -0.00919,   0.01182,   0.06784,   0.00832,   0.07660,   0.02582,   0.01007,   0.07135,   0.01882,   0.00481,  -0.07747,  -0.09323,  -0.00044,  -0.01970,   0.02407,  -0.07047,  -0.08448,   0.06259,  -0.00044,   0.05559,  -0.01795,  -0.01094,  -0.01795,  -0.01269,  -0.05646,  -0.05646,  -0.00744,  -0.01269,  -0.07572,  -0.01269,  -0.01094,  -0.05121,  -0.02495,   0.05734,   0.02757,   0.04683,  -0.03195,   0.03458,  -0.06872,  -0.04596,  -0.04421,  -0.01094,   0.00306,  -0.00569,   0.01532,   0.05209,  -0.01970,  -0.00919,   0.01532,  -0.10374,  -0.02320,   0.03633,  -0.01094,  -0.01970,   0.00306,   0.02232,  -0.05121,  -0.08273,   0.03983,   0.02232,  -0.07047,   0.02582,  -0.03896,   0.03808,   0.05559,  -0.01795,  -0.01970,  -0.00044,  -0.00569,  -0.01094,   0.03283,  -0.00219,  -0.02145,   0.04158,  -0.03370,  -0.05121,  -0.00044,  -0.01620,   0.04158,   0.01707,   0.03458,   0.02582,   0.04683,  -0.00044,  -0.03020,  -0.02145,  -0.07397,   0.02757,   0.01007,   0.02057,  -0.02495,  -0.12475,  -0.03020,   0.05384,  -0.02845,   0.04158,   0.01532,   0.01007,  -0.00919,  -0.01269,  -0.02845,   0.05559,   0.00657,  -0.09848,  -0.10724,   0.00131,   0.00306,  -0.11599,   0.06609,   0.08535,   0.01007,   0.06959,   0.04333,  -0.11949,  -0.09323,  -0.05296,   0.02232,  -0.01094,   0.07485,  -0.00394,   0.02407,   0.01357,   0.05909,   0.01182,  -0.02845,   0.03108,   0.06959,  -0.11599,   0.09411,  -0.05822,  -0.02145,   0.00131,   0.05384,  -0.01094,  -0.06697,   0.01532,  -0.00219,  -0.07222,  -0.02495,  -0.04771,  -0.04946,  -0.05646,   0.00657,   0.04858,  -0.02845,  -0.04421,  -0.01970,   0.06084,   0.07135,   0.01707,   0.03633,  -0.05471,  -0.05822,  -0.00569,  -0.08798,   0.00832,   0.00832,  -0.01094,  -0.00744,  -0.04771,  -0.13000,   0.07135,  -0.01444,   0.02057,   0.07310,   0.05734,  -0.04246,  -0.01269,   0.00481,   0.05559,  -0.00219,  -0.00394,  -0.06347,   0.03458,   0.07135,   0.05209,  -0.06347,  -0.03370,   0.00657,   0.06959,  -0.03370,  -0.05471,  -0.07572,  -0.04596,   0.05034,   0.01707,   0.03983,  -0.08448,   0.02933,  -0.00919,  -0.02320,   0.00657,  -0.02145,  -0.02145,  -0.03195,   0.04858,  -0.01094,  -0.03020,   0.06084,  -0.04071,  -0.03195,   0.01532,  -0.05471,  -0.06522,  -0.04421,  -0.00744,   0.03633,   0.07485,  -0.01269,  -0.06522,   0.02582,  -0.01620,   0.04333,   0.06084,  -0.01094,  -0.00919,  -0.00744,  -0.03020,   0.05909,  -0.05121,  -0.03721,   0.05734,   0.01182,   0.06434,  -0.03195,   0.00481,   0.02407,  -0.02670,  -0.04946,  -0.00219,  -0.00219,   0.03633,   0.10286,   0.05734,   0.01882,  -0.05121,  -0.02670,   0.02057,  -0.02145,   0.01532,   0.02407,   0.01357,  -0.01444,  -0.02320,  -0.02670,   0.06259,  -0.03721,   0.04158,   0.04858,   0.04333,   0.05384,   0.00306,   0.02232,  -0.01620,  -0.04946,   0.08360,   0.00481,   0.04158,  -0.04596,  -0.01444,  -0.01094,  -0.02845,   0.02757,   0.08010,   0.01007,   0.02933,   0.02232,   0.04508,   0.05559,  -0.03370,   0.02057,   0.02407,  -0.08798,  -0.10724,  -0.00219,  -0.01444,  -0.04946,   0.04333,  -0.05471,   0.05559,  -0.00394,  -0.05296,  -0.02845,   0.02582,   0.00832,   0.02232,  -0.07922,   0.08360,  -0.00569,   0.00832,  -0.07222,  -0.00044,   0.03108,  -0.00044,  -0.01094,  -0.01620,   0.03458,  -0.03195,   0.01532,   0.02057,   0.05384,   0.01707,   0.06609,   0.04508,  -0.01795,  -0.03896,   0.03633,   0.02232,  -0.02145,  -0.01620,  -0.00919,   0.04158,   0.09936,  -0.03020,  -0.02320,  -0.00394,   0.02057,  -0.02670,   0.01532,  -0.01444,   0.08710,   0.01532,   0.00481,  -0.01795,  -0.05471,  -0.02495,  -0.06872,   0.01182,  -0.02145,   0.02057,  -0.00044,   0.02232,   0.06434,   0.03633,  -0.06172,   0.02057,  -0.07747,   0.00306,   0.01357,   0.00481,  -0.07922,  -0.09673,   0.07310,  -0.08798,  -0.03370,  -0.02145,  -0.04946,  -0.13350,  -0.04071,  -0.04246,  -0.03545,   0.07485,  -0.00219,   0.00481,   0.02582,  -0.03896,   0.05034,  -0.00219,   0.01182,   0.02582,   0.06259,  -0.02145,   0.05559,  -0.05471,  -0.05121,   0.02232,   0.00832,   0.01182,   0.00832,  -0.05646,   0.03808,  -0.07747,   0.03458,   0.12037,   0.04858,   0.06959,  -0.05296,  -0.00219,  -0.00219,   0.06784,  -0.04071,   0.09060,  -0.00394,  -0.11074,  -0.05646,   0.09936,  -0.04596,   0.07660,   0.05734,  -0.02145,  -0.04771,  -0.05296,   0.01357,   0.02582,  -0.03370,  -0.04771,  -0.05121,   0.02933,  -0.03195,   0.02757,   0.01707,  -0.02320,   0.04858,  -0.01269,   0.06259,  -0.01269,  -0.03721,   0.03458,  -0.00044,  -0.04946,  -0.00219,   0.04508,   0.02232,   0.04683,   0.01357,  -0.01970,  -0.05822,   0.02933,  -0.00044,  -0.07572,  -0.01620,   0.05034,  -0.00394,   0.04333,   0.01007,   0.09936,   0.07310,   0.04158,  -0.01795,   0.08010,   0.05909,   0.01532,  -0.00569,   0.00481,   0.04858,   0.02232,   0.05909,   0.02232,   0.02757,   0.02232,   0.01182,   0.04508,  -0.04246,  -0.01094,   0.00131,  -0.01620,  -0.02145,  -0.00044,  -0.10199,  -0.00219,   0.02407,   0.02757,   0.09936,  -0.00044,   0.09060,  -0.05471,   0.02757,  -0.00219,   0.05209,  -0.00394,  -0.05471,  -0.02495,   0.04508,   0.07485,  -0.00044,  -0.01970,  -0.03896,  -0.00744,   0.01007,  -0.05471,   0.00481,   0.00131,  -0.00919,  -0.02320,   0.04158,   0.09586,  -0.00919,   0.02057,   0.01357,  -0.03545,  -0.12650,  -0.02670,  -0.03020,   0.00481,   0.03283,   0.01882,  -0.01094,   0.01882,   0.01532,  -0.09498,  -0.05997,  -0.01970,  -0.05121,   0.00306,  -0.05121,  -0.00919,  -0.05646,   0.07485,   0.01532,   0.01007,   0.03283,  -0.09848,  -0.05822,  -0.03545,   0.07485,   0.01357,   0.01007,  -0.07922,  -0.01094,  -0.09498,  -0.03545,   0.03808,  -0.06872,  -0.00394,  -0.02670,   0.03108,  -0.04071,   0.08710,  -0.03545,  -0.02145,   0.06784,   0.02232,   0.03983,  -0.02495,  -0.00044,  -0.02845,  -0.06697,  -0.04771,   0.00832,   0.01882,   0.05909,  -0.02495,   0.01357,  -0.06347,   0.02933,  -0.01269,   0.03283,   0.09586,   0.02407,  -0.06172,  -0.02845,  -0.03545,  -0.03545,   0.03808,  -0.02495,  -0.00219,  -0.01444,  -0.04246,   0.04858,   0.00657,  -0.04071,  -0.04946,   0.03108,   0.02582,   0.05734,   0.00131,   0.06434,   0.02407,  -0.00044,  -0.01795,   0.02057,   0.00657,  -0.07572,  -0.04771,  -0.01094,   0.04508,  -0.05296,   0.04158,   0.01182,  -0.04946,  -0.01094,   0.03808,  -0.03896,  -0.01269,  -0.00919,   0.01357,  -0.06347,   0.13613,  -0.10899,   0.01007,  -0.03545,  -0.01094,   0.07660,  -0.04946,   0.01007,  -0.03020,  -0.05121,  -0.03545,  -0.03545,   0.09411,  -0.00394,   0.05734,  -0.04071,   0.00481,   0.03283,  -0.02145,  -0.01269,   0.02757,  -0.02145,  -0.08798,  -0.05296,   0.02933,   0.03983,  -0.03020,  -0.00394,   0.04333,   0.09411,   0.02057,   0.05734,  -0.05822,   0.09761,  -0.03721,  -0.01444,  -0.00919,  -0.00569,   0.00657,  -0.01620,  -0.01269,  -0.01269,  -0.03545,   0.03808,   0.06259,   0.04158,   0.03283,  -0.01795,  -0.00219,   0.05559,  -0.00569,   0.03808,   0.01707,   0.03808,  -0.01094,  -0.12124,   0.01357,   0.00306,  -0.02320,   0.08710,   0.03458,  -0.04771,  -0.00919,  -0.07047,  -0.03370,   0.04333,  -0.04596,   0.00481,   0.00306,   0.00481,  -0.10899,   0.00306,   0.00131,   0.04508,  -0.00744,   0.05209,   0.03458,   0.01882,  -0.02320,  -0.00919,   0.04158,  -0.08798,   0.02582,  -0.04421,  -0.01444,   0.03983,  -0.05471,   0.04508,  -0.03195,  -0.04596,  -0.02845,   0.03108,   0.00832,   0.02757,  -0.00919,   0.00657,  -0.09673,  -0.03195,   0.05034,   0.02232,  -0.02320,  -0.00744,  -0.00044,   0.10636,   0.02407,  -0.01620,   0.08185,   0.02057,  -0.05121,   0.03808,   0.03283,   0.03808,  -0.00394,  -0.03020,   0.10286,  -0.01620,  -0.03195,  -0.04246,  -0.00394,  -0.06697,   0.09060,   0.03283,   0.02933,   0.01357,  -0.00044,   0.01182,  -0.03896,  -0.00044,  -0.01620,   0.03458,   0.00306,  -0.10199,   0.02933,  -0.01444,   0.05034,  -0.09323,  -0.00744,   0.02232,  -0.04071,  -0.01094,   0.05034,  -0.01269,   0.04858,  -0.05822,  -0.02495,   0.10286,   0.03108,  -0.04596,   0.00306,   0.01882,   0.01357,  -0.02845,  -0.02845,   0.02232,   0.00657,   0.01182,  -0.01970,   0.04333,   0.01532,  -0.04946,   0.00832,  -0.03721,   0.08185,  -0.02670,  -0.08973,   0.01707,  -0.00569,  -0.01620,  -0.00044,   0.01532,   0.04508,  -0.02320,  -0.00919,  -0.00394,  -0.03195,  -0.03545,  -0.11599,  -0.00919,  -0.00569,  -0.04246,  -0.05471,  -0.00919,   0.05384,  -0.04421,   0.08710,  -0.02670,  -0.01269,   0.02232,   0.05559,  -0.04596,   0.03808,  -0.05646,  -0.03195,  -0.03721,  -0.04596,  -0.02320,   0.01182,   0.01007,  -0.00919,   0.09586,  -0.01620,  -0.04071,   0.01532,   0.04683,   0.04158,  -0.00569,   0.02757,  -0.13525,  -0.07047,  -0.02145,   0.02407,  -0.03020,  -0.00569,   0.01707,   0.03808,   0.05909,   0.04158,  -0.06347,  -0.02845,   0.00306,  -0.04596,  -0.01269,  -0.06522,   0.00131,   0.06609,  -0.00569,  -0.03721,   0.03283,  -0.01970,   0.00657,  -0.02845,   0.02232,  -0.01269,  -0.06697,   0.01007,   0.04333,  -0.03545,  -0.01444,   0.00657,   0.05909,  -0.04421,   0.00306,   0.02407,   0.00306,   0.03108,   0.03283,  -0.04246,  -0.04246,  -0.05296,   0.01182,  -0.04596,   0.02933,  -0.06872,   0.05209,  -0.04771,  -0.01795,  -0.02320,  -0.02320,  -0.02845,   0.03108,   0.01182,   0.02232,  -0.01444,  -0.02145,   0.10461,  -0.04946,   0.01007,  -0.00044,   0.01357,  -0.00744,   0.03458,   0.02407,   0.01532,   0.06084,  -0.00044,   0.03633,   0.00306,  -0.01444,  -0.05296,   0.01532,  -0.05646,   0.01357,   0.05384,  -0.04596,  -0.03545,   0.00657,  -0.02670,   0.07135,   0.00657,   0.05384,  -0.06347,  -0.01444,  -0.03195,   0.16064,  -0.04421,  -0.04071,   0.01532,   0.04508,  -0.05646,   0.00657,   0.02933,  -0.04246,  -0.08098,  -0.02670,  -0.04246,   0.03983,   0.02933,  -0.04071,  -0.04071,   0.03283,  -0.07397,  -0.01094,   0.03283,  -0.00394,  -0.10549,   0.04158,  -0.03721,   0.09235,   0.05909,  -0.00219,  -0.04946,  -0.00919,  -0.05121,   0.03633,   0.04683,   0.05734,  -0.06172,   0.06259,  -0.03020,   0.01532,  -0.02495,  -0.00744,   0.02232,   0.03458,   0.06434,  -0.00044,   0.05034,  -0.08448,   0.01532,  -0.01620,  -0.02320,   0.05559,   0.04333,  -0.03020,   0.05734,  -0.07747,   0.03808,   0.01707,   0.05209,   0.00306,   0.05034,   0.03808,   0.00832,   0.01882,   0.02582,   0.07835,   0.02582,  -0.04596,   0.04158,  -0.08448,  -0.07397,   0.03458,   0.00306,  -0.01970,   0.01532,  -0.00919,   0.05909,   0.03808,  -0.05646,   0.02057,  -0.01620,   0.00306,  -0.01269,   0.05209,   0.00832,  -0.04771,   0.03983,  -0.06697,  -0.05997,   0.03633,   0.05034,  -0.01269,  -0.07397,   0.00131,   0.03983,   0.08360,   0.01182,   0.03458,   0.00481,   0.10111,  -0.05296,  -0.03545,  -0.03020,  -0.03896
   0.00481,   0.01882,  -0.04596,  -0.00219,   0.02057,   0.00657,  -0.01970,   0.00832,   0.01532,   0.01357,   0.01007,   0.02407,   0.00131,   0.05909,   0.08185,  -0.00044,  -0.01269,  -0.00219,  -0.06697,   0.05559,   0.00306,   0.05909,   0.01182,   0.03808,   0.05559,  -0.04946,   0.01532,  -0.03896,  -0.01970,   0.07135,   0.02582,  -0.02495,   0.00481,   0.00306,   0.05209,   0.04858,   0.03458,  -0.03896,   0.01882,   0.00657,  -0.07047,  -0.03195,  -0.12825,   0.04158,  -0.01620,   0.13262,  -0.07397,   0.03808,  -0.00044,   0.01532,  -0.00919,  -0.02320,   0.00481,   0.03808,   0.04858,  -0.04421,   0.02232,   0.02407,  -0.03195,  -0.04246,   0.05384,  -0.00044,  -0.00744,   0.02232,   0.01882,  -0.02495,   0.02057,  -0.01620,  -0.02145,  -0.03721,   0.01882,  -0.02145,   0.06084,   0.01707,  -0.04771,   0.00481,   0.00306,  -0.05471,  -0.03195,   0.06259,  -0.02145,   0.04858,  -0.00919,   0.03108,   0.10811,  -0.06172,  -0.00569,  -0.10899,   0.03458,   0.00306,  -0.04421,  -0.00044,  -0.03370,  -0.00744,   0.01707,  -0.02845,   0.02232,   0.08710,   0.05209,   0.05734,  -0.05296,  -0.06872,   0.02757,  -0.00744,  -0.06697,   0.06784,   0.02757,  -0.01094,  -0.03545,   0.02933,   0.03283,   0.00131,   0.05034,  -0.02495,  -0.06172,   0.03633,  -0.03195,   0.02582,  -0.00744,  -0.07047,   0.07660,  -0.03195,   0.03283,  -0.04771,  -0.01620,   0.00657,   0.06609,   0.12212,  -0.04596,  -0.02670,  -0.08273,  -0.03370,   0.03108,  -0.02320,  -0.01094,  -0.03370,  -0.00219,  -0.05646,   0.01707,   0.01182,   0.02232,   0.01532,  -0.03721,   0.08010,   0.00481,   0.03283,  -0.03195,  -0.01795,   0.01532,   0.03633,   0.01357,   0.05384,  -0.03020,  -0.08798,   0.07310,  -0.04596,   0.01182,   0.01882,  -0.00919,  -0.02845,  -0.00044,  -0.10549,   0.01882,   0.01532,   0.01532,   0.05384,   0.04158,  -0.02670,  -0.06347,   0.00657,   0.00832,  -0.01970,   0.07835,   0.01882,   0.02582,   0.00481,  -0.02670,  -0.02495,   0.08360,   0.05384,   0.00832,  -0.03721,  -0.04246,  -0.02670,  -0.04421,   0.01182,   0.09586,  -0.00569,   0.03458,  -0.00569,  -0.03721,   0.01007,  -0.00219,   0.04683,   0.00131,   0.03633,  -0.02495,  -0.07047,  -0.00394,   0.09586,   0.01882,  -0.00744,  -0.01795,   0.06434,   0.02057,  -0.07397,  -0.00394,  -0.08273,   0.06434,  -0.04421,  -0.02320,   0.04683,   0.03283,   0.03633,  -0.03195,   0.02933,  -0.00044,  -0.07747,   0.01182,  -0.02845,  -0.00919,   0.08010,   0.08010,   0.02582,  -0.01970,  -0.03896,  -0.03721,  -0.04771,  -0.02320,   0.06784,   0.08360,  -0.07222,  -0.05997,  -0.04071,  -0.02845,   0.00832,  -0.07222,   0.05209,  -0.07922,   0.03633,   0.01357,   0.02057,   0.01182,  -0.01620,  -0.04771,   0.05734,  -0.01970,  -0.06347,   0.07135,   0.00832,   0.02057,   0.02407,   0.00832,  -0.01795,  -0.04421,  -0.07222,  -0.03545,   0.01007,  -0.02495,  -0.00569,  -0.01620,  -0.01795,   0.05034,  -0.02845,  -0.02495,   0.05559,   0.03283,  -0.04771,   0.03458,  -0.01970,   0.00131,   0.03283,   0.04508,  -0.11949,   0.05734,   0.01182,   0.06259,  -0.01620,   0.06084,   0.01532,   0.03108,   0.02933,   0.05909,  -0.01269,  -0.02320,   0.03808,   0.01182,   0.09060,  -0.01970,  -0.01269,   0.01882,  -0.04246,  -0.07572,  -0.07222,   0.05034,  -0.05997,  -0.00919,   0.09761,   0.02232,  -0.00044,  -0.00394,  -0.05471,   0.01007,   0.01182,  -0.04421,   0.02407,  -0.01269,   0.05559,   0.02757,   0.01357,   0.03633,  -0.07047,  -0.04071,   0.00131,  -0.02145,   0.10986,  -0.02670,   0.06084,   0.01707,  -0.04771,  -0.02670,  -0.02845,   0.02407,  -0.07047,   0.08010,   0.01007,  -0.00394,   0.04858,   0.12212,   0.03983,  -0.04596,   0.07485,  -0.01444,  -0.02145,   0.06784,  -0.01444,   0.01007,  -0.00044,   0.04508,   0.01357,  -0.00919,  -0.02845,  -0.01269,   0.05209,   0.00306,  -0.00219,   0.01357,   0.04858,  -0.05121,   0.00657,   0.02232,   0.01007,  -0.04946,   0.02933,  -0.02845,   0.09060,   0.01007,   0.00657,  -0.04946,   0.03808,  -0.00044,   0.08535,  -0.06347,  -0.03721,  -0.00919,  -0.05997,  -0.01269,   0.05559,  -0.00744,   0.03983,   0.06084,   0.04158,   0.03108,  -0.00044,   0.05209,  -0.06347,   0.08360,   0.05734,  -0.02145,  -0.04246,  -0.02670,   0.02232,   0.05909,   0.01357,   0.01882,   0.04508,   0.00481,   0.01357,   0.01182,  -0.06872,  -0.01444,  -0.01094,   0.05209,  -0.02670,  -0.05997,  -0.08273,   0.09936,  -0.00044,   0.08885,  -0.04246,  -0.01795,  -0.13175,   0.05909,   0.08360,  -0.02495,  -0.05822,  -0.08798,   0.06609,  -0.07222,   0.04508,   0.03108,  -0.07572,   0.02582,  -0.04596,  -0.05121,  -0.05822,   0.01182,   0.01532,  -0.11249,   0.06784,   0.00306,  -0.01094,   0.09586,   0.00832,  -0.01269,  -0.08273,  -0.03721,   0.02057,  -0.00919,   0.00481,   0.04858,  -0.02845,  -0.09148,  -0.03545,  -0.01620,  -0.00919,   0.01532,   0.09060,   0.02757,  -0.04071,  -0.05646,   0.06084,  -0.06522,  -0.01620,   0.06609,   0.02582,  -0.01094,   0.00306,   0.00481,  -0.14751,   0.00832,   0.02057,   0.03108,   0.00657,  -0.04421,   0.02407,  -0.05646,  -0.04771,  -0.07572,  -0.01795,  -0.00394,  -0.00744,  -0.03020,   0.02933,   0.02232,   0.00306,   0.01707,  -0.06872,  -0.00569,  -0.04421,  -0.00569,   0.02232,  -0.04071,  -0.02495,   0.01182,  -0.00044,  -0.00044,   0.10636,  -0.04246,   0.00481,   0.02407,  -0.00569,   0.09586,   0.01182,  -0.02145,   0.05209,  -0.03195,  -0.01094,   0.03808,   0.06434,   0.04858,  -0.01620,   0.02232,   0.03983,   0.01882,  -0.02320,  -0.02320,  -0.01094,   0.05034,  -0.00569,   0.04158,  -0.01094,  -0.03721,  -0.04596,  -0.07397,   0.01182,  -0.04771,  -0.04246,   0.01532,   0.02407,  -0.00569,   0.07135,  -0.01620,  -0.04771,  -0.01094,   0.01882,   0.08010,  -0.00744,   0.05384,  -0.04596,  -0.01094,   0.00832,   0.03458,  -0.06872,   0.02057,  -0.01094,  -0.03721,   0.02933,  -0.00044,  -0.03195,  -0.05646,  -0.01970,   0.05384,   0.01707,   0.00657,   0.01707,  -0.00394,   0.01357,   0.07135,   0.03808,  -0.00569,  -0.05471,   0.00481,  -0.00919,  -0.08623,   0.02407,  -0.05296,   0.02582,  -0.05997,   0.08535,  -0.01444,  -0.03896,   0.09411,  -0.01795,  -0.03020,  -0.00744,  -0.03195,   0.05734,  -0.03721,  -0.00044,   0.00306,  -0.00919,   0.06784,   0.01357,   0.03458,  -0.03545,   0.06959,   0.06959,  -0.02320,  -0.01094,   0.00832,  -0.03195,  -0.00044,  -0.04421,  -0.01094,   0.01182,  -0.05646,   0.05559,   0.04858,  -0.02320,  -0.03195,  -0.05121,  -0.06347,   0.04333,  -0.02670,  -0.01620,  -0.01269,  -0.08623,   0.00306,   0.01007,  -0.08973,  -0.01269,   0.11161,  -0.01094,   0.03808,  -0.07047,  -0.00569,   0.00832,   0.05909,   0.00832,  -0.00744,  -0.04596,   0.10986,   0.04683,   0.02232,  -0.01269,  -0.00394,   0.02757,  -0.07747,   0.04158,   0.01707,  -0.00919,  -0.05296,   0.04683,   0.05209,   0.05209,   0.03283,  -0.02145,   0.00481,  -0.02670,  -0.03896,  -0.05822,  -0.00044,  -0.00919,  -0.03896,   0.04158,  -0.03020,   0.02933,  -0.00044,   0.03633,   0.08010,   0.05734,  -0.02145,   0.04683,  -0.01970,  -0.07747,   0.02407,  -0.07047,  -0.07222,  -0.00044,   0.03808,   0.00481,  -0.03020,   0.04683,  -0.04421,   0.00131,  -0.00219,   0.03458,   0.05909,  -0.00919,   0.00657,  -0.01094,   0.02582,   0.01182,   0.09060,   0.07835,   0.00657,   0.04683,   0.02582,  -0.03370,   0.02757,  -0.04071,   0.02232,  -0.00569,  -0.04246,   0.00306,   0.05559,   0.03808,  -0.02495,  -0.06697,  -0.04071,  -0.04946,  -0.06172,   0.03983,   0.01357,   0.06084,   0.05034,   0.09411,  -0.03195,   0.05209,  -0.02670,   0.02407,   0.01182,  -0.02845,  -0.02145,  -0.06872,  -0.01620,  -0.05822,   0.03808,   0.05209,  -0.04946,  -0.01269,  -0.06522,   0.00306,  -0.01795,   0.02407,  -0.00744,   0.02232,   0.02582,  -0.05471,   0.03983,   0.10286,   0.08710,  -0.03721,   0.03633,   0.04333,   0.00481,   0.05734,  -0.06172,  -0.04771,  -0.01620,   0.04858,  -0.01620,  -0.06347,   0.01182,  -0.04596,   0.00131,   0.04333,   0.09936,  -0.04946,   0.05034,  -0.04946,  -0.00569,   0.02407,   0.01882,   0.06784,  -0.06872,  -0.02845,   0.14138,  -0.01795,   0.05034,   0.01707,  -0.04596,  -0.04946,  -0.05646,   0.03283,  -0.00919,   0.04333,   0.01882,   0.01882,   0.01007,   0.09761,  -0.01444,   0.01182,  -0.03545,   0.01357,   0.02582,  -0.06872,   0.00481,  -0.04071,  -0.09848,  -0.02320,  -0.00044,   0.00657,  -0.03020,  -0.08623,   0.03283,  -0.01269,   0.00657,   0.10986,  -0.00919,   0.06784,   0.01357,   0.08185,  -0.14400,  -0.01444,  -0.04771,  -0.02495,  -0.02495,  -0.03545,   0.05909,  -0.02320,  -0.03545,  -0.03721,   0.02407,  -0.00919,  -0.01795,   0.00481,  -0.01970,  -0.02495,   0.03983,   0.03983,   0.03458,  -0.04946,  -0.01094,  -0.02845,   0.02582,   0.03633,  -0.04596,   0.03458,  -0.02320,   0.01882,  -0.08973,   0.05734,  -0.03020,  -0.01795,  -0.01970,   0.00832,   0.00131,  -0.02670,  -0.01970,  -0.03195,  -0.03020,   0.00131,  -0.03545,   0.02232,  -0.03896,  -0.02495,  -0.00569,  -0.02670,   0.05909,   0.07135,   0.05384,   0.00306,  -0.00919,   0.03283,  -0.00919,   0.04333,  -0.00219,   0.02933,   0.03808,   0.00481,  -0.00919,  -0.08098,   0.01182,   0.01357,  -0.02145,  -0.06872,   0.04333,   0.07135,   0.09235,   0.03283,   0.12037,  -0.01795,  -0.02320,   0.06784,   0.03283,  -0.01795,   0.06609,  -0.02495,  -0.01094,   0.01532,   0.06434,  -0.00569,   0.01882,   0.00832,   0.05034,   0.01182,  -0.03721,   0.00306,   0.01007,  -0.01269,   0.08010,   0.08010,  -0.07922,   0.02407,   0.00131,  -0.01269,  -0.00394,  -0.00919,  -0.02670,  -0.03545,   0.03108,  -0.00569,  -0.02145,   0.04158,  -0.01795,  -0.03370,   0.00657,   0.01707,  -0.04596,  -0.06522,  -0.02495,  -0.03020,   0.05734,  -0.04946,   0.01182,  -0.04596,   0.03633,   0.06084,  -0.00569,   0.01007,   0.08010,   0.05734,   0.06959,  -0.03370,   0.02407,   0.01007,   0.01182,   0.01357,  -0.02320,   0.01882,  -0.00219,  -0.02670,  -0.04771,   0.03283,   0.03983,   0.00306,   0.06084,  -0.01620,  -0.02320,   0.03283,   0.04158,   0.00481,   0.00131,  -0.01094,   0.04858,   0.06259,  -0.00919,   0.03983,   0.02933,  -0.11249,   0.05559,  -0.02495,   0.01532,   0.03108,   0.03983,  -0.03896,  -0.04421,   0.08185,   0.05734,   0.03283,   0.00832,   0.02582,   0.02057,   0.01532,   0.07835,   0.01007,  -0.02145,   0.06434,   0.05559,   0.07835,  -0.01620,  -0.05471,   0.01882,   0.07835,  -0.00394,   0.02933,   0.01007,   0.02057,   0.04158,  -0.04246,   0.02407,  -0.08798,   0.02933,   0.05209,   0.00832,   0.00832,   0.03808,   0.11336,   0.05384,  -0.01444,  -0.07047,  -0.03195,  -0.00569,   0.00481,  -0.04596,   0.00131,  -0.09848,   0.02407,  -0.07222,   0.03458,   0.04508,  -0.05471,  -0.10724,   0.00131,  -0.00919,   0.03108,  -0.04071,  -0.01970,   0.06434,   0.01182,  -0.04421,  -0.00394,  -0.01444,   0.03283,  -0.04071,  -0.01795,   0.02757,  -0.03370,   0.08885,   0.00131,   0.12212,  -0.06522,   0.01532,  -0.00919,   0.06434,   0.07135,   0.01007,   0.06609,   0.01882,   0.04158,   0.02582,  -0.02670,  -0.09148,   0.02232,   0.00131,   0.00657,   0.01707,   0.04508,   0.04158,  -0.01444,   0.02232,   0.00306,   0.03983,  -0.03545,  -0.03545,   0.01357,   0.09586,   0.02057,  -0.01444,  -0.01795,  -0.07572,   0.05384,  -0.04071,   0.00657,  -0.03195,   0.03808,   0.03808,  -0.00919,  -0.00919,  -0.06697,  -0.10374,  -0.04771
  -0.08098,  -0.01620,  -0.01094,  -0.00394,   0.06084,  -0.05471,  -0.02145,   0.04683,   0.00306,   0.07660,  -0.00394,   0.01532,   0.09235,   0.12562,   0.10286,  -0.05822,   0.00481,  -0.00044,   0.10111,   0.00306,  -0.01269,   0.04683,   0.07835,  -0.04771,  -0.03020,  -0.00569,  -0.02145,  -0.06697,   0.00306,  -0.08448,   0.02407,   0.00481,  -0.00569,   0.06959,  -0.01795,   0.02757,   0.01357,   0.03983,  -0.02845,  -0.01094,   0.02057,  -0.00394,   0.02933,  -0.08798,  -0.03195,   0.00131,   0.05559,  -0.06172,  -0.02670,   0.01532,   0.09235,  -0.01444,   0.04508,   0.10986,  -0.03545,   0.01532,  -0.02845,   0.04158,   0.00657,  -0.00744,   0.03283,   0.04508,   0.08710,   0.08010,   0.07835,   0.08010,   0.08885,   0.01182,   0.06084,   0.02232,   0.09586,  -0.06522,  -0.01094,  -0.07222,   0.01007,   0.05559,  -0.01269,   0.03633,  -0.02495,  -0.02670,   0.02933,   0.05559,  -0.02145,   0.05559,   0.03458,   0.02582,  -0.02320,  -0.01795,  -0.00394,  -0.05471,   0.05909,  -0.02145,   0.02582,  -0.00219,   0.05034,   0.04158,  -0.06697,  -0.01795,  -0.05296,  -0.02495,  -0.02845,  -0.11599,   0.05559,   0.00481,  -0.07572,  -0.00919,  -0.15801,  -0.02495,  -0.06172,  -0.02495,  -0.00394,   0.00832,   0.04158,  -0.08798,  -0.01620,  -0.10899,   0.04858,  -0.03370,  -0.00919,   0.09411,  -0.03020,   0.03108,  -0.00044,   0.02757,  -0.02670,  -0.05296,   0.09936,   0.03283,   0.00481,   0.08710,  -0.03721,  -0.10374,   0.05034,  -0.05296,   0.02757,  -0.07047,   0.06959,  -0.01620,  -0.04071,   0.00832,  -0.04246,   0.04158,   0.02232,   0.01357,  -0.00044,   0.06609,   0.04858,   0.05384,  -0.03721,  -0.02145,   0.06084,  -0.01444,  -0.04246,  -0.02145,   0.01707,   0.02057,   0.06084,   0.01007,   0.04158,  -0.08273,  -0.06522,  -0.04246,  -0.07222,   0.04683,  -0.01795,  -0.07747,   0.01182,   0.03108,  -0.03195,  -0.06872,   0.03458,  -0.01795,   0.01182,  -0.01094,  -0.01094,   0.04333,  -0.07922,  -0.00569,  -0.03020,   0.01882,  -0.01444,   0.10461,   0.03633,   0.05559,   0.02232,   0.01532,  -0.00919,   0.02933,   0.05734,  -0.01970,  -0.07222,  -0.00744,  -0.02145,   0.02757,  -0.00744,  -0.02495,  -0.02145,   0.01882,   0.03458,  -0.05121,  -0.02145,   0.05209,   0.00832,   0.03458,  -0.05121,   0.02933,   0.00832,  -0.02495,  -0.05296,  -0.01444,   0.03458,   0.03458,  -0.02320,  -0.01620,   0.00832,  -0.10549,  -0.06522,   0.02933,   0.02582,  -0.04421,   0.08710,  -0.03020,  -0.06522,  -0.01094,   0.00131,  -0.01444,  -0.03545,   0.02407,   0.04508,   0.02057,  -0.03195,   0.10286,  -0.01970,   0.01357,   0.07310,  -0.03195,   0.03283,  -0.03896,  -0.02495,   0.02582,   0.03458,   0.07310,   0.02407,  -0.01269,   0.06084,  -0.09323,  -0.05121,   0.02582,  -0.01094,   0.01882,   0.02582,  -0.03721,  -0.03195,   0.01182,   0.03983,   0.05909,   0.05384,   0.02232,   0.00832,  -0.04421,   0.01707,  -0.06522,  -0.07572,  -0.07222,  -0.06347,   0.05734,   0.01182,   0.00306,  -0.02670,  -0.00219,   0.06784,   0.02057,  -0.01620,   0.01707,  -0.04946,  -0.03545,  -0.08273,   0.02407,  -0.01094,   0.05384,   0.02757,  -0.01094,   0.08710,  -0.03020,  -0.02320,   0.09936,   0.01707,  -0.00744,   0.05384,  -0.01970,   0.08010,   0.00131,   0.02757,   0.00832,   0.04508,   0.00481,   0.06434,  -0.02495,   0.05734,  -0.03020,  -0.05822,   0.06434,   0.08885,   0.02232,   0.02232,   0.03108,   0.09761,   0.01532,  -0.01620,  -0.01094,  -0.00569,  -0.01795,  -0.02670,   0.03458,   0.07485,   0.01532,   0.06084,  -0.01970,  -0.09148,  -0.05471,  -0.01444,  -0.14400,  -0.01970,  -0.04596,  -0.00919,   0.06784,   0.02582,  -0.01094,   0.00832,   0.02933,  -0.07572,   0.01707,  -0.03370,  -0.01269,   0.01707,  -0.04421,  -0.02670,  -0.02145,  -0.02670,   0.03458,   0.01882,   0.01182,  -0.01094,  -0.01620,  -0.04596,   0.05559,   0.00481,   0.01007,   0.01357,  -0.04071,   0.03808,   0.06609,   0.03458,   0.05034,   0.02232,  -0.00394,  -0.00219,  -0.00044,   0.04158,   0.05209,  -0.07397,   0.03108,  -0.00394,   0.01882,   0.03633,  -0.01620,  -0.00219,   0.11687,  -0.08273,  -0.06872,   0.00306,   0.05734,  -0.02145,   0.00306,   0.03983,  -0.04946,  -0.00744,   0.03983,   0.07135,   0.03458,   0.10111,   0.08710,   0.02582,  -0.03195,  -0.00044,   0.08710,   0.01357,   0.01357,  -0.02495,  -0.03195,  -0.02670,   0.03458,   0.03458,  -0.03195,   0.05734,  -0.01094,  -0.00569,  -0.03195,   0.01357,   0.04333,   0.05734,   0.05559,   0.04158,   0.05209,   0.06259,  -0.03896,  -0.10023,  -0.00394,   0.06959,   0.01707,   0.02757,   0.04158,  -0.05296,  -0.00219,   0.03808,  -0.01094,  -0.00394,   0.06259,  -0.00219,   0.00657,  -0.03020,   0.03283,   0.05559,  -0.03896,  -0.00044,  -0.03195,   0.04858,   0.00131,   0.00131,   0.00306,  -0.01970,  -0.03020,  -0.00044,   0.00832,   0.03808,   0.00481,  -0.00044,  -0.02670,  -0.08973,  -0.01620,  -0.01269,   0.04508,  -0.01269,  -0.00219,   0.01532,   0.03808,  -0.03721,   0.03983,   0.02933,  -0.03370,  -0.05121,  -0.00919,   0.01007,   0.05734,   0.02232,   0.00481,  -0.05822,   0.03808,  -0.01094,  -0.08798,   0.00657,   0.04158,  -0.02845,   0.00832,  -0.05296,  -0.05296,  -0.05997,   0.05384,   0.05034,  -0.02845,   0.02757,  -0.00394,   0.07310,   0.05209,  -0.05121,   0.03108,   0.01182,  -0.00219,  -0.03195,   0.02057,  -0.00919,   0.01707,   0.00657,   0.02757,   0.00481,  -0.06347,  -0.00219,   0.03108,   0.00832,   0.08885,  -0.15101,  -0.05121,   0.05209,  -0.01269,  -0.01620,   0.01532,   0.02757,  -0.05822,  -0.01620,  -0.01444,   0.02933,   0.00657,   0.00131,  -0.03370,  -0.05646,  -0.01444,  -0.06872,   0.06434,  -0.01269,   0.00657,   0.08885,   0.01182,   0.03458,   0.03283,   0.02933,   0.08010,  -0.04246,  -0.05471,  -0.02670,   0.01707,  -0.02495,  -0.01269,  -0.01620,   0.01882,   0.08535,   0.05209,   0.03808,  -0.03721,   0.05909,   0.03108,  -0.03721,  -0.02320,   0.10461,   0.01357,  -0.03020,  -0.04246,  -0.03195,  -0.04596,   0.00657,   0.08885,   0.09761,   0.00657,  -0.02495,  -0.03545,   0.02057,   0.01182,   0.06784,  -0.00919,  -0.07747,   0.01182,   0.08710,   0.05909,   0.02407,  -0.06872,  -0.04071,   0.03458,   0.00832,   0.12562,   0.06784,   0.05909,  -0.06172,  -0.07047,  -0.00044,   0.01007,   0.03458,  -0.06522,  -0.05822,   0.07135,  -0.03195,   0.05909,   0.02933,   0.00657,  -0.00744,  -0.02670,  -0.00394,   0.03283,  -0.01094,  -0.06172,   0.04508,  -0.00919,  -0.06347,   0.08710,   0.02582,   0.07485,   0.05559,  -0.00044,  -0.03020,   0.01882,   0.00131,  -0.05471,   0.05034,   0.03458,   0.00657,  -0.01269,   0.05034,  -0.01269,  -0.03195,  -0.02145,  -0.01094,  -0.11424,   0.04858,  -0.01269,   0.15538,   0.09586,  -0.01970,  -0.06347,   0.05909,   0.03983,   0.00131,   0.01357,  -0.03896,   0.01882,   0.01357,  -0.04421,   0.03458,   0.05034,   0.03458,  -0.06172,   0.00832,   0.06609,   0.03108,  -0.01269,   0.00131,  -0.06522,  -0.02320,  -0.09148,   0.00481,  -0.03545,  -0.01094,  -0.01970,  -0.01620,   0.05209,  -0.00219,   0.04858,  -0.01620,   0.02582,   0.01532,   0.05209,   0.03108,   0.02407,  -0.04421,  -0.00569,  -0.00394,   0.00657,  -0.07047,  -0.03195,  -0.00569,  -0.08973,   0.05734,   0.05384,  -0.02845,   0.02232,  -0.03545,   0.03108,  -0.03370,   0.03108,  -0.08623,   0.05384,  -0.07047,   0.00832,   0.04508,  -0.01094,  -0.01970,   0.00306,   0.01707,   0.09060,   0.01532,   0.00131,   0.00832,  -0.02320,   0.08360,  -0.05646,  -0.00744,   0.04858,   0.03283,   0.00657,   0.02232,  -0.04946,  -0.00044,  -0.00744,  -0.01094,  -0.03195,   0.01882,   0.08710,   0.03633,  -0.00569,   0.05384,  -0.00044,   0.06084,   0.11161,  -0.08798,  -0.07572,  -0.02670,   0.07835,  -0.12124,  -0.00744,  -0.10549,   0.05384,  -0.03370,  -0.03195,   0.03108,   0.03108,   0.04333,  -0.01269,  -0.01620,  -0.05997,  -0.02845,  -0.03896,  -0.00219,  -0.03896,  -0.01795,  -0.00219,  -0.00044,   0.01707,  -0.06522,   0.08885,  -0.03195,   0.01532,   0.03283,   0.01182,   0.06784,   0.08185,   0.02933,  -0.07047,  -0.04771,  -0.01444,  -0.04946,   0.03808,   0.09761,  -0.04071,   0.06609,   0.08710,  -0.07747,  -0.01444,   0.01182,  -0.03896,   0.00306,  -0.03545,  -0.02845,  -0.02845,   0.00306,   0.03983,   0.06434,   0.06784,   0.06084,   0.02232,  -0.00919,   0.03633,   0.01882,   0.08010,   0.04158,  -0.05646,  -0.06522,  -0.04596,   0.02407,  -0.10899,  -0.01094,  -0.01795,  -0.05997,  -0.03020,  -0.04596,  -0.04946,   0.01182,   0.02582,   0.04333,  -0.07922,   0.11161,   0.05034,  -0.05296,  -0.00044,   0.03283,   0.01007,   0.05034,   0.02933,  -0.02670,  -0.02320,  -0.08623,   0.04508,  -0.02320,   0.07485,  -0.01795,   0.02232,   0.01707,  -0.02670,  -0.00919,  -0.07397,   0.04333,  -0.02495,  -0.01620,  -0.00744,  -0.04071,   0.06259,   0.01707,   0.09411,  -0.02320,  -0.00394,   0.04858,  -0.00744,   0.12737,   0.00657,  -0.03195,  -0.03545,  -0.04246,   0.02582,   0.01532,   0.00481,   0.05909,  -0.00219,   0.05559,   0.04158,   0.07485,   0.06259,  -0.01795,  -0.02320,   0.02232,  -0.02845,   0.00306,   0.07135,   0.00657,  -0.00044,  -0.01094,  -0.03545,   0.04858,  -0.03721,  -0.03195,   0.07135,  -0.02670,  -0.05121,   0.00832,   0.12737,   0.02057,   0.02057,   0.01182,   0.00306,  -0.02495,   0.00306,  -0.01970,   0.00657,  -0.03195,  -0.04421,   0.02407,  -0.10374,   0.03633,   0.03808,  -0.11074,  -0.00569,   0.01357,   0.00306,  -0.04771,  -0.03896,   0.05909,   0.02407,  -0.07922,   0.06434,   0.01532,   0.02582,   0.06959,   0.06959,  -0.08623,  -0.04071,   0.03283,   0.04158,  -0.03020,   0.06434,  -0.01620,   0.01882,  -0.07222,   0.03283,   0.00657,  -0.11424,  -0.02320,  -0.01620,   0.01182,  -0.04071,   0.06084,   0.05034,   0.01182,  -0.03370,   0.03283,  -0.05121,  -0.00044,   0.03283,   0.08885,   0.08710,   0.04158,   0.03108,   0.05734,   0.09586,   0.03808,   0.07485,   0.00657,  -0.03896,   0.05559,   0.10286,  -0.03896,   0.06784,   0.03983,   0.01007,  -0.01795,   0.03983,   0.00481,   0.01007,  -0.04246,   0.06434,  -0.00219,   0.06259,   0.00306,  -0.04771,  -0.00044,  -0.08973,   0.04508,   0.06609,  -0.00394,   0.02582,   0.05384,  -0.03195,  -0.08273,  -0.00044,   0.04333,  -0.06697,   0.02933,  -0.07397,   0.01357,   0.03633,  -0.00919,   0.04333,  -0.03020,  -0.08448,   0.06084,   0.03283,   0.03983,   0.07135,   0.03983,  -0.03195,  -0.02145,   0.09060,   0.04858,   0.03283,  -0.01094,   0.05559,  -0.00044,   0.08710,   0.01532,   0.11862,   0.04333,  -0.02670,  -0.02845,   0.00481,   0.08360,   0.04508,   0.10111,  -0.08098,  -0.05471,  -0.01444,  -0.05646,  -0.01795,  -0.00569,  -0.00569,  -0.03195,  -0.07222,  -0.04596,  -0.03896,   0.01532,   0.06259,   0.02407,  -0.00044,  -0.00394,  -0.01970,   0.02232,   0.02232,   0.02407,  -0.04421,   0.01532,   0.00306,   0.01707,  -0.03545,  -0.07922,   0.04683,   0.00306,   0.02757,  -0.03896,   0.02933,   0.06609,   0.00306,  -0.03896,  -0.05121,   0.00657,   0.08360,   0.01182,  -0.03721,  -0.00919,  -0.03545,  -0.01620,   0.01532,   0.05909,   0.03108,  -0.03370,  -0.02495,   0.01707,   0.00481,   0.01707,  -0.03545,  -0.06872,  -0.05471,  -0.00919,   0.00832,  -0.10023,  -0.01269,  -0.02145,   0.03808,  -0.01970,   0.07485,   0.06784,  -0.12475,  -0.01094,  -0.01795,   0.01532,   0.04858,  -0.08273,   0.00306,   0.04858,  -0.08273,  -0.00044,   0.01007
   0.01182,   0.03108,   0.00306,   0.01882,  -0.00569,   0.04333,  -0.03896,  -0.01795,  -0.00744,  -0.04596,  -0.03545,  -0.00394,   0.08010,   0.03283,  -0.00569,  -0.01970,   0.04333,   0.01882,   0.01007,  -0.02145,  -0.01620,  -0.07222,   0.04508,  -0.09148,   0.07135,  -0.03020,  -0.04071,   0.01357,  -0.01444,   0.04158,  -0.03721,  -0.01094,   0.03983,   0.03108,   0.03633,  -0.02320,   0.00306,   0.00832,   0.03633,  -0.07572,  -0.00919,   0.01007,   0.03108,  -0.00219,  -0.04771,   0.00657,   0.00481,   0.00131,  -0.02845,  -0.04946,   0.01007,  -0.03545,   0.01357,  -0.03020,   0.05384,  -0.04421,   0.05384,  -0.00569,   0.01007,  -0.01620,   0.01007,  -0.08623,  -0.01269,  -0.02845,   0.00131,  -0.03545,   0.03458,   0.04683,   0.01182,   0.05209,   0.03633,  -0.00044,  -0.03370,  -0.01444,  -0.01795,  -0.04596,   0.00306,   0.01707,   0.10286,  -0.02320,  -0.02845,  -0.03896,  -0.00044,   0.02232,  -0.03721,   0.05559,  -0.05471,   0.06609,  -0.08623,   0.01882,   0.03108,   0.02582,   0.03808,  -0.08273,   0.02582,  -0.06697,   0.03983,   0.03283,   0.02933,  -0.03721,  -0.02845,   0.05909,  -0.02320,  -0.03195,  -0.05997,  -0.03195,  -0.04771,   0.03108,  -0.04071,  -0.03545,  -0.02320,   0.02407,  -0.00569,  -0.00919,   0.09235,  -0.02145,  -0.00569,  -0.10899,   0.06434,   0.00306,  -0.03370,   0.01707,  -0.01094,   0.02407,  -0.06522,   0.02757,   0.00481,  -0.00394,  -0.00744,   0.06434,   0.02582,   0.02057,   0.10636,  -0.03545,   0.01707,   0.00657,   0.04508,   0.01357,   0.00657,   0.03108,   0.07135,   0.01882,  -0.02670,   0.04683,  -0.02145,  -0.02145,  -0.04246,  -0.03721,  -0.09498,   0.00481,   0.04858,   0.01357,   0.00481,  -0.06697,   0.02933,  -0.03370,   0.00131,   0.03983,   0.02232,  -0.04596,   0.01007,  -0.04596,   0.00657,  -0.03020,  -0.02320,   0.02232,  -0.04771,   0.01707,  -0.03195,   0.01532,  -0.06172,  -0.00219,   0.01882,   0.05559,  -0.03545,  -0.01094,   0.05559,   0.02407,   0.01357,   0.02407,  -0.05471,   0.03283,  -0.03020,  -0.00394,   0.03458,  -0.00744,   0.00832,  -0.05121,  -0.05646,  -0.03896,   0.05559,  -0.04946,   0.03458,   0.01532,   0.06259,  -0.03020,  -0.02495,  -0.02495,   0.05734,  -0.07922,   0.04858,  -0.00044,   0.04683,  -0.00744,   0.01882,   0.06259,   0.04683,  -0.02670,   0.03108,  -0.00219,   0.01357,  -0.04596,   0.03983,  -0.00744,   0.04158,   0.08360,  -0.07572,   0.01532,  -0.09323,   0.01357,   0.02057,  -0.01269,   0.09235,   0.00832,  -0.01795,   0.01532,  -0.04421,  -0.00569,  -0.08448,  -0.01970,   0.06434,  -0.03896,   0.08535,  -0.02320,  -0.01970,  -0.07747,  -0.01795,   0.02407,   0.01532,  -0.01269,   0.00657,   0.03808,  -0.00394,  -0.00394,  -0.02845,  -0.03545,   0.04333,  -0.06347,   0.02232,   0.02757,  -0.01970,  -0.02495,  -0.00219,  -0.03370,  -0.09498,   0.00131,   0.04683,  -0.06697,  -0.00219,  -0.00044,   0.05209,  -0.01269,   0.03633,  -0.06872,   0.01182,  -0.07397,  -0.02145,  -0.05646,  -0.00744,  -0.00919,  -0.03721,  -0.01444,   0.00131,  -0.02145,  -0.03370,   0.06259,   0.04508,  -0.00744,   0.01532,  -0.01094,  -0.04596,  -0.01620,  -0.01094,  -0.03721,   0.00657,  -0.01444,   0.05034,   0.02757,  -0.00569,  -0.05646,   0.01532,   0.01357,  -0.00044,   0.08535,   0.00657,  -0.04946,   0.10636,   0.04508,   0.01882,   0.01707,  -0.04246,  -0.06172,  -0.00569,   0.01182,   0.03983,  -0.01269,   0.01882,   0.02933,  -0.01269,  -0.00219,  -0.03195,  -0.00219,   0.02407,   0.03108,  -0.00044,  -0.05471,  -0.11424,   0.01707,  -0.03020,   0.04333,  -0.05471,   0.06959,  -0.06347,  -0.01620,   0.02057,   0.04333,   0.01882,  -0.07397,  -0.00044,  -0.06697,   0.03458,  -0.02320,  -0.02670,   0.00481,   0.00481,  -0.07747,  -0.01795,   0.02582,  -0.08623,   0.00306,   0.01007,  -0.00394,  -0.01795,   0.06084,   0.04508,  -0.01620,   0.00131,  -0.00919,   0.07310,  -0.05471,   0.03458,  -0.02495,  -0.03370,  -0.02670,   0.03983,  -0.01444,   0.01007,  -0.03545,  -0.03545,  -0.00219,  -0.07747,   0.01532,   0.00131,  -0.00744,  -0.03020,   0.03983,  -0.01269,  -0.03896,  -0.01970,  -0.02670,  -0.01094,   0.00306,  -0.00044,   0.00306,   0.02407,  -0.01795,   0.01357,   0.04508,   0.01532,   0.03283,  -0.03721,   0.00481,   0.01357,   0.02582,  -0.04246,  -0.00744,   0.09411,  -0.03545,  -0.01444,   0.06959,   0.05734,   0.04333,  -0.06347,  -0.00744,  -0.04596,  -0.04421,   0.01357,  -0.01795,  -0.05646,   0.02057,   0.01357,  -0.01269,   0.05209,   0.03808,  -0.00394,   0.03108,  -0.00044,  -0.07922,   0.01182,  -0.00744,  -0.01444,  -0.01444,  -0.01094,  -0.00219,   0.00306,   0.01357,  -0.00569,   0.03633,  -0.04596,  -0.05997,  -0.00569,   0.01182,  -0.02495,   0.06259,  -0.02670,   0.02057,  -0.01620,  -0.05822,   0.02582,   0.01357,   0.04508,   0.05909,  -0.06522,  -0.08623,   0.00306,   0.07135,   0.00131,   0.01007,  -0.00044,  -0.06172,   0.05384,  -0.00219,  -0.01444,   0.05209,   0.03808,   0.00657,  -0.02845,  -0.00744,   0.04683,   0.03983,  -0.07397,  -0.00744,   0.06084,   0.03108,  -0.03896,  -0.01970,  -0.04946,   0.03283,   0.02057,  -0.01444,  -0.01094,  -0.00219,   0.03808,   0.01182,   0.02582,  -0.05822,   0.05384,  -0.01795,  -0.02845,  -0.00744,  -0.07047,  -0.05997,  -0.02670,  -0.05296,   0.06784,   0.04683,  -0.02495,   0.00832,   0.04858,   0.05734,   0.03108,   0.00657,   0.02933,   0.00306,   0.03983,   0.03458,   0.04508,   0.00131,  -0.02145,  -0.04596,   0.01357,  -0.00744,  -0.01970,  -0.12475,  -0.06172,   0.05909,  -0.00219,  -0.03896,  -0.00919,   0.05734,   0.01007,  -0.01970,   0.02582,  -0.03020,   0.00832,  -0.00394,   0.00131,  -0.04596,  -0.01269,  -0.03195,   0.02582,  -0.07922,   0.04158,  -0.05296,  -0.01269,  -0.00394,  -0.00044,  -0.00219,  -0.06872,   0.08360,  -0.00394,   0.00832,   0.07835,   0.07660,   0.05034,   0.01007,   0.06609,   0.05209,  -0.07922,  -0.02670,  -0.02320,  -0.02145,  -0.04946,  -0.04596,   0.04683,  -0.01269,   0.00306,  -0.00919,  -0.02670,   0.00131,  -0.01094,  -0.02670,   0.03283,   0.02757,  -0.01970,  -0.06872,  -0.01970,  -0.04421,   0.05734,  -0.11074,   0.03108,   0.08010,  -0.03370,  -0.00569,  -0.01620,  -0.03020,  -0.07047,   0.03808,   0.02933,   0.00131,  -0.01269,   0.01007,   0.01882,   0.08885,   0.00657,   0.01532,  -0.03020,   0.02407,  -0.03545,  -0.02495,   0.01532,  -0.08448,  -0.03721,   0.07835,  -0.01094,  -0.01970,  -0.01795,   0.03983,  -0.00919,  -0.04771,   0.00832,   0.08010,   0.01007,  -0.04946,   0.04683,  -0.08273,   0.03283,   0.00306,  -0.01970,   0.06084,  -0.03545,   0.05559,  -0.00219,  -0.02670,   0.00306,  -0.04071,   0.04508,  -0.04596,  -0.03020,   0.04508,  -0.05822,  -0.00569,  -0.04596,  -0.04071,  -0.01795,   0.06959,   0.00306,  -0.02670,  -0.01444,  -0.08273,  -0.01444,  -0.03020,  -0.05646,  -0.01444,   0.07660,   0.09235,   0.00131,   0.02232,   0.01532,  -0.00744,  -0.05822,   0.02933,  -0.02320,   0.03283,   0.03108,   0.00131,   0.01007,  -0.04421,  -0.00394,   0.03983,   0.03283,  -0.00394,  -0.10199,  -0.03020,   0.06084,  -0.00569,   0.06084,   0.03283,  -0.03896,  -0.04071,   0.02057,  -0.09148,  -0.03545,   0.01007,  -0.03020,  -0.00744,   0.12212,   0.05209,  -0.00219,  -0.02670,  -0.04771,   0.00131,  -0.00044,   0.03458,  -0.00044,   0.01007,  -0.06172,   0.02057,  -0.00744,  -0.01970,  -0.08448,  -0.02845,   0.09586,  -0.08973,  -0.02670,  -0.06172,   0.04508,   0.01882,  -0.01269,   0.05734,   0.02407,   0.01007,  -0.01444,  -0.00394,   0.04508,  -0.02145,   0.05559,  -0.04071,  -0.08448,   0.05384,   0.09060,  -0.04246,  -0.04771,   0.02757,  -0.02320,  -0.03370,   0.00657,   0.04333,   0.07660,   0.01532,  -0.01620,   0.00481,   0.01707,  -0.07572,  -0.05997,  -0.03195,  -0.07747,  -0.05997,  -0.05121,  -0.04071,  -0.02495,   0.01357,  -0.00744,   0.09586,  -0.01094,  -0.01795,   0.01882,   0.04858,   0.01707,   0.05734,  -0.04421,   0.03633,  -0.03545,   0.02757,   0.03983,  -0.06522,   0.02407,  -0.02320,  -0.00569,   0.02407,   0.01182,  -0.00919,  -0.10724,   0.05909,   0.01707,  -0.02495,   0.02757,  -0.05296,  -0.02320,  -0.02145,   0.02757,  -0.01444,  -0.00569,  -0.02670,  -0.02145,  -0.02320,  -0.04421,   0.06609,   0.01357,   0.00657,  -0.01795,  -0.00219,   0.03283,   0.01707,   0.03108,   0.01882,   0.00481,  -0.00044,  -0.05997,   0.03283,  -0.01795,  -0.00919,  -0.01269,   0.04508,   0.03283,  -0.03545,   0.00306,  -0.02495,  -0.03370,   0.02933,  -0.03896,  -0.01620,   0.02933,  -0.02320,  -0.01620,   0.00481,   0.07135,   0.01182,   0.03633,   0.06084,   0.00832,   0.02407,   0.03283,   0.03458,  -0.06522,  -0.01444,  -0.00744,   0.00306,  -0.08098,  -0.02495,  -0.05121,  -0.04421,   0.02933,  -0.02145,   0.09060,  -0.02320,  -0.04421,   0.01532,   0.06784,  -0.13875,   0.07310,   0.02232,   0.03458,   0.05734,  -0.01970,  -0.01094,   0.02933,  -0.07222,  -0.03195,  -0.02845,   0.08710,   0.03458,  -0.04246,  -0.03020,   0.03458,  -0.03195,   0.00306,  -0.00219,   0.00131,   0.08185,   0.01357,   0.00131,  -0.04946,  -0.00044,  -0.07747,  -0.02320,   0.01357,   0.01707,  -0.00219,   0.11687,   0.00131,  -0.07397,   0.00832,   0.01182,  -0.02320,   0.02757,   0.02933,   0.02933,  -0.03370,  -0.01795,  -0.06697,   0.01182,  -0.02495,   0.01882,   0.01357,   0.01182,  -0.02670,   0.03808,  -0.02495,  -0.01795,   0.03983,   0.08185,   0.04858,   0.01357,   0.05734,   0.03633,  -0.01795,  -0.03545,  -0.04246,   0.01007,   0.01707,   0.05384,  -0.03545,  -0.02145,  -0.03721,  -0.04071,   0.02407,  -0.03370,  -0.00394,  -0.03545,  -0.01970,   0.01007,   0.05209,  -0.00744,   0.07835,  -0.04771,  -0.02845,   0.02582,  -0.02320,  -0.00394,  -0.01269,  -0.01970,  -0.03020,   0.06784,  -0.00219,  -0.03195,  -0.05471,   0.00481,  -0.04946,   0.01882,  -0.00219,  -0.00044,  -0.08448,  -0.01620,  -0.04421,   0.00657,   0.01882,  -0.05121,   0.02407,  -0.02145,   0.01357,   0.04858,  -0.01444,  -0.01269,  -0.06697,   0.03808,   0.05734,  -0.07397,   0.01707,   0.02582,  -0.00744,  -0.03896,  -0.03020,  -0.00919,  -0.01094,  -0.00919,  -0.01269,  -0.05471,  -0.01444,   0.03633,  -0.00219,   0.06259,   0.02933,  -0.03370,  -0.03545,   0.02582,  -0.04421,  -0.02145,   0.02582,   0.00481,   0.00306,  -0.02845,  -0.01444,   0.01182,   0.02407,   0.04858,  -0.01094,   0.01357,  -0.04596,   0.02933,   0.01882,   0.05034,  -0.01795,   0.01182,  -0.02495,   0.00306,  -0.03721,   0.01182,   0.04158,  -0.00044,   0.05384,  -0.00044,   0.00306,  -0.03545,   0.01182,   0.03108,   0.00481,   0.05909,  -0.06872,   0.00481,   0.05734,   0.05559,  -0.02670,   0.00131,   0.06609,  -0.00219,  -0.00044,  -0.06697,   0.06434,   0.04333,   0.05209,  -0.01269,  -0.00569,   0.08360,   0.00832,   0.08010,   0.01007,   0.00832,  -0.01970,  -0.01444,  -0.00744,  -0.01620,  -0.02495,  -0.00569,  -0.07572,  -0.03896,   0.08360,   0.05209,   0.04683,  -0.01970,  -0.00394,   0.06259,  -0.04246,   0.01532,   0.03633,   0.05384,  -0.03370,  -0.07747,  -0.08098,  -0.05296,   0.03633,   0.05734,  -0.08448,   0.03808,  -0.00044,   0.01882,  -0.04071,  -0.05471,   0.03983,  -0.02320,   0.07835,   0.00832,   0.02407,   0.01182,  -0.02320,  -0.05646,  -0.03370,  -0.00219,   0.00131,  -0.01795,   0.03108,  -0.06172,   0.02757,  -0.02320,   0.05034,  -0.00044,  -0.01970,  -0.03721,  -0.04596,   0.11336,   0.04858,  -0.08623,  -0.04946,   0.02407
  -0.02670,  -0.03195,  -0.01094,  -0.05646,  -0.00394,  -0.03896,   0.01357,   0.00832,   0.01007,  -0.03721,  -0.00394,  -0.02845,  -0.00744,  -0.04946,  -0.00219,   0.01707,  -0.00044,   0.01532,   0.09235,   0.03283,  -0.00569,  -0.03020,  -0.06172,  -0.03721,   0.00131,  -0.03020,   0.02582,   0.01532,   0.02232,   0.02757,  -0.00569,  -0.00744,  -0.02145,  -0.03370,  -0.01094,  -0.07922,   0.00306,  -0.00219,  -0.00394,  -0.00394,  -0.00744,   0.02933,  -0.00219,  -0.01970,  -0.00394,  -0.01795,  -0.00044,   0.05384,  -0.04246,   0.06434,  -0.00394,  -0.00744,   0.04508,   0.00832,  -0.06172,  -0.00044,  -0.00569,   0.06609,   0.01357,  -0.01444,   0.02407,  -0.02495,  -0.02320,  -0.04071,  -0.04771,  -0.02845,  -0.01094,  -0.01094,   0.00306,   0.01532,  -0.01444,  -0.06347,   0.04858,  -0.02495,   0.04683,   0.01707,   0.03283,  -0.03020,  -0.01444,   0.03983,   0.05559,  -0.00744,   0.00832,   0.06609,  -0.01970,  -0.06872,  -0.01620,   0.00306,  -0.00394,  -0.02145,  -0.03545,   0.00657,   0.03108,  -0.01970,  -0.02845,  -0.00569,   0.01182,   0.00832,   0.02582,  -0.01970,  -0.05121,   0.05559,   0.01707,   0.01532,   0.02232,  -0.04421,  -0.01620,   0.00306,  -0.03195,  -0.02320,   0.01707,  -0.01795,  -0.05296,   0.07660,   0.01707,   0.04683,   0.01182,   0.03983,  -0.00744,   0.00131,  -0.06522,   0.02057,  -0.02145,   0.01532,   0.05384,  -0.06522,   0.00306,  -0.02670,   0.07835,   0.01007,  -0.00569,  -0.05646,   0.01182,  -0.03545,  -0.03545,  -0.02145,   0.00481,  -0.08973,  -0.07222,   0.01532,   0.02057,  -0.02670,  -0.04771,   0.00481,  -0.00569,   0.01007,  -0.06872,  -0.02320,  -0.02320,   0.02232,  -0.00919,  -0.02320,   0.01532,  -0.03896,  -0.03721,   0.04158,   0.06784,   0.03108,  -0.05471,  -0.03370,  -0.05121,  -0.01269,   0.05734,   0.05209,   0.03458,  -0.02320,   0.02582,  -0.00744,  -0.02145,  -0.07047,  -0.03370,  -0.04596,   0.02232,  -0.00744,   0.03108,  -0.01444,   0.08710,  -0.05471,  -0.02145,  -0.02670,  -0.09498,   0.00657,  -0.03195,  -0.03195,   0.03458,   0.03633,   0.04158,  -0.04771,   0.04333,  -0.04246,   0.05209,   0.04158,   0.04508,   0.05734,  -0.02495,  -0.01795,  -0.01795,  -0.11599,   0.01007,  -0.04596,  -0.06347,  -0.00044,  -0.03195,  -0.04596,  -0.00919,   0.06784,  -0.00919,  -0.02845,  -0.02845,  -0.05471,   0.05034,  -0.01269,  -0.08623,  -0.01620,   0.00131,  -0.04071,   0.01182,   0.01707,  -0.06697,  -0.01620,  -0.03195,   0.06784,  -0.03020,  -0.02845,  -0.02145,   0.01532,  -0.04246,   0.04858,   0.03458,   0.05734,   0.00832,  -0.00919,   0.00481,   0.02933,  -0.05822,   0.03108,  -0.00569,   0.03108,  -0.03370,  -0.03020,  -0.00219,  -0.02320,  -0.04246,   0.02933,   0.02933,  -0.00219,   0.02407,  -0.10374,   0.04508,   0.02757,   0.01182,  -0.10199,  -0.07572,   0.01882,  -0.08273,  -0.04421,   0.08535,  -0.02670,   0.00131,  -0.02845,  -0.01620,   0.01882,   0.01882,   0.01882,  -0.08273,  -0.04071,  -0.02845,   0.01707,  -0.02320,   0.02232,   0.01007,   0.01007,  -0.03545,   0.00832,  -0.01269,  -0.00744,   0.01707,   0.00131,   0.01357,   0.07135,  -0.05822,   0.02757,  -0.06697,   0.00481,   0.03983,  -0.00744,   0.11336,  -0.01094,   0.05909,  -0.06347,   0.05034,  -0.03020,  -0.06872,   0.03458,   0.01532,   0.03458,   0.01182,  -0.00394,  -0.00569,   0.03983,  -0.06522,  -0.00744,  -0.05296,  -0.06522,   0.00832,  -0.04246,   0.07135,  -0.00744,  -0.02845,   0.05209,  -0.04946,   0.05559,   0.02582,  -0.03020,   0.00657,   0.00657,   0.05034,   0.05209,   0.01182,   0.00657,   0.01182,   0.03633,  -0.05997,  -0.01094,  -0.01795,   0.01357,   0.01707,  -0.06172,  -0.01620,   0.01357,  -0.02145,  -0.03370,  -0.01620,   0.09235,  -0.08273,  -0.04071,  -0.02495,  -0.01970,   0.00131,   0.06259,   0.01182,  -0.07572,  -0.04771,  -0.02145,  -0.03896,  -0.03545,   0.04158,  -0.03545,   0.04508,  -0.01444,  -0.00219,   0.04683,  -0.00394,   0.03283,  -0.03545,   0.00306,   0.05559,  -0.01970,  -0.07222,   0.03633,   0.01007,  -0.01795,  -0.00219,   0.04858,  -0.03195,   0.05559,  -0.06522,  -0.00569,  -0.03721,  -0.03545,  -0.01444,  -0.05822,   0.04508,  -0.02670,   0.01707,   0.05909,   0.02407,   0.00481,  -0.06172,  -0.01620,   0.04508,   0.08360,   0.00481,   0.07135,  -0.02670,  -0.01795,   0.03108,  -0.03721,   0.01707,   0.05559,  -0.00919,  -0.06347,   0.07310,  -0.00219,   0.01882,  -0.07397,   0.00657,   0.02582,  -0.02845,   0.03633,  -0.04946,  -0.01094,  -0.05471,  -0.00044,  -0.04946,  -0.03020,  -0.00569,  -0.08973,   0.04858,  -0.00394,  -0.07047,   0.02933,  -0.00394,   0.00306,   0.04508,  -0.04596,  -0.04596,   0.03633,   0.01707,   0.08710,  -0.01620,  -0.03896,   0.03808,  -0.01970,  -0.07222,  -0.00394,   0.05909,   0.05209,   0.01007,  -0.00744,   0.00832,  -0.03896,   0.05209,  -0.05296,   0.03983,   0.06609,  -0.01620,  -0.02495,   0.07310,   0.01182,   0.02757,   0.03983,  -0.02845,  -0.03896,  -0.00394,   0.00481,   0.03983,  -0.03545,  -0.01970,   0.02582,   0.03108,  -0.04421,   0.00832,  -0.06872,   0.02933,   0.08010,  -0.02845,  -0.08273,  -0.03545,   0.03808,   0.00832,   0.10111,  -0.01620,  -0.04421,   0.01707,  -0.00744,  -0.01795,   0.00481,   0.00481,  -0.01970,  -0.05121,  -0.03195,   0.07135,  -0.02495,  -0.01970,  -0.03370,   0.02933,  -0.03020,  -0.03896,   0.02232,   0.00481,  -0.01795,  -0.05471,   0.02407,   0.01707,   0.02933,   0.01707,   0.03458,   0.02407,  -0.04771,   0.03108,  -0.05471,   0.05034,   0.02057,   0.05034,   0.05034,   0.00832,  -0.04421,  -0.04946,   0.01882,  -0.02320,  -0.01620,  -0.01444,  -0.08973,  -0.05121,   0.01882,  -0.05296,  -0.02495,  -0.06522,   0.06784,  -0.10724,  -0.01269,   0.05909,  -0.14050,  -0.04071,   0.02057,   0.03983,   0.00832,   0.03808,  -0.09673,  -0.03896,   0.03983,  -0.06697,  -0.07397,   0.01357,  -0.00394,  -0.03896,   0.01007,  -0.00569,  -0.07397,   0.05734,  -0.01970,   0.05384,  -0.04596,  -0.03195,   0.03983,  -0.00919,   0.00657,   0.01882,   0.02582,  -0.00219,   0.00657,  -0.02495,  -0.00919,  -0.00569,   0.03108,   0.01707,  -0.04246,  -0.01795,  -0.04946,   0.10286,   0.02232,  -0.02320,   0.02933,   0.03808,  -0.01094,  -0.03545,  -0.05296,  -0.06522,   0.07660,  -0.00044,   0.01357,  -0.04071,  -0.00744,   0.01182,  -0.01269,  -0.00044,   0.05384,  -0.05296,  -0.00219,   0.02757,   0.02407,  -0.02670,  -0.00744,  -0.06872,   0.02057,  -0.05822,   0.02582,   0.05209,   0.03108,  -0.00219,   0.04333,  -0.03721,   0.03283,   0.05559,   0.05909,   0.01357,   0.01007,   0.03633,  -0.01444,   0.01532,  -0.07047,   0.01182,   0.04508,  -0.00569,   0.02232,  -0.03721,  -0.05471,   0.02057,  -0.05471,  -0.04071,  -0.02495,   0.00481,  -0.00394,   0.00131,   0.00657,  -0.04946,   0.05384,   0.06259,  -0.10023,   0.00832,  -0.01970,  -0.01269,   0.00306,  -0.06697,  -0.02145,  -0.02670,   0.03283,   0.00657,  -0.01269,   0.13437,  -0.02495,  -0.01444,   0.06609,  -0.04596,  -0.04246,  -0.13175,   0.02232,   0.09411,   0.01532,   0.01182,   0.00832,   0.11161,   0.03983,   0.01707,   0.10636,  -0.04246,   0.03108,  -0.06172,  -0.12124,   0.01882,  -0.04071,  -0.02845,   0.03283,   0.05559,   0.01182,   0.02057,   0.02933,   0.00832,   0.01007,   0.03283,   0.00131,   0.03983,  -0.04421,  -0.02320,  -0.02670,   0.05909,  -0.00219,   0.04333,  -0.03370,  -0.02845,  -0.02845,   0.02933,  -0.00044,  -0.02670,   0.04333,   0.07835,  -0.01444,  -0.01444,   0.08360,  -0.00394,  -0.04596,  -0.06697,   0.03983,  -0.04946,  -0.04421,  -0.01269,  -0.01620,   0.06434,   0.03108,   0.08710,  -0.04421,   0.03633,   0.00657,   0.01182,   0.02407,   0.09936,   0.01007,  -0.03370,  -0.05997,  -0.04246,  -0.06347,   0.01182,  -0.01620,   0.06259,  -0.01970,  -0.00569,   0.07135,  -0.03721,   0.01007,   0.01707,   0.10286,  -0.04246,   0.05559,  -0.07222,  -0.03545,   0.05384,   0.01182,  -0.04246,   0.07835,   0.02933,  -0.00919,  -0.06697,  -0.01444,  -0.03020,  -0.07572,   0.03458,  -0.02670,  -0.05296,   0.05559,  -0.03370,   0.03458,   0.03458,   0.06434,  -0.02145,   0.01182,   0.04508,  -0.02495,   0.01532,   0.01882,  -0.05646,  -0.03370,  -0.07047,  -0.00394,   0.03983,   0.01007,   0.02232,  -0.02495,  -0.01970,  -0.00744,  -0.01970,   0.08185,   0.03458,  -0.04246,  -0.01094,   0.01182,   0.05909,   0.04858,   0.04333,  -0.00919,   0.02407,  -0.02495,  -0.04946,   0.03458,  -0.01795,  -0.02845,  -0.03896,  -0.03721,   0.00131,   0.01007,  -0.04421,  -0.10374,   0.00832,  -0.04771,  -0.04071,  -0.04246,   0.07135,  -0.01444,   0.03283,  -0.03545,   0.04858,  -0.02670,  -0.05997,   0.01707,  -0.02845,   0.01357,   0.11687,   0.05209,   0.00306,  -0.09673,   0.07485,  -0.03195,  -0.01620,  -0.06697,  -0.01444,  -0.01269,   0.05034,  -0.00044,   0.00481,  -0.00744,  -0.00569,  -0.00919,   0.05909,  -0.04421,   0.01182,  -0.04946,   0.02057,  -0.07397,  -0.08973,   0.00657,   0.14313,  -0.01970,   0.01882,  -0.06522,  -0.02495,   0.05034,   0.02757,  -0.01970,   0.03458,  -0.01269,  -0.04246,  -0.00919,   0.04158,  -0.00394,  -0.01795,  -0.02145,   0.03458,   0.01182,  -0.09148,  -0.00569,   0.05034,   0.03458,  -0.03721,   0.05559,  -0.04596,  -0.03545,   0.02757,   0.03108,  -0.01970,  -0.08973,   0.05734,  -0.04246,   0.03283,   0.00481,   0.02057,  -0.00919,   0.06259,  -0.08798,   0.05034,   0.10286,   0.01357,  -0.05121,  -0.06522,   0.01882,  -0.00219,  -0.03020,   0.00131,   0.03808,   0.06084,   0.04158,  -0.00394,   0.02057,  -0.04946,   0.00481,   0.02757,  -0.01094,   0.05384,  -0.02495,   0.04158,   0.01882,  -0.00044,  -0.05121,  -0.02845,   0.03808,  -0.08098,  -0.15801,   0.06784,   0.05384,   0.00306,   0.02933,  -0.11599,   0.00481,   0.01707,   0.00131,   0.07310,   0.04158,   0.00306,   0.03283,  -0.03545,  -0.08448,   0.02057,  -0.02145,   0.01707,  -0.06347,  -0.06872,   0.00481,   0.03458,   0.03633,   0.05734,  -0.02845,   0.02933,  -0.04071,  -0.01444,   0.00131,   0.05384,   0.06784,  -0.01970,   0.03633,  -0.00394,   0.11336,   0.00131,   0.01882,  -0.02670,   0.02757,  -0.03195,  -0.01620,   0.01007,  -0.00219,  -0.00219,   0.04858,   0.02757,   0.05209,  -0.02320,  -0.00044,   0.03983,  -0.04421,  -0.04246,  -0.03721,  -0.11599,   0.00306,  -0.01444,  -0.04421,  -0.03370,   0.00131,  -0.00744,   0.02407,  -0.01444,   0.09586,   0.02232,   0.00131,   0.02582,   0.00306,  -0.08273,   0.00832,  -0.00219,  -0.06347,  -0.03896,   0.03458,  -0.03020,  -0.01269,  -0.00744,   0.05034,   0.01882,  -0.02670,   0.06434,  -0.03020,   0.05209,  -0.06522,  -0.03195,  -0.05997,  -0.02320,   0.02582,  -0.08798,  -0.00394,   0.06084,  -0.07047,  -0.00919,  -0.05121,  -0.04771,  -0.09848,  -0.00919,  -0.05646,  -0.01444,  -0.00744,   0.01007,   0.06784,  -0.05471,   0.01707,   0.02407,  -0.03195,  -0.01444,   0.11161,  -0.02320,   0.08185,  -0.06872,   0.04683,  -0.02670,  -0.02495,  -0.08273,   0.04158,  -0.03020,   0.01532,  -0.00394,  -0.00219,   0.05209,   0.08360,  -0.00569,   0.07135,   0.03458,  -0.03020,  -0.03370,   0.01182,  -0.01444,  -0.00744,   0.00306,  -0.04946,   0.01882,   0.02407,   0.01882,   0.03633,   0.04683,  -0.00569,   0.05209,   0.01007,  -0.03020,  -0.00744,  -0.02145,  -0.04071,  -0.02320,   0.03283,   0.03283,   0.05384,  -0.06697,   0.00306,   0.11512,   0.04683,   0.08185,  -0.02495,   0.02232,  -0.00219,  -0.05471,   0.00657,   0.01182,   0.03458
   0.04858,  -0.00919,  -0.04421,  -0.05296,   0.00657,  -0.03195,  -0.02320,   0.01357,  -0.03195,   0.01182,  -0.05121,   0.03983,   0.00306,  -0.04071,   0.02232,   0.10111,   0.08535,  -0.00394,  -0.00394,   0.04508,  -0.00044,  -0.01444,  -0.03721,   0.00306,   0.02407,  -0.00569,  -0.01970,  -0.05471,   0.00481,  -0.00919,   0.05734,  -0.02145,   0.01532,   0.00481,  -0.01269,  -0.03896,   0.03458,  -0.06697,   0.02757,  -0.04771,  -0.02495,   0.01007,  -0.09848,  -0.03545,  -0.02320,   0.01882,  -0.07747,   0.06084,   0.04858,   0.03108,   0.05559,  -0.03896,   0.02057,  -0.01269,  -0.08448,  -0.00744,  -0.03896,   0.01882,   0.01882,  -0.08973,  -0.01094,  -0.00394,   0.03633,  -0.00394,  -0.02145,   0.00481,  -0.07397,   0.02582,  -0.02145,   0.00306,  -0.08273,  -0.01970,  -0.02495,  -0.05822,   0.03458,   0.08535,  -0.01970,   0.01882,  -0.03195,   0.07835,   0.00131,  -0.00919,  -0.00569,  -0.02320,   0.04683,  -0.01444,   0.02582,  -0.06697,   0.00306,  -0.01269,  -0.00569,  -0.00744,  -0.02845,  -0.01620,  -0.01269,   0.00131,   0.04158,   0.00481,   0.03983,   0.01182,  -0.04071,  -0.03370,   0.02407,   0.02407,  -0.03896,  -0.04421,  -0.00219,   0.00306,  -0.06522,   0.05034,   0.01882,  -0.11949,  -0.05997,  -0.03020,  -0.04071,   0.05209,  -0.03370,  -0.05646,   0.03808,  -0.03195,   0.08885,  -0.00569,   0.02407,   0.08010,  -0.00044,  -0.06172,   0.02582,  -0.03896,   0.03283,   0.03983,   0.02757,  -0.04246,  -0.00919,  -0.07572,  -0.04946,  -0.00394,  -0.05296,  -0.01444,  -0.01094,   0.00481,  -0.05822,   0.00832,  -0.04246,  -0.04771,   0.06084,  -0.05997,   0.03808,  -0.00744,   0.00657,  -0.02145,  -0.08448,  -0.02845,   0.06609,  -0.03721,   0.00481,  -0.00919,  -0.01970,   0.01182,  -0.01094,   0.01007,   0.02232,  -0.00569,   0.03283,  -0.02495,   0.00481,   0.06259,   0.07660,   0.00832,   0.01532,  -0.04071,   0.00481,   0.06434,  -0.02670,   0.02407,  -0.00044,  -0.00394,   0.00306,   0.02232,   0.01007,  -0.04771,  -0.02495,  -0.04246,   0.07485,  -0.03020,  -0.01970,  -0.00394,   0.03283,  -0.01444,   0.01882,  -0.04246,   0.02757,  -0.02145,   0.00832,   0.06784,  -0.00919,  -0.06172,   0.00306,   0.01007,  -0.02495,  -0.03896,   0.02057,   0.01007,   0.01532,  -0.01795,   0.00306,   0.00657,   0.03283,  -0.02145,   0.05034,   0.01182,  -0.10023,   0.01532,   0.01007,  -0.01094,   0.00657,   0.06609,   0.02057,   0.03633,   0.03808,   0.09936,  -0.01269,  -0.01620,  -0.03195,   0.00481,   0.00657,   0.01007,  -0.03721,  -0.08623,   0.02057,   0.00832,  -0.02320,   0.01882,  -0.03020,   0.00481,  -0.05296,  -0.01269,   0.05384,  -0.03020,   0.00832,  -0.01094,   0.01357,  -0.07922,   0.08710,   0.00306,  -0.00394,  -0.02320,  -0.00394,  -0.00219,   0.00131,   0.02407,  -0.04421,  -0.00569,  -0.05471,   0.00832,   0.05559,   0.04333,   0.03458,   0.01882,   0.02757,  -0.01094,   0.00481,  -0.01094,  -0.00744,   0.07310,   0.03458,   0.09586,   0.01007,   0.09936,  -0.03195,   0.05384,  -0.02495,  -0.03545,   0.12212,   0.08185,   0.03458,  -0.01970,  -0.02670,  -0.00919,  -0.01094,   0.01882,   0.02933,   0.02757,   0.04858,   0.01707,  -0.03545,  -0.04246,  -0.01795,  -0.05471,  -0.02845,  -0.02320,   0.02407,   0.03983,  -0.00044,  -0.07222,   0.00306,  -0.03370,  -0.01269,   0.01357,  -0.08973,  -0.04071,  -0.01970,   0.01532,   0.02407,  -0.04421,   0.06434,  -0.04946,  -0.00394,  -0.01620,   0.06609,  -0.08273,  -0.09148,  -0.03195,   0.01357,   0.03283,  -0.01795,   0.00657,   0.03283,   0.05909,   0.02407,   0.01357,   0.03108,  -0.06522,  -0.08098,   0.05384,  -0.00394,  -0.02845,  -0.03370,   0.04858,  -0.00219,   0.00657,   0.03633,  -0.03721,   0.01357,   0.02232,  -0.05646,   0.04508,  -0.00394,  -0.01094,   0.00131,   0.00657,   0.09586,   0.07135,  -0.00919,  -0.03195,   0.01182,  -0.00569,  -0.02320,   0.03108,   0.01532,  -0.00744,   0.02582,  -0.06872,  -0.03896,   0.01532,  -0.01269,  -0.00394,   0.05734,  -0.01795,   0.10811,   0.04333,   0.09235,   0.05559,  -0.00744,  -0.08623,   0.05384,   0.05734,  -0.00919,  -0.02670,   0.02407,  -0.00569,   0.01357,   0.03458,   0.01007,   0.06434,  -0.02320,   0.00306,  -0.01620,   0.02232,   0.00131,  -0.05471,  -0.07222,  -0.07047,   0.00832,  -0.01444,   0.04683,   0.03458,   0.06609,  -0.06872,  -0.04596,   0.00832,   0.02232,  -0.01970,   0.02757,  -0.02320,   0.01882,  -0.04596,   0.02057,  -0.00569,  -0.00044,   0.03808,   0.03808,  -0.01970,  -0.04071,   0.02057,   0.09060,   0.02933,   0.03108,  -0.07397,  -0.04596,  -0.03721,   0.05909,   0.10811,   0.00481,  -0.01094,  -0.03370,   0.03283,  -0.07397,   0.00481,   0.01357,  -0.00394,  -0.04596,   0.01182,   0.08010,  -0.06697,   0.00481,   0.00306,  -0.04771,  -0.04596,   0.05559,  -0.04421,  -0.04771,   0.00131,   0.01532,   0.01007,  -0.04421,  -0.04071,   0.02057,   0.03108,  -0.04771,   0.00657,  -0.01269,  -0.02320,   0.02407,   0.01357,   0.04333,  -0.02495,  -0.01970,  -0.08798,  -0.05121,  -0.04946,   0.02933,  -0.00744,   0.01357,  -0.03545,  -0.07222,   0.11862,   0.02407,   0.02407,  -0.01094,  -0.00394,   0.05559,  -0.00569,   0.02757,   0.06784,  -0.04596,   0.02407,   0.00131,   0.02232,  -0.01620,   0.07485,  -0.00569,  -0.02145,   0.03108,  -0.04071,  -0.01970,  -0.02670,  -0.01094,   0.01182,   0.01357,  -0.04771,   0.02232,  -0.03370,  -0.00044,  -0.06347,  -0.03020,  -0.00919,   0.00306,   0.00306,  -0.02145,   0.01532,  -0.01620,  -0.05296,   0.01007,  -0.01620,  -0.00744,   0.02407,  -0.04771,  -0.07747,  -0.03195,   0.06084,   0.05034,  -0.04596,  -0.00044,   0.00131,  -0.05822,  -0.11599,   0.03108,  -0.03195,  -0.04071,   0.01007,  -0.00219,   0.05734,  -0.03545,   0.02582,  -0.02845,   0.02057,  -0.01620,   0.03458,  -0.05646,   0.00306,   0.02057,   0.00657,   0.04333,   0.01707,  -0.08448,   0.05734,   0.00131,   0.00832,  -0.00219,  -0.06697,  -0.05121,   0.04508,  -0.00744,   0.03808,   0.00481,   0.07310,  -0.00919,   0.06084,   0.02933,  -0.03195,  -0.00744,   0.02057,   0.05734,   0.01007,  -0.01094,  -0.07222,   0.03633,   0.05034,   0.01007,  -0.02320,  -0.00219,   0.02582,   0.02582,  -0.06347,   0.02057,  -0.02495,   0.03633,  -0.04771,   0.02407,   0.02757,   0.06609,  -0.02145,  -0.03020,   0.05909,   0.01007,  -0.04246,  -0.01269,   0.04683,  -0.00569,  -0.02495,  -0.00219,   0.00832,   0.02232,  -0.00744,   0.00832,  -0.07572,   0.05034,  -0.00919,  -0.02320,   0.05209,  -0.04596,  -0.07572,   0.04858,   0.03633,   0.00481,  -0.00044,  -0.03370,  -0.04771,   0.01182,   0.00481,   0.01007,   0.01532,   0.02057,  -0.04246,  -0.01620,   0.01357,   0.05559,  -0.05646,   0.09411,  -0.03721,   0.06434,  -0.03195,  -0.01620,   0.04158,  -0.03721,  -0.05121,   0.07135,   0.02407,   0.01007,  -0.02320,   0.06434,  -0.01444,  -0.06347,  -0.04246,   0.01182,   0.00657,   0.05034,   0.04333,  -0.00919,  -0.01444,  -0.04421,  -0.01094,   0.00657,  -0.06872,   0.00657,  -0.03545,   0.02582,   0.03808,   0.03808,  -0.07397,   0.04508,   0.05384,  -0.04246,   0.01182,  -0.08448,   0.07135,   0.01007,   0.00131,   0.01357,  -0.05296,   0.03983,  -0.05822,  -0.02320,  -0.01269,  -0.02670,   0.01357,  -0.02145,   0.01882,  -0.04246,  -0.07922,  -0.03545,  -0.04596,   0.05034,  -0.06522,   0.07485,  -0.07222,  -0.02845,  -0.00919,   0.06609,  -0.00219,  -0.05471,  -0.02495,   0.01357,   0.10111,  -0.00394,   0.06434,  -0.02670,  -0.07047,   0.02407,  -0.03545,  -0.05471,  -0.00569,   0.00481,  -0.03020,   0.03808,   0.03633,  -0.05121,  -0.02145,  -0.03195,  -0.03195,   0.01007,  -0.00394,   0.02933,  -0.07222,   0.02933,   0.05559,  -0.04596,   0.01007,   0.01882,  -0.00919,   0.07485,   0.01007,   0.02057,  -0.06347,   0.00131,  -0.01094,  -0.00394,   0.00832,   0.05909,  -0.04596,  -0.02495,  -0.02670,   0.10286,   0.02057,  -0.07572,   0.09936,  -0.08098,   0.00657,  -0.03020,  -0.03370,   0.04858,   0.01707,  -0.02145,   0.04333,  -0.04421,   0.01007,   0.05209,   0.00657,  -0.02145,   0.00131,  -0.02320,  -0.01795,  -0.04246,  -0.03020,  -0.04071,   0.02933,   0.01707,   0.02582,   0.02057,   0.01707,  -0.05296,  -0.03721,  -0.03195,   0.00832,   0.04683,  -0.03020,   0.06959,  -0.00394,  -0.03370,  -0.03721,  -0.00219,  -0.03545,   0.06959,  -0.02845,   0.02757,   0.01357,  -0.05646,   0.05034,  -0.01970,  -0.05646,  -0.01620,  -0.08448,  -0.01620,  -0.00394,   0.02933,   0.00481,   0.00481,   0.03283,   0.02057,   0.00657,  -0.02495,   0.06609,  -0.01094,   0.02232,   0.03808,   0.00481,  -0.00044,   0.01357,  -0.02320,   0.00832,  -0.05296,   0.03983,   0.02582,  -0.08798,   0.00306,   0.00131,   0.03633,  -0.02145,   0.01357,   0.08710,  -0.05997,   0.00481,  -0.00569,   0.03283,   0.01532,  -0.00219,  -0.03545,   0.05559,   0.00832,  -0.10549,  -0.07047,   0.04508,  -0.01269,  -0.07572,   0.01707,   0.04508,  -0.04771,   0.03108,  -0.12300,   0.00481,   0.01357,   0.01707,  -0.01094,  -0.03721,   0.08535,  -0.07047,  -0.00919,   0.00481,   0.02757,   0.03808,  -0.02320,   0.03283,   0.00481,  -0.02145,   0.05209,   0.00306,  -0.00919,  -0.02320,   0.00832,   0.11512,   0.05559,  -0.00919,  -0.02145,  -0.00044,  -0.02670,   0.02933,  -0.01970,  -0.00744,   0.04508,  -0.02495,   0.01707,  -0.07747,   0.08010,   0.00657,  -0.02495,   0.00832,  -0.00044,   0.05384,   0.07485,  -0.00044,  -0.05121,   0.00131,   0.02582,   0.05384,  -0.01970,   0.01182,   0.05034,  -0.00919,   0.03983,   0.05034,  -0.04596,  -0.00394,  -0.05471,   0.00306,  -0.04421,   0.00131,   0.00481,  -0.00919,   0.03983,   0.00131,  -0.05997,  -0.01620,  -0.01795,   0.01532,  -0.05471,   0.00657,   0.09586,  -0.01094,  -0.02145,   0.00131,   0.01182,  -0.02670,  -0.01970,  -0.10374,  -0.04421,  -0.00919,  -0.06872,  -0.05471,  -0.08623,   0.01007,   0.03808,  -0.02495,  -0.05646,   0.01707,  -0.03896,   0.02407,  -0.08098,  -0.00044,  -0.04946,   0.00832,  -0.00744,  -0.01269,  -0.02320,  -0.02670,   0.05909,  -0.01269,  -0.03721,   0.00306,   0.04683,  -0.03721,  -0.00044,   0.04858,  -0.11774,  -0.05296,  -0.02845,   0.02407,  -0.03721,  -0.02495,   0.04333,  -0.03721,  -0.02845,   0.01532,  -0.03721,   0.02407,   0.01707,   0.01532,   0.07835,   0.08535,  -0.00744,  -0.04771,   0.02407,  -0.05121,  -0.01094,   0.01532,   0.06959,  -0.12300,   0.01707,  -0.00569,   0.04508,   0.03808,   0.00657,  -0.01269,  -0.00394,   0.03808,  -0.00744,  -0.03370,   0.07135,  -0.07747,  -0.03020,   0.00657,  -0.01620,  -0.09148,   0.05209,  -0.04246,   0.03283,   0.02933,  -0.06172,  -0.03545,  -0.01094,   0.03458,   0.01007,  -0.00919,  -0.09323,  -0.04771,   0.02757,  -0.03896,   0.03108,  -0.00394,   0.04683,   0.00131,  -0.01970,   0.03808,   0.06259,  -0.04421,  -0.06697,   0.03633,  -0.00919,   0.12737,   0.00481,   0.01007,   0.04683,  -0.01970,  -0.01094,   0.04508,   0.03808,  -0.01620,   0.02057,   0.10986,  -0.01795,   0.05034,  -0.01795,   0.01182,   0.02232,   0.02057,  -0.02145,  -0.01795,   0.03458,   0.02933,  -0.04596,  -0.02320,   0.05384,  -0.03721,  -0.08273,   0.06959,  -0.02495,  -0.01269,  -0.00219,   0.09235,   0.02757,  -0.00044,  -0.00219,  -0.03370,   0.06084,  -0.01444,   0.06434,  -0.03370,   0.05559,  -0.03195,   0.00481,   0.00131,  -0.05121,   0.05734,  -0.05646,   0.03283,  -0.00044,  -0.06872,  -0.02495,  -0.10023,  -0.00219,   0.01182,   0.06259,  -0.03370,  -0.02145,  -0.03370
  -0.07572,  -0.02845,   0.02582,  -0.03721,  -0.03195,   0.11512,  -0.03721,   0.12387,  -0.02670,   0.01007,  -0.10023,  -0.01970,   0.09586,  -0.00394,   0.00832,  -0.04421,  -0.00044,  -0.00044,  -0.08973,  -0.01444,   0.02232,  -0.01970,   0.06084,   0.00131,  -0.05121,  -0.03721,  -0.04246,   0.04333,   0.03808,   0.06959,  -0.03545,   0.00832,   0.05034,  -0.07922,   0.03458,  -0.03020,   0.01357,  -0.03370,  -0.03896,   0.00657,  -0.03020,   0.03108,  -0.03545,  -0.05646,   0.15013,  -0.01269,   0.06084,   0.05384,  -0.02145,   0.08535,  -0.03370,  -0.01620,   0.00306,   0.13613,  -0.18252,  -0.03370,  -0.02495,  -0.07747,  -0.00044,  -0.05471,  -0.00044,  -0.02320,  -0.02670,  -0.06522,  -0.07397,  -0.09673,   0.09060,  -0.05997,  -0.03896,  -0.01444,   0.05384,  -0.02145,  -0.08273,  -0.00569,  -0.00919,  -0.00744,  -0.00919,  -0.00219,  -0.01970,   0.00131,   0.01007,   0.10986,   0.03108,  -0.07047,  -0.02845,   0.00832,   0.05559,  -0.04596,   0.06259,   0.08360,   0.01182,  -0.04596,  -0.01970,   0.01182,   0.04858,  -0.00569,  -0.00919,  -0.02845,   0.05034,  -0.00919,   0.01357,  -0.03195,  -0.01795,   0.00657,  -0.04946,  -0.05296,  -0.01269,   0.02057,  -0.01795,  -0.05121,  -0.01269,  -0.01094,  -0.00744,   0.01007,   0.11161,  -0.08448,   0.12912,   0.02933,   0.05559,   0.01882,  -0.06697,  -0.07222,  -0.00569,  -0.03721,  -0.03545,   0.01007,  -0.03195,   0.01182,  -0.05997,   0.11161,  -0.02320,  -0.05121,   0.03808,   0.00131,  -0.08798,  -0.07922,   0.02757,  -0.04946,  -0.05997,  -0.03545,  -0.00044,  -0.03545,   0.00832,  -0.09323,   0.02582,  -0.03896,   0.00306,   0.06784,  -0.01970,   0.00306,  -0.05296,  -0.01970,   0.02582,  -0.06522,  -0.01094,   0.00657,   0.00657,   0.05209,   0.03633,  -0.01970,   0.06609,  -0.05471,  -0.01970,  -0.02320,   0.00832,   0.00657,  -0.07047,   0.09586,   0.02933,   0.04158,  -0.00219,   0.02232,   0.00657,   0.01532,  -0.05822,  -0.02670,  -0.03020,  -0.10899,  -0.02845,   0.00657,   0.02407,   0.06084,  -0.00044,  -0.03370,   0.09060,  -0.05296,   0.04158,   0.00481,   0.03458,  -0.07747,   0.01882,   0.01182,  -0.05296,  -0.05646,   0.11161,   0.03808,   0.03108,  -0.04596,   0.06084,   0.05384,   0.03983,   0.01532,   0.05209,   0.08885,   0.03108,  -0.06872,   0.04158,  -0.05296,  -0.00394,   0.02232,  -0.08273,   0.04158,  -0.01795,  -0.01970,  -0.08973,  -0.03721,  -0.07222,  -0.06872,  -0.00569,   0.04683,  -0.01269,  -0.01444,  -0.06522,  -0.00219,  -0.00044,  -0.02495,   0.07135,   0.02757,  -0.01620,  -0.03721,   0.06434,   0.03633,  -0.04071,   0.03458,  -0.01795,   0.06434,   0.00657,  -0.07047,   0.02582,  -0.04421,   0.12212,   0.01182,  -0.00569,   0.03283,   0.08710,   0.08535,  -0.05646,  -0.00394,   0.01882,  -0.06697,  -0.04771,   0.02232,   0.01357,   0.04683,  -0.06872,  -0.01620,   0.02582,  -0.08973,  -0.05121,  -0.03195,   0.00832,  -0.04771,  -0.03545,  -0.03370,   0.03808,  -0.02495,  -0.04946,  -0.03896,  -0.00919,  -0.05121,   0.00131,   0.01882,  -0.01444,  -0.05471,   0.08360,  -0.02320,  -0.00044,  -0.03195,  -0.01444,  -0.00044,   0.11512,  -0.04421,  -0.00919,  -0.09148,   0.10636,   0.03283,  -0.06347,   0.00657,  -0.05121,  -0.02145,  -0.03195,  -0.06522,  -0.02845,   0.09586,   0.10286,   0.03808,  -0.01444,   0.01357,   0.01182,   0.12562,  -0.06347,   0.03458,   0.00481,  -0.01795,   0.03283,  -0.04946,   0.04333,  -0.06872,  -0.02495,  -0.04071,   0.05209,   0.03808,   0.07660,  -0.00044,  -0.10374,  -0.00044,  -0.02845,   0.02407,  -0.04946,   0.00306,   0.06434,   0.02933,   0.01707,   0.02407,  -0.04771,  -0.09848,   0.01007,  -0.00744,   0.08010,   0.05559,  -0.02845,  -0.09323,   0.02933,   0.02407,  -0.05646,  -0.02145,  -0.13175,  -0.01970,   0.06434,   0.03458,  -0.04421,   0.01882,  -0.01795,   0.05034,   0.03283,   0.08360,   0.02057,  -0.03370,   0.08535,  -0.08973,  -0.03545,  -0.00919,  -0.04946,   0.08010,  -0.02670,  -0.03896,   0.07485,   0.04158,   0.02407,   0.02933,  -0.04946,   0.07135,  -0.00044,   0.13437,   0.01357,  -0.01444,  -0.05296,  -0.00219,   0.05209,  -0.06522,   0.02232,  -0.00044,  -0.04771,  -0.00744,  -0.00219,  -0.02145,  -0.03896,   0.04508,  -0.01269,   0.01882,  -0.04771,  -0.02495,  -0.02145,   0.02933,   0.00131,   0.04508,   0.04333,   0.03808,   0.07135,   0.06609,  -0.03370,   0.03633,   0.05384,  -0.06172,  -0.04946,  -0.00219,  -0.04421,  -0.03896,  -0.03545,  -0.11424,  -0.00919,  -0.10023,  -0.00394,  -0.04596,  -0.00569,  -0.05997,  -0.03195,   0.07660,  -0.01269,  -0.02145,  -0.00919,   0.01532,   0.02232,  -0.03370,  -0.02670,  -0.00044,   0.00657,  -0.00044,  -0.03370,   0.07660,   0.03983,   0.08185,   0.02933,  -0.01444,  -0.01970,  -0.04946,   0.00131,  -0.03721,   0.07660,  -0.00744,  -0.00744,   0.03283,  -0.04946,   0.09936,  -0.01094,  -0.06522,  -0.00919,  -0.01620,  -0.01970,  -0.05471,  -0.02145,  -0.03020,   0.03108,   0.01007,   0.03108,  -0.01444,   0.03108,   0.06084,   0.00657,   0.15188,  -0.06347,  -0.07222,   0.01007,  -0.08623,  -0.02320,   0.00131,   0.02757,  -0.03020,   0.02057,  -0.10549,  -0.01795,   0.03633,   0.06609,  -0.03545,   0.01882,   0.04858,  -0.01094,  -0.02145,  -0.02495,   0.01707,  -0.08798,  -0.04771,   0.02582,  -0.07572,  -0.06347,   0.01532,   0.06784,   0.08885,   0.00832,  -0.05296,  -0.07047,  -0.00744,  -0.05822,   0.02232,   0.00657,  -0.02145,   0.11862,  -0.01094,   0.03108,  -0.02670,   0.05384,   0.03983,   0.00832,  -0.06697,   0.01532,   0.06259,  -0.07572,  -0.04421,   0.10636,  -0.00569,   0.03808,  -0.04071,   0.07660,  -0.01620,  -0.04071,  -0.03195,   0.03808,  -0.03020,  -0.03721,   0.02933,  -0.03721,   0.00306,  -0.01795,  -0.00044,  -0.02845,   0.01357,  -0.02320,   0.02407,  -0.08623,  -0.03020,  -0.09498,  -0.02495,   0.03458,  -0.05121,  -0.02320,  -0.10023,   0.07660,   0.05034,  -0.05296,  -0.00919,   0.05209,  -0.01269,  -0.07047,  -0.01269,  -0.04071,  -0.08973,   0.02407,  -0.02845,  -0.00919,   0.04333,   0.01182,   0.00306,   0.05559,  -0.05471,   0.02933,  -0.08623,   0.06259,   0.01532,  -0.10549,  -0.01444,  -0.04596,   0.07485,  -0.05121,   0.03808,  -0.01620,  -0.01970,  -0.12475,   0.04858,  -0.01970,   0.01532,  -0.01795,   0.01182,  -0.04246,  -0.03721,   0.03458,   0.01882,  -0.05121,   0.04858,   0.05209,   0.05034,  -0.04421,  -0.10724,  -0.04596,  -0.02320,  -0.02320,   0.02582,   0.00306,  -0.01094,  -0.02320,   0.01882,  -0.03896,  -0.05997,  -0.03545,   0.06434,   0.07485,   0.00481,  -0.02145,  -0.07572,  -0.01444,  -0.09498,   0.06609,  -0.00219,   0.04158,   0.04508,  -0.02320,  -0.04071,  -0.00394,   0.01707,   0.01882,  -0.03545,   0.08360,  -0.00394,  -0.06697,   0.04683,  -0.03195,   0.03108,   0.08885,   0.01182,   0.01357,   0.00306,   0.06084,   0.00832,  -0.01620,   0.04158,  -0.06172,   0.05034,  -0.01094,   0.09586,   0.01707,   0.01532,   0.00131,  -0.02320,   0.05209,  -0.00744,   0.02582,   0.00832,  -0.09148,   0.02407,  -0.03195,  -0.00569,  -0.07922,   0.05909,  -0.02495,  -0.00219,   0.07660,  -0.05646,   0.01882,   0.05559,  -0.01094,  -0.01620,  -0.01269,   0.02232,   0.01357,   0.04858,  -0.06347,  -0.03195,  -0.00044,   0.03458,  -0.07397,  -0.00919,  -0.04421,   0.04158,  -0.00219,   0.07485,   0.03808,  -0.00569,   0.02407,  -0.00219,  -0.08623,   0.08360,   0.03283,  -0.01444,  -0.04071,  -0.00919,   0.05909,   0.03633,  -0.04596,  -0.05822,  -0.05997,  -0.01620,   0.07135,  -0.01620,  -0.01620,  -0.05822,  -0.03020,   0.01007,  -0.02145,   0.05734,   0.03108,  -0.00044,   0.09411,   0.04508,   0.01707,  -0.04771,  -0.02670,  -0.04246,   0.02232,  -0.02145,   0.03983,   0.09761,   0.05909,   0.02582,  -0.07922,  -0.04071,  -0.02145,   0.00832,  -0.09498,  -0.00919,   0.00832,  -0.08623,   0.06609,  -0.00919,   0.05209,   0.04858,   0.06959,  -0.11249,  -0.01444,  -0.03370,  -0.06872,  -0.03020,  -0.04771,  -0.00044,   0.08010,   0.01182,  -0.03195,   0.01707,  -0.01094,  -0.07747,   0.00832,  -0.01970,   0.01707,   0.05559,  -0.03195,   0.08010,   0.01882,   0.00306,   0.08535,   0.04683,  -0.05646,   0.10811,  -0.00219,   0.02407,   0.05734,   0.00481,  -0.04246,   0.08185,  -0.06347,   0.06434,   0.09411,   0.03633,   0.02582,  -0.05121,  -0.03370,  -0.00394,  -0.04421,   0.02057,   0.02757,  -0.09673,  -0.01269,   0.03983,  -0.02320,  -0.08273,  -0.07047,  -0.01970,  -0.09673,   0.00131,  -0.06522,  -0.06697,   0.05384,  -0.08798,  -0.07747,  -0.03545,   0.00657,  -0.04596,  -0.01269,   0.02582,  -0.05822,  -0.04771,  -0.00219,   0.01007,   0.03283,  -0.04771,   0.07310,  -0.01970,   0.10461,  -0.01970,  -0.02670,   0.02057,   0.08360,  -0.01269,   0.00832,  -0.07572,  -0.03370,   0.05559,  -0.03721,  -0.05471,   0.00481,  -0.02845,  -0.01795,  -0.02845,   0.06609,   0.06259,   0.01882,   0.02232,  -0.01795,  -0.06872,  -0.04071,   0.04858,  -0.00044,   0.00657,  -0.01269,  -0.00569,   0.02407,  -0.09323,  -0.04071,   0.00481,   0.03283,   0.16764,  -0.04246,   0.03283,  -0.03721,   0.06609,  -0.05296,   0.05734,   0.03808,  -0.11424,   0.04683,  -0.02145,   0.06609,   0.04508,  -0.01620,  -0.03545,  -0.00744,   0.02407,   0.04858,   0.05734,  -0.00744,   0.01707,  -0.00744,   0.05909,  -0.00044,  -0.07922,  -0.01094,   0.00306,   0.04683,  -0.03195,  -0.03020,   0.02057,  -0.04246,   0.00832,   0.06434,  -0.00394,   0.03108,  -0.04946,   0.00657,   0.01182,  -0.02845,  -0.03545,  -0.02670,   0.03108,  -0.06172,   0.02757,  -0.03545,  -0.08273,  -0.01795,   0.05209,   0.03633,   0.03283,   0.00306,  -0.03545,   0.04158,   0.03283,  -0.05296,   0.02232,   0.03808,  -0.03896,  -0.04596,  -0.06697,  -0.04771,   0.02407,  -0.00744,  -0.01444,  -0.00569,  -0.04071,  -0.01444,  -0.01269,   0.02757,  -0.01444,   0.09060,   0.04333,  -0.06522,  -0.03721,   0.00481,   0.06784,   0.02057,   0.05734,  -0.04246,   0.05034,  -0.01444,  -0.03545,   0.00131,   0.07835,  -0.01970,  -0.00569,  -0.01269,  -0.01444,  -0.02320,   0.03458,   0.09586,   0.05559,  -0.09148,   0.10636,  -0.03020,  -0.04596,  -0.00919,   0.01707,   0.04508,   0.01882,  -0.03721,   0.05909,   0.03808,  -0.04246,  -0.05471,  -0.08098,   0.04683,  -0.04946,  -0.00744,   0.06434,   0.06609,  -0.03721,  -0.09148,   0.16764,  -0.05296,  -0.09673,  -0.01970,   0.04508,   0.03108,   0.11161,   0.05559,   0.02757,   0.03458,   0.05909,  -0.02495,  -0.05121,  -0.06522,   0.03458,  -0.06172,  -0.00044,   0.05909,   0.02407,  -0.04596,  -0.04421,   0.01707,   0.02933,  -0.01970,   0.04858,   0.01007,  -0.10023,   0.00306,  -0.03721,  -0.04246,   0.03633,   0.06259,   0.00657,   0.02232,   0.01882,   0.02933,   0.04508,   0.01357,  -0.10023,   0.01707,  -0.03721,  -0.03721,   0.09060,  -0.03020,   0.05034,   0.05734,   0.04508,   0.01707,   0.04858,   0.00481,   0.05384,  -0.03195,   0.01007,   0.05034,  -0.07572,   0.04508,  -0.03896,   0.01357,  -0.00219,  -0.06522,  -0.01444,   0.05384,  -0.04246,  -0.04421,  -0.01094,   0.08710,  -0.03721,  -0.01970,   0.00481,   0.08535,  -0.03020,  -0.01094,   0.02933,  -0.01444,  -0.01444,  -0.02145,  -0.00744,   0.00832,   0.12387,   0.04333,  -0.01094,   0.05209,   0.01882,  -0.02495,   0.01182,  -0.02670,  -0.01795,  -0.03195,   0.05909,  -0.04421,   0.05384,  -0.01970,   0.01707,   0.00306,   0.02407,   0.00481,   0.03458,  -0.03020,  -0.00744,  -0.07572,   0.09586,  -0.08098,  -0.00219
   0.00481,   0.07835,   0.01882,  -0.00219,   0.07835,   0.03283,   0.01532,   0.02232,  -0.03896,   0.01357,  -0.02670,   0.01182,   0.02057,  -0.11949,  -0.03020,   0.03283,   0.07310,   0.05559,   0.00657,   0.01882,  -0.15101,  -0.09148,   0.02407,   0.06434,   0.00832,  -0.06172,   0.00306,   0.00481,   0.01357,   0.05209,   0.01707,   0.02057,   0.00481,   0.05559,  -0.00219,   0.06959,   0.02232,  -0.02495,   0.01882,  -0.00219,   0.08360,   0.03108,  -0.00044,   0.08360,  -0.00744,   0.00131,   0.03808,   0.12037,  -0.02145,   0.02933,   0.03633,   0.06084,   0.00481,   0.08010,  -0.04596,  -0.01269,   0.05209,  -0.01094,   0.06084,   0.08010,   0.06959,  -0.04771,  -0.00569,  -0.01970,  -0.03370,  -0.01094,  -0.05997,   0.10286,  -0.04596,  -0.04071,  -0.04071,   0.03108,  -0.00394,   0.05384,   0.01007,  -0.02145,  -0.02320,   0.07660,  -0.01094,  -0.01444,   0.01182,   0.01707,   0.06784,  -0.00394,   0.02232,   0.03983,   0.06084,   0.00131,   0.01007,   0.09936,   0.04333,   0.05909,  -0.02845,  -0.08623,   0.01532,   0.04158,   0.01707,  -0.01444,  -0.00744,  -0.02145,   0.00481,   0.05384,   0.01707,   0.01882,   0.01357,   0.08185,   0.05034,  -0.02845,   0.01357,  -0.00044,  -0.04421,   0.03458,  -0.04071,  -0.02320,   0.00832,   0.04508,  -0.04071,  -0.02320,  -0.03896,  -0.08448,  -0.08448,  -0.00219,   0.00481,   0.03108,   0.02057,   0.04508,  -0.03020,   0.02757,   0.02232,   0.02407,   0.02057,  -0.00569,   0.06784,  -0.13525,  -0.01620,   0.04683,   0.02757,   0.03983,  -0.07747,   0.02232,  -0.03896,   0.03633,  -0.01444,  -0.01444,   0.02232,   0.03108,   0.04683,  -0.08098,   0.06434,   0.04333,  -0.12124,   0.01532,   0.00306,  -0.00919,   0.01357,  -0.02845,  -0.02845,   0.11862,   0.11161,   0.03633,  -0.08623,   0.00131,   0.01357,  -0.01094,   0.01882,   0.03633,  -0.04246,   0.01707,   0.00657,   0.01357,  -0.03195,   0.02757,  -0.01269,   0.02582,   0.04333,   0.04683,  -0.00919,  -0.00744,  -0.03370,   0.05734,   0.04683,  -0.05471,   0.07310,   0.05209,   0.03633,  -0.00394,  -0.05822,   0.09936,  -0.01269,  -0.01795,   0.06259,   0.01007,   0.07660,   0.06084,   0.01707,  -0.03020,  -0.04596,   0.00481,  -0.05296,  -0.03020,   0.08885,  -0.04946,   0.02582,  -0.02495,   0.11336,   0.04333,  -0.03896,  -0.05997,  -0.00394,   0.01007,   0.03283,  -0.02670,  -0.04246,   0.03808,  -0.01094,  -0.02145,  -0.01094,  -0.04246,   0.02757,  -0.05646,  -0.03020,   0.04683,  -0.03195,   0.00657,  -0.03020,  -0.06172,   0.07310,   0.05909,  -0.02145,   0.01882,  -0.10199,   0.00481,   0.03108,   0.04508,   0.01532,  -0.00219,  -0.00394,  -0.01620,  -0.03545,   0.03108,   0.03108,   0.03283,  -0.07047,   0.03283,   0.00131,  -0.04946,  -0.04946,  -0.04771,  -0.03721,   0.03283,   0.01357,  -0.05822,  -0.03020,   0.02582,   0.00657,  -0.01094,  -0.02495,  -0.01620,  -0.01795,   0.01532,   0.01532,   0.07310,   0.07485,   0.01357,   0.03633,  -0.00569,  -0.02845,  -0.07397,   0.00306,   0.07310,   0.07835,   0.05559,   0.09586,   0.07660,   0.00832,  -0.01444,  -0.06172,  -0.00744,   0.01007,  -0.03896,  -0.01620,   0.00306,  -0.01795,   0.01182,   0.00657,  -0.00219,   0.02757,   0.03108,   0.00306,   0.03108,  -0.00044,   0.03808,  -0.05646,  -0.01444,   0.08185,   0.02057,  -0.01970,  -0.02670,   0.00306,   0.06434,  -0.05471,   0.02582,   0.00832,   0.00657,   0.02232,   0.00832,  -0.03896,   0.03633,   0.08010,  -0.08798,   0.05559,  -0.02670,   0.01182,   0.10461,  -0.08448,   0.05209,  -0.08098,   0.00481,  -0.04071,   0.02407,  -0.03545,   0.05559,   0.10811,   0.03458,   0.00657,   0.00306,  -0.05121,  -0.00569,  -0.05822,   0.03458,  -0.04596,  -0.00394,  -0.00919,   0.02407,   0.00306,  -0.02495,  -0.00219,   0.00131,  -0.01094,   0.01182,   0.04858,  -0.04421,   0.04158,  -0.04946,   0.04858,  -0.07222,   0.03283,  -0.01444,  -0.07922,   0.01707,   0.04333,  -0.04071,   0.00481,  -0.03545,  -0.07572,   0.00131,  -0.02845,  -0.00044,   0.03983,  -0.02145,  -0.03545,  -0.01444,   0.01882,  -0.00044,  -0.02495,  -0.00044,  -0.02320,  -0.00394,   0.02933,   0.01007,  -0.09148,   0.05559,   0.05909,  -0.01094,  -0.02495,   0.01007,  -0.03370,   0.00306,   0.02407,   0.01532,  -0.01269,  -0.06872,   0.05209,  -0.03545,   0.07135,   0.01882,  -0.05646,  -0.03545,   0.05734,   0.01357,   0.02232,  -0.00569,  -0.02845,  -0.02320,  -0.01094,   0.01007,   0.04333,  -0.01269,   0.08185,  -0.05646,  -0.07572,   0.08010,  -0.00569,  -0.04771,   0.04333,  -0.00394,  -0.10374,  -0.09323,   0.05034,   0.05734,  -0.01094,   0.04158,  -0.01444,  -0.00394,  -0.00744,  -0.04771,  -0.04771,   0.02057,   0.06259,  -0.02145,   0.06784,   0.04683,   0.06784,   0.02933,   0.13788,   0.01882,  -0.06172,   0.04158,  -0.01094,   0.01882,  -0.03195,  -0.01094,   0.02232,  -0.03721,   0.02933,   0.04333,  -0.00044,   0.02232,   0.00306,   0.07310,   0.02757,   0.00481,  -0.03896,  -0.02670,   0.03458,  -0.00044,   0.00481,   0.03983,   0.00657,   0.01357,  -0.01970,  -0.04946,   0.04858,  -0.07747,   0.00131,   0.03983,   0.04508,   0.00481,   0.03808,   0.02057,   0.05559,  -0.00044,   0.06259,  -0.02320,  -0.01620,  -0.06172,  -0.00219,  -0.06522,   0.03108,   0.01707,  -0.00394,  -0.01444,   0.04683,  -0.01444,   0.08710,  -0.02145,   0.08535,  -0.01620,  -0.00219,   0.04508,  -0.01620,  -0.01269,   0.06784,   0.05734,   0.03983,   0.02582,   0.05209,  -0.05646,  -0.08098,  -0.01795,  -0.00744,   0.01707,   0.07835,  -0.01444,  -0.01444,  -0.02320,  -0.04421,   0.05909,  -0.01269,   0.04333,   0.05734,   0.01007,   0.08010,   0.01707,   0.01532,  -0.06172,  -0.05646,  -0.00744,   0.01182,  -0.00919,  -0.03020,  -0.01795,   0.04158,  -0.01269,   0.04158,   0.00481,  -0.02145,   0.02757,  -0.01795,   0.00832,  -0.04071,   0.02582,  -0.04421,  -0.09148,  -0.04246,   0.03283,   0.02933,  -0.04596,   0.02933,  -0.04246,   0.03108,  -0.00919,   0.01182,  -0.02145,  -0.04071,   0.15889,   0.01357,   0.03808,  -0.00044,  -0.04071,  -0.09498,   0.02933,  -0.00219,  -0.02845,   0.00832,   0.03983,  -0.03370,   0.01882,  -0.02495,   0.01532,   0.01007,  -0.04246,   0.01707,  -0.01444,   0.02757,   0.00657,  -0.03896,  -0.02845,  -0.02670,   0.02933,  -0.04771,  -0.00744,   0.10811,   0.03983,   0.11161,  -0.06172,   0.04158,  -0.04246,  -0.00219,   0.02757,   0.01357,   0.08535,   0.07135,  -0.00744,   0.00481,  -0.09498,  -0.03020,   0.03808,  -0.10023,  -0.07572,  -0.05296,  -0.00219,   0.02232,   0.00481,  -0.06522,   0.02407,   0.01532,   0.00657,   0.00306,  -0.01795,  -0.00219,  -0.01444,   0.00657,  -0.01970,  -0.02320,   0.06084,   0.03108,   0.06959,   0.03633,   0.00481,  -0.08798,  -0.00394,  -0.04421,   0.09060,  -0.00044,  -0.01970,   0.00131,  -0.04421,  -0.03195,  -0.03020,   0.02933,   0.00306,  -0.10023,  -0.07222,  -0.05471,   0.01882,  -0.10374,   0.00657,  -0.00919,   0.01532,   0.04683,  -0.00394,  -0.05646,   0.00481,  -0.01620,   0.06259,  -0.08798,   0.10111,  -0.04421,  -0.01444,  -0.07747,   0.03283,   0.01882,   0.10286,  -0.09148,   0.00481,   0.02582,  -0.05646,  -0.02145,  -0.07922,  -0.01444,   0.05209,   0.04683,   0.09936,   0.03983,   0.00481,  -0.02320,   0.04858,   0.03283,   0.02057,  -0.00219,   0.01882,  -0.04071,  -0.10374,   0.05734,   0.03808,  -0.04596,   0.03808,   0.00657,   0.03283,   0.02232,   0.00131,   0.01882,   0.00131,  -0.05822,   0.03983,   0.03808,  -0.03545,   0.02407,  -0.05646,  -0.01795,  -0.07572,  -0.02145,   0.06609,  -0.08973,  -0.05471,   0.01882,  -0.04771,   0.00131,   0.08710,   0.03458,   0.03633,   0.01882,  -0.03721,  -0.06172,  -0.01444,  -0.01269,   0.03108,   0.01707,  -0.03195,  -0.04771,  -0.01620,  -0.01620,  -0.04421,  -0.04246,  -0.05471,  -0.07222,  -0.01620,  -0.05471,   0.02407,   0.02232,   0.03283,   0.03108,   0.05909,   0.04858,  -0.05646,   0.02232,  -0.02495,  -0.02320,  -0.00744,  -0.01795,  -0.00044,  -0.01970,  -0.00919,   0.00832,   0.02407,  -0.01970,  -0.00219,   0.05034,   0.05384,  -0.01269,  -0.03020,   0.04333,  -0.06697,   0.01182,   0.05909,   0.11512,   0.06959,  -0.05121,   0.00832,   0.00306,  -0.03721,  -0.00394,   0.07310,   0.03808,   0.03458,  -0.04771,  -0.00219,  -0.01795,   0.02407,  -0.03896,   0.08185,   0.00306,   0.01532,  -0.04771,   0.02582,  -0.09148,  -0.02320,  -0.02845,  -0.00744,  -0.00044,   0.07310,  -0.03195,  -0.07222,  -0.02495,   0.00131,   0.04333,   0.08010,   0.03108,   0.02582,  -0.03195,  -0.01970,   0.02057,   0.07660,   0.05909,   0.02057,   0.03108,  -0.05822,   0.05209,   0.01532,  -0.07572,   0.06959,   0.00306,  -0.03896,  -0.02320,  -0.01620,   0.00131,   0.09936,  -0.02495,  -0.00219,  -0.01444,   0.01357,   0.07835,   0.02407,  -0.04421,   0.01007,  -0.03195,   0.06084,  -0.00044,   0.03283,   0.01882,  -0.08273,  -0.00394,   0.02582,  -0.05997,  -0.08098,   0.01357,   0.02582,   0.10461,  -0.02495,  -0.05822,  -0.01094,  -0.02320,  -0.02495,   0.01007,   0.02757,  -0.01795,   0.05909,  -0.04946,   0.06259,   0.07485,   0.02757,  -0.08273,   0.06259,  -0.02145,   0.04333,  -0.02495,   0.04858,   0.00481,  -0.00044,   0.02232,  -0.08448,   0.02582,  -0.05121,  -0.01444,  -0.07922,  -0.10023,  -0.08098,  -0.02670,  -0.03020,   0.01532,   0.02933,   0.01532,   0.02232,  -0.00569,   0.04158,   0.06084,   0.04508,  -0.00744,   0.04333,   0.05559,  -0.00394,   0.06084,  -0.03020,   0.02933,  -0.01269,  -0.01620,   0.02582,  -0.03370,  -0.00744,   0.01882,   0.00832,  -0.02495,   0.04158,  -0.05471,  -0.00044,  -0.00394,   0.08360,  -0.05296,   0.05909,  -0.10023,  -0.01094,  -0.04246,  -0.03545,   0.10461,  -0.05471,  -0.04071,   0.03458,   0.01707,  -0.00394,   0.06784,  -0.03020,  -0.03195,  -0.08623,  -0.01094,   0.01532,  -0.03545,  -0.05822,   0.04858,   0.03808,   0.03108,   0.02933,  -0.00394,   0.00481,  -0.02320,  -0.01269,   0.08360,   0.07310,  -0.03545,  -0.09673,   0.05384,   0.05559,  -0.02670,  -0.02670,  -0.04421,   0.05209,   0.03633,   0.01007,   0.03108,   0.03983,  -0.02670,  -0.01444,  -0.04771,   0.07310,  -0.04246,   0.01357,  -0.04246,  -0.00394,   0.01707,   0.03808,  -0.03721,   0.04508,   0.04858,  -0.02495,  -0.04246,  -0.01620,  -0.02670,  -0.03370,   0.02582,   0.09761,   0.05734,  -0.02845,  -0.04421,  -0.01444,  -0.02670,  -0.00919,  -0.02145,   0.04333,  -0.02495,   0.01532,   0.00481,  -0.02495,  -0.00919,   0.02407,   0.04683,  -0.01444,   0.04683,  -0.08273,  -0.02670,  -0.08448,   0.03633,   0.00481,   0.01532,   0.03108,  -0.06522,  -0.04946,  -0.03545,   0.01007,  -0.06872,  -0.00744,   0.03633,   0.06609,  -0.04771,   0.05034,  -0.03545,   0.04508,   0.00832,  -0.04246,  -0.00044,  -0.06172,  -0.07222,   0.03633,   0.01707,  -0.00219,   0.00306,  -0.04596,   0.04858,  -0.11599,   0.08535,   0.03983,  -0.01269,   0.05034,   0.03458,  -0.06522,  -0.06697,   0.00131,   0.02757,   0.04858,  -0.04771,   0.01357,   0.10986,  -0.06347,   0.04333,  -0.03896,  -0.00569,   0.01532,   0.00657,  -0.02320,   0.05209,   0.01182,  -0.06347,  -0.02145,   0.02407,   0.03983,  -0.00569,  -0.02145,   0.00131,   0.05034,   0.06084,  -0.00919,  -0.00569,  -0.00044,  -0.03195,   0.07835,  -0.06522,   0.02407,  -0.02670,  -0.05646,  -0.00569,   0.00306,   0.03633,  -0.03545,  -0.06347,   0.02582,   0.01882,   0.03458,  -0.02495,   0.00481,   0.02057,   0.03633,  -0.02845,   0.06084,   0.00131,   0.01882
   0.01532,   0.01357,   0.00131,   0.05734,   0.02057,   0.03808,  -0.00569,  -0.01444,   0.01007,   0.06259,   0.03283,  -0.04596,   0.04683,  -0.03195,   0.00131,   0.01707,  -0.06522,   0.01357,   0.01707,  -0.08798,   0.01707,  -0.02145,  -0.01795,   0.01357,   0.04683,  -0.04421,   0.00481,   0.01182,  -0.03370,   0.01357,   0.05034,  -0.10023,   0.01357,   0.01357,   0.01707,  -0.01444,  -0.00044,   0.01882,   0.01882,   0.01707,  -0.05646,  -0.04596,  -0.04771,   0.01182,  -0.00569,   0.03808,  -0.04246,   0.01007,   0.02933,  -0.01795,  -0.02145,   0.05559,  -0.01094,   0.01532,  -0.04771,  -0.06872,   0.00131,  -0.04071,  -0.01620,  -0.06522,  -0.02845,   0.05384,   0.04333,  -0.00744,  -0.01970,  -0.03370,  -0.08973,  -0.00919,  -0.05646,  -0.03545,  -0.00394,   0.05559,   0.00657,   0.00657,   0.08360,   0.05034,  -0.00394,   0.03458,   0.01882,  -0.11949,   0.01007,   0.01532,   0.05559,   0.06084,   0.00657,  -0.00569,   0.00657,   0.05384,  -0.02145,   0.03283,   0.03283,  -0.05296,   0.00306,  -0.04596,  -0.04771,  -0.02320,   0.02933,  -0.05997,  -0.07047,  -0.00044,  -0.04071,   0.03108,   0.03108,   0.08010,  -0.01269,   0.01182,   0.00657,   0.05384,  -0.05296,   0.02407,  -0.05121,   0.04158,  -0.01094,  -0.04071,   0.03283,  -0.03896,   0.06434,  -0.07922,  -0.02495,   0.00131,   0.10111,  -0.03896,   0.02057,  -0.00919,  -0.01444,   0.03983,  -0.03020,   0.09586,  -0.01620,  -0.07047,   0.03283,  -0.02495,   0.00306,  -0.06347,   0.01882,  -0.00744,   0.01707,  -0.05997,  -0.03020,   0.01707,   0.02582,  -0.04246,   0.00131,  -0.04421,  -0.05997,   0.01357,   0.01532,  -0.05121,  -0.04246,  -0.02495,   0.05034,  -0.04946,  -0.00569,  -0.05646,  -0.00569,  -0.03020,  -0.07572,   0.03633,  -0.05646,   0.04508,   0.06084,  -0.04246,  -0.07572,   0.08885,   0.00832,  -0.01970,   0.06259,   0.01532,  -0.00919,  -0.03545,   0.06259,  -0.10023,  -0.06347,   0.04158,   0.03633,  -0.02320,   0.02057,  -0.04421,  -0.04596,  -0.05822,   0.01707,   0.04333,  -0.04596,  -0.03721,  -0.02670,   0.01182,   0.01707,   0.01532,  -0.01620,  -0.05296,  -0.02145,   0.04858,   0.05034,   0.01532,  -0.03370,  -0.02320,  -0.04246,  -0.01094,   0.04858,  -0.00569,  -0.08798,   0.03633,   0.13963,  -0.04071,   0.08535,   0.04158,  -0.03020,   0.03458,   0.02057,  -0.00744,   0.01532,  -0.09673,  -0.00394,  -0.04946,   0.01532,  -0.07922,   0.02582,  -0.03545,   0.08885,   0.02933,  -0.04771,   0.01007,  -0.09148,  -0.02670,   0.03283,  -0.00394,  -0.04071,  -0.03545,  -0.04071,  -0.01094,   0.03458,  -0.06172,   0.00657,   0.01182,   0.08535,  -0.01444,  -0.02845,  -0.06347,  -0.04071,   0.02407,   0.00657,  -0.02145,  -0.01444,  -0.01444,   0.01007,   0.01357,   0.00481,   0.09060,  -0.02145,   0.00481,   0.01182,  -0.00744,  -0.04071,   0.03108,  -0.00569,   0.04333,  -0.01795,   0.02232,  -0.01094,  -0.09848,  -0.03195,  -0.02495,   0.01882,  -0.00744,   0.03633,   0.08535,  -0.04071,   0.05034,  -0.00569,   0.01357,  -0.02845,  -0.01620,   0.02407,   0.05909,   0.03108,  -0.00569,   0.00131,  -0.02845,   0.05034,  -0.03195,   0.01707,  -0.01444,  -0.02495,  -0.00569,  -0.01094,   0.04158,  -0.01620,  -0.04596,   0.00131,  -0.03545,   0.02757,   0.08885,   0.03808,  -0.03721,   0.00657,  -0.09848,  -0.06697,  -0.08448,   0.02757,   0.05209,  -0.07397,   0.00657,   0.08010,   0.03633,  -0.04421,  -0.01094,  -0.05997,   0.09235,  -0.02145,  -0.03721,  -0.02320,  -0.01620,   0.05384,   0.03808,   0.00481,  -0.06697,  -0.00394,  -0.03896,  -0.07222,  -0.02845,  -0.02845,   0.06084,  -0.00044,   0.06084,   0.02933,  -0.05997,  -0.02495,   0.01182,   0.01532,  -0.00394,  -0.08798,   0.05034,   0.00657,  -0.02495,   0.03983,   0.04508,   0.00657,  -0.01970,  -0.01970,   0.05559,   0.00657,   0.00481,   0.02232,  -0.10549,   0.01707,   0.06784,  -0.01620,  -0.01444,  -0.01444,   0.01707,   0.04333,  -0.00394,   0.02757,   0.00306,  -0.08273,   0.00657,   0.02933,  -0.07572,  -0.04421,  -0.05646,  -0.02845,  -0.03896,   0.10461,   0.01182,   0.01707,   0.00832,  -0.10899,  -0.05997,  -0.04421,   0.07660,  -0.01620,  -0.07397,   0.06084,  -0.07747,   0.01532,   0.04158,   0.04508,   0.00306,   0.02057,  -0.03721,   0.05034,   0.02057,  -0.01269,  -0.01620,  -0.01444,   0.06259,   0.01007,  -0.01269,   0.06609,  -0.13525,  -0.05471,   0.02232,   0.04858,   0.01882,   0.02232,   0.01707,  -0.01795,  -0.08273,  -0.03896,   0.01007,   0.03633,  -0.01269,  -0.04946,   0.03458,  -0.08623,   0.06084,  -0.03896,  -0.03195,  -0.00919,   0.01007,   0.00832,   0.03808,  -0.00394,   0.01882,   0.03283,  -0.02320,  -0.01444,  -0.00919,  -0.05646,  -0.01795,  -0.00394,   0.01182,   0.07835,  -0.02670,   0.04333,  -0.04071,  -0.04071,   0.05384,  -0.01269,  -0.00044,   0.04683,   0.03983,   0.01357,   0.00832,  -0.01620,   0.03983,  -0.01094,  -0.12124,  -0.03721,  -0.04596,   0.02232,   0.06434,   0.07485,   0.03983,   0.02933,  -0.05997,   0.05734,  -0.04596,  -0.02495,   0.07660,   0.01532,   0.02232,   0.00832,   0.01707,  -0.00044,   0.03808,   0.05384,  -0.03545,  -0.03195,   0.06084,  -0.05997,   0.03808,   0.04508,   0.00306,  -0.02845,   0.00657,  -0.04771,   0.05559,  -0.03721,  -0.07922,  -0.01269,  -0.05296,   0.01532,  -0.04421,   0.05034,   0.08535,  -0.03370,   0.05034,  -0.00044,   0.00481,   0.01882,  -0.09848,  -0.01444,  -0.06347,  -0.00394,  -0.03721,   0.00306,   0.01532,  -0.08798,   0.01882,  -0.08973,  -0.01970,   0.00306,   0.05034,  -0.01620,   0.00481,   0.06784,  -0.00569,   0.05384,  -0.01444,  -0.02320,  -0.01620,  -0.01269,   0.09761,  -0.03370,  -0.02495,   0.04683,  -0.03545,  -0.01269,  -0.02495,  -0.05646,   0.01357,  -0.01620,  -0.00219,  -0.06697,   0.02582,   0.01357,  -0.00394,   0.05559,   0.04683,  -0.03195,  -0.02845,   0.09761,   0.03633,   0.03808,  -0.00044,   0.04508,  -0.01444,   0.01182,  -0.03195,   0.11512,   0.04158,  -0.00744,   0.00832,  -0.06172,   0.03808,   0.07660,  -0.04421,   0.02232,   0.16064,  -0.02845,  -0.02845,  -0.07572,  -0.04946,   0.00131,   0.01007,  -0.01269,   0.01707,   0.05559,   0.02407,   0.02232,   0.03983,  -0.06872,   0.01357,   0.03808,  -0.00394,  -0.00394,  -0.01795,  -0.01444,  -0.05997,  -0.03545,  -0.00394,   0.02057,  -0.00219,  -0.04946,  -0.02845,  -0.00044,  -0.02495,  -0.00044,   0.09411,  -0.05471,   0.05909,   0.00832,  -0.00394,   0.06959,   0.06084,   0.01882,  -0.03020,  -0.04246,  -0.10374,   0.06084,  -0.00219,   0.01182,  -0.01269,   0.05209,   0.07485,  -0.10374,   0.04683,   0.01357,  -0.01795,   0.01882,   0.02232,   0.01357,  -0.05997,  -0.03896,  -0.00744,   0.02582,   0.01182,  -0.04421,   0.02057,  -0.04596,   0.08535,  -0.07922,   0.00131,  -0.05822,  -0.00044,  -0.05646,  -0.01094,  -0.03721,   0.04858,   0.03633,   0.12387,  -0.06697,  -0.04421,   0.03808,   0.04508,  -0.07222,  -0.06347,  -0.00044,   0.00306,  -0.00219,   0.03108,   0.00131,   0.00657,   0.04683,  -0.04246,  -0.01795,   0.06959,  -0.02845,   0.05209,  -0.01094,  -0.02845,  -0.01970,   0.01182,   0.02933,  -0.00744,   0.05384,  -0.04946,   0.06084,  -0.05296,  -0.03896,  -0.01269,  -0.11599,   0.09936,   0.04683,   0.01357,  -0.01970,  -0.06697,   0.03458,   0.10811,  -0.04421,   0.04858,   0.04683,   0.02757,   0.01882,   0.08535,  -0.01269,   0.00306,  -0.02845,   0.06959,  -0.00044,  -0.02845,   0.05384,  -0.01620,   0.00306,   0.06784,  -0.00044,  -0.02320,  -0.04771,  -0.00394,   0.02057,  -0.02145,   0.03633,   0.02057,  -0.07047,  -0.05646,  -0.07222,   0.07135,  -0.01444,  -0.05121,  -0.00569,  -0.01795,  -0.04771,  -0.00394,   0.13087,  -0.10023,   0.09060,  -0.04071,   0.02757,   0.00832,   0.02757,  -0.07572,  -0.00569,  -0.01620,   0.04333,  -0.02320,   0.00657,   0.04508,   0.06259,   0.05559,   0.00657,   0.08010,   0.05909,   0.05909,   0.08885,   0.04333,   0.00832,   0.02582,  -0.00219,  -0.04596,  -0.03020,   0.01007,   0.02757,   0.01882,  -0.02845,   0.04508,   0.02232,   0.06259,   0.00657,   0.02933,   0.01882,  -0.03195,  -0.10549,   0.06609,  -0.03370,  -0.04946,   0.01532,   0.06959,   0.02057,  -0.04071,  -0.03545,  -0.06697,   0.03983,  -0.00394,   0.05209,  -0.02670,  -0.01620,  -0.00044,  -0.07397,   0.07835,  -0.02495,  -0.00919,  -0.05121,  -0.01795,   0.00306,   0.00481,   0.02232,  -0.01970,  -0.05997,   0.04158,  -0.02145,  -0.08973,  -0.02845,   0.01182,   0.00131,   0.04858,  -0.03370,  -0.06172,   0.06609,   0.09060,   0.04508,   0.03983,   0.00131,   0.02757,  -0.07922,   0.01182,  -0.06347,  -0.01970,  -0.02145,   0.06609,  -0.02495,  -0.01444,  -0.00394,  -0.02670,   0.01357,   0.00131,   0.01357,   0.00832,  -0.01444,   0.05734,  -0.01269,  -0.03896,  -0.00919,   0.05909,   0.01532,  -0.02495,  -0.06697,   0.01357,   0.01882,  -0.02670,   0.06959,   0.01532,   0.07135,   0.03983,   0.01532,  -0.04946,  -0.00569,  -0.00044,   0.00832,  -0.05822,  -0.01444,   0.05909,   0.04333,   0.04858,  -0.01094,  -0.01444,   0.06434,   0.00306,  -0.00919,  -0.05471,   0.02057,  -0.01970,  -0.04946,   0.04158,   0.04333,  -0.07922,  -0.04946,   0.00657,  -0.00394,   0.05559,   0.03633,  -0.04771,  -0.00219,   0.00131,   0.07310,   0.04683,   0.03108,  -0.01620,   0.02057,  -0.00919,   0.02232,   0.00481,  -0.01094,   0.01532,   0.03458,   0.00657,  -0.04771,  -0.01269,   0.05734,   0.01707,   0.00657,  -0.06697,  -0.04596,   0.07660,  -0.10199,   0.00306,  -0.07922,  -0.03545,   0.06259,   0.01532,   0.02407,  -0.02495,  -0.00044,   0.06084,  -0.02145,  -0.01094,   0.07835,  -0.04246,  -0.02145,  -0.01094,   0.03108,   0.05559,   0.11512,   0.00306,  -0.03370,   0.07835,  -0.02145,  -0.08973,   0.06959,   0.02232,   0.00306,   0.01532,  -0.03896,  -0.00569,  -0.03721,  -0.00919,  -0.02670,   0.00832,  -0.00394,   0.01357,  -0.10724,  -0.05822,   0.03808,   0.09411,  -0.00044,  -0.01620,  -0.03020,  -0.00744,   0.03808,   0.08710,   0.05734,   0.01882,  -0.02145,  -0.05296,  -0.06347,   0.01357,   0.00481,  -0.05646,  -0.03545,   0.03108,   0.01182,  -0.00394,   0.01357,   0.01532,   0.05034,  -0.01269,   0.03633,  -0.03721,  -0.01094,  -0.03721,  -0.05822,  -0.00744,   0.02933,   0.04858,  -0.06172,  -0.08098,  -0.12124,   0.03283,  -0.03370,  -0.03020,  -0.01444,  -0.05471,  -0.04071,  -0.03195,  -0.01795,  -0.00569,   0.03633,  -0.01444,  -0.01094,   0.05034,   0.00832,   0.01707,  -0.05296,   0.04508,   0.04683,   0.01532,  -0.11074,   0.01182,  -0.00744,   0.02407,  -0.02670,   0.12212,   0.02407,   0.04683,   0.02057,   0.02057,  -0.00394,  -0.00569,  -0.02495,  -0.06347,   0.06784,  -0.02670,   0.03108,   0.07135,  -0.04596,  -0.05997,  -0.05646,  -0.03020,   0.00657,  -0.03020,  -0.08448,  -0.02670,   0.02933,   0.02933,   0.01357,   0.02232,   0.02933,  -0.07747,  -0.00919,  -0.01620,  -0.06347,   0.05209,   0.04333,  -0.00044,  -0.01444,  -0.00569,   0.02582,   0.10461,   0.01532,   0.01882,  -0.00219,  -0.07047,   0.02057,  -0.06347,  -0.12300,   0.01007,   0.01707,  -0.05121,   0.08885,   0.07485,   0.07135,  -0.00044,  -0.04421,  -0.04246,  -0.04071,  -0.01269,  -0.07397,   0.07135,   0.04333,  -0.03370,  -0.02145,   0.09060,   0.02582,  -0.03721,  -0.03020,   0.04858,   0.02933,  -0.00394,  -0.05121,  -0.04246,   0.04158,  -0.01620,   0.04158,  -0.11599,  -0.03195,   0.00131,  -0.00219,  -0.01094,   0.01182,   0.01007,   0.08010,   0.03808,   0.06434,  -0.01444
  -0.03195,   0.02232,  -0.00219,   0.00306,   0.08535,  -0.05822,  -0.07047,  -0.01444,  -0.00744,  -0.07922,  -0.03020,  -0.00919,  -0.00044,   0.05209,  -0.03545,  -0.09498,   0.03108,   0.03283,  -0.02670,  -0.02845,   0.11862,   0.03983,  -0.01795,   0.02933,  -0.02670,   0.00306,  -0.08798,   0.10811,  -0.01444,   0.03458,   0.05734,   0.07135,  -0.06172,   0.07485,   0.03108,   0.03983,  -0.01620,   0.02582,   0.03983,  -0.01620,   0.01882,  -0.02670,  -0.05822,  -0.05822,  -0.03195,  -0.02845,   0.04683,   0.03283,  -0.03545,   0.03283,   0.00832,   0.03983,   0.00481,  -0.00394,  -0.01620,   0.02757,   0.00832,  -0.04421,   0.06784,   0.08185,  -0.01444,  -0.01620,  -0.01620,   0.05384,  -0.05646,   0.09060,   0.04508,  -0.00744,   0.01532,   0.02407,  -0.01094,   0.03983,  -0.06522,   0.01707,  -0.01970,   0.02057,   0.03108,  -0.01269,   0.02057,  -0.01269,  -0.05646,  -0.05997,   0.02232,   0.06434,   0.01182,   0.00131,  -0.03195,  -0.08973,   0.03108,   0.10111,  -0.00919,  -0.00744,  -0.00219,   0.05384,   0.01882,   0.02582,  -0.02145,   0.00481,  -0.00394,  -0.02670,  -0.00919,  -0.02145,  -0.00394,  -0.08623,  -0.04596,  -0.03545,   0.03808,   0.04158,  -0.05997,  -0.01444,   0.03808,  -0.00044,  -0.08623,   0.02933,   0.00131,   0.10811,   0.02933,  -0.02670,   0.00481,   0.02933,   0.00131,   0.02057,   0.06609,   0.01532,   0.06434,  -0.04246,   0.00832,  -0.01795,   0.02757,   0.02757,   0.04683,  -0.05296,   0.01182,  -0.03195,   0.04683,  -0.01094,   0.04858,   0.12737,   0.13262,  -0.03545,  -0.00219,   0.11512,   0.08360,  -0.07922,  -0.06697,   0.05384,   0.03633,  -0.04946,   0.07485,  -0.03721,  -0.05121,   0.04683,   0.03983,  -0.03370,   0.08010,   0.00306,  -0.00919,  -0.00394,  -0.02320,  -0.07572,   0.07135,  -0.01094,  -0.04771,  -0.06872,   0.03283,  -0.01444,   0.01007,   0.00306,   0.06784,  -0.02145,  -0.00744,   0.00306,   0.00131,  -0.01620,  -0.10023,   0.05209,   0.01007,  -0.01620,   0.02407,  -0.07047,  -0.01269,   0.05734,   0.07135,  -0.02845,  -0.01970,   0.05734,  -0.04421,  -0.02845,   0.01182,   0.07660,  -0.00044,  -0.01620,  -0.11074,   0.00832,   0.00481,   0.03108,   0.03983,   0.00481,   0.07485,  -0.02320,  -0.01094,  -0.10374,   0.04508,  -0.03545,   0.01882,  -0.00919,  -0.01444,   0.03458,  -0.07222,   0.05734,   0.07135,   0.07310,  -0.11424,   0.02407,   0.00832,  -0.02145,  -0.03195,   0.05034,  -0.04071,  -0.01795,   0.01882,  -0.01970,   0.06084,   0.05034,   0.01357,   0.05384,  -0.05822,  -0.00919,   0.04333,   0.02933,   0.01707,   0.05559,  -0.02495,   0.01707,   0.02757,   0.02407,  -0.04421,   0.05559,  -0.08798,   0.01882,  -0.00744,   0.03283,  -0.03370,   0.00481,   0.02757,   0.03108,   0.17814,  -0.04421,   0.01182,   0.00131,   0.00481,  -0.07047,  -0.01269,   0.06259,  -0.01094,  -0.02670,   0.07310,   0.02057,  -0.07047,  -0.03545,   0.06434,   0.00657,  -0.08973,  -0.05296,   0.03283,   0.04333,   0.02057,  -0.01269,  -0.02845,   0.01707,   0.02057,   0.03633,   0.04858,  -0.01094,   0.07660,   0.11862,  -0.04071,  -0.04071,  -0.05997,  -0.01620,   0.00481,  -0.01444,   0.02757,   0.04683,   0.04508,   0.09411,   0.03108,   0.16764,   0.02582,  -0.01444,   0.00131,   0.08185,   0.03983,   0.02057,  -0.05997,  -0.00569,  -0.03370,  -0.05997,   0.00481,   0.03983,   0.03283,  -0.07747,   0.00306,   0.04858,   0.05734,   0.03633,  -0.04421,   0.03108,   0.06784,  -0.05296,  -0.02670,   0.00657,   0.00481,   0.08885,  -0.00219,  -0.01269,   0.03458,  -0.03370,   0.09761,   0.00481,   0.11336,  -0.04246,   0.02933,   0.02232,   0.06959,  -0.00744,   0.03808,   0.02757,  -0.05296,   0.07485,  -0.05296,   0.01707,  -0.00219,   0.05034,  -0.02845,   0.01007,   0.02057,  -0.03721,  -0.00919,   0.10111,  -0.05121,   0.09936,   0.06784,  -0.00919,  -0.00919,   0.09060,   0.02582,  -0.00569,   0.08710,  -0.02320,  -0.06347,  -0.10374,   0.06259,   0.00832,   0.00832,   0.04333,   0.03983,  -0.05296,  -0.03195,  -0.04421,   0.02933,  -0.01620,   0.05209,   0.03108,  -0.02670,  -0.05121,  -0.03545,  -0.00219,   0.05209,   0.00657,  -0.09323,  -0.02670,  -0.01444,  -0.01970,  -0.07572,   0.02757,   0.04683,  -0.00744,   0.01357,  -0.04946,   0.01532,  -0.03020,  -0.01795,   0.03283,   0.00832,   0.03458,   0.08010,   0.03108,   0.01532,   0.04858,  -0.04596,  -0.01094,   0.01007,  -0.03370,   0.01532,  -0.03195,  -0.03195,  -0.02145,   0.00657,  -0.03370,   0.04158,  -0.05646,   0.03983,  -0.04071,  -0.04596,   0.02933,   0.02057,   0.02232,  -0.07222,   0.02057,  -0.07047,   0.01007,  -0.12124,   0.02757,  -0.00919,   0.06084,   0.02232,  -0.02845,   0.06784,  -0.01269,   0.02757,   0.04858,  -0.05296,  -0.01620,   0.06084,   0.03633,  -0.09148,   0.08535,  -0.04771,   0.07660,   0.03458,   0.03458,   0.08360,   0.06434,  -0.03370,   0.09936,  -0.04946,  -0.07222,   0.03633,   0.03983,   0.03808,   0.02757,   0.07135,  -0.00919,   0.02933,   0.06609,  -0.03545,  -0.03896,  -0.03195,  -0.03721,  -0.00919,   0.05559,   0.01882,  -0.00569,  -0.07397,   0.01532,   0.01532,   0.01882,  -0.03721,  -0.03020,  -0.05822,   0.01007,   0.01357,   0.02057,   0.01882,   0.03983,   0.01707,  -0.01795,   0.01357,   0.01532,  -0.03020,  -0.11074,  -0.01269,  -0.01970,  -0.02670,   0.10811,  -0.00744,   0.09060,  -0.00919,  -0.09148,  -0.01094,   0.01182,  -0.01094,   0.04683,  -0.05646,  -0.04071,   0.01182,   0.07660,  -0.00044,  -0.04071,  -0.08448,   0.03458,  -0.01094,   0.02407,   0.00306,  -0.04771,   0.08010,  -0.01970,  -0.01620,   0.03458,   0.01707,  -0.00919,   0.02582,  -0.07747,  -0.05296,  -0.07222,  -0.01094,   0.06959,  -0.01094,  -0.04071,   0.11687,  -0.01269,  -0.03721,   0.03458,   0.01532,  -0.03195,  -0.00044,  -0.05997,  -0.08273,  -0.01970,   0.04508,   0.02933,  -0.02670,  -0.01269,   0.00657,  -0.07397,  -0.02320,  -0.04246,   0.05909,  -0.00394,   0.08360,  -0.06172,  -0.04421,  -0.07747,   0.00131,  -0.01620,  -0.10374,   0.02933,  -0.05296,   0.03458,   0.00481,  -0.04071,  -0.07222,  -0.02145,  -0.02145,  -0.00044,  -0.06172,   0.06784,   0.02933,  -0.04246,   0.00481,  -0.03370,  -0.04071,   0.02582,   0.07135,  -0.01269,   0.07485,   0.03283,  -0.01444,   0.09235,  -0.02495,   0.05209,  -0.00919,  -0.08798,   0.06259,  -0.04246,  -0.01094,  -0.02495,  -0.01795,   0.04683,   0.02582,   0.00306,  -0.03195,  -0.06697,  -0.00044,  -0.07747,   0.08010,  -0.01970,  -0.03195,  -0.00394,   0.02582,  -0.04071,  -0.05471,  -0.07222,   0.03633,  -0.00394,  -0.00744,   0.01357,  -0.00219,   0.02232,  -0.04771,   0.07310,   0.05909,   0.01007,  -0.00044,  -0.07047,  -0.07397,  -0.13525,   0.15013,  -0.01094,  -0.01444,   0.09936,   0.05909,   0.00131,  -0.03370,   0.03108,   0.01182,   0.06609,   0.00131,   0.01182,   0.02933,   0.01882,   0.02933,  -0.02845,  -0.07047,   0.03808,  -0.06697,   0.01357,   0.05559,   0.07660,   0.02057,   0.04858,   0.04333,   0.06259,   0.02407,  -0.03020,   0.02933,  -0.05822,  -0.02495,   0.01182,   0.03983,  -0.00219,   0.02232,  -0.00044,   0.08885,  -0.08973,  -0.05471,   0.04508,   0.05034,  -0.00744,  -0.06347,  -0.01970,  -0.02495,  -0.04771,  -0.05121,   0.01357,   0.02057,  -0.00569,  -0.00394,   0.02582,   0.01882,  -0.07747,  -0.00744,  -0.05646,   0.01707,   0.08010,   0.03808,   0.01882,  -0.01620,   0.02232,   0.03283,  -0.03721,  -0.02320,   0.07310,  -0.03545,   0.07485,  -0.08973,   0.07135,  -0.01444,  -0.00569,  -0.05822,   0.00306,  -0.01970,   0.00481,   0.00306,  -0.02320,   0.06259,   0.02933,  -0.00569,   0.02757,   0.05909,  -0.01269,  -0.00394,   0.04683,   0.01532,  -0.06347,  -0.01269,  -0.00219,  -0.01795,  -0.04771,   0.02407,   0.00306,   0.03283,   0.03983,   0.11862,   0.02407,  -0.02845,   0.04508,  -0.02845,   0.00131,  -0.02495,   0.02933,   0.05734,  -0.03896,  -0.09848,   0.04858,  -0.02320,   0.06434,  -0.03195,  -0.01795,  -0.03195,   0.04858,   0.01357,   0.02407,  -0.04946,  -0.03195,  -0.00569,  -0.04771,   0.07835,   0.04158,   0.03283,   0.02407,  -0.00394,  -0.06522,   0.01707,   0.02057,   0.00832,   0.06434,  -0.01269,   0.04158,  -0.01444,   0.00481,   0.01357,  -0.01620,   0.02057,   0.01182,   0.06259,   0.06259,   0.01882,  -0.03896,  -0.07922,   0.00306,  -0.06697,  -0.05646,   0.02057,  -0.05296,   0.06434,   0.02057,  -0.07572,  -0.03721,  -0.03545,   0.04158,   0.02757,  -0.02845,  -0.01444,  -0.04246,  -0.04421,   0.02757,   0.01357,   0.01007,   0.01007,   0.05384,  -0.03721,   0.03458,  -0.01269,   0.06959,  -0.00394,   0.05209,   0.03283,  -0.00219,   0.01182,  -0.01970,   0.01007,   0.01357,  -0.00394,  -0.03896,   0.09060,   0.04683,  -0.05471,  -0.00919,   0.14313,   0.11512,   0.06784,  -0.00744,   0.01182,   0.00657,   0.00657,  -0.02845,   0.03808,  -0.03721,  -0.02145,   0.00832,   0.05909,  -0.00744,  -0.01970,   0.01357,   0.00657,   0.03633,  -0.04946,  -0.03370,  -0.04071,  -0.02670,   0.01882,   0.03983,  -0.06872,  -0.04771,  -0.06172,   0.02232,  -0.03195,  -0.08098,  -0.04246,  -0.01620,   0.05209,  -0.02845,   0.08710,  -0.06172,  -0.01620,   0.00306,   0.10636,  -0.03195,  -0.02495,  -0.00919,  -0.11074,  -0.00044,  -0.01269,   0.11862,   0.08360,  -0.03545,  -0.01970,   0.13262,  -0.08448,  -0.01970,  -0.02845,   0.02057,   0.06259,   0.07135,   0.02057,   0.01882,  -0.01795,  -0.03896,  -0.00044,  -0.08798,  -0.03370,   0.09936,   0.00657,   0.00306,  -0.00569,  -0.02145,   0.01007,  -0.01444,  -0.02495,  -0.05822,   0.02757,  -0.04421,   0.02582,   0.02407,   0.06959,  -0.06697,   0.01532,  -0.01620,  -0.06697,   0.08360,  -0.09323,  -0.01620,  -0.04596,   0.00306,  -0.03545,  -0.02495,   0.04333,   0.09586,  -0.01795,   0.00481,   0.02582,   0.03633,   0.08885,  -0.00044,   0.08885,   0.03983,  -0.04946,  -0.05296,  -0.07747,  -0.03545,  -0.02845,  -0.04946,   0.06084,  -0.04946,   0.03108,  -0.03721,   0.03108,   0.00657,   0.02933,  -0.04246,   0.02933,   0.00306,   0.00131,  -0.00569,  -0.06522,  -0.03370,   0.04858,  -0.02670,  -0.01444,   0.06609,  -0.03195,   0.00657,  -0.05121,   0.03633,  -0.04246,   0.04333,  -0.10199,  -0.05997,   0.02933,   0.02582,   0.01007,   0.05209,   0.03283,  -0.00394,  -0.04071,   0.00481,  -0.08273,   0.08535,   0.02057,  -0.06872,  -0.02145,   0.03283,   0.05384,   0.02757,   0.03458,  -0.00219,   0.01532,   0.09761,   0.02757,   0.00657,  -0.02670,   0.03633,  -0.03721,   0.07485,  -0.04071,   0.03458,   0.02057,  -0.01094,   0.03633,  -0.00394,  -0.01094,   0.03633,   0.01707,  -0.01795,   0.07660,  -0.06522,  -0.07747,   0.01882,   0.02933,  -0.07747,   0.02757,   0.04508,  -0.05296,   0.01182,  -0.02145,  -0.01620,  -0.06172,  -0.05296,   0.02933,  -0.00919,   0.02407,  -0.03545,  -0.06347,   0.08010,   0.00832,  -0.02320,   0.07485,   0.05734,   0.03283,  -0.00219,   0.14488,   0.05034,   0.00481,   0.04158,  -0.07397,  -0.03545,   0.08185,   0.00306,  -0.05471,   0.00306,   0.12562,  -0.00394,   0.02582,   0.00481,   0.01007,  -0.04946,   0.05559,   0.04508,  -0.00044,  -0.05646,   0.03108,   0.01532,  -0.03195,  -0.04771,  -0.06172,   0.05384,   0.08535,   0.01707,   0.04508,  -0.04071,   0.01532,   0.01182,   0.03808,   0.01182,   0.03283,   0.01707,   0.03808,  -0.03721,  -0.03545,  -0.01094,  -0.01444,   0.00306,  -0.03370,  -0.01094,  -0.00919,  -0.04071,   0.02582,   0.05034,   0.00657,   0.01882,  -0.05121,  -0.08798
   0.04333,   0.01707,  -0.08798,   0.04158,  -0.05121,   0.00657,   0.08010,  -0.00744,   0.06084,  -0.02320,   0.02057,   0.09411,  -0.08098,  -0.05296,  -0.00919,  -0.01094,   0.01007,  -0.06697,  -0.02320,   0.04858,  -0.00744,  -0.07397,  -0.13175,  -0.08973,   0.03283,   0.03633,   0.05559,   0.00832,   0.00306,  -0.00919,  -0.02845,  -0.00919,   0.02582,   0.02582,   0.03283,   0.02933,  -0.03195,  -0.05471,  -0.06347,   0.08535,   0.01182,   0.06959,   0.04333,   0.06959,  -0.01444,   0.00306,   0.02933,   0.02057,  -0.01094,   0.00481,   0.01357,  -0.06522,   0.00306,  -0.05646,  -0.03370,   0.06784,  -0.04071,   0.03983,   0.00481,  -0.03020,  -0.01970,  -0.03896,  -0.11074,   0.01007,  -0.01795,  -0.04946,  -0.00919,  -0.04771,  -0.00044,   0.01007,   0.00131,   0.04683,  -0.03721,  -0.00919,  -0.07047,  -0.00744,   0.05209,  -0.00569,  -0.06172,  -0.03020,   0.00306,   0.03633,   0.07310,  -0.03020,  -0.03195,  -0.02145,  -0.01094,  -0.06872,  -0.02495,  -0.02320,   0.01007,  -0.02320,   0.02232,  -0.10549,  -0.13875,  -0.00744,   0.03808,   0.06784,   0.08885,  -0.01269,  -0.02320,   0.01882,  -0.05121,   0.08010,  -0.01094,  -0.03195,  -0.02320,   0.03458,   0.06434,   0.03458,  -0.01444,   0.03458,   0.01007,   0.02582,   0.02757,  -0.03545,  -0.02495,   0.03283,  -0.00744,  -0.01970,  -0.00744,   0.00306,  -0.00744,  -0.07397,   0.00832,   0.00306,  -0.01094,  -0.00919,   0.02933,  -0.03721,   0.03108,  -0.00219,  -0.02670,  -0.04771,  -0.08273,  -0.06172,  -0.03370,   0.05734,   0.01182,   0.00481,  -0.01620,   0.04508,   0.03108,  -0.03020,  -0.04771,   0.08710,   0.00131,   0.02232,  -0.00919,   0.13087,  -0.05296,  -0.00744,   0.06434,   0.11336,  -0.04946,  -0.05296,   0.02232,  -0.09148,   0.06959,  -0.05471,   0.01182,   0.02057,   0.02407,  -0.04596,   0.05559,  -0.03195,  -0.09498,  -0.04246,  -0.00919,  -0.02670,   0.02232,  -0.01620,   0.06259,   0.10811,   0.02933,  -0.01795,  -0.00219,   0.03808,   0.02057,   0.00657,   0.03283,  -0.00219,   0.01007,   0.03283,   0.08010,  -0.00219,  -0.05121,   0.03283,   0.02407,   0.03458,  -0.01094,   0.03808,  -0.01795,  -0.03020,   0.01182,   0.02057,   0.02057,  -0.02670,  -0.01970,  -0.01620,   0.02407,   0.04333,  -0.07222,   0.04508,  -0.07222,  -0.07047,  -0.06872,   0.01532,   0.01882,   0.01182,   0.02407,   0.04683,   0.04858,   0.02232,   0.07485,   0.08885,  -0.08273,   0.03633,   0.00832,   0.03458,  -0.02670,   0.10636,  -0.02845,  -0.03545,   0.01882,   0.00131,   0.01357,   0.03283,   0.06259,   0.05384,  -0.02670,   0.08535,   0.06259,  -0.02145,  -0.05997,   0.08185,   0.02407,   0.00306,   0.01007,   0.00481,   0.02757,   0.05734,  -0.02145,  -0.03721,  -0.02320,  -0.02495,  -0.01094,  -0.05822,  -0.01620,   0.00131,  -0.00744,  -0.05646,   0.03808,  -0.03721,   0.03108,   0.00306,   0.06434,   0.03633,   0.04158,  -0.00569,  -0.03020,   0.08185,  -0.04596,   0.02757,  -0.00919,   0.05559,   0.06784,  -0.02320,   0.00657,   0.03458,  -0.01795,   0.01707,   0.06959,   0.05734,   0.03108,   0.00131,   0.12037,   0.05034,  -0.00569,   0.06784,   0.06084,  -0.03896,  -0.03896,   0.01357,   0.02757,   0.04158,   0.06959,   0.01532,  -0.03195,  -0.06697,   0.04683,  -0.02145,   0.01532,   0.11336,   0.09936,   0.00657,  -0.00044,   0.02582,  -0.04946,   0.05209,  -0.04246,  -0.02845,  -0.05997,   0.07660,   0.00832,   0.03983,   0.03458,   0.05734,   0.06784,  -0.00744,   0.02757,   0.07310,  -0.01620,  -0.06872,   0.03808,   0.04158,   0.06084,   0.05559,  -0.02145,  -0.03195,  -0.01094,  -0.03195,   0.01882,   0.05909,  -0.07047,  -0.01444,   0.01182,   0.04333,   0.02407,  -0.08973,  -0.05121,  -0.02670,   0.00306,  -0.02320,  -0.05471,  -0.02670,   0.01357,  -0.01620,  -0.00394,  -0.05646,   0.00832,   0.03633,  -0.05646,   0.01182,  -0.00744,  -0.05471,   0.00306,  -0.01269,   0.05559,  -0.06172,   0.00832,  -0.05822,   0.01532,  -0.01444,  -0.04246,   0.05384,  -0.03721,   0.03808,   0.01182,   0.06259,  -0.01970,   0.04683,  -0.04246,  -0.01620,  -0.04421,  -0.00044,   0.01182,   0.01882,  -0.01620,  -0.04246,   0.00131,   0.04333,   0.00306,   0.04333,   0.03808,   0.08185,  -0.04246,   0.03633,   0.02582,   0.03633,   0.00306,  -0.08448,  -0.03195,   0.00832,   0.06784,  -0.05121,  -0.03721,   0.07310,  -0.01444,   0.04333,   0.02757,  -0.00569,   0.06959,  -0.04596,  -0.02320,   0.08185,  -0.04421,   0.03983,   0.04508,   0.07660,   0.01707,  -0.02320,  -0.01094,  -0.00394,  -0.08973,  -0.02670,  -0.00919,  -0.01795,  -0.06522,  -0.00219,  -0.03020,   0.00481,  -0.05997,   0.04158,   0.02582,   0.00657,   0.04683,   0.00131,   0.01707,  -0.00219,   0.03458,   0.00481,  -0.00394,  -0.04946,  -0.06872,  -0.08098,  -0.04421,   0.01532,   0.00481,   0.04858,   0.01882,   0.07310,   0.04683,  -0.10724,  -0.04771,  -0.05296,   0.03983,   0.02582,  -0.00044,  -0.00044,   0.02933,   0.06609,  -0.03545,  -0.02670,   0.00481,   0.01882,  -0.05997,  -0.00394,  -0.01269,  -0.06172,  -0.05121,   0.02582,   0.06259,   0.03283,   0.01007,   0.00131,  -0.05121,  -0.04596,   0.13613,   0.04158,   0.00306,  -0.05296,  -0.01795,   0.05034,   0.01357,  -0.06872,  -0.03195,   0.00832,  -0.00394,  -0.01444,  -0.05997,   0.01007,  -0.02320,   0.03458,   0.02582,  -0.07397,   0.02057,  -0.05121,  -0.04771,   0.04333,   0.06434,  -0.02145,  -0.03370,   0.03283,  -0.01620,   0.04683,  -0.04771,  -0.03020,   0.02057,  -0.02495,  -0.04246,  -0.00744,   0.02933,  -0.05121,   0.00481,   0.04158,  -0.01094,   0.08360,   0.02057,   0.06959,   0.02407,   0.02582,  -0.00219,   0.04858,  -0.01620,  -0.03545,   0.04683,   0.03458,  -0.01094,   0.00131,  -0.00919,  -0.00919,  -0.02145,  -0.06347,  -0.01620,  -0.07047,   0.06084,   0.03808,  -0.00919,  -0.03721,  -0.00744,  -0.02495,  -0.01620,  -0.01444,  -0.00744,   0.00131,  -0.01620,  -0.01970,   0.04333,   0.03458,  -0.05121,  -0.03020,   0.07660,  -0.00394,  -0.03020,   0.01707,  -0.04246,   0.02232,   0.00657,  -0.06522,  -0.00569,   0.01707,   0.05209,   0.04158,   0.08360,  -0.01444,  -0.05121,  -0.00044,   0.01182,  -0.01444,  -0.03195,  -0.03896,  -0.02320,   0.06434,  -0.01795,  -0.00919,  -0.07047,  -0.06872,  -0.03370,  -0.01444,   0.02057,  -0.01094,  -0.05646,   0.05909,  -0.01269,   0.00306,  -0.02495,  -0.00919,   0.12037,   0.07835,  -0.01094,   0.05384,  -0.04246,  -0.08098,   0.00657,  -0.03195,  -0.05471,  -0.04071,  -0.07222,   0.05559,  -0.05646,  -0.05471,  -0.01444,  -0.01970,   0.03458,   0.02582,   0.05384,   0.00481,   0.00306,   0.00131,   0.05034,   0.04508,  -0.00219,  -0.01970,  -0.04596,  -0.05296,  -0.02145,   0.00306,  -0.02320,  -0.01444,  -0.03370,  -0.03896,   0.00657,   0.00306,   0.07835,   0.06259,   0.01357,   0.03108,  -0.03020,  -0.03896,  -0.01970,  -0.06872,  -0.04596,  -0.01094,  -0.11949,  -0.03721,  -0.00394,  -0.01094,   0.01882,  -0.02670,   0.06784,   0.03983,   0.00832,   0.05559,  -0.05997,   0.06084,   0.03458,   0.08710,  -0.00744,  -0.02145,   0.00131,  -0.04421,  -0.05822,   0.04333,  -0.04246,  -0.04946,  -0.03020,  -0.10023,   0.00832,   0.12737,  -0.02320,   0.00657,  -0.03896,  -0.03195,   0.07135,  -0.08448,   0.03108,   0.05909,  -0.04246,  -0.01620,  -0.04596,  -0.00919,  -0.00569,  -0.01094,   0.03458,  -0.02320,  -0.03721,  -0.00044,  -0.05997,  -0.05997,   0.08185,  -0.07222,  -0.03195,   0.01357,  -0.06172,  -0.00219,  -0.01094,  -0.03545,  -0.06172,  -0.01795,   0.02057,  -0.01795,   0.00131,   0.07310,  -0.01795,  -0.01094,   0.03283,  -0.04421,   0.05559,   0.07660,  -0.01444,   0.04333,   0.04683,  -0.01795,   0.03633,   0.01707,  -0.07047,  -0.02145,  -0.10374,  -0.02320,  -0.03545,  -0.02670,  -0.10374,   0.03283,   0.03283,  -0.04596,   0.01007,   0.02407,  -0.00744,   0.00832,  -0.02145,  -0.03020,   0.01007,   0.02232,   0.02232,  -0.03896,   0.04508,  -0.06697,   0.00657,   0.04508,  -0.02670,  -0.01620,   0.00306,  -0.08973,  -0.02495,   0.05559,   0.07135,  -0.06347,  -0.07397,   0.07135,   0.00832,  -0.01620,  -0.04771,  -0.02495,  -0.01269,   0.12387,   0.08885,  -0.01620,   0.06959,  -0.03020,   0.05209,  -0.02670,   0.07310,  -0.03545,  -0.01970,   0.00481,   0.08710,  -0.01970,   0.07835,  -0.00044,  -0.03020,   0.01707,  -0.03020,   0.00657,  -0.01269,   0.04333,   0.01882,  -0.02320,  -0.06872,  -0.02320,  -0.06172,  -0.05646,  -0.03721,   0.04508,  -0.16151,  -0.04771,   0.01707,  -0.07222,  -0.01970,   0.03808,   0.00832,  -0.08623,  -0.02320,  -0.01269,  -0.00569,  -0.08098,  -0.07747,  -0.01970,   0.05384,   0.00481,  -0.04421,  -0.02670,   0.03983,   0.03633,   0.07485,   0.03458,   0.01882,  -0.12124,  -0.02845,  -0.03195,  -0.05822,  -0.04246,   0.03808,  -0.03370,   0.02757,  -0.00219,  -0.06522,   0.04158,  -0.07747,   0.02057,   0.05209,  -0.06872,  -0.02845,   0.02232,  -0.00744,  -0.00569,  -0.02670,   0.07135,  -0.05471,   0.03283,  -0.00919,  -0.05296,  -0.06347,   0.01182,   0.03808,  -0.01269,   0.02057,  -0.02845,  -0.05646,   0.02582,   0.00657,   0.01707,  -0.00919,   0.07135,   0.01532,  -0.00744,  -0.00569,  -0.00394,   0.00131,   0.01007,  -0.03195,  -0.08273,   0.03808,   0.04158,  -0.05822,  -0.02670,  -0.04246,  -0.03896,  -0.02145,  -0.00569,  -0.04771,   0.07310,  -0.09498,  -0.04596,   0.00306,  -0.04246,   0.01182,  -0.02495,  -0.07222,  -0.00569,   0.04508,   0.04683,   0.14838,  -0.02320,  -0.00919,  -0.03545,   0.00481,   0.02057,  -0.02320,  -0.08798,  -0.07397,  -0.00044,   0.02057,   0.01707,  -0.03545,   0.00481,   0.00657,   0.00481,   0.03283,   0.02057,  -0.01795,  -0.04946,   0.03808,  -0.04421,   0.02582,  -0.03370,  -0.06172,   0.08885,   0.01007,   0.00657,  -0.00569,   0.06084,   0.03983,   0.09060,   0.02582,   0.01357,  -0.03721,   0.01532,  -0.01444,  -0.04071,  -0.03545,  -0.00744,  -0.00919,   0.02407,   0.02933,  -0.03721,  -0.04771,   0.00657,   0.10461,  -0.00919,   0.09060,  -0.00919,  -0.01094,  -0.05471,  -0.03195,  -0.02670,  -0.00394,   0.01182,  -0.08448,   0.05559,   0.01182,  -0.05471,   0.02057,   0.10636,  -0.08973,  -0.04946,  -0.05822,   0.04333,  -0.07572,   0.03808,   0.02757,   0.01707,   0.02057,   0.01882,  -0.03020,   0.03283,   0.00306,  -0.08448,  -0.00394,   0.13262,  -0.03896,   0.02582,  -0.00569,  -0.05646,  -0.01094,   0.00657,   0.08885,  -0.03896,  -0.00919,  -0.02495,  -0.01620,  -0.02145,   0.00131,   0.01007,  -0.02845,   0.03808,  -0.01795,  -0.05646,  -0.01970,  -0.03896,  -0.01269,  -0.04421,  -0.00569,  -0.07047,  -0.00744,   0.01182,   0.08535,   0.01357,  -0.04596,   0.12912,   0.00306,  -0.04596,  -0.07922,   0.03983,   0.07135,  -0.09498,   0.06609,   0.02407,  -0.01094,   0.05734,   0.02057,   0.01882,   0.07310,  -0.03370,  -0.03545,   0.03108,  -0.03545,   0.00832,   0.01007,  -0.03545,   0.04858,   0.04333,  -0.03545,  -0.05121,   0.01357,   0.01882,  -0.02670,   0.06784,   0.01532,  -0.07222,   0.01707,  -0.07222,  -0.09148,  -0.02320,   0.00657,   0.03283,   0.01707,   0.06259,   0.06784,   0.05384,   0.04158,   0.00131,  -0.08623,   0.01182,   0.03283,  -0.05121,  -0.00569,  -0.04421,   0.05384,  -0.10549,   0.06784,  -0.04421,  -0.00394,   0.04858,  -0.02670,  -0.06697,  -0.02320,  -0.00394,   0.07310,  -0.02320,  -0.08973,  -0.03195,   0.01707,   0.00832,   0.03983,   0.04858,   0.07660,  -0.00919,   0.04508,   0.03808,   0.01357,  -0.07222,  -0.05471,  -0.02845
   0.02582,  -0.05471,  -0.04946,  -0.06522,  -0.09323,  -0.00569,  -0.03195,  -0.01094,   0.00306,   0.02757,   0.00306,  -0.00569,  -0.00219,   0.02057,   0.06959,  -0.01094,  -0.03020,   0.05209,  -0.06872,   0.02933,   0.03633,  -0.08623,   0.02582,  -0.01269,   0.04683,   0.02933,   0.01707,   0.04158,   0.05209,   0.08535,  -0.03721,  -0.05822,   0.02582,   0.03808,  -0.04421,  -0.00919,   0.08360,  -0.08273,  -0.02320,   0.01882,  -0.00219,   0.05559,  -0.01444,  -0.03545,   0.05034,   0.02407,   0.02407,   0.08360,   0.01357,  -0.02495,   0.04333,  -0.01094,   0.04158,   0.03458,  -0.01269,  -0.03721,  -0.00569,  -0.02670,  -0.01444,   0.04858,  -0.01795,   0.02933,  -0.03195,   0.01357,   0.03808,   0.06434,   0.02933,  -0.01269,  -0.02145,   0.01532,   0.02757,   0.04158,   0.04508,   0.06084,  -0.08973,   0.02933,   0.03633,   0.04333,  -0.03370,   0.02232,   0.00306,   0.03283,  -0.00219,   0.02933,  -0.00744,  -0.00044,   0.02057,   0.02407,   0.02757,   0.05209,  -0.03020,  -0.00569,   0.04858,  -0.03370,  -0.07047,  -0.04946,   0.06259,   0.01882,  -0.01795,  -0.06697,  -0.02145,   0.01357,  -0.00219,  -0.09148,   0.07485,   0.02933,  -0.01795,  -0.05997,   0.02057,   0.05559,  -0.02145,   0.02407,   0.04333,   0.00657,   0.06784,   0.05209,   0.04333,  -0.01269,  -0.00919,  -0.00569,  -0.04946,   0.02933,   0.03808,  -0.00744,  -0.02845,   0.05034,  -0.03896,   0.00657,   0.01357,   0.02757,  -0.04596,  -0.02145,  -0.00569,  -0.08098,   0.00832,  -0.02670,  -0.04596,   0.08185,   0.01182,   0.01532,   0.03633,  -0.03195,   0.03458,   0.00481,   0.00306,   0.02057,  -0.01269,   0.02582,   0.04333,  -0.05296,  -0.00044,  -0.01444,  -0.04596,   0.01182,   0.09586,  -0.07572,   0.06434,   0.01182,   0.01007,  -0.04421,   0.08185,   0.01357,   0.06434,   0.00481,   0.00832,   0.02757,  -0.00919,  -0.00744,  -0.01795,   0.06609,  -0.09148,   0.04333,   0.02757,  -0.03370,   0.05384,  -0.05646,  -0.01620,  -0.05822,   0.00481,  -0.01094,   0.05209,   0.01007,  -0.00919,   0.04858,  -0.04596,   0.05909,   0.00657,   0.00481,   0.06609,   0.05384,  -0.04246,   0.03458,   0.02582,   0.03458,   0.02407,   0.02057,  -0.00569,  -0.01444,  -0.06172,  -0.04596,   0.07310,  -0.01094,  -0.03195,  -0.03020,  -0.02145,   0.05034,   0.04858,  -0.00919,  -0.03721,  -0.08273,  -0.00394,  -0.07222,   0.06434,  -0.01094,   0.05034,  -0.06172,   0.03808,   0.06434,   0.00131,   0.01357,   0.02933,  -0.01094,  -0.02845,   0.03633,   0.05034,  -0.03721,  -0.00044,   0.10986,   0.00832,  -0.00044,  -0.01970,   0.08360,   0.00306,   0.07485,  -0.03020,  -0.00919,  -0.03370,   0.00832,   0.01357,   0.06434,   0.04508,  -0.01795,   0.04508,  -0.00044,   0.01182,   0.03108,  -0.02670,  -0.02670,   0.09060,  -0.01444,   0.00131,  -0.02320,  -0.01795,  -0.04071,   0.01707,   0.04158,  -0.01620,  -0.03195,   0.01532,   0.02232,  -0.04596,   0.03108,  -0.03896,  -0.07747,   0.04158,  -0.02670,   0.03458,   0.03458,   0.00832,   0.06259,  -0.03896,   0.03283,   0.04508,  -0.02495,  -0.01620,   0.07485,  -0.02670,   0.00481,   0.08710,   0.07485,   0.01707,   0.01707,   0.00481,   0.02757,   0.02582,  -0.03896,  -0.01620,   0.01007,   0.02057,   0.02057,   0.06259,   0.00657,  -0.00044,  -0.06697,  -0.06697,   0.03283,   0.01182,  -0.02670,  -0.00219,   0.01882,   0.02582,   0.05559,   0.00131,   0.01707,  -0.05121,   0.05734,  -0.01094,   0.02057,   0.02933,  -0.02845,   0.03458,  -0.04246,  -0.02320,   0.02407,   0.04333,   0.09060,   0.11862,  -0.00219,   0.02057,  -0.00044,  -0.01970,   0.01357,   0.00306,  -0.03195,   0.01707,  -0.03020,   0.03283,  -0.00394,   0.00832,  -0.01269,  -0.02670,   0.02232,  -0.02145,  -0.01094,   0.06084,  -0.01795,  -0.00744,  -0.04771,   0.01182,   0.01357,   0.02057,  -0.00744,  -0.00044,  -0.02845,  -0.01094,   0.07310,  -0.00394,   0.01182,   0.01882,  -0.04596,  -0.04246,   0.04683,  -0.02320,   0.00481,   0.06259,  -0.01795,  -0.00744,  -0.02670,  -0.01444,   0.03983,   0.04858,  -0.05296,  -0.02145,   0.09235,  -0.03020,  -0.01094,   0.01882,   0.03108,  -0.04596,  -0.08623,  -0.11249,   0.02407,   0.00481,   0.00657,  -0.01094,  -0.02145,   0.04333,  -0.01970,  -0.02320,   0.01182,   0.05384,  -0.03195,   0.01182,  -0.04071,   0.05034,  -0.09148,   0.08185,  -0.08623,   0.04158,  -0.01620,   0.05909,   0.01882,  -0.04071,  -0.00569,   0.04158,   0.05734,  -0.01795,   0.02407,   0.05209,  -0.04421,   0.05559,  -0.03370,   0.07835,  -0.12650,   0.04858,   0.05559,   0.05209,   0.04683,   0.00306,  -0.02320,  -0.00394,   0.01882,   0.06959,   0.02757,   0.03458,   0.03808,  -0.05121,   0.03108,   0.06959,   0.03108,  -0.08448,  -0.01094,  -0.05296,   0.03283,  -0.03721,   0.04158,   0.00481,   0.03108,  -0.01444,  -0.04421,  -0.00219,   0.06259,  -0.02145,  -0.01620,   0.10986,  -0.03721,   0.03808,   0.02057,  -0.03545,  -0.02670,   0.03808,  -0.01970,   0.01532,  -0.02845,  -0.01444,   0.02232,   0.05384,   0.03983,  -0.05296,  -0.04946,  -0.01269,  -0.02145,  -0.01269,  -0.01620,  -0.03896,   0.01007,  -0.01269,  -0.05121,  -0.02495,   0.02057,   0.00131,   0.02232,  -0.07047,  -0.01269,   0.05559,  -0.02845,   0.00657,  -0.08448,   0.02933,   0.01882,  -0.01970,  -0.03020,   0.00832,   0.03458,   0.02057,  -0.01970,  -0.02320,  -0.04071,  -0.04071,   0.01007,   0.04333,   0.04158,   0.02407,   0.02057,  -0.01444,   0.08710,  -0.02845,  -0.02320,   0.05034,   0.03283,  -0.02845,   0.01532,  -0.03020,  -0.00044,   0.00131,  -0.02145,  -0.01444,  -0.00919,   0.12912,  -0.08798,   0.03983,  -0.02670,  -0.00569,   0.04683,  -0.01444,  -0.03020,  -0.03020,  -0.00394,   0.05909,   0.00657,  -0.02845,   0.02582,  -0.02145,   0.04333,  -0.03896,   0.06084,   0.03108,  -0.03195,  -0.01970,  -0.00919,   0.01357,  -0.01620,   0.03458,  -0.04071,   0.01357,  -0.01444,  -0.01444,   0.05384,  -0.05822,  -0.03370,   0.01707,  -0.02145,  -0.11249,  -0.01444,   0.00657,  -0.03721,   0.06434,  -0.04246,   0.03458,  -0.01795,  -0.01094,  -0.08798,  -0.01269,  -0.01970,   0.00131,   0.05559,   0.05909,  -0.04071,   0.02582,   0.08010,  -0.01094,  -0.03896,  -0.00394,   0.00832,  -0.02320,   0.02933,   0.01357,   0.01007,  -0.02845,   0.03983,   0.04858,  -0.02145,  -0.04246,  -0.01269,   0.07135,   0.04508,   0.02057,   0.00131,   0.03108,  -0.03195,   0.02232,  -0.04946,   0.00657,   0.09411,   0.08360,   0.02582,   0.02057,  -0.02495,  -0.11599,  -0.03896,  -0.02320,  -0.05471,  -0.01795,   0.03808,  -0.03195,  -0.00744,   0.01007,   0.02232,  -0.05121,  -0.07747,   0.02933,  -0.03896,  -0.02845,   0.03633,  -0.02320,   0.00832,  -0.02145,   0.02933,  -0.02145,   0.02232,  -0.00219,   0.06959,   0.02232,   0.02582,   0.03458,  -0.00744,   0.01182,   0.05209,  -0.04246,  -0.03896,   0.07135,  -0.03721,  -0.00044,  -0.04071,  -0.03370,  -0.02320,   0.00481,   0.02757,  -0.02670,  -0.04246,   0.01532,  -0.05121,   0.00481,  -0.04246,   0.01707,   0.02232,  -0.05296,   0.02407,  -0.02670,   0.00481,  -0.01970,  -0.03020,  -0.03020,   0.02582,  -0.10199,  -0.03020,  -0.04771,  -0.07747,  -0.04246,   0.07660,   0.10111,  -0.00919,   0.00832,   0.03983,  -0.03721,  -0.04596,   0.03283,   0.01532,   0.01882,   0.00481,   0.05034,  -0.04771,  -0.00394,  -0.03896,  -0.05121,  -0.02145,   0.01532,   0.01532,  -0.04421,   0.01182,  -0.01970,   0.09411,   0.01182,   0.09235,   0.05559,   0.00832,   0.05559,  -0.03020,  -0.05296,   0.02582,   0.01532,   0.05909,  -0.03370,   0.00131,  -0.04246,  -0.03721,   0.02407,   0.01532,   0.01882,  -0.02495,  -0.01970,   0.01182,  -0.03020,   0.01007,  -0.06522,   0.02057,  -0.02495,   0.02057,  -0.02145,  -0.05471,  -0.04596,  -0.01795,   0.04158,   0.03108,  -0.08273,  -0.01444,   0.06959,   0.00131,   0.00306,  -0.02845,   0.05034,   0.02232,   0.02582,   0.01707,   0.07835,  -0.04246,  -0.02670,  -0.08273,   0.03633,   0.03633,  -0.04246,  -0.01795,   0.00481,  -0.02495,   0.04158,  -0.06347,  -0.03020,   0.03983,   0.02933,  -0.07922,   0.03633,  -0.05646,  -0.05822,  -0.06522,  -0.00394,   0.03983,   0.06434,   0.05034,   0.02582,  -0.00569,  -0.03721,  -0.02145,   0.01532,   0.03458,  -0.03370,  -0.01795,  -0.00919,  -0.01795,   0.02407,  -0.05471,  -0.01269,   0.02757,  -0.02495,  -0.08098,  -0.03896,   0.09411,   0.00832,   0.05559,  -0.03545,  -0.08623,  -0.00394,  -0.00744,  -0.03370,   0.01357,   0.06784,   0.01357,  -0.03020,   0.06434,   0.17289,   0.05559,  -0.04421,  -0.02845,  -0.00394,  -0.09323,   0.13437,   0.00657,  -0.10199,  -0.03896,  -0.05646,  -0.01620,  -0.04946,  -0.06172,  -0.03545,   0.00131,   0.01357,  -0.03370,  -0.07572,  -0.08098,  -0.02845,   0.01357,   0.01007,  -0.02145,   0.00306,  -0.06347,  -0.05822,   0.00306,  -0.00044,   0.00306,  -0.03721,   0.00306,  -0.00919,  -0.02320,  -0.05646,  -0.05471,  -0.00569,  -0.00394,  -0.01620,  -0.04771,   0.11336,   0.03633,   0.03458,   0.06084,  -0.05646,   0.01007,  -0.04596,  -0.02320,   0.00481,   0.01357,  -0.01094,  -0.00569,  -0.00219,   0.09235,   0.02407,  -0.02845,  -0.03721,   0.04683,  -0.04421,   0.01357,  -0.01970,  -0.03020,  -0.04946,  -0.01620,  -0.03370,   0.03283,  -0.02495,  -0.04071,   0.08710,   0.07835,  -0.01444,  -0.00919,  -0.02845,  -0.04071,   0.06259,  -0.03896,   0.01707,   0.01532,   0.05909,   0.01357,  -0.03020,  -0.00919,  -0.02320,  -0.01970,   0.02232,   0.05384,   0.00832,   0.08010,   0.01182,   0.01532,   0.04158,  -0.04596,   0.00306,   0.01707,  -0.00569,   0.00657,  -0.06872,  -0.02495,   0.03108,   0.03808,  -0.03370,   0.01182,  -0.01269,   0.00481,  -0.07222,  -0.07047,   0.00832,   0.02757,  -0.01444,   0.06959,   0.02232,   0.00481,   0.02232,   0.05384,  -0.06522,  -0.01970,  -0.05822,   0.03633,  -0.08448,  -0.00394,   0.02933,  -0.04946,   0.06084,  -0.01970,  -0.01269,   0.01357,   0.08360,   0.00481,  -0.02845,   0.03283,   0.00657,  -0.05296,   0.03108,   0.05734,  -0.00044,  -0.04946,  -0.02845,  -0.01620,   0.00131,   0.03633,   0.04683,  -0.03020,  -0.05296,  -0.02145,  -0.02320,  -0.00394,   0.07135,  -0.07922,   0.00481,  -0.02320,   0.05559,  -0.00569,  -0.02145,   0.05384,  -0.01269,  -0.00394,   0.03108,   0.00481,  -0.04946,   0.05034,  -0.03370,  -0.00394,   0.06259,  -0.03370,  -0.09673,  -0.00219,   0.02232,  -0.02845,   0.07485,  -0.00394,  -0.00044,  -0.02670,  -0.04246,  -0.03896,   0.04508,  -0.00394,  -0.01269,   0.03633,   0.03458,   0.01182,  -0.01444,  -0.05646,  -0.04771,   0.00481,   0.04858,   0.09060,  -0.07222,  -0.01094,  -0.00219,   0.07135,  -0.03195,  -0.00219,   0.00131,  -0.01094,   0.06784,  -0.05646,   0.03108,   0.04158,   0.05209,   0.06434,   0.06959,  -0.06697,  -0.03195,   0.02933,   0.01007,  -0.00219,  -0.00919,  -0.03721,  -0.02845,   0.02933,   0.00131,   0.04158,   0.09586,  -0.08973,   0.02757,  -0.00919,   0.08535,  -0.05121,  -0.01094,  -0.02845,   0.03283,  -0.01795,   0.02757,   0.01182,  -0.04071,   0.06609,   0.03108,  -0.01970,  -0.05296,   0.00306,  -0.02670,   0.01182,  -0.10023,  -0.04771,   0.03458,  -0.02495,   0.01357,   0.04858,  -0.00569,  -0.07922,  -0.05296,  -0.02845,  -0.04246,  -0.01094,  -0.05822,   0.04683,  -0.02670,   0.04508,   0.00832,  -0.02845,   0.04508,   0.01532,  -0.00744,  -0.00744,  -0.03195,  -0.06347,   0.00657,  -0.03545,   0.02757,   0.00131,   0.02757,   0.02407,   0.01182,   0.02407,  -0.03370,  -0.04246
  -0.03370,   0.05734,  -0.03370,   0.06959,   0.02407,  -0.02670,   0.05209,   0.01532,   0.05909,   0.02933,  -0.01094,   0.01707,   0.03983,  -0.02670,   0.00306,   0.05034,   0.01357,  -0.00219,  -0.01970,  -0.01970,   0.01882,   0.03983,   0.05559,   0.01182,   0.06959,   0.06084,  -0.10374,   0.03283,   0.09411,  -0.02670,  -0.03545,   0.00657,   0.06784,   0.06784,  -0.02145,   0.01357,   0.09936,   0.01182,   0.01357,  -0.03020,  -0.02845,   0.04333,  -0.01970,   0.04158,  -0.06172,  -0.01444,  -0.01970,   0.03283,   0.02057,   0.11512,   0.05734,   0.07135,   0.03458,   0.00306,  -0.05296,  -0.01269,  -0.03020,   0.02933,   0.00832,  -0.04596,   0.05034,  -0.01970,  -0.02670,   0.02933,  -0.01795,  -0.06172,  -0.02145,  -0.02845,  -0.02145,   0.05734,   0.01357,   0.04333,   0.01182,  -0.00744,   0.00657,   0.08710,  -0.06522,  -0.00569,   0.01882,   0.03983,  -0.00744,   0.00481,  -0.04596,  -0.05822,   0.03108,   0.02407,  -0.02320,  -0.03370,   0.02057,  -0.03370,   0.02582,  -0.01444,  -0.00919,   0.07310,   0.02057,  -0.00569,   0.03283,  -0.08798,  -0.01094,   0.00131,  -0.04946,  -0.01970,   0.01182,   0.01882,   0.01007,  -0.03195,  -0.00744,  -0.00394,  -0.03370,   0.01182,  -0.04071,  -0.01269,   0.04158,   0.00131,   0.03108,   0.00481,  -0.00569,  -0.02145,   0.02757,   0.03108,  -0.00394,   0.03983,   0.02582,   0.02933,  -0.04596,  -0.03896,   0.00657,   0.05734,  -0.03721,   0.01007,  -0.01094,   0.05734,   0.02057,   0.02757,   0.03983,  -0.03020,   0.00306,  -0.01269,  -0.06347,   0.07135,   0.02933,  -0.01620,   0.00832,  -0.04946,  -0.00744,   0.03808,  -0.02145,   0.06084,   0.05734,  -0.01970,   0.01707,   0.02407,  -0.00569,   0.06784,  -0.03896,   0.01182,   0.03983,  -0.00919,  -0.03020,  -0.01970,   0.03283,   0.00481,  -0.04596,  -0.02145,   0.06084,  -0.00919,   0.05209,   0.05909,  -0.03896,  -0.04246,  -0.01444,   0.03808,  -0.05822,   0.02057,   0.08360,  -0.04946,   0.04158,   0.04158,   0.02057,  -0.01970,  -0.01970,   0.02582,  -0.03545,   0.02057,  -0.04421,  -0.02670,  -0.04946,  -0.04946,   0.00131,   0.00832,   0.03283,  -0.02670,   0.03808,   0.06434,  -0.00569,  -0.07922,  -0.06347,  -0.00919,  -0.02145,  -0.03195,   0.03283,  -0.00919,   0.02407,  -0.02320,   0.03808,  -0.02845,   0.02232,   0.02057,   0.04683,  -0.01269,  -0.00219,  -0.03545,   0.05034,  -0.01444,  -0.02145,   0.06084,   0.07660,  -0.06347,  -0.00744,  -0.01970,  -0.01620,  -0.00044,  -0.00394,  -0.02670,  -0.02145,  -0.00219,  -0.03195,  -0.06522,   0.04333,   0.05734,   0.01182,  -0.02670,   0.10286,  -0.00044,  -0.04421,   0.02582,   0.02582,  -0.03721,  -0.04596,  -0.02670,   0.05734,  -0.02670,  -0.07922,  -0.05997,   0.01357,   0.01357,   0.03108,  -0.06522,   0.01357,  -0.01795,   0.01357,   0.01357,   0.05734,   0.03108,  -0.03195,   0.04858,  -0.01444,  -0.01094,   0.03458,  -0.10724,  -0.05296,  -0.03370,   0.02933,   0.01357,   0.01007,   0.01357,  -0.01970,   0.01532,   0.06609,  -0.00394,   0.10111,   0.03108,  -0.00394,  -0.01795,   0.02757,  -0.01269,  -0.06347,   0.01182,   0.03108,  -0.06172,  -0.04071,   0.07660,   0.00306,   0.10286,   0.03458,  -0.01094,   0.00481,  -0.02845,  -0.00044,  -0.00744,  -0.01795,  -0.00569,  -0.04596,   0.00481,   0.02582,   0.03633,   0.00657,  -0.03721,   0.00832,  -0.06872,  -0.04771,   0.05559,  -0.01795,   0.03808,   0.01882,   0.00657,   0.05384,   0.13262,  -0.01444,  -0.02670,  -0.01269,   0.02582,  -0.03195,   0.05559,  -0.00919,   0.04858,  -0.07397,   0.09411,   0.03283,   0.02232,   0.01882,   0.01532,  -0.00569,  -0.05822,  -0.03545,  -0.00044,  -0.00219,   0.08710,   0.01532,   0.04508,  -0.03195,   0.03983,  -0.06172,   0.00832,   0.03633,   0.01707,   0.09936,  -0.00044,   0.02582,  -0.02670,  -0.05121,   0.03808,  -0.01620,   0.10636,   0.05384,  -0.00744,   0.03633,   0.00131,   0.00657,   0.01532,   0.03458,   0.01182,  -0.02145,  -0.01970,   0.02407,  -0.03721,   0.02757,  -0.00569,  -0.03020,   0.05559,  -0.07047,  -0.02495,   0.02933,   0.03983,   0.00306,  -0.00044,  -0.06872,   0.01882,  -0.02845,   0.03108,  -0.04946,   0.02582,  -0.06172,  -0.04596,   0.00481,  -0.03020,   0.06084,   0.03633,   0.05909,   0.00657,   0.00306,  -0.01620,  -0.01970,   0.04508,   0.07660,   0.00657,   0.10111,   0.00306,   0.06259,   0.03808,  -0.00394,   0.07835,  -0.01444,  -0.01444,   0.03633,   0.06084,  -0.06522,   0.01357,   0.01007,   0.04858,   0.04333,   0.00657,   0.01882,   0.01182,  -0.03370,   0.04158,  -0.07222,   0.02757,  -0.04771,  -0.01444,   0.00131,  -0.02320,  -0.00219,  -0.00394,  -0.03545,  -0.03370,   0.02757,   0.01007,   0.06959,  -0.05296,  -0.02845,  -0.07047,   0.02582,  -0.04946,   0.07835,   0.04333,   0.05734,   0.00832,  -0.02320,   0.03283,  -0.05296,   0.05209,   0.01707,   0.00832,   0.02582,  -0.00744,  -0.03020,  -0.00044,  -0.02670,   0.10636,  -0.03721,  -0.01795,   0.02232,  -0.02495,   0.06784,   0.03633,   0.02933,  -0.00744,   0.02757,   0.06084,  -0.01795,   0.01182,   0.01182,  -0.01094,   0.07135,   0.00657,  -0.01269,   0.02757,  -0.02320,  -0.03721,   0.01182,  -0.00044,   0.04508,   0.04508,  -0.01970,  -0.01970,   0.00131,   0.01357,  -0.00044,   0.00481,   0.01707,   0.01707,   0.03108,  -0.03721,  -0.06522,  -0.02845,  -0.09148,   0.02933,   0.03458,  -0.06872,  -0.00219,   0.06084,  -0.05121,   0.02757,  -0.01269,   0.02933,   0.03108,   0.03633,   0.03283,   0.02407,   0.02582,   0.04158,   0.04683,   0.00481,  -0.03020,   0.03283,   0.06609,   0.00481,   0.06084,  -0.01620,  -0.01970,   0.07485,  -0.02845,   0.04858,   0.01707,  -0.03896,  -0.01444,  -0.04421,   0.02407,  -0.00744,  -0.01094,  -0.03896,  -0.00744,  -0.06872,   0.01707,  -0.07047,  -0.01970,   0.02757,   0.02407,  -0.02845,   0.08710,   0.09586,   0.06434,   0.01357,   0.06609,  -0.02495,   0.03633,   0.08360,  -0.03195,  -0.03896,  -0.02495,   0.01882,  -0.00044,   0.02582,  -0.00219,   0.03983,   0.06784,   0.02057,   0.02757,  -0.00919,   0.03283,   0.01182,   0.03458,   0.04333,   0.00481,   0.10461,   0.11512,   0.06084,  -0.01444,   0.03983,   0.07835,  -0.03195,  -0.01970,   0.06434,  -0.06347,   0.02933,  -0.10023,   0.05559,  -0.01094,  -0.00919,   0.06259,   0.03983,  -0.00744,   0.01182,   0.04508,  -0.01970,   0.06784,   0.06959,  -0.01094,  -0.08448,  -0.01094,  -0.02495,  -0.02320,   0.02407,   0.04158,   0.00131,   0.07835,  -0.05646,   0.05909,  -0.05121,   0.02757,   0.02232,  -0.03370,  -0.01094,   0.04158,  -0.03721,  -0.03370,  -0.00569,  -0.04596,   0.00832,   0.01532,   0.02582,  -0.01269,   0.03633,  -0.01444,  -0.01094,   0.02407,  -0.00044,  -0.02495,   0.01707,  -0.01795,  -0.04246,   0.06084,   0.03283,   0.09060,  -0.01970,   0.09060,   0.00481,  -0.01269,  -0.01795,   0.05034,  -0.00394,  -0.00394,  -0.01795,  -0.05296,  -0.05822,   0.02057,  -0.03896,  -0.02320,  -0.02145,   0.01707,  -0.05646,   0.00481,  -0.00044,  -0.02845,  -0.02670,   0.00131,   0.01707,  -0.02145,   0.03108,  -0.03370,   0.01707,   0.01882,   0.02057,  -0.10899,  -0.00744,  -0.01444,  -0.00219,   0.08010,   0.00306,   0.00131,   0.05034,   0.08885,   0.01707,  -0.03370,   0.09586,   0.09586,   0.04683,  -0.00394,  -0.02495,   0.01182,   0.00832,  -0.03370,  -0.01444,  -0.08798,  -0.00044,  -0.05296,   0.02933,   0.03458,  -0.02320,   0.01357,   0.02407,  -0.06172,   0.01007,  -0.03370,  -0.01970,  -0.03195,  -0.01620,  -0.01620,   0.00481,  -0.01970,   0.06259,  -0.01970,  -0.04946,  -0.01269,   0.02057,  -0.05822,  -0.03195,  -0.07222,  -0.02670,   0.03808,  -0.00394,   0.08010,   0.00657,  -0.02320,  -0.01269,  -0.05121,  -0.00569,   0.02933,   0.01532,  -0.01094,  -0.04421,  -0.03545,   0.02057,   0.00832,  -0.01620,   0.00832,  -0.03195,   0.02757,  -0.04946,  -0.00394,  -0.00744,  -0.05646,   0.01007,  -0.01620,   0.09586,  -0.01094,   0.03458,   0.03983,   0.01182,   0.05734,   0.05209,   0.03283,  -0.01269,   0.03283,  -0.01444,  -0.09848,  -0.02670,  -0.04246,   0.02057,   0.01357,   0.05034,  -0.01094,   0.00306,   0.03808,  -0.02495,  -0.00394,  -0.07047,   0.00131,  -0.00569,   0.06959,  -0.07747,  -0.05296,   0.01882,   0.04508,  -0.04596,   0.03458,  -0.02495,  -0.06697,  -0.04946,  -0.03896,   0.03108,  -0.02320,   0.11512,  -0.05121,   0.02933,  -0.00919,   0.03108,   0.04333,  -0.06872,   0.06434,   0.02232,  -0.05296,  -0.02670,  -0.06347,   0.01357,  -0.03020,  -0.03545,   0.07835,  -0.01620,   0.04858,   0.01532,   0.00481,  -0.05822,  -0.00919,   0.10286,  -0.02670,  -0.04246,   0.04508,   0.04858,   0.03283,  -0.00919,  -0.04246,   0.03633,  -0.01269,   0.10636,  -0.03020,  -0.01970,   0.00657,   0.04858,  -0.04071,  -0.00219,   0.02933,  -0.05822,  -0.06172,   0.06434,   0.01357,   0.02057,  -0.00744,   0.01182,   0.02582,   0.00481,  -0.04071,  -0.00219,  -0.03370,  -0.08448,   0.07835,   0.01707,  -0.01444,  -0.04771,  -0.03020,   0.00481,  -0.00569,  -0.05646,   0.03108,  -0.06347,  -0.01795,   0.02232,   0.04858,  -0.02670,   0.07660,  -0.02145,  -0.08973,   0.03808,  -0.05296,  -0.01269,  -0.01269,   0.05209,  -0.04946,  -0.01269,  -0.00744,   0.02057,   0.00832,  -0.05121,  -0.07572,  -0.02145,   0.04683,  -0.07397,   0.01707,   0.03108,  -0.03370,   0.06959,   0.07135,   0.00657,  -0.00569,   0.01007,  -0.02495,  -0.04596,   0.06434,  -0.05471,  -0.05296,   0.05909,   0.03108,   0.00481,   0.04158,  -0.04246,  -0.04071,  -0.02670,   0.02407,  -0.00744,   0.04508,   0.01707,  -0.06522,  -0.00919,   0.00131,  -0.00219,   0.07660,  -0.03020,  -0.06522,  -0.08098,   0.02057,  -0.00744,   0.03108,  -0.00219,  -0.01269,  -0.01795,  -0.03370,  -0.03020,   0.00832,   0.05909,   0.05209,   0.05034,   0.05909,  -0.06697,  -0.06697,  -0.05646,   0.03808,   0.04858,  -0.04596,  -0.02320,   0.01007,   0.05734,  -0.01269,   0.03633,  -0.00919,   0.02757,   0.01532,  -0.04771,   0.08360,  -0.03545,   0.01182,  -0.05296,   0.10111,   0.03633,   0.02057,   0.03808,  -0.07397,   0.02582,  -0.02670,  -0.04596,  -0.07397,  -0.08973,  -0.02845,  -0.03545,  -0.05646,   0.08710,   0.04158,   0.01357,   0.03108,  -0.03721,  -0.00569,   0.02407,   0.08185,  -0.02670,  -0.05822,  -0.08973,   0.04508,   0.04508,  -0.01620,   0.06259,   0.04858,   0.02582,   0.02057,  -0.02320,   0.00131,  -0.09323,   0.00481,  -0.03195,  -0.02145,  -0.04421,  -0.00044,  -0.05646,   0.00131,  -0.01795,   0.07310,   0.00306,  -0.01444,  -0.05646,   0.06959,   0.00832,  -0.03545,   0.02232,  -0.00394,   0.01707,   0.02933,   0.09060,   0.00306,   0.05034,   0.05909,   0.01532,  -0.00044,  -0.04246,   0.01182,   0.00481,  -0.00394,  -0.00744,   0.17114,   0.06609,  -0.09323,   0.05209,  -0.00919,  -0.04946,   0.03983,  -0.02320,   0.02757,   0.02582,  -0.02495,   0.05209,   0.00131,   0.01882,   0.05209,  -0.05471,  -0.02145,  -0.02495,  -0.01269,  -0.01970,   0.01882,   0.03808,   0.04683,   0.06434,  -0.03195,  -0.01444,  -0.00744,  -0.04596,   0.06084,   0.07310,  -0.04596,  -0.02145,   0.01007,  -0.01795,  -0.02320,   0.05209,   0.06959,  -0.01269,   0.04333,  -0.05121,  -0.02845,   0.03108,   0.04858,   0.05909,  -0.00569,  -0.00044,   0.00832,   0.03983,   0.06259,   0.00657,   0.05034,  -0.01094,  -0.00919,  -0.00919,  -0.00044,  -0.02845,  -0.01620,   0.01707,  -0.00219,   0.01707,  -0.02845,   0.06784,   0.00657,   0.03108,  -0.00919,  -0.03020,  -0.03020,  -0.02145
   0.01707,   0.01007,   0.02933,   0.03983,   0.02933,   0.02933,   0.03458,   0.05034,  -0.05646,   0.00832,   0.01007,  -0.10199,  -0.03020,   0.06259,   0.01882,  -0.00569,   0.03633,  -0.08798,  -0.01444,  -0.00219,   0.01357,  -0.07922,   0.03633,   0.04858,  -0.07922,   0.05909,  -0.01970,   0.05034,   0.02582,  -0.08273,  -0.02845,  -0.02145,   0.02933,   0.08010,   0.01707,  -0.04071,  -0.03545,   0.06084,  -0.01094,  -0.04421,   0.01707,   0.06609,  -0.02145,   0.07835,  -0.08973,  -0.00919,  -0.06697,  -0.08273,   0.02057,   0.03808,  -0.01094,   0.04333,  -0.00919,   0.05034,  -0.00569,  -0.04946,  -0.04246,  -0.03370,   0.03458,  -0.00044,  -0.00394,  -0.11074,  -0.10549,   0.08885,  -0.06872,   0.04683,   0.01532,  -0.03545,  -0.04071,  -0.05646,   0.03283,  -0.05646,  -0.01620,  -0.01795,  -0.07397,  -0.00394,  -0.01269,  -0.02495,   0.08885,  -0.05296,   0.03983,  -0.10899,  -0.01444,   0.04508,  -0.00919,  -0.05822,  -0.02145,  -0.04946,   0.01532,   0.04158,  -0.00744,  -0.05471,   0.07835,  -0.04596,  -0.03896,   0.07835,   0.03283,   0.01182,  -0.02845,  -0.01094,   0.02407,   0.04508,  -0.07397,  -0.02845,   0.03633,  -0.00569,   0.04683,  -0.01970,  -0.02845,   0.02407,   0.05734,   0.02933,   0.07835,  -0.00919,   0.04508,   0.06784,  -0.04421,  -0.00744,   0.01182,   0.05384,  -0.01795,  -0.04596,   0.03108,   0.01882,   0.09235,   0.01707,   0.10111,  -0.10899,   0.04333,   0.00832,  -0.03896,   0.01007,   0.01007,   0.08360,   0.03983,   0.02057,  -0.01444,   0.02057,  -0.00744,  -0.03020,  -0.03896,   0.02232,   0.00481,   0.00306,   0.01532,  -0.08273,  -0.05822,   0.01532,  -0.06172,  -0.04771,   0.08710,  -0.00919,   0.02582,   0.01182,   0.02582,   0.03458,   0.00306,  -0.03020,  -0.04596,  -0.01444,   0.01532,   0.03808,   0.01182,  -0.06522,   0.00657,  -0.01970,   0.07835,  -0.07397,  -0.00219,  -0.05822,  -0.06697,   0.06959,  -0.02495,   0.10986,   0.08360,  -0.06172,  -0.02495,  -0.06522,   0.00657,  -0.08098,  -0.00394,  -0.04771,  -0.08448,   0.06434,  -0.01795,  -0.00744,  -0.05471,  -0.05471,   0.01532,   0.00481,   0.00306,  -0.02495,  -0.05296,  -0.10023,  -0.00744,   0.01357,   0.02057,   0.00306,  -0.01970,  -0.02845,   0.04158,   0.03458,  -0.01970,  -0.03370,   0.00657,   0.01007,   0.02407,   0.07310,   0.02933,   0.03808,  -0.06347,  -0.04946,   0.00131,   0.03458,   0.06259,   0.01007,   0.03108,   0.01007,   0.03808,   0.03108,  -0.00569,   0.04333,  -0.05296,  -0.00219,   0.02582,  -0.01269,   0.00131,   0.00306,   0.05209,  -0.03721,   0.00131,  -0.03896,   0.06609,  -0.05997,   0.04158,  -0.05646,  -0.04771,  -0.03370,  -0.00919,   0.01882,   0.04858,   0.01007,   0.08710,  -0.01094,   0.05209,   0.00481,  -0.01094,   0.00657,  -0.00569,   0.00131,  -0.03020,  -0.00219,  -0.04071,  -0.06347,   0.02933,  -0.04246,  -0.02320,  -0.00919,   0.04333,   0.08885,   0.10111,  -0.01094,  -0.03020,   0.02757,   0.07835,  -0.02670,   0.04683,   0.06259,  -0.02145,  -0.01795,  -0.08273,  -0.00569,  -0.03545,   0.00657,   0.01182,  -0.01269,  -0.05646,   0.01532,  -0.04421,  -0.08098,   0.03983,   0.06959,   0.03808,  -0.00569,   0.01882,  -0.01444,   0.00131,  -0.07397,   0.02232,  -0.02320,   0.08360,   0.03108,  -0.04946,  -0.03195,  -0.00394,   0.03458,   0.00306,  -0.00219,  -0.02670,  -0.00394,  -0.03545,  -0.02145,  -0.02845,  -0.02145,  -0.08798,   0.01882,  -0.02845,   0.07485,  -0.02320,   0.04333,   0.01182,   0.02407,   0.10636,  -0.07397,   0.03983,   0.00306,  -0.00044,  -0.01269,  -0.00744,  -0.00044,  -0.00569,  -0.03020,   0.03633,   0.03808,  -0.01444,   0.02933,   0.02407,  -0.00744,   0.03458,   0.00657,  -0.00569,   0.08535,   0.03108,   0.04333,   0.05209,   0.11862,  -0.02495,  -0.02320,   0.03633,  -0.04421,  -0.07922,   0.09761,   0.10986,  -0.02845,   0.10111,  -0.02845,   0.05734,   0.02933,   0.05209,  -0.00744,  -0.06872,  -0.02320,   0.09060,  -0.05471,  -0.07047,  -0.00219,   0.00481,  -0.00569,  -0.08973,  -0.05471,   0.07660,   0.06084,  -0.02145,   0.08710,  -0.04071,  -0.04071,  -0.02145,  -0.01444,   0.06259,  -0.08973,   0.01357,   0.02933,   0.05734,  -0.06172,   0.02232,  -0.02670,   0.01707,   0.02933,  -0.01444,   0.04858,   0.06609,  -0.02670,  -0.10899,   0.04158,   0.03108,   0.03633,  -0.06347,  -0.03020,  -0.00919,   0.04683,  -0.01269,  -0.10899,   0.00657,   0.02933,  -0.02845,   0.07135,   0.07310,  -0.01269,  -0.07397,  -0.11774,  -0.01444,  -0.06347,  -0.00219,  -0.04771,  -0.03545,   0.02933,   0.03983,   0.05384,  -0.00919,   0.02933,   0.06959,  -0.02320,  -0.03545,  -0.00044,  -0.03545,   0.09936,  -0.01970,   0.01707,   0.01707,   0.00306,  -0.00569,   0.05209,   0.02757,  -0.00919,   0.02232,   0.06784,   0.07310,  -0.09148,  -0.01444,   0.07835,  -0.01620,   0.04683,   0.03108,   0.05909,   0.08185,  -0.04421,   0.03108,   0.02232,   0.04158,  -0.01444,  -0.04071,   0.01007,   0.09936,  -0.01094,  -0.00569,   0.02232,   0.00481,  -0.07222,  -0.01620,  -0.05471,  -0.01620,   0.09235,  -0.05646,  -0.02670,   0.05034,  -0.01970,   0.00657,   0.00306,   0.02407,   0.00832,   0.04158,  -0.04596,  -0.00744,  -0.00219,  -0.00919,   0.06609,   0.01882,   0.05734,  -0.03721,  -0.04771,   0.00306,  -0.01269,  -0.01795,  -0.01970,  -0.02495,   0.04683,  -0.01795,   0.03108,  -0.06872,  -0.05646,   0.02757,   0.03458,  -0.00219,   0.04333,   0.01707,   0.01707,   0.05209,   0.03283,   0.00131,   0.01182,  -0.01620,   0.00131,  -0.03020,   0.01707,  -0.02320,   0.03108,  -0.05296,  -0.05296,   0.10636,  -0.01795,  -0.00569,   0.02933,  -0.07047,  -0.07747,  -0.03020,   0.00306,   0.02057,   0.04683,   0.00481,  -0.05471,  -0.00219,  -0.01269,  -0.04596,   0.01182,  -0.06172,  -0.01620,  -0.03195,  -0.06172,  -0.04421,  -0.08448,  -0.03545,   0.01357,   0.02057,  -0.03896,  -0.00919,   0.01532,  -0.04421,  -0.03020,   0.01357,  -0.02145,   0.03983,   0.02757,   0.02933,   0.03808,   0.01882,   0.04158,   0.00131,   0.02407,  -0.10374,   0.00131,   0.06259,   0.05384,   0.02582,  -0.05997,  -0.07222,  -0.03370,  -0.03020,   0.02057,  -0.06172,   0.02057,  -0.03545,  -0.02320,  -0.04421,  -0.01970,   0.00306,   0.00481,   0.00131,  -0.01970,   0.13437,   0.06084,   0.01882,   0.03633,   0.03808,  -0.04946,  -0.00919,   0.05384,   0.02757,  -0.04946,   0.01182,   0.03108,  -0.07747,  -0.04771,  -0.02670,   0.06434,   0.02757,  -0.02670,   0.05559,  -0.04946,  -0.03545,  -0.00394,   0.02407,  -0.05822,  -0.00569,  -0.00044,   0.01007,  -0.01269,  -0.02145,  -0.06172,  -0.03370,  -0.07922,  -0.00394,   0.02933,   0.04683,  -0.03545,   0.09060,   0.01007,   0.05384,   0.05209,  -0.02145,  -0.04246,   0.02232,   0.00657,  -0.06522,   0.03283,  -0.00219,  -0.01620,   0.13262,   0.04508,   0.05034,   0.00481,  -0.01970,  -0.02670,   0.07485,  -0.10374,  -0.07747,  -0.07922,  -0.03896,   0.04158,  -0.04246,   0.03983,   0.07660,   0.02232,  -0.01970,  -0.04071,   0.00306,   0.00832,   0.02057,  -0.09148,  -0.01970,  -0.03370,  -0.00569,  -0.05646,   0.04158,   0.00657,   0.03983,  -0.00569,  -0.02495,  -0.05296,   0.07485,  -0.03370,   0.11336,  -0.07572,   0.04858,  -0.03896,  -0.03721,  -0.07047,   0.01707,  -0.05997,   0.04683,   0.01182,   0.02757,   0.05559,   0.01707,  -0.03020,  -0.01970,  -0.00569,   0.08535,   0.02757,   0.06084,   0.02407,  -0.01795,   0.02582,  -0.05646,   0.00832,   0.01357,  -0.03545,  -0.02145,   0.02407,   0.01532,   0.01182,  -0.02845,   0.03808,   0.00657,   0.02757,   0.04683,  -0.04596,  -0.01094,  -0.01970,  -0.04421,  -0.02320,  -0.01795,   0.01882,   0.00131,  -0.09323,   0.03808,  -0.02670,   0.04333,   0.06434,  -0.07047,   0.04333,   0.03458,  -0.05822,   0.00306,   0.05034,   0.07135,   0.03633,  -0.00219,   0.02232,   0.06084,  -0.03896,  -0.09323,  -0.09323,   0.04333,  -0.14400,  -0.05822,  -0.08273,  -0.00394,  -0.01795,  -0.01795,  -0.07747,   0.01007,  -0.03721,   0.00306,  -0.04596,  -0.03020,   0.05384,  -0.03195,  -0.01795,  -0.00394,  -0.02145,   0.00657,   0.05209,  -0.00394,   0.03458,   0.11862,   0.03283,  -0.00744,   0.11161,   0.01007,  -0.03896,  -0.01269,  -0.03195,  -0.02320,   0.00306,  -0.04071,   0.05034,  -0.03370,  -0.00744,   0.02933,   0.05559,   0.02757,  -0.00919,   0.03808,   0.04508,  -0.00044,   0.03458,   0.01182,   0.07835,   0.02757,   0.03108,  -0.01795,   0.01532,  -0.01444,  -0.03195,   0.01882,  -0.03020,   0.04683,  -0.03896,   0.03283,  -0.05121,  -0.00219,  -0.02320,  -0.04596,  -0.09148,   0.01007,   0.01357,  -0.00919,   0.04508,  -0.02145,   0.03108,   0.02057,   0.01007,   0.01532,   0.00832,   0.08535,   0.02407,  -0.02845,  -0.07747,  -0.01620,   0.04858,  -0.02320,   0.03983,   0.01707,  -0.00569,   0.02933,   0.01182,  -0.00219,  -0.00394,  -0.01094,  -0.01795,  -0.02845,   0.02407,   0.06784,  -0.04071,   0.08360,   0.00131,   0.04508,  -0.00744,   0.00481,   0.00306,   0.02232,   0.00131,   0.05734,   0.00481,  -0.04771,  -0.01094,  -0.06872,   0.02582,  -0.06872,   0.07660,   0.04683,   0.11512,   0.04683,   0.01007,  -0.03370,  -0.06697,  -0.04771,  -0.00044,   0.02057,  -0.01620,  -0.01269,  -0.01444,  -0.04071,  -0.00919,   0.06084,  -0.03721,  -0.05822,   0.02757,   0.02232,  -0.02495,  -0.05646,  -0.03195,   0.03458,  -0.00919,   0.01532,   0.00131,  -0.12475,   0.00306,  -0.03370,   0.00306,  -0.04596,  -0.04246,  -0.00919,   0.03983,   0.04858,   0.03808,   0.05559,   0.03108,  -0.00219,  -0.01094,  -0.00044,   0.02757,  -0.04071,  -0.09148,  -0.03020,   0.01532,   0.02757,  -0.01094,   0.02933,   0.01707,  -0.05646,   0.09060,  -0.03545,  -0.01094,   0.03808,   0.02757,   0.10636,  -0.03896,  -0.03020,   0.06959,   0.03458,  -0.03721,   0.12562,   0.05559,  -0.05471,  -0.00394,  -0.02845,   0.04508,   0.02232,  -0.02495,  -0.04596,   0.01882,   0.02057,  -0.00744,  -0.05646,   0.02407,  -0.04071,   0.03283,  -0.01970,   0.03633,   0.02582,   0.01182,  -0.01444,   0.02232,   0.08535,  -0.06697,   0.02057,  -0.00044,   0.01707,  -0.04596,   0.04158,  -0.00219,   0.06959,  -0.03195,  -0.01620,  -0.06872,  -0.04946,  -0.09673,   0.01532,  -0.00394,   0.01707,   0.01357,  -0.05471,  -0.03721,   0.03458,  -0.03721,  -0.04421,  -0.00219,  -0.01094,   0.01007,  -0.05296,  -0.00219,   0.03108,  -0.08273,   0.03983,  -0.01795,   0.00131,   0.05384,  -0.07747,   0.03808,  -0.08098,   0.03458,  -0.01620,  -0.03721,  -0.00744,  -0.01444,   0.07310,   0.02232,   0.00306,   0.05384,  -0.05471,   0.05034,   0.03633,   0.07135,  -0.08973,   0.03808,  -0.04421,  -0.08973,   0.00832,  -0.05121,  -0.00044,   0.04158,   0.03983,  -0.00569,  -0.02145,   0.02407,   0.01707,  -0.00219,   0.03983,  -0.04596,   0.02582,   0.03983,   0.03633,  -0.04946,  -0.04946,  -0.03896,  -0.03195,  -0.08973,   0.04333,   0.13087,   0.05034,  -0.00219,   0.04158,   0.01007,  -0.06697,  -0.02320,  -0.00919,   0.00131,  -0.00044,  -0.03195,  -0.01620,   0.00481,   0.07310,  -0.07222,   0.07135,   0.02933,   0.04508,   0.01357,  -0.00569,  -0.07222,  -0.02320,  -0.02495,   0.07485,  -0.02145,  -0.02845,  -0.03195,   0.02757,  -0.04946,  -0.06347,   0.02407,  -0.03721,   0.01707,   0.02057,   0.07135,  -0.01094,  -0.02145,  -0.03896,  -0.05296,   0.02232,   0.08535,   0.05209,  -0.00744,  -0.03545,   0.10286,  -0.09848,   0.00657,  -0.05471,  -0.00744,  -0.07922,   0.09761,  -0.04246,  -0.04421,   0.02582,  -0.09148
  -0.00394,   0.01532,   0.00131,   0.00481,  -0.01795,  -0.06172,   0.00657,  -0.03545,  -0.03545,  -0.04246,  -0.07222,   0.03108,   0.07485,  -0.00219,   0.03283,   0.05559,   0.00657,   0.01707,  -0.04771,   0.01882,  -0.03896,   0.00481,   0.00832,  -0.04946,   0.10811,   0.00306,   0.00306,  -0.16326,  -0.04071,  -0.00044,   0.11687,  -0.02495,   0.03108,   0.08710,  -0.00569,   0.13788,  -0.01620,  -0.05997,   0.03808,  -0.03545,   0.03283,   0.02057,   0.01882,  -0.06172,  -0.07397,  -0.01269,  -0.01970,   0.03983,  -0.00919,   0.00481,   0.04158,  -0.03370,  -0.01970,   0.02407,  -0.06872,   0.03108,   0.01882,  -0.01094,   0.07135,   0.05559,   0.07485,   0.04858,  -0.01620,  -0.00219,  -0.01094,  -0.00044,   0.04508,  -0.02845,  -0.01795,  -0.03020,   0.02933,   0.04683,  -0.00219,  -0.00744,   0.03108,  -0.03020,  -0.05471,  -0.02845,  -0.02495,  -0.02845,   0.07835,   0.01707,   0.02757,   0.10811,  -0.00744,  -0.00744,   0.03458,   0.00657,   0.00657,  -0.01970,  -0.00919,  -0.03370,   0.02582,   0.00657,  -0.00044,  -0.00919,   0.07660,   0.03108,  -0.00219,   0.01182,   0.04158,   0.01357,   0.06959,   0.04508,   0.06434,   0.06259,   0.01182,   0.02582,  -0.01620,   0.05559,   0.03983,   0.01532,  -0.03195,   0.03808,  -0.04246,  -0.00919,   0.01532,  -0.01620,  -0.03020,   0.03108,   0.01532,   0.05384,  -0.03545,   0.06434,  -0.06522,   0.00306,  -0.00744,   0.01182,  -0.01970,   0.02582,   0.08010,   0.06609,  -0.00744,   0.01182,  -0.00919,  -0.05997,  -0.05121,  -0.03370,   0.03458,  -0.05646,  -0.01444,  -0.05296,  -0.04596,   0.07135,  -0.01970,   0.02757,  -0.06172,  -0.11774,   0.01882,  -0.09148,   0.00657,   0.02757,   0.10461,   0.01707,  -0.02320,   0.00832,   0.02232,  -0.02495,  -0.00219,   0.03458,   0.02933,  -0.03370,   0.05909,   0.09411,   0.01882,   0.01007,  -0.03545,  -0.03020,   0.02407,  -0.00394,  -0.02670,  -0.03020,  -0.00044,   0.04683,   0.10636,  -0.05646,   0.00832,   0.02757,  -0.08098,  -0.06172,   0.02232,  -0.01444,   0.03808,   0.02232,   0.06434,  -0.04421,   0.05559,   0.00131,  -0.03370,  -0.01094,   0.01707,   0.05559,   0.05034,  -0.04946,   0.00306,  -0.04246,   0.02232,  -0.06522,  -0.02845,   0.05559,  -0.03020,   0.02933,  -0.09848,  -0.00569,  -0.05296,   0.03983,  -0.07572,  -0.02845,   0.04158,  -0.01094,  -0.01795,   0.02407,   0.00832,   0.06959,  -0.02320,   0.04683,  -0.04596,   0.06609,  -0.04071,  -0.03195,   0.01007,  -0.01094,  -0.00744,   0.02057,   0.01357,  -0.00394,  -0.07572,   0.01532,   0.01707,  -0.00394,   0.02407,   0.01357,   0.01007,   0.09936,  -0.04596,   0.05209,  -0.09673,   0.00306,   0.09411,   0.05384,   0.05384,  -0.01094,  -0.03195,   0.01532,   0.04683,   0.04508,  -0.07222,  -0.08273,   0.02933,   0.03808,   0.02232,   0.03633,  -0.06172,   0.06434,   0.10111,  -0.00569,   0.00481,  -0.05121,   0.06959,   0.05384,   0.03283,  -0.01970,   0.02757,   0.02582,  -0.02320,  -0.03896,  -0.01094,  -0.01444,  -0.02145,  -0.05121,  -0.00919,   0.02582,   0.05384,  -0.07222,  -0.01269,   0.07485,   0.09936,  -0.00744,  -0.01970,   0.00832,  -0.05471,  -0.00744,  -0.03545,  -0.00044,  -0.03195,   0.00306,  -0.06522,  -0.01970,  -0.03545,   0.02407,   0.07835,  -0.06347,  -0.01094,   0.02057,  -0.04596,   0.00832,  -0.01444,  -0.04946,  -0.00219,  -0.00744,  -0.04596,  -0.00394,   0.01707,   0.02057,  -0.11599,   0.01007,  -0.06522,  -0.08448,   0.00657,   0.00832,  -0.03721,   0.02057,  -0.00569,   0.06434,  -0.02845,   0.06259,  -0.00919,   0.03808,  -0.07922,  -0.03370,  -0.05646,  -0.07397,  -0.01444,  -0.00919,   0.06959,  -0.05997,   0.06784,   0.03108,   0.01182,  -0.05822,   0.04333,   0.00306,  -0.02670,  -0.03545,  -0.02845,  -0.07572,  -0.01970,  -0.04596,   0.08360,   0.07660,  -0.00919,   0.04508,   0.05034,   0.04333,   0.00306,   0.03458,   0.00657,   0.06434,  -0.03020,   0.02407,   0.07660,   0.02933,  -0.04946,   0.00131,   0.01357,   0.01357,   0.01182,   0.01357,   0.02757,   0.00306,   0.03808,  -0.04596,  -0.03020,  -0.01444,   0.01882,  -0.01795,  -0.04421,   0.03633,   0.02933,   0.04683,   0.01882,  -0.00044,   0.06259,  -0.03020,  -0.07572,   0.03633,  -0.03721,  -0.07922,   0.00657,  -0.07572,  -0.03545,   0.01182,   0.05384,  -0.05296,   0.10461,   0.02757,  -0.01795,   0.03983,  -0.07922,  -0.03020,   0.00657,  -0.03370,  -0.05296,   0.09936,   0.05384,  -0.06172,   0.03983,   0.04158,   0.09411,   0.02757,  -0.00044,  -0.03545,   0.03633,   0.04158,   0.02582,  -0.01094,  -0.01620,  -0.00219,  -0.01795,   0.00131,   0.00657,   0.00657,   0.00131,  -0.02670,  -0.01269,  -0.04246,   0.00131,   0.00657,  -0.01795,  -0.00219,  -0.02495,  -0.03020,   0.01707,  -0.07397,  -0.01269,  -0.03020,   0.01882,  -0.03721,  -0.03370,   0.02582,  -0.01795,  -0.10899,   0.03108,   0.00306,  -0.00394,  -0.08973,  -0.01620,   0.04333,   0.01882,   0.01707,  -0.04421,   0.01007,   0.05559,  -0.02320,   0.04333,   0.01882,  -0.04421,  -0.05822,  -0.01094,  -0.01620,   0.05384,   0.02582,  -0.01269,   0.03108,   0.06959,   0.04158,  -0.03721,  -0.02320,  -0.00044,  -0.05646,   0.03458,   0.01532,   0.05209,   0.04858,   0.02757,   0.00481,  -0.01444,  -0.10549,   0.03633,   0.06259,   0.06259,   0.06259,   0.00657,   0.03808,  -0.04946,  -0.03195,  -0.03721,  -0.02145,  -0.07922,   0.04683,  -0.02320,  -0.08448,   0.04858,   0.04683,  -0.02495,  -0.01094,  -0.00919,   0.01007,   0.06084,  -0.02320,   0.01007,  -0.01444,  -0.02495,  -0.07747,   0.01357,   0.03633,  -0.05121,   0.06959,   0.16414,  -0.02670,   0.01532,  -0.00394,  -0.03370,   0.00832,  -0.01795,  -0.01269,  -0.04071,  -0.01620,   0.03108,   0.06609,   0.01532,   0.03633,   0.00306,  -0.03721,  -0.04596,   0.08185,  -0.07047,  -0.07222,   0.02582,  -0.01970,   0.05209,  -0.02670,  -0.04421,  -0.06697,   0.04333,  -0.02845,  -0.01444,  -0.03721,  -0.01795,   0.02582,   0.00131,  -0.01094,  -0.04421,  -0.01094,   0.07135,  -0.02495,  -0.05121,   0.01532,  -0.04421,  -0.05296,   0.00481,   0.02057,   0.10811,   0.09586,   0.03633,  -0.02495,   0.02232,  -0.06697,   0.02057,  -0.02320,  -0.04246,   0.01707,   0.06259,  -0.01620,  -0.02320,   0.07660,  -0.09673,   0.02232,   0.05209,   0.01532,  -0.04596,   0.00481,   0.05734,   0.04508,  -0.02320,   0.03108,   0.03458,  -0.03721,  -0.00394,   0.00306,   0.06784,  -0.01269,   0.02933,   0.07835,   0.00657,   0.08185,   0.12212,   0.00657,  -0.01970,  -0.00219,   0.00832,  -0.05121,  -0.05471,   0.01882,  -0.01269,  -0.04771,   0.10286,  -0.02845,  -0.03020,  -0.01269,  -0.01094,  -0.01444,  -0.00044,   0.04333,   0.03458,   0.01707,  -0.09323,  -0.08973,  -0.01094,  -0.01795,  -0.05296,   0.03458,   0.11336,  -0.05121,  -0.01269,  -0.05121,   0.10811,  -0.00044,  -0.01444,  -0.05997,  -0.04596,  -0.00219,   0.01532,  -0.00394,   0.10461,  -0.02320,   0.01707,   0.03108,  -0.07572,  -0.04246,   0.00131,   0.00657,  -0.03020,  -0.04596,   0.00832,  -0.05646,   0.04158,  -0.02145,  -0.00044,  -0.02495,   0.08710,   0.02582,  -0.04421,   0.04333,  -0.03721,  -0.01620,   0.01182,   0.01532,   0.03108,  -0.00919,  -0.04421,  -0.00219,   0.10111,  -0.00744,  -0.07747,   0.03983,  -0.01094,   0.08185,   0.00657,   0.05909,   0.06259,  -0.00744,   0.09060,  -0.00394,   0.01707,  -0.00394,  -0.04071,  -0.00394,   0.00306,   0.07135,   0.02582,  -0.04946,  -0.04946,   0.07310,   0.05384,   0.06434,  -0.01269,  -0.02320,  -0.02845,   0.00306,  -0.01094,   0.03633,  -0.05471,   0.01532,   0.05034,  -0.01970,   0.02407,   0.02232,  -0.04946,  -0.03195,   0.06609,  -0.06697,   0.05034,  -0.05997,   0.02933,   0.01882,  -0.00044,   0.01707,   0.06084,   0.03283,   0.01532,  -0.00569,  -0.03545,  -0.06347,  -0.01094,  -0.03370,   0.01882,   0.00481,   0.08185,  -0.04071,   0.06784,   0.05034,   0.01882,  -0.11599,   0.06084,   0.03808,  -0.00219,  -0.00919,   0.05034,   0.04508,   0.02582,  -0.05471,   0.07135,  -0.03020,   0.04508,   0.05209,  -0.03020,  -0.00219,   0.13437,  -0.04071,  -0.00744,  -0.01444,  -0.01795,   0.00832,  -0.03020,   0.03283,   0.00657,  -0.00744,  -0.01620,   0.02232,  -0.03545,  -0.04071,   0.00657,   0.09060,  -0.00744,   0.03283,  -0.00044,  -0.01970,  -0.08448,   0.05384,  -0.06172,   0.04683,  -0.01094,   0.05034,  -0.07747,   0.02582,  -0.00044,   0.01182,   0.08710,  -0.01970,   0.07485,   0.00131,   0.03633,   0.00481,   0.03283,  -0.04071,   0.01532,  -0.01094,   0.02232,  -0.07922,  -0.04771,  -0.04946,   0.07660,   0.02057,  -0.02320,   0.05209,  -0.06347,  -0.03721,   0.00657,   0.00832,  -0.00569,  -0.02320,   0.00131,   0.00481,  -0.01444,  -0.00744,   0.01357,  -0.03370,   0.04508,  -0.09848,  -0.02145,   0.01007,  -0.01444,   0.03283,   0.06609,  -0.05121,   0.04333,   0.04333,   0.03633,  -0.02670,   0.00481,   0.00306,  -0.01269,  -0.04771,  -0.01444,   0.02407,  -0.03370,  -0.03721,  -0.01620,   0.03283,   0.00832,   0.03633,   0.05559,  -0.03896,  -0.00744,  -0.01795,   0.02407,   0.02407,   0.04508,  -0.11074,  -0.00569,  -0.03545,   0.02407,  -0.03020,  -0.01444,   0.03458,  -0.02145,  -0.03896,  -0.00919,   0.02582,   0.00832,   0.02582,   0.02933,  -0.00744,   0.02933,  -0.00044,   0.03108,  -0.00744,   0.01357,  -0.01795,   0.07660,  -0.07047,   0.07135,  -0.03195,  -0.00569,  -0.04946,   0.03983,   0.00481,  -0.01269,   0.01707,  -0.08798,   0.02057,  -0.05471,  -0.04596,  -0.10899,   0.07835,  -0.03721,  -0.03195,  -0.05296,  -0.01795,   0.00657,  -0.00394,   0.04683,  -0.04071,   0.03283,   0.03983,  -0.03721,   0.05734,   0.02582,  -0.03195,   0.02232,  -0.00044,   0.00306,  -0.01444,  -0.04246,  -0.02145,  -0.00219,   0.00306,  -0.07397,   0.05909,  -0.05296,  -0.04596,   0.03983,   0.04333,   0.00657,   0.00481,   0.07135,  -0.01269,   0.09235,   0.03983,   0.03458,   0.01182,  -0.00044,   0.02582,   0.05034,  -0.05121,  -0.01094,   0.00657,  -0.04771,  -0.03370,  -0.03721,  -0.05822,   0.02582,  -0.01444,  -0.05997,   0.05209,  -0.07222,   0.01007,  -0.05646,   0.01182,  -0.00569,  -0.04946,   0.00657,   0.00657,   0.01357,  -0.01444,   0.00131,  -0.03370,  -0.00394,  -0.01094,   0.04158,  -0.01269,  -0.03545,  -0.03721,   0.01007,  -0.04071,   0.04683,   0.04858,   0.07485,  -0.01444,   0.04683,  -0.01094,   0.05909,   0.02407,   0.08885,   0.03983,  -0.00744,  -0.01444,  -0.02320,  -0.04071,   0.01182,  -0.04246,   0.04333,   0.02407,  -0.13525,  -0.01444,   0.01007,   0.02582,   0.02232,   0.03458,  -0.01269,   0.03283,  -0.06697,  -0.00744,  -0.03545,   0.02057,  -0.00744,   0.10811,   0.00131,   0.08010,  -0.03370,  -0.02495,  -0.00569,  -0.04421,   0.01357,  -0.01795,   0.01182,   0.05559,  -0.00219,   0.01707,  -0.04596,  -0.08623,   0.03283,   0.01182,   0.03108,   0.01882,  -0.06172,  -0.03195,   0.01007,  -0.02145,  -0.02845,   0.03108,   0.00657,   0.05034,   0.03633,   0.02407,  -0.02320,   0.05559,  -0.05646,  -0.00219,  -0.03020,   0.05909,  -0.03545,   0.01182,  -0.02145,  -0.00744,  -0.01444,  -0.06522,   0.02232,   0.03283,   0.00832,   0.01007,   0.07835,  -0.06172,   0.00657,   0.04683,   0.06084,  -0.02670,   0.04508,  -0.02320,   0.01532,   0.07660,  -0.02670,   0.04858,   0.02582,   0.00481,   0.01182,  -0.04946,  -0.00044,   0.05209,  -0.03020,   0.01182,  -0.04946,  -0.02320,  -0.02845,   0.02407,  -0.00744,   0.00657,  -0.00569,   0.00131,  -0.02670,  -0.00044,   0.04333,   0.01007
  -0.08273,  -0.01795,  -0.02320,  -0.01795,  -0.05471,   0.00131,   0.00832,  -0.04246,  -0.03195,   0.01882,  -0.00744,   0.07135,  -0.03545,   0.03808,   0.01707,   0.05034,  -0.01970,  -0.01970,  -0.01269,  -0.01444,   0.02407,  -0.01444,   0.06084,   0.02057,  -0.05121,  -0.02495,  -0.01795,  -0.02845,   0.00481,   0.03458,  -0.02145,  -0.01970,   0.01882,   0.01357,  -0.00919,  -0.03896,  -0.00219,   0.04508,   0.05034,   0.01007,   0.03283,  -0.05296,   0.05909,   0.00306,   0.01707,  -0.00569,   0.06959,  -0.01444,   0.01357,   0.01182,  -0.04246,  -0.11424,   0.09761,   0.02407,   0.05559,   0.01532,   0.05909,  -0.03195,  -0.01970,   0.01532,  -0.03545,   0.03633,  -0.05296,  -0.09148,  -0.05822,   0.09060,  -0.03896,  -0.03896,  -0.00394,   0.00481,  -0.01970,  -0.00744,   0.01532,   0.01182,   0.04858,  -0.00044,   0.06609,   0.01532,  -0.05822,  -0.02845,  -0.06347,   0.04508,   0.03983,   0.03633,  -0.01620,  -0.00744,  -0.09848,  -0.05646,   0.03283,  -0.03721,  -0.06347,   0.03983,   0.02757,   0.05209,   0.04333,   0.06784,   0.05559,   0.04158,   0.04508,   0.00832,  -0.07747,   0.01882,  -0.02670,   0.00131,   0.07310,   0.05209,  -0.02145,   0.04508,  -0.02670,   0.03983,  -0.04596,   0.00657,   0.01182,  -0.04421,   0.01882,  -0.14751,  -0.07397,   0.02757,   0.01357,  -0.06347,   0.00657,   0.02057,   0.03633,  -0.01269,   0.02582,   0.00481,   0.04683,  -0.05296,  -0.01094,   0.07485,  -0.07922,  -0.08098,  -0.00744,  -0.01970,   0.00306,  -0.02670,   0.02057,   0.01707,   0.00481,   0.02757,  -0.00919,  -0.03195,  -0.01094,  -0.01269,  -0.00044,  -0.02845,  -0.01620,   0.00131,  -0.05646,   0.05909,   0.01357,   0.09060,  -0.08623,  -0.06522,   0.00481,   0.00306,  -0.04246,  -0.05121,  -0.05997,  -0.03721,  -0.05296,   0.00832,  -0.08623,   0.04333,   0.03633,   0.03808,   0.02582,  -0.00044,   0.02232,  -0.10199,  -0.01620,   0.02757,  -0.09323,   0.01182,   0.00832,   0.02757,   0.04683,   0.09060,  -0.01795,   0.01532,  -0.04421,   0.01882,   0.04683,   0.00306,  -0.03195,  -0.02320,   0.01007,  -0.06522,   0.00131,  -0.03020,  -0.02495,   0.01532,  -0.05471,  -0.02495,  -0.02320,   0.03283,   0.02057,  -0.03195,   0.01007,   0.01357,  -0.02670,  -0.00744,   0.00306,   0.04683,  -0.05646,   0.01357,   0.00131,  -0.02495,   0.04333,  -0.00744,  -0.02320,  -0.04071,   0.00131,  -0.02845,   0.00481,   0.03108,   0.02757,   0.07485,   0.02057,   0.01882,   0.03108,   0.02933,  -0.01269,  -0.05646,  -0.11074,  -0.03370,   0.01357,  -0.04771,  -0.03370,  -0.04946,   0.01882,   0.08010,  -0.03195,  -0.01795,   0.05384,   0.00131,  -0.04246,   0.04858,   0.00832,   0.03983,  -0.00394,   0.00481,   0.02057,  -0.02670,  -0.00044,  -0.02495,   0.00481,   0.06259,   0.01007,   0.00306,   0.01007,   0.00481,   0.01532,   0.03808,   0.02407,   0.02757,  -0.02495,   0.02407,  -0.02845,  -0.01094,  -0.01970,  -0.03370,   0.01357,   0.01532,  -0.01970,   0.00657,   0.00657,  -0.05471,   0.03108,  -0.00569,   0.01182,   0.03108,   0.00832,  -0.03896,  -0.02845,  -0.03370,   0.01182,   0.00657,  -0.03020,   0.02057,  -0.03195,   0.02057,   0.06434,   0.01357,   0.05559,  -0.00744,   0.01007,   0.08185,  -0.04246,  -0.02670,  -0.00744,   0.03108,   0.04158,  -0.03020,   0.00832,   0.06784,   0.01357,  -0.10549,   0.04508,  -0.00569,  -0.02495,  -0.00219,  -0.06522,   0.06609,   0.02407,  -0.08273,   0.04158,  -0.09673,   0.01357,  -0.02320,   0.00306,   0.04333,  -0.05997,  -0.07397,  -0.03545,  -0.00919,   0.00131,   0.01882,  -0.07572,  -0.04071,  -0.04246,  -0.03195,  -0.00219,   0.01882,   0.03808,   0.02757,   0.01707,   0.03108,   0.01707,  -0.00394,   0.00657,   0.01007,   0.02407,  -0.00044,   0.03808,   0.02407,   0.03808,  -0.03721,  -0.04246,   0.00832,   0.03633,   0.07135,   0.01882,   0.02407,  -0.03896,  -0.00219,   0.01357,   0.08010,  -0.04946,   0.00306,   0.02933,   0.00131,   0.09936,  -0.00744,   0.02057,  -0.07047,  -0.03721,  -0.08798,  -0.01269,  -0.02145,   0.09411,  -0.04596,   0.02757,   0.00481,  -0.01970,  -0.03721,  -0.03195,   0.00481,   0.00832,  -0.06872,  -0.01795,   0.03808,   0.10111,  -0.00219,   0.05384,  -0.02320,   0.04858,   0.01357,  -0.03370,  -0.03545,   0.00131,  -0.02495,   0.01007,  -0.04596,   0.01532,  -0.07747,  -0.00394,   0.02582,  -0.05296,  -0.04246,   0.05384,  -0.03721,  -0.01970,  -0.01970,   0.07310,  -0.07047,  -0.00219,  -0.06872,  -0.04246,   0.03983,  -0.01269,  -0.01269,  -0.04596,   0.00657,   0.05734,  -0.00219,  -0.02670,   0.00306,  -0.00394,   0.00481,  -0.00919,   0.01532,   0.00657,   0.07135,   0.02057,   0.03808,  -0.00919,   0.02582,  -0.00219,   0.02057,   0.02057,  -0.01269,  -0.01795,   0.04333,   0.00131,   0.03458,  -0.04596,  -0.03195,  -0.01620,  -0.05296,   0.03108,   0.03633,  -0.03545,   0.03458,  -0.02320,  -0.01269,   0.00481,  -0.01444,  -0.01269,   0.00131,  -0.01094,   0.03808,   0.03983,   0.03108,   0.06609,  -0.00219,   0.11336,  -0.04071,  -0.05646,  -0.07747,  -0.01269,  -0.01795,  -0.01444,  -0.04071,  -0.01620,  -0.05296,   0.06609,   0.00832,   0.01357,   0.01357,  -0.02495,  -0.04946,   0.00832,   0.00481,   0.01182,  -0.02670,   0.12562,   0.07135,  -0.05997,  -0.05121,  -0.00044,  -0.01970,   0.06259,  -0.04421,  -0.04071,  -0.08098,  -0.04246,   0.00832,  -0.04596,  -0.00744,   0.00657,  -0.01620,   0.02757,  -0.04071,   0.05209,   0.09586,   0.02582,   0.00832,   0.03983,   0.05034,  -0.01094,  -0.04771,   0.06434,  -0.01795,   0.01882,  -0.04421,  -0.02670,  -0.03545,  -0.03020,  -0.01620,  -0.06347,   0.02057,  -0.06697,  -0.00744,  -0.04946,   0.01182,   0.03983,  -0.03721,   0.01882,  -0.05296,  -0.03721,   0.02757,   0.06259,  -0.02670,   0.01707,  -0.02145,   0.04333,  -0.05121,  -0.04246,   0.01357,  -0.04421,   0.02757,  -0.02845,   0.00306,  -0.02670,  -0.02670,  -0.03545,   0.03808,   0.03633,   0.00131,  -0.06347,  -0.02845,   0.01182,  -0.04596,  -0.02670,  -0.00569,  -0.00044,  -0.00744,   0.02232,   0.00481,  -0.00919,  -0.02845,  -0.03721,   0.09411,  -0.00919,  -0.00919,   0.03458,  -0.02145,  -0.01970,   0.00481,   0.02407,  -0.08973,  -0.02495,  -0.01620,  -0.02145,  -0.07047,  -0.00044,   0.03283,  -0.06872,   0.01532,   0.00131,   0.04683,  -0.07047,   0.06959,   0.09936,   0.03808,   0.03283,   0.00306,   0.01182,   0.00481,   0.06434,  -0.02145,   0.01707,   0.01882,  -0.02145,   0.00832,  -0.05822,   0.02582,  -0.05296,  -0.02845,   0.01007,   0.03983,  -0.01970,  -0.00394,  -0.03721,  -0.06522,   0.02757,  -0.04071,   0.01182,   0.03983,   0.00832,   0.08885,  -0.08973,  -0.03896,  -0.03020,  -0.02145,   0.02757,  -0.05296,   0.06084,   0.04333,   0.02757,  -0.06522,  -0.02495,   0.02407,   0.04683,  -0.01620,   0.08010,  -0.00919,   0.03633,   0.03458,  -0.01620,   0.03808,  -0.02670,   0.06959,  -0.03545,  -0.01620,   0.07660,  -0.02495,  -0.01269,  -0.00044,  -0.07747,  -0.01444,  -0.04596,   0.11862,  -0.02495,  -0.01269,   0.00657,  -0.03195,   0.05909,   0.05559,  -0.03896,  -0.00219,   0.00306,  -0.00394,   0.00657,  -0.01620,  -0.07572,   0.02582,   0.02057,   0.00306,   0.04508,  -0.01620,   0.05559,   0.07485,   0.01007,   0.02057,   0.01882,  -0.07922,  -0.10899,   0.00481,   0.06084,   0.01707,  -0.05646,  -0.01620,   0.03633,  -0.00569,  -0.00919,   0.05209,  -0.04421,  -0.07222,   0.14663,   0.00832,  -0.06172,  -0.03020,   0.01882,   0.03633,  -0.01620,  -0.01620,  -0.05997,   0.11512,   0.01007,  -0.06172,  -0.02145,   0.01532,  -0.01094,   0.06609,  -0.00744,  -0.05646,   0.03283,  -0.00569,  -0.01444,  -0.00744,   0.03983,   0.00481,   0.02407,   0.02582,   0.00306,   0.04683,  -0.07572,   0.03983,  -0.00219,   0.00306,   0.02407,   0.01882,   0.06259,  -0.03896,  -0.03545,  -0.01094,  -0.00569,   0.02057,   0.05034,   0.00131,   0.11336,   0.06959,   0.01182,  -0.03370,  -0.09673,  -0.01444,  -0.03020,   0.06434,   0.05034,  -0.01620,   0.08185,  -0.01269,  -0.05646,   0.04333,   0.04683,   0.05734,  -0.00219,   0.01182,   0.04858,   0.08710,  -0.03370,   0.04508,   0.06084,  -0.08448,   0.01532,   0.05734,  -0.04421,  -0.03020,  -0.03370,  -0.00919,  -0.05822,  -0.06347,   0.00832,  -0.03020,  -0.02845,   0.05209,   0.03108,  -0.04771,   0.05734,  -0.00394,  -0.02495,   0.07310,  -0.03195,  -0.00044,  -0.02845,   0.02232,  -0.02320,  -0.04946,   0.00657,  -0.08098,  -0.02845,   0.02232,   0.04858,   0.03808,   0.02232,  -0.04771,  -0.06697,  -0.01269,   0.00481,   0.00131,  -0.04771,  -0.08973,   0.00481,  -0.00394,  -0.00394,  -0.00744,  -0.01269,  -0.07222,   0.05909,  -0.04771,   0.00657,   0.02582,   0.01182,  -0.05822,   0.05559,   0.04683,   0.09411,  -0.08973,  -0.08623,  -0.05296,   0.02057,   0.00657,  -0.00394,  -0.03020,  -0.00394,   0.01007,  -0.02845,   0.07310,   0.03983,  -0.00394,   0.00481,  -0.02495,  -0.01444,   0.01532,  -0.06522,  -0.01620,   0.01707,  -0.05296,   0.01182,  -0.02670,  -0.07047,  -0.03020,   0.03633,   0.03983,  -0.04771,   0.02582,  -0.04596,  -0.00744,  -0.00394,  -0.02145,   0.04333,  -0.02320,  -0.10549,   0.10636,  -0.04946,  -0.05296,   0.02933,   0.01532,  -0.02670,   0.02057,  -0.01269,   0.04508,   0.02757,  -0.00744,   0.05909,   0.00481,   0.01182,  -0.04596,   0.02933,  -0.04771,  -0.04771,   0.02582,   0.04508,   0.05909,  -0.01795,  -0.05997,   0.00131,  -0.01269,  -0.01795,   0.03633,  -0.04071,  -0.04421,  -0.08273,   0.06259,   0.02933,  -0.09848,  -0.01444,  -0.01269,   0.03108,  -0.02495,  -0.02670,   0.05384,  -0.02145,  -0.05997,   0.01707,  -0.00744,  -0.05296,   0.00657,   0.00131,   0.01007,   0.07135,  -0.06172,  -0.02320,  -0.03545,  -0.00919,   0.01707,  -0.05121,  -0.04771,  -0.01444,  -0.00219,  -0.01795,  -0.04596,  -0.01444,   0.04333,  -0.00394,   0.05909,   0.01357,  -0.02320,   0.01707,  -0.01444,   0.04333,  -0.01094,  -0.00919,   0.04858,  -0.00919,   0.08710,  -0.00569,   0.01007,  -0.06347,   0.01882,  -0.00569,   0.07485,   0.04333,   0.10636,   0.00481,  -0.01444,  -0.06347,   0.00657,  -0.03545,   0.00832,   0.01357,   0.01007,  -0.00919,  -0.00919,  -0.00044,  -0.03545,   0.01357,   0.03458,   0.06434,  -0.00394,  -0.01094,   0.03108,   0.03983,  -0.03896,  -0.05471,   0.01357,   0.03458,   0.10986,   0.03983,   0.02757,  -0.01444,   0.02057,   0.06259,  -0.01094,  -0.03896,  -0.02320,  -0.00919,   0.04858,   0.01882,  -0.06697,   0.02757,  -0.09848,  -0.02145,  -0.04071,  -0.04071,  -0.06347,  -0.02845,  -0.06697,  -0.02495,   0.01707,  -0.05296,  -0.04946,   0.00131,   0.10636,  -0.04246,  -0.00569,  -0.03020,  -0.01795,   0.05209,  -0.01094,   0.01882,   0.04858,   0.09761,  -0.05997,  -0.02495,   0.02232,   0.00832,  -0.01970,   0.01882,   0.01532,  -0.01094,   0.03808,   0.04858,   0.00657,   0.08710,   0.01882,   0.00657,  -0.02845,  -0.02145,   0.04683,   0.02057,  -0.02495,  -0.05822,  -0.03545,   0.05209,  -0.00044,   0.07135,  -0.03721,   0.00657,  -0.05471,   0.05034,  -0.08448,   0.00832,   0.12212,   0.05034,  -0.08098,   0.03808,  -0.01269,  -0.03896,  -0.03545,   0.02407,  -0.02670,  -0.06172,   0.00657,   0.02757,   0.01532,   0.01707,   0.03283,  -0.05997,   0.08185,  -0.02495,  -0.00394,   0.03283,  -0.04946,   0.01182,  -0.02495,   0.01882,  -0.05296,   0.03283,  -0.00919,  -0.06872,   0.04158,  -0.01269,   0.02232,  -0.04246,   0.00832,   0.00131,  -0.01444,   0.04158,  -0.01269,  -0.01094,  -0.07572
   0.03283,   0.01357,   0.03983,  -0.01795,  -0.01970,  -0.02320,   0.06084,  -0.03020,  -0.06172,   0.00657,   0.06084,   0.00657,  -0.04946,   0.01532,  -0.00744,   0.02407,  -0.03195,   0.05909,  -0.01970,  -0.01269,   0.07135,   0.03283,   0.01882,   0.02057,  -0.02495,  -0.06872,   0.00306,   0.07310,   0.07835,  -0.02495,   0.06434,   0.03108,   0.01532,   0.12037,   0.06609,   0.00481,   0.04508,  -0.05997,  -0.06872,   0.03458,  -0.02320,   0.02407,   0.01532,  -0.01795,  -0.05471,  -0.03020,  -0.02495,  -0.01094,  -0.04946,  -0.00044,  -0.02320,  -0.02495,  -0.01795,   0.05559,  -0.00919,   0.02407,   0.02757,  -0.10374,  -0.00219,   0.01357,  -0.06522,   0.04508,  -0.03370,  -0.00394,  -0.00569,   0.00657,   0.01707,   0.02757,   0.02057,  -0.04421,  -0.09673,  -0.00744,   0.06959,   0.12212,  -0.07747,   0.02933,   0.04683,  -0.03020,  -0.01444,  -0.04071,  -0.01094,   0.10636,   0.02757,   0.05909,   0.06259,  -0.00744,  -0.05646,  -0.07747,  -0.03721,  -0.02145,   0.03283,   0.00481,  -0.02145,   0.08885,   0.12737,  -0.05296,   0.00832,  -0.00569,   0.03108,   0.02582,  -0.03721,  -0.06522,  -0.02670,  -0.06872,  -0.03020,   0.07835,   0.05559,   0.06259,   0.04333,   0.03283,  -0.00219,  -0.04071,   0.03283,  -0.01094,   0.05209,  -0.04421,   0.00306,  -0.10199,  -0.03195,   0.02757,  -0.04771,   0.00481,  -0.00044,  -0.01795,  -0.02320,   0.05209,   0.05034,   0.00657,   0.03983,  -0.05121,  -0.00044,   0.02933,   0.02232,   0.02232,  -0.00744,  -0.01444,  -0.03370,  -0.02670,   0.05034,  -0.00394,  -0.06522,   0.04333,  -0.03721,   0.09761,   0.01882,  -0.03721,  -0.01269,  -0.01970,   0.09235,   0.03108,   0.02407,  -0.03020,  -0.03721,  -0.01444,  -0.01795,   0.02582,  -0.00744,  -0.02320,   0.02582,   0.01357,  -0.00394,   0.02757,   0.02407,   0.05209,  -0.05997,  -0.10899,   0.01007,  -0.05121,   0.05384,   0.07660,  -0.03721,  -0.06697,   0.00481,   0.00481,   0.00657,  -0.05997,   0.03458,   0.05034,  -0.03370,   0.00657,  -0.07047,  -0.04596,   0.04333,  -0.03370,   0.04683,  -0.01620,   0.02582,   0.00657,  -0.04771,  -0.02145,   0.01707,  -0.04071,  -0.04771,  -0.01269,  -0.08098,   0.02232,  -0.07222,  -0.01620,  -0.04771,  -0.00744,  -0.02670,   0.03283,   0.00131,   0.03633,  -0.05296,   0.02057,  -0.04946,  -0.02320,   0.00832,   0.00481,  -0.02145,   0.06784,  -0.03370,  -0.00394,  -0.01970,  -0.04596,   0.03808,   0.00306,   0.03108,   0.02933,   0.07310,   0.04508,  -0.06697,   0.10111,  -0.03370,   0.01007,  -0.03370,  -0.01970,   0.03983,  -0.06872,   0.01707,   0.01532,  -0.01620,  -0.06347,   0.08535,  -0.04246,  -0.04071,   0.02057,  -0.00744,  -0.04421,   0.00131,  -0.01620,  -0.06522,   0.03458,  -0.00219,   0.01707,   0.08535,   0.09761,  -0.01444,   0.03283,   0.03633,  -0.00394,   0.04508,   0.00306,  -0.04246,   0.00657,  -0.08273,  -0.00044,   0.08535,   0.03983,  -0.04246,   0.01007,   0.01182,  -0.05822,   0.01707,  -0.02320,  -0.03195,   0.07485,   0.05209,   0.00306,   0.00832,  -0.03195,   0.01707,  -0.08798,  -0.00044,  -0.09148,   0.07835,  -0.00219,  -0.01620,   0.10811,   0.00657,   0.03283,  -0.06697,  -0.00394,  -0.13700,   0.05034,   0.04858,   0.03633,  -0.01620,   0.01707,   0.04333,  -0.02145,  -0.03020,  -0.08623,  -0.03020,  -0.00569,  -0.02495,  -0.00744,   0.01182,  -0.00394,  -0.02320,   0.03983,  -0.00219,   0.00131,  -0.03370,   0.00481,  -0.01094,   0.03983,  -0.04946,   0.02933,   0.04858,  -0.07922,   0.01182,   0.06959,  -0.00044,  -0.00919,   0.02757,   0.03283,  -0.00394,  -0.01269,  -0.05471,  -0.05121,  -0.00919,   0.04158,   0.03808,   0.02582,  -0.08098,  -0.01094,   0.01007,  -0.01970,  -0.09148,   0.05734,  -0.02845,  -0.08448,  -0.05646,   0.07835,   0.01707,   0.04508,  -0.02495,  -0.02845,  -0.04771,   0.10286,   0.01357,   0.05209,  -0.00919,  -0.01094,   0.01707,  -0.03896,  -0.01444,  -0.02670,   0.06259,  -0.02145,   0.00832,  -0.01970,  -0.01620,  -0.07222,  -0.03896,  -0.02495,   0.03108,  -0.04596,   0.05209,   0.03983,   0.06084,   0.04158,  -0.00044,  -0.07922,   0.01007,  -0.05997,   0.12212,  -0.02495,   0.01532,   0.04333,  -0.01444,   0.02933,   0.01007,   0.03108,  -0.03545,  -0.00919,  -0.02145,  -0.05296,   0.04158,   0.06959,   0.04333,   0.03108,  -0.03020,  -0.03020,  -0.06347,   0.01707,   0.03808,  -0.03195,   0.04158,  -0.08448,   0.00832,   0.05559,   0.01357,  -0.05822,   0.06084,   0.11336,  -0.00744,  -0.01094,  -0.03545,   0.01532,   0.02582,   0.00657,   0.03458,  -0.06172,   0.00481,   0.02057,  -0.00394,   0.06259,   0.10986,  -0.00394,   0.01532,  -0.00569,  -0.03545,  -0.01970,   0.06609,  -0.07222,  -0.03721,  -0.08098,   0.00131,   0.02933,  -0.00744,   0.04683,   0.01707,   0.02057,  -0.08448,  -0.05296,  -0.00044,   0.02407,  -0.00569,  -0.01269,   0.00657,   0.02933,  -0.05646,  -0.02495,  -0.04596,   0.02757,  -0.03370,   0.01707,  -0.00044,   0.01882,  -0.02320,  -0.08098,  -0.00569,  -0.00394,  -0.02670,  -0.04246,   0.02757,  -0.01795,  -0.03545,   0.05734,  -0.02320,  -0.06522,  -0.00044,  -0.01094,  -0.01444,  -0.01269,  -0.04946,  -0.04771,   0.00306,   0.00657,   0.05034,   0.03283,  -0.00919,   0.01532,  -0.04771,  -0.00744,   0.06434,  -0.01269,   0.00657,  -0.05471,  -0.05471,   0.03633,   0.00481,   0.01532,  -0.01970,  -0.03195,   0.01357,  -0.00744,   0.02407,   0.04508,  -0.07747,  -0.02320,  -0.00744,  -0.01444,  -0.03370,   0.02757,  -0.03545,   0.06434,  -0.03896,   0.02757,  -0.06522,  -0.04596,  -0.01970,  -0.01444,   0.00657,   0.04508,   0.01707,  -0.03721,  -0.00569,  -0.02320,   0.03458,  -0.00569,   0.01882,   0.02232,  -0.01795,   0.00832,  -0.00044,  -0.11074,   0.03458,   0.05209,  -0.02670,   0.00832,  -0.04596,  -0.04421,  -0.00744,   0.05909,  -0.02845,   0.02407,  -0.00044,   0.01707,  -0.01444,   0.01357,   0.01182,   0.06959,  -0.01620,   0.03458,  -0.01444,  -0.03721,   0.02582,   0.00657,  -0.00569,  -0.00219,  -0.00394,  -0.01269,  -0.00919,   0.05034,   0.01882,  -0.00569,   0.00306,  -0.00919,   0.01707,  -0.00394,   0.00657,   0.03808,  -0.02495,   0.00481,   0.05559,   0.00481,  -0.06347,  -0.12475,  -0.06172,   0.10636,  -0.01620,   0.01357,   0.05559,  -0.01620,   0.00306,   0.03283,  -0.06347,  -0.02670,   0.05559,   0.02757,  -0.02145,  -0.07397,  -0.06172,   0.04333,  -0.01444,   0.10811,  -0.03545,   0.01882,  -0.03545,  -0.00394,  -0.03545,   0.06609,  -0.01620,  -0.00394,  -0.01970,  -0.00394,  -0.00744,  -0.10023,   0.06434,   0.00481,  -0.03545,  -0.05646,   0.01532,   0.00657,   0.05384,  -0.06347,   0.01707,  -0.04071,   0.01007,  -0.00394,  -0.00744,   0.02757,  -0.03896,   0.00481,  -0.00219,   0.00306,  -0.04071,   0.03633,   0.00657,   0.02582,   0.04333,  -0.04771,  -0.00394,  -0.09148,   0.02757,  -0.01795,  -0.04246,   0.00131,   0.01707,  -0.07747,  -0.03195,   0.06609,   0.07485,   0.01182,   0.01882,   0.10986,   0.00832,   0.02057,   0.04158,  -0.03721,   0.01707,  -0.06872,   0.01882,   0.00481,  -0.03721,  -0.01795,  -0.07572,   0.02407,  -0.02845,   0.05909,   0.00832,  -0.00394,   0.00832,  -0.07747,  -0.00569,   0.02582,  -0.02145,   0.01182,   0.00131,  -0.02670,   0.00832,   0.04158,  -0.04246,   0.04683,  -0.00569,  -0.02145,  -0.00219,  -0.00044,  -0.03020,  -0.00919,  -0.01444,  -0.02670,  -0.04246,  -0.01269,   0.00832,  -0.04596,   0.05384,  -0.05121,  -0.07397,  -0.00044,   0.06959,   0.01182,  -0.01795,   0.00657,  -0.03896,  -0.01795,   0.00832,   0.06084,  -0.01269,  -0.03896,   0.01532,  -0.08623,   0.00131,  -0.06522,   0.06434,   0.05034,  -0.03195,  -0.02320,   0.07135,  -0.04946,   0.02582,  -0.01269,  -0.05121,   0.01707,  -0.05646,  -0.04946,   0.05384,  -0.04946,  -0.04596,   0.06084,   0.05559,  -0.06872,  -0.06872,  -0.03896,  -0.00919,   0.05034,  -0.00044,  -0.04771,  -0.01795,   0.02582,  -0.05646,  -0.08448,   0.04158,   0.10286,   0.00657,   0.00481,  -0.04596,  -0.03896,  -0.00919,  -0.04071,   0.05384,  -0.04771,  -0.06872,  -0.02495,   0.05209,  -0.07572,  -0.05296,  -0.01620,   0.02232,   0.03983,   0.00481,  -0.04946,  -0.00044,  -0.03370,   0.01882,  -0.06172,   0.03283,  -0.00219,   0.11336,  -0.02320,   0.02232,   0.01532,  -0.00219,  -0.03020,   0.07485,   0.02232,  -0.02320,   0.03983,   0.01882,  -0.03020,  -0.02320,  -0.01970,  -0.00744,   0.05909,  -0.00219,  -0.00219,  -0.02845,   0.04333,  -0.13350,  -0.03721,  -0.04246,   0.00657,   0.05209,  -0.00569,   0.00131,   0.01007,   0.09936,   0.01707,  -0.01269,  -0.03545,  -0.04946,  -0.00919,  -0.09673,   0.05384,  -0.03020,   0.03283,   0.02057,   0.00657,   0.04858,   0.07835,   0.03283,  -0.03195,  -0.03721,   0.01357,   0.11336,  -0.00744,   0.13262,  -0.10549,  -0.03896,   0.02933,  -0.04421,  -0.05822,   0.04333,   0.14838,   0.07310,   0.00131,  -0.04421,  -0.06172,  -0.01620,   0.00306,   0.03633,   0.03808,  -0.01970,  -0.03545,  -0.03545,  -0.01094,  -0.03020,   0.00657,  -0.14225,  -0.01620,   0.01532,  -0.10899,  -0.01269,   0.05209,  -0.01444,  -0.00919,   0.00131,   0.05559,  -0.03721,  -0.05646,  -0.00919,   0.00481,   0.13963,   0.02407,  -0.01795,   0.04858,  -0.01795,  -0.03721,  -0.03721,   0.05384,  -0.07747,  -0.07047,   0.00832,  -0.05121,   0.08185,   0.00306,  -0.01795,   0.01182,  -0.00569,  -0.02145,   0.02057,   0.02933,  -0.03020,  -0.02495,  -0.04946,  -0.03545,   0.01007,  -0.01269,  -0.03896,  -0.03020,   0.01707,  -0.02145,  -0.02320,  -0.03896,   0.08710,   0.01182,   0.06959,  -0.11249,  -0.04771,   0.00131,  -0.00744,   0.07310,  -0.04246,   0.02757,  -0.00394,  -0.04421,   0.00657,  -0.00744,  -0.00219,   0.00131,  -0.01444,  -0.03370,   0.08360,  -0.00744,  -0.04596,  -0.03896,   0.02232,  -0.04421,   0.05209,  -0.02845,   0.02757,   0.04683,  -0.00044,  -0.02320,  -0.02145,  -0.02320,   0.05909,   0.00832,   0.03633,   0.01707,  -0.03370,  -0.00919,  -0.01620,  -0.02495,  -0.00044,   0.02933,   0.01007,   0.01707,  -0.04246,  -0.02145,  -0.03370,   0.01882,   0.04858,  -0.00569,   0.00657,  -0.00044,  -0.04421,   0.03283,   0.03983,  -0.00044,  -0.01795,   0.05909,   0.02933,  -0.05822,  -0.04421,   0.03283,   0.02757,  -0.03721,   0.06784,  -0.07047,   0.07485,  -0.03545,   0.02232,   0.05909,   0.00481,   0.08360,   0.04333,   0.04508,   0.05734,   0.04158,   0.07835,   0.08535,   0.00832,  -0.01094,  -0.00044,  -0.00044,   0.01882,   0.03458,  -0.02320,   0.00832,   0.00832,  -0.03370,   0.03283,  -0.07397,  -0.00569,  -0.06697,  -0.00219,  -0.05646,   0.01357,   0.02757,   0.07310,   0.01007,  -0.01444,  -0.01795,   0.02407,  -0.03370,   0.06959,   0.04858,  -0.07572,  -0.01269,  -0.07572,  -0.00569,  -0.01444,  -0.04246,   0.00481,  -0.01795,  -0.00394,   0.12562,  -0.04246,   0.00832,  -0.05471,   0.01007,  -0.04246,   0.01007,  -0.04421,  -0.05997,  -0.09323,   0.01882,  -0.05471,  -0.01620,  -0.10899,   0.03633,   0.07310,  -0.05296,   0.03283,  -0.00044,   0.04858,   0.02757,  -0.00744,   0.03808,   0.03458,  -0.01444,   0.03983,   0.00131,   0.05559,  -0.00044,   0.03283,   0.04858,   0.01182,  -0.04071,   0.02407,  -0.04246,   0.09586,   0.08185,  -0.05997,   0.06084,   0.00131,  -0.03020,  -0.00394,   0.01357,   0.04158,  -0.01795,  -0.05822,   0.04158,   0.00657,  -0.01094,  -0.00044,  -0.05121,  -0.02495,   0.04508,  -0.08098,  -0.03370,   0.02407,   0.07835,   0.03458,  -0.00569,   0.05209,   0.08360,   0.07660,   0.03283
  -0.04246,   0.00131,  -0.01795,  -0.01444,  -0.08448,  -0.00744,   0.03108,  -0.02670,   0.04683,  -0.03020,  -0.03020,  -0.01795,   0.00832,  -0.06522,   0.03808,  -0.00919,  -0.01269,   0.03808,  -0.01269,  -0.00919,  -0.04946,  -0.02320,   0.03458,   0.03283,  -0.04246,  -0.05121,  -0.01795,  -0.01444,   0.06434,  -0.04246,  -0.09848,   0.08010,  -0.02495,  -0.02670,   0.04683,  -0.01620,   0.03983,  -0.11424,  -0.00219,  -0.03020,  -0.00044,  -0.02145,  -0.05997,   0.05384,   0.06784,  -0.00219,  -0.06872,   0.05559,   0.04508,   0.01182,  -0.03545,   0.00657,   0.06784,   0.01007,  -0.11599,   0.00832,   0.02232,  -0.05471,   0.03633,  -0.06872,   0.05384,  -0.08798,  -0.03896,   0.03458,  -0.03896,   0.03633,  -0.13000,  -0.06522,   0.02057,  -0.05646,  -0.01094,  -0.03020,   0.03458,  -0.04946,  -0.00394,  -0.03195,   0.01357,   0.02057,   0.01532,  -0.04246,   0.02757,  -0.01970,   0.02933,  -0.07047,  -0.00044,   0.01007,   0.01007,  -0.04421,  -0.00569,   0.02407,  -0.07047,   0.04858,   0.05734,  -0.01795,  -0.01094,   0.03983,   0.00481,  -0.03370,  -0.01795,  -0.05471,  -0.01795,  -0.03195,  -0.02495,  -0.00219,   0.07310,  -0.00044,  -0.00744,   0.02407,   0.07310,   0.01182,   0.01707,  -0.06522,  -0.01970,   0.07135,   0.00481,   0.00306,  -0.04946,   0.01182,   0.00832,   0.03808,  -0.00919,   0.07835,   0.05734,   0.02933,  -0.00569,   0.01707,  -0.12475,   0.01532,  -0.04771,  -0.02320,   0.04683,   0.07485,  -0.00219,  -0.05822,  -0.01269,   0.05209,  -0.04946,   0.02232,  -0.02845,  -0.00044,   0.07485,  -0.08798,   0.00306,  -0.05822,  -0.07047,   0.03983,   0.04333,   0.03808,   0.06084,   0.01007,   0.01357,  -0.02670,   0.02582,  -0.02495,  -0.00744,   0.02757,  -0.00394,   0.02232,   0.03808,   0.00306,   0.00481,  -0.01970,   0.02582,   0.01007,   0.09586,  -0.10199,   0.07135,   0.15013,   0.02407,   0.00306,  -0.09673,   0.00481,   0.00131,  -0.09148,  -0.01620,  -0.07747,   0.03458,   0.04158,   0.01007,   0.05559,  -0.01444,   0.01007,  -0.02495,  -0.05471,  -0.04421,   0.02933,  -0.03370,   0.04508,   0.06609,   0.08885,   0.01532,  -0.09498,  -0.04771,  -0.03370,   0.06609,   0.05034,  -0.00569,  -0.02495,   0.05909,   0.01532,   0.01357,  -0.04596,  -0.02320,   0.07835,  -0.04596,   0.00131,   0.04508,   0.02232,   0.01532,   0.01882,  -0.02845,  -0.08098,  -0.02145,   0.08710,  -0.00569,  -0.00394,  -0.07747,  -0.04596,  -0.08273,   0.05559,   0.02407,  -0.05997,   0.05384,  -0.03020,   0.09586,  -0.07572,  -0.08623,  -0.01094,   0.05559,  -0.01094,  -0.01795,  -0.01795,  -0.00219,   0.00481,   0.01007,   0.05384,   0.00481,  -0.02845,   0.01707,   0.07485,   0.00131,  -0.02320,  -0.01094,  -0.06347,  -0.02320,  -0.02845,   0.01882,  -0.02495,  -0.06697,   0.04333,  -0.02145,   0.00481,  -0.04071,   0.00131,   0.02757,   0.01357,   0.03283,  -0.01094,  -0.06872,  -0.00394,   0.01532,   0.00481,   0.03983,  -0.00744,  -0.09323,  -0.04946,  -0.09148,   0.03108,   0.01532,  -0.04071,  -0.10724,  -0.05997,  -0.01094,  -0.09323,  -0.04946,   0.07660,  -0.00569,   0.01007,  -0.03896,  -0.03020,  -0.04421,   0.04858,  -0.08973,   0.02407,  -0.04071,  -0.04946,  -0.02495,  -0.01970,  -0.09673,  -0.01970,  -0.00919,  -0.03545,   0.02582,   0.00832,  -0.05121,   0.07835,  -0.04771,   0.00481,  -0.06522,  -0.06172,  -0.02670,  -0.04771,   0.01007,   0.02757,   0.05034,   0.02582,  -0.01444,  -0.00044,  -0.02320,  -0.03721,   0.09761,  -0.01620,  -0.00744,  -0.01620,  -0.04071,  -0.03195,  -0.06347,   0.08885,   0.03283,   0.04508,  -0.01970,   0.11687,  -0.01444,   0.04158,  -0.02845,  -0.06697,   0.05209,   0.01182,   0.00481,   0.03458,  -0.01444,  -0.00919,   0.00657,  -0.03020,  -0.04596,  -0.00569,   0.02407,  -0.03721,  -0.03545,   0.00481,   0.01707,   0.04858,   0.05734,  -0.00744,   0.00306,   0.08360,   0.03108,   0.04333,   0.06784,   0.06084,  -0.00744,  -0.07222,   0.02232,  -0.01620,   0.13963,   0.01182,  -0.04071,   0.02057,  -0.03896,  -0.06172,  -0.07047,   0.03458,   0.03808,   0.03283,  -0.04946,   0.01532,  -0.03545,   0.03108,  -0.05121,  -0.07747,   0.03283,   0.00131,  -0.01970,   0.01182,   0.00481,  -0.03721,  -0.04421,   0.04508,  -0.07922,   0.06609,  -0.00569,  -0.07572,   0.05559,   0.01882,   0.06784,  -0.03545,   0.01707,  -0.03721,   0.05559,  -0.07397,   0.04508,   0.05034,   0.00832,  -0.03896,  -0.04246,   0.00306,   0.03108,   0.01882,   0.02582,  -0.01970,  -0.00394,  -0.03020,   0.00481,  -0.00394,  -0.05471,  -0.09673,   0.01182,  -0.01970,   0.03808,   0.01532,  -0.04421,   0.12212,   0.05384,  -0.01094,  -0.05296,  -0.00394,   0.01707,  -0.00044,  -0.00394,   0.00481,  -0.04421,   0.04683,  -0.06172,   0.01182,  -0.04246,  -0.01970,  -0.01970,   0.00131,  -0.08098,   0.05034,   0.00306,  -0.01269,   0.07310,  -0.06172,  -0.02670,  -0.03896,  -0.04946,  -0.04246,  -0.00394,   0.03983,   0.00131,  -0.07397,   0.07660,   0.04508,   0.05909,  -0.01269,  -0.01620,   0.05734,  -0.05471,   0.04158,   0.07135,  -0.05121,  -0.00744,  -0.00219,  -0.03545,  -0.01444,   0.06959,  -0.01094,   0.07660,   0.03983,  -0.06522,   0.02933,   0.00131,   0.01882,  -0.04246,   0.03633,  -0.10374,   0.02232,  -0.08448,  -0.01444,   0.03808,  -0.01970,   0.00832,   0.06959,   0.06084,   0.00481,  -0.10549,  -0.03370,  -0.03020,  -0.03545,   0.06084,   0.04158,   0.00481,   0.09761,  -0.04946,   0.06434,   0.00481,  -0.00744,   0.03283,   0.05034,   0.08885,   0.03283,  -0.05121,  -0.05296,   0.08185,   0.00832,  -0.09848,   0.01007,  -0.00219,  -0.01094,  -0.05997,   0.01882,   0.04508,   0.01532,   0.00131,  -0.00219,  -0.01094,  -0.03195,   0.01357,  -0.08098,   0.00657,  -0.05121,  -0.02495,   0.04333,   0.03108,  -0.05646,   0.03633,  -0.03896,  -0.06872,   0.12037,   0.00657,  -0.00394,   0.02933,  -0.07222,   0.07310,  -0.00744,   0.04333,  -0.07572,  -0.00744,   0.00657,  -0.05296,  -0.02145,   0.04333,  -0.04596,   0.07660,   0.00131,  -0.03195,  -0.05121,  -0.00219,  -0.08798,  -0.00394,   0.02582,  -0.01444,   0.03983,  -0.00569,   0.02232,   0.05209,   0.16939,   0.02757,  -0.00394,  -0.00394,   0.09586,  -0.04421,   0.03283,  -0.00919,   0.01182,   0.02933,  -0.11074,  -0.08798,   0.01182,   0.05209,   0.02057,  -0.00394,   0.10986,   0.01882,   0.05384,   0.08535,   0.04508,  -0.00919,  -0.01620,   0.02757,   0.01182,  -0.03020,   0.02933,   0.07835,  -0.06697,  -0.03020,  -0.00919,  -0.05121,   0.01182,  -0.02320,   0.05034,   0.01357,   0.07660,  -0.00569,   0.03458,   0.03808,  -0.02495,   0.11336,  -0.05997,   0.01007,   0.02407,   0.04333,  -0.02495,   0.01882,  -0.00044,   0.02232,  -0.08798,  -0.01795,  -0.08623,  -0.02320,  -0.01795,   0.02582,  -0.04421,   0.01707,   0.01882,  -0.01620,   0.01357,  -0.01795,  -0.11074,  -0.00744,  -0.07397,  -0.06172,   0.09060,  -0.02320,   0.04508,  -0.05471,   0.10636,   0.03633,   0.04858,  -0.01970,  -0.02320,   0.02407,  -0.06522,   0.00131,   0.02232,  -0.08798,  -0.05471,  -0.01444,  -0.02145,  -0.09323,  -0.00044,  -0.01444,   0.01882,   0.08710,  -0.01269,   0.01532,  -0.01094,   0.01532,  -0.08973,   0.01357,   0.04683,   0.01707,  -0.01620,  -0.01795,   0.02582,   0.03633,   0.07660,  -0.04771,  -0.10374,  -0.00919,   0.03983,   0.04158,   0.04508,   0.03808,   0.01882,   0.00832,   0.04158,   0.04158,  -0.08273,   0.02057,  -0.04246,  -0.08623,  -0.05646,  -0.01795,  -0.03370,  -0.08623,  -0.07747,   0.01882,   0.00306,   0.02232,   0.03808,  -0.02320,   0.02933,  -0.04421,  -0.01620,   0.04333,  -0.00394,  -0.03721,  -0.07397,   0.04858,   0.02933,  -0.04246,   0.02232,   0.01007,  -0.00044,  -0.05471,   0.04858,  -0.02845,  -0.00569,  -0.01094,   0.05209,  -0.02145,  -0.07222,   0.08010,  -0.00044,  -0.05296,   0.01882,  -0.04071,   0.01007,  -0.03020,   0.03633,   0.08010,   0.01707,  -0.01444,  -0.01970,  -0.01094,   0.01357,   0.03808,   0.05909,   0.01882,   0.01882,   0.02057,   0.03458,  -0.04421,   0.00481,  -0.05646,  -0.00044,  -0.04771,  -0.15976,   0.09586,   0.02582,  -0.01269,   0.04508,  -0.09673,   0.05734,   0.00481,  -0.04771,  -0.02495,   0.05909,   0.10636,  -0.02145,  -0.02495,   0.04683,   0.01882,  -0.01970,   0.00306,  -0.09848,  -0.00394,  -0.09498,  -0.05822,  -0.02845,  -0.04596,  -0.01094,  -0.06522,   0.04858,  -0.04596,   0.03808,  -0.01094,  -0.02145,   0.00657,  -0.00919,   0.01882,  -0.01269,   0.00131,   0.06784,  -0.00919,  -0.04771,  -0.07047,  -0.01795,   0.04858,  -0.02845,   0.09060,  -0.09673,  -0.00394,   0.01882,  -0.08448,  -0.03020,   0.06784,  -0.05296,  -0.08623,  -0.00569,   0.02057,  -0.02845,  -0.05471,   0.02407,  -0.05822,   0.08360,   0.05209,  -0.02670,   0.02057,   0.04683,  -0.00394,   0.08360,  -0.01795,  -0.01444,   0.02933,  -0.03896,   0.06959,   0.02407,   0.04158,   0.02933,  -0.00569,   0.00131,  -0.05997,  -0.07397,   0.01357,   0.04333,  -0.06347,   0.02933,   0.02057,  -0.07397,   0.05209,  -0.02320,  -0.02845,   0.04683,  -0.00569,   0.05384,  -0.05296,  -0.00219,  -0.00394,  -0.00044,   0.06434,  -0.01795,  -0.07397,  -0.03020,   0.04333,   0.00657,  -0.02670,   0.00657,  -0.07047,   0.02582,   0.02757,  -0.01269,  -0.02670,   0.01357,   0.00306,  -0.05296,  -0.01094,   0.04508,  -0.06347,  -0.01970,   0.01182,   0.01007,  -0.00044,  -0.02495,   0.03458,   0.01007,  -0.04071,   0.01707,  -0.00219,   0.04858,   0.00657,  -0.06522,   0.06084,  -0.01269,  -0.00394,   0.05209,   0.00131,   0.02582,  -0.00394,  -0.03721,  -0.00744,  -0.01444,   0.02057,  -0.01795,   0.04508,   0.00306,  -0.03721,  -0.10724,   0.05909,  -0.03020,  -0.02495,  -0.03545,  -0.02845,  -0.03195,  -0.03195,  -0.01269,   0.02232,   0.02757,   0.03458,  -0.03195,   0.06259,   0.02582,   0.02757,   0.01532,   0.10986,   0.02057,  -0.06697,  -0.00219,  -0.12475,  -0.03721,   0.01357,  -0.09498,  -0.03721,   0.01007,   0.03808,  -0.02845,  -0.04246,   0.03108,  -0.04771,   0.02407,  -0.01444,  -0.03195,   0.01707,   0.02407,   0.10636,  -0.07222,  -0.00394,   0.05909,  -0.07572,   0.06084,   0.00832,  -0.00919,   0.03108,  -0.04421,  -0.02320,  -0.05997,  -0.01269,   0.03458,  -0.02320,  -0.04946,   0.11687,  -0.00394,  -0.02670,  -0.03721,  -0.05822,  -0.04246,  -0.03195,  -0.00744,  -0.04596,   0.06084,  -0.00219,  -0.03195,   0.01532,   0.01007,   0.02757,   0.09235,   0.00832,   0.01707,   0.05559,   0.01182,   0.12737,   0.06084,  -0.04946,   0.03808,   0.02057,   0.03108,  -0.08098,  -0.00219,   0.01182,   0.02232,  -0.09323,  -0.04071,  -0.08798,  -0.01094,   0.01357,   0.03633,   0.04333,  -0.00044,  -0.02845,  -0.00219,   0.00832,  -0.05997,  -0.10549,   0.04158,  -0.00394,   0.04858,  -0.00044,   0.02232,   0.03983,  -0.01795,   0.01007,   0.02407,   0.06959,  -0.02320,   0.03633,   0.02232,  -0.05296,   0.00657,   0.10286,  -0.04771,  -0.04946,   0.01707,  -0.04421,  -0.04246,   0.01182,  -0.01444,  -0.04771,  -0.05646,  -0.00394,   0.02757,  -0.03195,   0.02582,  -0.09673,   0.05384,  -0.01444,   0.06084,   0.03283,  -0.02145,  -0.04771,  -0.02670,  -0.01444,   0.04508,   0.01532,  -0.01620,   0.04508,   0.02057,   0.08360,   0.07485,  -0.01444,  -0.01795,   0.02582,   0.05559,  -0.06872,  -0.00044,  -0.01269,  -0.03721,   0.05209,   0.00481,   0.08185,   0.02933,  -0.06697,  -0.04421,   0.05909,  -0.04946,   0.01532,   0.01357,  -0.04771,  -0.02145,  -0.00219,   0.03108,   0.00657,   0.05734
   0.02232,   0.10461,  -0.07572,   0.03108,   0.04333,  -0.01620,   0.07310,  -0.00044,   0.02232,  -0.02670,   0.02933,  -0.04246,   0.02057,   0.00832,  -0.01269,  -0.00044,  -0.00219,   0.01532,  -0.00219,  -0.00394,   0.01182,   0.00306,  -0.04071,   0.08010,   0.00306,   0.04333,  -0.05997,   0.03983,   0.11336,  -0.06697,  -0.05296,   0.01532,  -0.01444,   0.02232,   0.05034,  -0.01795,  -0.02320,   0.05559,   0.06259,  -0.03195,  -0.01444,   0.15538,  -0.06172,   0.05209,  -0.01094,  -0.11774,   0.05209,   0.06959,  -0.00219,   0.01007,   0.00481,   0.02582,   0.04508,  -0.02145,  -0.03721,   0.12562,   0.00131,   0.05034,   0.01707,   0.06084,  -0.10374,  -0.03195,  -0.05471,   0.01532,  -0.04596,   0.07485,   0.00131,  -0.00919,   0.01707,  -0.04946,   0.08185,  -0.02845,   0.01707,   0.07660,  -0.01094,   0.04858,  -0.00394,  -0.04596,   0.00657,  -0.01444,  -0.07572,   0.01182,  -0.01269,   0.03808,   0.01707,  -0.00569,  -0.01269,  -0.00919,  -0.03020,   0.04858,  -0.05121,   0.03633,  -0.05121,  -0.02320,  -0.08448,   0.01707,   0.04508,  -0.00919,  -0.00219,   0.00481,  -0.07922,  -0.03721,  -0.01970,  -0.02320,  -0.02145,  -0.00044,   0.04158,   0.02582,   0.01007,  -0.02320,   0.02933,   0.07660,  -0.01094,   0.04508,   0.01182,   0.04508,  -0.00219,  -0.06172,   0.07485,  -0.00394,   0.00832,   0.01532,   0.05559,   0.03458,   0.01882,  -0.02320,  -0.03721,   0.03633,  -0.03896,  -0.04946,  -0.04596,   0.04333,   0.02407,   0.00131,   0.01357,  -0.01970,  -0.11249,   0.05384,   0.03458,   0.00832,   0.06609,   0.02933,  -0.00044,  -0.05296,  -0.05646,   0.07135,  -0.07047,  -0.00044,  -0.01620,   0.06084,  -0.00569,  -0.04771,  -0.03020,   0.03283,   0.08010,  -0.00569,   0.06609,   0.02057,  -0.00744,   0.11687,   0.02407,  -0.05997,   0.04158,   0.06959,   0.04333,  -0.05471,  -0.02845,   0.01182,   0.06259,  -0.04421,   0.03458,   0.03983,   0.04508,  -0.02495,  -0.07047,   0.04858,  -0.00044,   0.02232,   0.01007,   0.07135,   0.04158,  -0.00394,   0.01357,  -0.07572,   0.00131,   0.02757,   0.07135,  -0.02145,  -0.06347,  -0.00219,   0.04508,  -0.03545,  -0.00744,   0.03458,  -0.03370,   0.05384,  -0.03195,   0.03983,   0.03458,  -0.02145,   0.06784,   0.07485,  -0.05296,  -0.00044,   0.02057,   0.09235,  -0.03545,  -0.05471,  -0.01444,  -0.08273,  -0.02495,  -0.10374,   0.01007,   0.00131,   0.04683,  -0.05296,   0.01182,   0.00832,  -0.03721,   0.01882,  -0.00569,  -0.04071,  -0.03721,  -0.03370,   0.00657,   0.02933,  -0.04771,  -0.01269,   0.08360,   0.06434,  -0.02670,   0.01007,   0.05559,  -0.03020,   0.00481,  -0.07222,   0.01357,  -0.04071,   0.05559,  -0.01620,  -0.04071,   0.00306,   0.01882,   0.03108,  -0.06172,  -0.04771,  -0.10724,  -0.08798,  -0.02845,  -0.01620,   0.05559,  -0.05471,  -0.02845,   0.00657,   0.04508,   0.00657,   0.03633,  -0.05471,  -0.07047,  -0.05296,   0.02933,   0.02057,   0.03108,   0.02757,  -0.00044,  -0.02495,   0.00481,  -0.04421,   0.02757,   0.03458,   0.00832,   0.07135,  -0.00919,   0.03633,   0.05209,  -0.03896,   0.01882,   0.01007,   0.00306,   0.03108,   0.01882,   0.00131,   0.03633,   0.05734,   0.02582,   0.01707,  -0.03195,   0.00131,   0.05559,  -0.08448,  -0.05997,  -0.02145,   0.05384,   0.06609,  -0.00044,   0.00832,  -0.00219,  -0.04596,   0.01882,   0.00306,  -0.00394,  -0.03370,   0.04508,  -0.08273,  -0.00569,  -0.01269,   0.04333,  -0.01970,   0.04858,   0.04508,  -0.03195,  -0.01094,   0.02232,   0.00306,  -0.03195,   0.00481,  -0.08098,  -0.04771,  -0.13000,  -0.02670,   0.00306,  -0.03195,   0.02582,   0.08010,   0.01007,   0.01007,  -0.00919,  -0.02845,   0.03458,   0.00832,  -0.03896,   0.02232,   0.00306,   0.05734,   0.00131,  -0.00394,  -0.04421,   0.00306,  -0.03195,  -0.03721,   0.06434,  -0.07397,   0.07835,   0.00657,   0.09060,   0.05034,  -0.03370,   0.05209,   0.03283,   0.01357,   0.01357,  -0.09498,  -0.00219,   0.01882,   0.05734,   0.02933,   0.05209,  -0.05121,  -0.05646,  -0.01620,  -0.04596,  -0.02495,   0.01707,  -0.02320,   0.00481,   0.03633,   0.00306,  -0.01269,   0.01357,  -0.02495,  -0.03896,   0.01882,  -0.01269,  -0.00744,  -0.07747,  -0.08098,   0.00832,  -0.00044,   0.05909,  -0.01620,  -0.01269,   0.02407,   0.02232,  -0.05997,  -0.04421,  -0.02145,   0.00657,  -0.00044,  -0.04946,  -0.02320,  -0.00219,   0.01007,   0.05384,  -0.03195,  -0.00394,   0.05909,   0.02757,  -0.03020,  -0.03020,   0.05559,   0.05034,  -0.00919,  -0.02145,  -0.01269,  -0.05646,   0.05384,   0.05909,   0.04158,   0.05734,  -0.00744,   0.02933,  -0.05997,   0.05734,  -0.05471,   0.04158,   0.01882,  -0.00569,   0.02933,   0.00481,  -0.08623,   0.02057,   0.01357,  -0.02670,   0.01532,   0.04333,  -0.01620,  -0.05646,   0.01882,  -0.02495,  -0.05646,  -0.04596,  -0.03195,   0.04858,  -0.01795,   0.07135,   0.02232,   0.04158,   0.02407,   0.00657,   0.01357,   0.06609,   0.02582,  -0.05471,  -0.04071,   0.00657,   0.03108,  -0.01970,  -0.09848,   0.05559,   0.07835,   0.09586,  -0.02495,  -0.05997,   0.00481,   0.01182,  -0.01444,  -0.00744,  -0.02145,  -0.01269,   0.00481,  -0.00394,  -0.01269,   0.05034,  -0.06697,  -0.05471,  -0.05997,   0.04858,  -0.04421,   0.01007,   0.01532,   0.01357,  -0.05997,   0.03808,  -0.04771,   0.06259,   0.02757,   0.01357,   0.04858,  -0.07572,  -0.03896,   0.04508,   0.03983,   0.00306,  -0.04421,  -0.02145,  -0.01444,   0.02933,  -0.04071,  -0.08623,   0.01532,  -0.09148,   0.05034,  -0.00219,   0.02933,   0.04333,   0.00481,  -0.03721,  -0.05296,   0.04158,   0.05384,   0.01007,   0.09411,   0.05909,   0.02757,   0.07485,   0.03108,   0.03633,   0.04858,  -0.02670,  -0.01970,  -0.00919,   0.00657,  -0.05997,   0.00832,  -0.00569,  -0.07222,  -0.00569,  -0.01444,  -0.01970,  -0.00569,   0.05384,  -0.05822,   0.07135,   0.05034,   0.07485,   0.00131,  -0.03020,  -0.02495,  -0.00044,  -0.00044,  -0.06697,  -0.05997,  -0.02145,  -0.02320,   0.06609,   0.04683,   0.03458,  -0.06522,  -0.04071,  -0.03896,   0.02407,   0.05559,  -0.00919,   0.05384,   0.07485,   0.04683,   0.02582,   0.00306,   0.03108,   0.06259,   0.00832,   0.02933,  -0.02670,  -0.01970,  -0.05121,   0.05034,   0.01357,  -0.11424,   0.02407,   0.00306,  -0.01269,   0.03283,   0.05734,  -0.03721,   0.01357,  -0.02495,  -0.02320,  -0.02495,   0.07660,   0.01007,   0.04158,  -0.01094,  -0.02495,  -0.00569,  -0.01444,   0.00131,  -0.07747,  -0.02495,  -0.00044,  -0.06697,  -0.02845,  -0.06872,   0.02057,   0.06609,  -0.00394,  -0.02320,  -0.00744,  -0.04596,   0.03633,  -0.10374,  -0.02320,   0.01882,   0.01532,  -0.06522,  -0.01094,  -0.03721,   0.01882,  -0.05646,   0.05559,  -0.06172,  -0.00219,   0.03633,  -0.05646,   0.00832,   0.05384,  -0.09148,   0.03108,   0.04683,   0.00131,   0.01182,  -0.06872,   0.01007,   0.03983,   0.02582,   0.01357,  -0.00919,  -0.11074,   0.03108,   0.00131,  -0.03370,   0.03458,  -0.04946,   0.04158,   0.01182,  -0.01970,   0.03108,   0.03808,   0.03108,  -0.05822,   0.04158,  -0.03896,  -0.02670,   0.03983,  -0.02670,   0.14313,  -0.02320,  -0.01444,  -0.04771,  -0.00044,  -0.06872,  -0.10549,   0.01882,  -0.03195,  -0.02845,  -0.00919,   0.02933,  -0.00044,  -0.05296,  -0.04246,   0.03458,  -0.06172,  -0.04771,  -0.03370,  -0.01269,   0.04683,  -0.03545,   0.01357,   0.06084,  -0.01094,  -0.04596,  -0.02845,  -0.08623,  -0.03020,   0.00657,  -0.00219,  -0.02495,  -0.04246,   0.02757,  -0.02320,  -0.03545,   0.03108,  -0.04246,   0.02232,   0.10636,  -0.03195,  -0.04771,  -0.03545,  -0.01444,  -0.01970,  -0.02320,  -0.03896,   0.01357,  -0.01795,   0.06784,  -0.00044,   0.11336,   0.02407,  -0.02320,   0.06434,   0.06434,   0.02757,  -0.07397,  -0.05997,  -0.03896,  -0.04946,  -0.04596,  -0.00219,  -0.00919,   0.01882,   0.03808,   0.06959,   0.07835,  -0.03545,  -0.03020,  -0.00919,  -0.05121,   0.03108,  -0.05296,  -0.03370,  -0.03370,   0.00131,  -0.02145,  -0.02845,  -0.03020,   0.01882,  -0.01444,  -0.01269,  -0.01795,   0.04333,   0.00131,  -0.01795,   0.02407,   0.02407,   0.09411,   0.00481,  -0.02670,  -0.00394,  -0.01444,  -0.05997,  -0.02845,   0.00481,   0.02933,   0.00131,  -0.11774,  -0.04771,  -0.03195,  -0.07397,  -0.04246,  -0.05997,  -0.04946,  -0.00919,   0.10111,  -0.10023,   0.01182,   0.03283,   0.01182,  -0.00044,   0.06259,   0.02933,   0.07135,   0.09235,  -0.10199,  -0.03896,  -0.00919,  -0.07397,   0.02582,  -0.03721,   0.00832,  -0.08798,   0.02933,  -0.04071,   0.02757,  -0.01269,   0.08185,  -0.03545,  -0.01795,  -0.03370,   0.00657,  -0.01094,   0.02232,  -0.01269,   0.06259,  -0.01795,  -0.01620,  -0.00219,  -0.02845,  -0.02495,   0.03458,   0.12737,  -0.02495,  -0.03545,  -0.01444,  -0.03195,  -0.00219,  -0.00744,   0.00657,   0.01182,   0.00657,   0.02933,  -0.05997,   0.03983,   0.05559,  -0.01444,  -0.07747,  -0.03896,  -0.08973,   0.02582,   0.01357,  -0.01970,   0.02757,  -0.00394,  -0.01795,  -0.02320,  -0.04071,   0.01882,   0.03458,   0.02757,   0.03283,  -0.01970,   0.01357,   0.02232,   0.02757,   0.05734,   0.03633,   0.05559,  -0.03896,   0.01532,   0.04858,   0.03283,   0.00832,  -0.01970,  -0.01970,   0.02757,  -0.04071,  -0.01269,  -0.02145,  -0.15976,   0.02757,  -0.00219,  -0.00219,  -0.07222,   0.00481,  -0.04246,   0.03283,  -0.00569,  -0.01094,  -0.00219,   0.05034,   0.06784,   0.01007,   0.06609,  -0.04946,  -0.03721,  -0.09498,   0.03983,   0.03458,  -0.01094,   0.01182,   0.02757,   0.01007,  -0.03195,  -0.02320,  -0.01269,   0.05559,   0.04683,  -0.06697,  -0.01970,  -0.01269,  -0.06522,  -0.01970,   0.00657,   0.07310,  -0.02670,   0.02407,  -0.06347,  -0.05296,  -0.03370,   0.00657,   0.01182,  -0.06872,   0.04158,   0.00481,   0.04508,   0.00481,  -0.05121,  -0.04421,   0.01357,   0.02232,  -0.07397,  -0.07397,  -0.01620,  -0.02845,   0.03983,  -0.00569,  -0.04246,   0.00657,  -0.03545,  -0.02145,   0.00131,   0.01707,  -0.05822,   0.00131,   0.01707,   0.00832,  -0.02845,   0.06784,  -0.00394,   0.05034,  -0.08098,  -0.04771,   0.03458,   0.06609,   0.09060,  -0.03721,  -0.00219,   0.05909,   0.11336,  -0.04246,   0.00481,  -0.00919,  -0.01094,  -0.07397,   0.04508,   0.02933,  -0.05296,  -0.00219,  -0.04596,  -0.02495,  -0.00919,   0.00481,  -0.01620,   0.07660,   0.00832,  -0.00744,   0.00657,   0.02933,   0.02933,   0.04858,   0.00131,  -0.08273,  -0.10724,   0.06259,  -0.00744,   0.03808,   0.06434,  -0.03370,  -0.07747,   0.07485,  -0.06697,   0.03633,  -0.03721,  -0.03896,  -0.03020,  -0.04246,   0.04158,  -0.02320,   0.02933,   0.02407,   0.00306,  -0.02320,  -0.01620,  -0.06522,   0.01007,   0.02933,  -0.07222,  -0.02670,   0.05034,   0.01357,   0.08710,   0.03283,   0.03633,   0.09936,   0.00657,  -0.08273,   0.06784,   0.02057,  -0.02495,  -0.06872,   0.05559,  -0.01795,  -0.04771,   0.03458,   0.06784,   0.01882,   0.04858,   0.03458,  -0.02670,  -0.03896,  -0.00744,  -0.03195,   0.04858,  -0.01970,  -0.06172,   0.03108,   0.06434,   0.05909,  -0.07747,  -0.06697,  -0.01620,  -0.03545,  -0.03721,   0.10111,   0.00832,   0.02232,   0.02057,  -0.01444,   0.00657,  -0.05822,  -0.00219,  -0.04246,   0.01882,  -0.06872,   0.01707,  -0.00394,  -0.01094,  -0.02145,   0.02933,  -0.02670,  -0.03896,  -0.07397,  -0.01970,  -0.03545,  -0.05471,  -0.01970,   0.02582,   0.00832,   0.05559,   0.00306,   0.02933,  -0.01444,  -0.05646,  -0.03896,  -0.12124,   0.06609
   0.02582,   0.05559,  -0.00219,   0.00832,  -0.03020,  -0.02845,  -0.03721,   0.02057,   0.06259,  -0.01620,   0.01357,  -0.04246,   0.00131,   0.02933,  -0.03370,   0.00306,  -0.02495,   0.03808,   0.02582,  -0.01094,   0.00481,   0.02757,  -0.04246,   0.03283,  -0.02845,   0.01882,  -0.00569,   0.00832,   0.00131,   0.09936,  -0.01620,   0.03283,   0.01707,  -0.04771,  -0.02845,   0.05384,  -0.02845,  -0.03721,  -0.00744,   0.00832,  -0.01269,  -0.01269,  -0.01795,  -0.02670,  -0.04071,  -0.00394,  -0.13000,   0.03283,  -0.03721,  -0.02145,   0.03983,   0.00306,  -0.01970,   0.01707,   0.04158,   0.01182,   0.04508,   0.00657,   0.09235,   0.02757,  -0.00219,  -0.01795,   0.00131,   0.00657,  -0.06872,   0.00481,   0.01007,  -0.02495,  -0.03896,  -0.03370,   0.02057,   0.03283,  -0.04071,   0.00481,  -0.01620,  -0.00569,  -0.02845,   0.01882,   0.05559,   0.00832,   0.04508,  -0.01620,  -0.01269,  -0.03195,   0.00306,   0.03108,  -0.08448,  -0.01795,  -0.01795,  -0.03195,  -0.02320,  -0.03545,  -0.00919,   0.10286,   0.01707,   0.01182,  -0.02145,  -0.03721,  -0.06172,  -0.03195,  -0.00569,   0.02057,  -0.03545,  -0.02320,  -0.00394,   0.00832,  -0.05646,   0.03458,  -0.07047,  -0.01444,  -0.02495,   0.05209,   0.02232,   0.00481,   0.00481,  -0.01269,  -0.02495,  -0.04946,   0.05209,  -0.03195,  -0.04596,   0.05734,   0.01707,  -0.01269,  -0.00569,   0.00306,  -0.01795,   0.00306,  -0.07047,  -0.03896,   0.06259,  -0.01269,   0.02057,   0.05034,   0.02933,   0.02057,   0.04683,   0.04158,   0.00306,  -0.02320,   0.00832,   0.02582,   0.02407,  -0.01970,  -0.01620,  -0.09148,  -0.01970,  -0.02670,   0.02232,   0.01007,   0.04683,  -0.03545,  -0.02320,  -0.00394,   0.00657,   0.00657,   0.02757,   0.00306,  -0.04071,  -0.07747,  -0.04421,   0.01532,  -0.00044,  -0.02845,  -0.00569,   0.00657,  -0.00219,  -0.02495,  -0.07747,  -0.02145,  -0.07222,   0.00306,   0.02057,  -0.01269,  -0.03020,   0.03108,   0.03633,   0.00306,   0.06959,  -0.04771,  -0.05997,  -0.02320,   0.03633,  -0.00919,   0.01532,  -0.01269,   0.04858,   0.03108,   0.00657,  -0.03545,  -0.01444,   0.00481,  -0.02495,  -0.00044,   0.01182,  -0.01094,  -0.02320,  -0.07397,   0.00306,   0.03808,  -0.06697,  -0.01970,   0.04858,   0.01007,   0.06609,   0.06259,  -0.02670,   0.05384,   0.02757,   0.00131,   0.03983,  -0.06872,  -0.01795,  -0.00569,  -0.03020,  -0.03370,  -0.02145,  -0.00044,  -0.04771,   0.02232,  -0.01094,  -0.02670,  -0.04246,   0.00131,  -0.01795,  -0.05471,   0.09060,  -0.00219,  -0.02320,  -0.00569,   0.01532,  -0.05471,   0.02757,  -0.01620,  -0.03545,   0.02407,  -0.03721,  -0.01444,  -0.01795,   0.05209,   0.02057,   0.02582,   0.04508,  -0.02670,   0.00306,  -0.08448,  -0.03545,   0.04158,  -0.05646,  -0.09148,  -0.01444,  -0.00919,   0.04158,  -0.03020,  -0.01444,   0.00832,   0.03633,   0.03983,  -0.03721,  -0.09498,   0.00481,   0.01882,  -0.04771,   0.02232,   0.03983,  -0.06172,   0.04858,  -0.02845,   0.00657,  -0.00569,   0.01707,  -0.05997,   0.03458,   0.00131,   0.00306,  -0.11774,   0.03108,  -0.01970,   0.01357,   0.04333,  -0.03195,  -0.04246,  -0.05646,  -0.00569,   0.01357,  -0.01094,  -0.06172,   0.02933,   0.08010,  -0.04246,   0.02407,   0.01707,  -0.03721,  -0.10724,  -0.01795,   0.06959,   0.01182,   0.02407,  -0.00394,  -0.08098,  -0.00569,  -0.06522,  -0.00044,   0.05209,   0.01707,   0.06959,  -0.00219,   0.03633,  -0.03370,  -0.04246,  -0.02495,   0.00131,   0.00481,   0.03633,  -0.00744,  -0.00919,   0.01707,   0.02057,  -0.03721,  -0.00219,   0.00306,  -0.00044,   0.02582,  -0.05296,   0.03108,   0.04858,   0.02757,  -0.03896,   0.01882,   0.01532,  -0.04421,   0.02933,   0.03108,   0.01707,   0.02232,  -0.02320,   0.04858,  -0.00044,   0.04683,  -0.04946,   0.05384,  -0.01795,   0.00131,   0.00657,  -0.00394,  -0.01970,   0.01357,  -0.00394,  -0.00044,   0.00481,  -0.00044,   0.00481,  -0.02495,   0.00306,  -0.06172,  -0.01795,   0.01182,  -0.02145,  -0.07222,  -0.01094,   0.04683,  -0.00919,  -0.03896,   0.00832,  -0.03020,  -0.01795,  -0.03545,  -0.04246,   0.00657,   0.06434,   0.02057,   0.00131,  -0.04771,   0.01532,   0.01007,  -0.04771,   0.00657,  -0.00919,  -0.02670,  -0.05997,  -0.03896,  -0.01795,  -0.02145,   0.01882,  -0.05471,   0.01532,  -0.01970,   0.05734,   0.08010,   0.04333,   0.05734,  -0.01444,   0.02057,   0.03283,  -0.03721,   0.03458,  -0.01795,   0.05559,   0.00832,  -0.00044,  -0.03020,   0.04158,  -0.08098,   0.04858,   0.01707,  -0.00044,   0.03633,  -0.02670,   0.01707,   0.02407,   0.05034,  -0.03896,  -0.01094,  -0.02320,  -0.04421,  -0.04596,   0.04858,  -0.05822,   0.00131,   0.02057,  -0.01795,   0.04683,   0.03283,  -0.01269,   0.02232,   0.01182,   0.00481,   0.01007,  -0.04946,   0.03108,   0.03983,  -0.05997,   0.00657,   0.03283,   0.06959,  -0.04946,  -0.03020,   0.06084,   0.01707,  -0.01269,   0.00832,   0.02232,   0.10286,  -0.01094,   0.00832,  -0.00919,   0.04683,   0.05559,   0.01707,  -0.04071,   0.01007,  -0.00744,  -0.00919,   0.02582,  -0.01620,   0.00832,  -0.10899,   0.01357,   0.00306,   0.06084,  -0.01795,  -0.09148,   0.02933,   0.01707,   0.01707,   0.03633,   0.04683,  -0.00044,  -0.05121,  -0.05997,  -0.01620,  -0.07222,   0.07135,  -0.02845,   0.00481,   0.02933,   0.00131,   0.05209,   0.00832,   0.03983,  -0.03545,   0.04333,  -0.03370,  -0.04071,  -0.04071,  -0.04421,   0.05209,   0.01357,   0.04858,   0.01007,  -0.02320,  -0.03545,  -0.00919,   0.04683,   0.00131,  -0.02320,   0.01357,   0.00832,  -0.00219,   0.03983,  -0.05296,  -0.00219,  -0.02320,  -0.04946,   0.00481,   0.04158,  -0.07397,  -0.01795,  -0.05822,  -0.05822,   0.03458,  -0.04946,  -0.00569,   0.00131,  -0.01094,   0.01882,   0.08185,  -0.02845,   0.00131,  -0.01620,   0.03983,  -0.03020,  -0.07922,   0.02057,  -0.01970,  -0.00044,  -0.04771,   0.03108,   0.05034,  -0.06172,   0.06959,  -0.01269,  -0.00919,   0.04508,   0.00481,  -0.00919,   0.00306,   0.00657,   0.03283,  -0.00044,  -0.01444,  -0.06347,  -0.05121,  -0.02495,   0.08010,  -0.00394,   0.10111,  -0.02670,  -0.04246,   0.03283,  -0.01269,   0.00306,  -0.03370,  -0.11249,   0.05034,   0.04508,   0.02933,  -0.01094,  -0.05296,  -0.01970,  -0.01444,   0.04333,   0.05034,   0.03633,  -0.08973,  -0.01094,   0.00131,  -0.02320,  -0.04946,   0.04333,  -0.07572,  -0.07222,  -0.03545,  -0.05471,   0.08360,  -0.01444,   0.03283,   0.04158,   0.02757,  -0.02320,  -0.02495,   0.01357,  -0.07747,   0.00306,  -0.01094,  -0.00219,  -0.01094,  -0.03370,   0.00832,  -0.07747,   0.01707,   0.05034,  -0.08098,   0.00131,  -0.00219,   0.01532,  -0.04246,  -0.00044,   0.03458,   0.05909,  -0.01269,  -0.03020,  -0.02670,   0.03983,   0.03108,  -0.02320,  -0.10549,  -0.05997,   0.12387,   0.03283,   0.05384,  -0.00569,   0.06084,   0.01182,  -0.02320,  -0.03020,   0.06959,  -0.00044,   0.01007,   0.03633,  -0.10023,  -0.03020,   0.01182,   0.02933,  -0.02495,  -0.07922,  -0.01444,  -0.08098,   0.02057,   0.06084,   0.05909,   0.09936,  -0.03896,  -0.01970,   0.01007,   0.00131,  -0.05822,  -0.03020,   0.05559,  -0.00569,  -0.05121,  -0.03195,  -0.01620,   0.00657,  -0.01444,  -0.00044,  -0.04596,   0.02057,  -0.00394,  -0.01094,   0.02057,  -0.06522,  -0.00744,   0.01007,   0.01357,   0.02232,   0.01182,   0.03983,   0.02057,  -0.01620,   0.05209,   0.01882,   0.02057,  -0.05121,   0.01182,  -0.04771,   0.01707,   0.03983,  -0.06522,  -0.05296,   0.03458,   0.02757,  -0.02145,  -0.04421,   0.04858,  -0.00394,  -0.06522,  -0.01620,  -0.01269,   0.03458,   0.04333,  -0.05121,  -0.08798,  -0.00569,   0.02057,   0.05909,   0.07310,  -0.01795,  -0.02320,  -0.02845,   0.03983,   0.03458,  -0.02670,  -0.01444,   0.01182,  -0.02145,   0.00657,   0.01882,   0.03458,  -0.02845,   0.00657,  -0.02495,   0.00131,  -0.03020,  -0.08798,  -0.05646,   0.01707,   0.08710,  -0.01795,   0.02757,   0.00657,  -0.01620,  -0.02670,   0.06434,   0.03983,  -0.01620,   0.00306,   0.09235,  -0.02145,   0.00657,   0.08885,   0.02582,   0.03283,  -0.03370,  -0.01970,  -0.00044,  -0.01970,  -0.10199,  -0.01269,  -0.02495,   0.03283,   0.06959,   0.02407,  -0.10023,  -0.01444,  -0.01795,  -0.00219,   0.01532,   0.08185,  -0.06697,  -0.01970,   0.06259,  -0.00394,   0.08535,   0.09586,   0.03633,  -0.00394,   0.03633,   0.03808,  -0.07047,  -0.02495,   0.04858,  -0.08098,   0.01707,   0.07485,  -0.03370,   0.01707,   0.08010,  -0.02845,   0.03283,  -0.00919,  -0.04421,   0.06959,  -0.04071,  -0.03020,   0.00657,   0.05034,   0.05209,  -0.00919,   0.00481,   0.03458,   0.02582,  -0.08273,   0.03283,   0.06609,  -0.03370,   0.00832,   0.01357,   0.01182,   0.05559,  -0.00394,   0.02407,   0.13087,  -0.03545,  -0.05121,  -0.05471,  -0.05121,  -0.00919,  -0.03721,   0.02407,   0.06259,  -0.04771,   0.07310,   0.03458,  -0.01094,   0.00131,   0.02757,  -0.05296,  -0.07572,  -0.01795,   0.06609,  -0.01094,  -0.01620,  -0.04596,   0.03983,  -0.01620,   0.04333,   0.02232,  -0.01795,  -0.10023,  -0.06872,  -0.05121,  -0.02845,   0.01707,   0.00131,   0.04158,   0.01882,  -0.02320,   0.01882,  -0.04071,  -0.01795,  -0.00394,   0.03283,  -0.03020,   0.01357,   0.01707,  -0.01795,  -0.00744,  -0.00219,  -0.03195,   0.01007,  -0.04071,   0.05909,   0.01357,   0.06609,   0.02757,  -0.07572,  -0.06347,  -0.05471,  -0.01970,  -0.05822,  -0.08273,   0.00657,   0.00657,   0.00306,  -0.00394,  -0.03370,   0.03808,  -0.02145,  -0.02495,   0.01007,  -0.06697,   0.05034,   0.02232,   0.02933,  -0.04946,  -0.02670,  -0.02320,  -0.08098,   0.01707,   0.07835,   0.01882,   0.00306,  -0.00044,  -0.04596,  -0.00394,   0.00306,  -0.00394,   0.01007,  -0.00744,   0.02232,   0.06609,   0.02232,   0.07835,   0.04683,   0.02232,  -0.07222,   0.03283,   0.05034,   0.02757,  -0.01094,  -0.03020,   0.00832,   0.01182,   0.01357,  -0.06522,   0.03458,  -0.04596,   0.03983,   0.05909,  -0.04071,   0.02057,   0.03458,  -0.06872,  -0.01444,   0.02757,  -0.03896,   0.00832,   0.02407,   0.00306,   0.01532,   0.04683,   0.02582,   0.01007,   0.02057,  -0.01795,  -0.01444,  -0.04946,  -0.12650,  -0.08448,  -0.04246,   0.04508,  -0.02145,  -0.01620,   0.07835,   0.06609,   0.01182,  -0.00219,   0.03283,   0.00832,   0.04158,   0.04858,  -0.03195,   0.06434,  -0.01970,  -0.07397,   0.06259,   0.05559,   0.02582,   0.07135,  -0.01094,  -0.03896,   0.00306,   0.01882,  -0.00394,  -0.07572,   0.03108,   0.01357,   0.02232,   0.03108,  -0.03896,  -0.02145,   0.05209,  -0.01620,   0.01882,  -0.01795,   0.01532,  -0.03195,  -0.01795,   0.00306,   0.06609,  -0.08798,  -0.00394,   0.00832,  -0.01094,  -0.11599,  -0.03370,  -0.00919,   0.02757,   0.03108,  -0.06522,   0.03808,   0.01882,  -0.03370,   0.01357,  -0.00219,   0.02232,   0.01357,   0.03808,  -0.02145,   0.01532,   0.04683,   0.03633,  -0.00044,   0.00306,  -0.03545,   0.02757,  -0.03195,   0.02407,   0.02582,   0.03633,   0.00832,   0.02407,   0.01182,  -0.06347,   0.02757,   0.02582,   0.01182,  -0.05646,  -0.03020,  -0.01620,   0.01532,   0.01182,  -0.01094,   0.00657,   0.02757,  -0.03370,  -0.01269,  -0.05822,  -0.03721,  -0.01094,   0.01882,  -0.01795,  -0.09848,  -0.01269,  -0.03545,   0.03283,  -0.00569,   0.01707,   0.00481,  -0.02320,  -0.01795,   0.02407,  -0.01444,   0.00306,  -0.06522,  -0.03370,   0.00481,  -0.04771,   0.06784,  -0.00044,   0.01357,   0.06609,  -0.03370
  -0.02495,   0.01357,  -0.05646,   0.03283,   0.01007,  -0.02320,   0.00481,   0.00657,   0.02057,  -0.11949,  -0.01444,   0.08710,   0.06259,   0.00306,   0.02933,   0.06084,   0.09411,   0.01007,  -0.03896,  -0.00744,  -0.05646,  -0.03896,   0.04158,  -0.04596,  -0.02320,   0.08360,  -0.00044,   0.00832,   0.03108,   0.01707,  -0.00919,   0.07135,   0.02057,  -0.05121,  -0.02845,  -0.01620,   0.07310,  -0.05822,   0.02057,  -0.01970,  -0.00219,   0.03983,   0.00306,   0.00481,   0.00832,  -0.02320,  -0.01269,   0.01182,  -0.00044,  -0.01620,   0.02232,  -0.04421,  -0.03195,  -0.01795,  -0.04071,  -0.08098,  -0.00219,  -0.03020,  -0.01795,   0.04508,   0.05734,  -0.01444,  -0.07397,   0.06784,   0.00481,  -0.02145,  -0.00744,  -0.00569,  -0.02495,  -0.02145,  -0.00569,  -0.02145,  -0.06347,   0.00832,   0.01707,   0.01182,  -0.00219,  -0.05646,  -0.08273,  -0.04246,  -0.00569,   0.02933,   0.02232,  -0.06697,  -0.01269,   0.07485,  -0.02145,  -0.02845,  -0.06872,   0.07835,  -0.03020,  -0.02495,  -0.08798,  -0.01094,   0.03108,  -0.04246,   0.05909,   0.03108,  -0.03195,  -0.00919,  -0.02145,  -0.00569,  -0.00394,  -0.01970,   0.06259,   0.10986,  -0.01444,  -0.05822,   0.01007,  -0.04771,  -0.07397,   0.04683,  -0.04071,  -0.09848,  -0.01970,   0.06609,   0.06259,  -0.01970,   0.00481,   0.01882,  -0.01970,   0.02057,  -0.01094,  -0.03896,  -0.10023,   0.00131,  -0.03195,   0.10811,  -0.05646,   0.06259,  -0.03896,  -0.03370,  -0.05822,  -0.02495,  -0.11774,   0.07485,  -0.06347,  -0.01094,  -0.08448,  -0.00919,   0.04333,  -0.01094,  -0.02495,   0.06084,   0.01882,   0.03633,  -0.02495,   0.03633,   0.02407,  -0.07397,  -0.04771,  -0.02320,   0.10286,   0.05384,  -0.02320,   0.00481,   0.00481,  -0.00744,  -0.01970,  -0.03545,   0.00131,   0.04858,   0.01357,  -0.04071,  -0.05121,   0.01007,   0.01357,   0.03283,   0.05384,   0.06259,   0.04858,  -0.05997,  -0.03370,   0.05909,   0.04158,   0.02407,   0.05209,   0.04158,  -0.10023,  -0.00919,   0.01357,  -0.00394,  -0.07572,   0.06609,  -0.04421,  -0.01970,   0.03983,   0.02757,   0.08535,  -0.10023,  -0.05296,  -0.03195,   0.02057,   0.00306,   0.09235,  -0.01269,  -0.00044,   0.01707,  -0.04946,  -0.07572,  -0.05296,  -0.02845,  -0.03545,  -0.01620,  -0.09498,   0.02407,   0.01357,   0.01007,  -0.03896,   0.01707,   0.00832,  -0.03020,   0.03633,   0.02057,   0.04333,   0.01182,  -0.06872,  -0.02670,  -0.02495,  -0.00744,   0.02933,   0.04683,   0.10286,  -0.04946,   0.02933,   0.06784,  -0.00919,  -0.01795,  -0.00044,   0.05909,  -0.03721,   0.06609,  -0.00569,  -0.05646,   0.02057,   0.06434,   0.05734,   0.02582,   0.01182,   0.02757,  -0.02670,   0.02057,  -0.09148,  -0.03020,   0.04158,   0.02407,   0.02057,   0.02057,  -0.02670,   0.02757,   0.00481,  -0.04246,  -0.06347,   0.00306,  -0.01269,   0.04508,   0.01007,   0.02933,   0.00481,  -0.02845,  -0.03545,   0.04683,   0.01532,  -0.04421,  -0.06697,  -0.00044,  -0.08798,  -0.07922,   0.01357,  -0.01444,  -0.00219,   0.01532,   0.01532,  -0.06697,  -0.00744,  -0.05822,  -0.07397,  -0.00919,  -0.00744,   0.02582,   0.05384,  -0.01094,  -0.09323,  -0.02495,  -0.03020,   0.02582,  -0.10374,   0.00131,   0.04333,  -0.01970,   0.03633,   0.06084,  -0.05296,   0.15538,  -0.03721,   0.06784,  -0.00919,  -0.03721,   0.05384,   0.02057,  -0.04246,   0.04333,   0.00832,  -0.00394,   0.00306,  -0.02670,  -0.02845,   0.00832,  -0.03195,  -0.05822,   0.04333,  -0.01795,   0.00657,   0.02933,  -0.08098,  -0.07222,   0.03458,   0.01707,  -0.05296,   0.06259,  -0.07047,  -0.03020,   0.08185,  -0.01444,   0.04683,  -0.00044,  -0.01795,  -0.07222,  -0.00394,   0.03108,   0.02057,  -0.02845,   0.01007,  -0.00219,  -0.05822,   0.00131,  -0.01620,  -0.01970,  -0.01094,  -0.09498,   0.04508,   0.05384,   0.02232,   0.03108,   0.10286,   0.04333,  -0.02145,   0.11512,  -0.00569,   0.05034,  -0.00219,   0.02757,  -0.02845,   0.08535,   0.02057,   0.02757,  -0.01620,  -0.02670,  -0.03020,  -0.08448,  -0.01094,  -0.00219,  -0.01269,  -0.01269,  -0.00394,  -0.06872,   0.04158,  -0.02145,  -0.02495,  -0.00569,   0.00657,   0.03108,  -0.01620,   0.03633,  -0.07397,  -0.07397,   0.00481,   0.13087,  -0.05822,   0.08885,   0.00131,  -0.07572,   0.06084,  -0.06172,   0.01532,  -0.04596,  -0.05646,   0.05734,  -0.02845,  -0.07397,   0.08535,  -0.01269,  -0.07922,  -0.05296,   0.04333,   0.07835,  -0.02320,   0.01007,   0.07660,  -0.01620,  -0.00919,  -0.11949,  -0.03370,  -0.08273,  -0.00919,  -0.01795,  -0.01444,   0.00832,  -0.01620,  -0.06347,  -0.08798,  -0.00919,   0.05034,   0.00306,   0.03283,  -0.03721,  -0.02845,   0.00131,  -0.11249,   0.01007,  -0.07222,   0.00481,  -0.07397,  -0.01444,  -0.02845,   0.01707,  -0.05471,  -0.05646,   0.03808,  -0.06697,   0.01707,  -0.03545,  -0.03896,  -0.02320,  -0.04421,   0.03458,  -0.00219,  -0.07922,  -0.01620,  -0.00744,   0.03283,  -0.05997,   0.06609,  -0.00219,   0.04158,  -0.01620,  -0.04071,   0.00832,  -0.00744,  -0.00044,   0.00657,  -0.02320,  -0.00394,   0.05209,   0.04683,   0.01182,   0.07660,   0.02582,   0.04158,   0.00481,   0.04333,   0.01532,   0.02582,  -0.03195,   0.06959,  -0.02320,  -0.02495,   0.01532,  -0.01970,   0.08710,   0.03633,   0.02057,  -0.01795,   0.05034,   0.00131,   0.00832,   0.01007,  -0.11074,  -0.07222,   0.02582,   0.02057,   0.07485,   0.01357,   0.05559,  -0.02670,   0.08360,  -0.00744,   0.00306,  -0.00569,  -0.03896,   0.04508,  -0.02670,  -0.00219,   0.03633,   0.02582,  -0.00044,  -0.00044,  -0.02845,   0.01532,   0.01532,   0.04158,  -0.00044,  -0.05997,  -0.02495,   0.04158,  -0.06347,  -0.06697,  -0.03195,   0.06959,  -0.02670,  -0.03896,  -0.01970,   0.02582,  -0.01269,   0.03633,   0.02582,  -0.04596,  -0.07747,  -0.05471,   0.04858,  -0.07922,   0.05559,  -0.04771,  -0.02145,   0.02407,  -0.01795,   0.01882,   0.00657,   0.03458,  -0.00219,  -0.03020,   0.07660,   0.01882,   0.00306,  -0.00569,  -0.05471,   0.02057,   0.01357,  -0.01269,   0.04158,   0.00306,  -0.00044,   0.01007,  -0.02320,   0.05209,   0.08360,  -0.01444,   0.10286,  -0.01269,  -0.00219,  -0.06522,   0.02757,  -0.01269,  -0.03020,  -0.03370,   0.04158,  -0.01970,   0.00131,  -0.04071,  -0.01795,   0.03633,  -0.01970,  -0.06172,   0.07485,   0.03633,   0.05909,  -0.03545,  -0.01269,   0.01357,  -0.01094,   0.01182,  -0.00569,  -0.08448,  -0.08448,   0.01707,  -0.02145,  -0.06347,   0.01532,   0.00657,  -0.07047,   0.04158,  -0.03545,   0.03283,   0.04683,  -0.01269,   0.05734,  -0.01795,   0.03283,  -0.01620,  -0.01094,  -0.02670,   0.05034,  -0.04246,  -0.05822,  -0.08448,  -0.00744,  -0.01444,  -0.01094,   0.02057,  -0.01620,  -0.00394,   0.01707,   0.10111,  -0.00394,   0.04158,  -0.02495,   0.04333,  -0.01970,   0.00481,   0.01707,   0.00832,  -0.02670,   0.01007,   0.03983,   0.02407,   0.05734,  -0.02320,   0.08710,   0.04158,   0.03808,  -0.00219,  -0.05471,  -0.05822,  -0.03195,  -0.01970,   0.01182,   0.06259,   0.01882,  -0.05646,  -0.11949,   0.00306,  -0.04421,   0.00657,  -0.01795,  -0.10724,   0.02933,  -0.00394,  -0.03545,   0.06609,   0.02582,   0.07485,  -0.01094,   0.01707,   0.01182,   0.01882,  -0.02845,  -0.03896,  -0.08973,  -0.04246,  -0.01795,   0.03108,  -0.05471,  -0.03195,   0.05209,   0.03283,  -0.03721,   0.06434,  -0.03721,  -0.02670,   0.03983,  -0.00219,  -0.00919,  -0.03896,  -0.03195,  -0.03896,  -0.03370,  -0.01970,  -0.00394,  -0.01094,  -0.05296,   0.01532,  -0.04596,  -0.05121,  -0.03195,  -0.03195,   0.01007,   0.00131,   0.03108,  -0.08448,  -0.01444,  -0.01094,  -0.04771,   0.00481,   0.01707,  -0.05822,   0.01007,   0.01182,  -0.00219,   0.05034,   0.06084,   0.02757,   0.03808,  -0.01970,  -0.13350,   0.02407,  -0.10724,  -0.04771,  -0.00919,  -0.01269,  -0.04596,  -0.00044,   0.00306,   0.01707,   0.05209,   0.09411,   0.01882,  -0.04771,   0.01007,  -0.01269,   0.00481,   0.01532,   0.06434,  -0.00394,  -0.03896,  -0.00919,  -0.03896,   0.01707,  -0.04771,  -0.09323,  -0.01970,  -0.03195,  -0.02845,  -0.03896,  -0.06697,   0.03633,   0.06259,   0.06784,  -0.05296,  -0.00919,   0.00657,  -0.05296,   0.01882,  -0.00744,   0.05734,  -0.00569,   0.02057,  -0.13000,  -0.00044,  -0.04071,  -0.07222,  -0.04421,  -0.04421,   0.00306,  -0.00219,  -0.02320,   0.01182,   0.01357,  -0.00219,  -0.05296,  -0.05471,   0.03633,   0.02057,  -0.01444,   0.03108,  -0.04071,  -0.03020,   0.00832,  -0.06172,  -0.10199,   0.00657,   0.01882,  -0.00394,   0.04508,  -0.01970,   0.06259,  -0.08623,  -0.09323,  -0.05121,  -0.05997,   0.00481,  -0.03195,  -0.07922,   0.06784,   0.05209,  -0.05471,   0.01357,  -0.03195,   0.08885,   0.08710,  -0.12825,   0.01707,  -0.06697,  -0.05296,   0.02407,   0.02582,  -0.01269,  -0.04421,   0.06784,  -0.00919,   0.06259,   0.01882,   0.00131,  -0.03020,  -0.03721,  -0.03545,  -0.08448,  -0.04946,  -0.03195,  -0.00744,  -0.03721,  -0.05471,  -0.05822,  -0.00044,  -0.04596,  -0.02845,  -0.00394,  -0.01970,   0.01532,   0.03808,  -0.04421,  -0.04596,  -0.08623,   0.02582,  -0.04771,  -0.02670,   0.02232,  -0.02145,  -0.03721,   0.00481,   0.05209,  -0.00394,  -0.11074,  -0.00219,   0.02057,   0.08360,  -0.05296,  -0.02670,   0.01007,  -0.02145,  -0.04771,  -0.00219,   0.06784,  -0.05121,   0.02933,  -0.02495,  -0.06697,   0.00306,   0.02057,   0.04508,  -0.02145,   0.00306,  -0.01094,  -0.02845,  -0.04246,   0.04858,  -0.01269,  -0.01795,   0.02232,  -0.05997,  -0.03545,  -0.03195,  -0.05822,   0.03808,   0.04858,  -0.03020,  -0.05121,   0.07660,   0.09586,  -0.02495,  -0.02495,  -0.01444,  -0.01795,  -0.00744,  -0.01094,  -0.00569,  -0.06872,  -0.02145,  -0.00919,   0.07310,  -0.07222,  -0.02670,   0.11512,   0.02582,   0.00306,   0.04508,  -0.04246,  -0.02495,  -0.00044,   0.08710,  -0.00744,  -0.04246,  -0.01795,  -0.03545,   0.00832,  -0.01970,   0.01882,  -0.00044,  -0.05822,   0.01882,  -0.00919,  -0.05471,  -0.01094,   0.03983,  -0.03896,  -0.03020,   0.02232,   0.05209,  -0.01795,   0.00832,   0.03808,  -0.09498,   0.01882,   0.09235,   0.08010,   0.01007,  -0.01269,   0.06609,  -0.01620,   0.00657,  -0.00919,   0.04508,   0.03808,   0.04683,   0.00131,  -0.03721,   0.00131,  -0.00044,  -0.04946,  -0.01795,  -0.00394,   0.01707,   0.03983,   0.06434,  -0.07397,   0.02057,   0.00306,  -0.00744,   0.00131,  -0.00744,  -0.00569,   0.00481,  -0.03896,   0.05209,  -0.03020,  -0.04596,  -0.06697,  -0.02320,  -0.02320,   0.05384,   0.06784,   0.02757,   0.04158,   0.00481,  -0.01970,   0.01707,  -0.00044,  -0.04246,  -0.06522,  -0.00919,  -0.05822,   0.03283,  -0.01094,  -0.00569,   0.03983,  -0.10549,   0.03458,   0.09761,  -0.00919,  -0.01970,   0.02057,   0.02407,  -0.00569,  -0.07572,  -0.08098,   0.00306,  -0.03545,   0.01182,  -0.02145,   0.00832,  -0.02145,   0.00481,   0.01007,   0.02407,  -0.06872,  -0.07922,   0.03633,   0.00481,  -0.07747,   0.02582,   0.02933,   0.00481,  -0.07397,   0.02933,  -0.00569,  -0.02845,  -0.06872,   0.01007,  -0.00919,   0.02582,  -0.07397,   0.08710,  -0.00569,  -0.04946,   0.02582,  -0.08623,   0.02407,  -0.05121,  -0.04246,  -0.01620,   0.04508,  -0.01795,   0.07660,   0.01182,  -0.09323,   0.01182,   0.03108,  -0.01970,  -0.04946,  -0.05296,  -0.01444,  -0.03721,   0.06959,   0.01532,  -0.00744,   0.05734,  -0.03721,   0.08010,   0.02232,  -0.08623,   0.01357,   0.00832,   0.08360,  -0.08273,  -0.03896
  -0.02670,  -0.04421,   0.00306,   0.08885,   0.00657,  -0.07047,   0.04683,  -0.04946,  -0.01094,   0.06259,   0.04333,   0.01357,   0.01182,  -0.02670,  -0.00919,   0.07660,   0.01357,  -0.09673,  -0.03370,   0.04683,  -0.07572,  -0.02845,   0.02057,  -0.06872,  -0.00569,  -0.00044,   0.00131,  -0.03370,   0.02582,  -0.05997,  -0.05296,   0.04158,   0.02057,  -0.04246,   0.01182,  -0.03020,   0.01882,  -0.02495,  -0.05296,   0.06084,  -0.00219,   0.01182,  -0.01795,  -0.00919,  -0.10549,   0.03983,  -0.01795,   0.00481,  -0.03370,   0.02232,   0.00306,  -0.08448,  -0.07047,   0.01532,   0.00657,  -0.03545,   0.07135,  -0.00744,   0.07835,   0.00131,  -0.00044,  -0.02670,  -0.02670,  -0.08098,   0.08710,  -0.04771,  -0.03020,  -0.01094,   0.06084,  -0.04421,   0.04158,  -0.02495,   0.02757,   0.02232,  -0.01444,  -0.06872,   0.06959,  -0.03721,   0.02057,   0.03633,   0.05034,   0.08885,   0.02757,   0.00131,  -0.03020,   0.02232,  -0.06697,   0.10986,   0.04158,  -0.01094,  -0.03370,   0.06084,   0.02407,   0.03808,  -0.00044,  -0.02495,   0.02582,   0.01357,   0.04158,  -0.00044,  -0.09323,  -0.04596,   0.04158,  -0.02845,  -0.01444,  -0.01970,  -0.02670,  -0.00219,   0.02933,   0.02407,   0.06609,  -0.04421,   0.03283,   0.02933,  -0.08623,  -0.04421,  -0.01970,  -0.01094,   0.03283,  -0.02495,  -0.00744,   0.06084,   0.04158,   0.00131,   0.02757,  -0.10374,  -0.03020,   0.01007,  -0.06522,  -0.07397,  -0.06172,  -0.02845,  -0.00044,   0.03283,   0.04508,   0.04858,   0.11687,  -0.02145,  -0.07222,   0.00657,  -0.08273,  -0.01269,   0.01532,  -0.00569,  -0.01444,  -0.02320,  -0.04246,   0.04158,  -0.06522,   0.01882,  -0.00394,   0.00657,  -0.01970,  -0.00919,  -0.06172,  -0.12475,  -0.01269,  -0.03195,  -0.01620,  -0.00744,   0.06959,   0.02407,   0.03108,  -0.03721,  -0.05296,   0.04683,   0.02582,  -0.04771,   0.03633,  -0.06872,  -0.02495,   0.03283,   0.03108,   0.16764,   0.02582,  -0.01094,   0.00131,  -0.03370,  -0.04071,   0.09235,  -0.08273,  -0.02670,  -0.06522,  -0.00744,  -0.00394,   0.05909,  -0.02145,  -0.00219,  -0.03721,  -0.07047,   0.00131,  -0.01970,  -0.00394,  -0.02670,  -0.04596,  -0.05822,  -0.03545,  -0.02845,   0.04508,  -0.05296,  -0.00919,   0.02582,  -0.07047,  -0.06872,   0.03283,  -0.07222,   0.01532,  -0.00919,   0.08710,   0.01532,  -0.01795,   0.02757,   0.06959,   0.02933,   0.06084,   0.01357,   0.05734,  -0.06697,  -0.01444,   0.06259,   0.02057,  -0.00219,  -0.02495,   0.06084,  -0.02145,  -0.08098,  -0.02320,  -0.05997,   0.06259,   0.02757,   0.00832,  -0.00569,  -0.00044,   0.02057,   0.04333,   0.02057,  -0.06872,   0.01707,  -0.01444,   0.08885,  -0.01444,   0.10111,   0.06784,   0.07485,  -0.01620,   0.01707,   0.00832,  -0.01094,  -0.03721,  -0.04071,  -0.00744,  -0.03721,  -0.03020,   0.03458,  -0.01094,  -0.02670,   0.10811,  -0.10549,  -0.03896,   0.01707,   0.01882,  -0.02495,  -0.00394,  -0.03195,  -0.06172,   0.06259,  -0.02145,  -0.00919,   0.02407,  -0.01795,  -0.08273,  -0.00744,   0.05384,   0.00306,   0.00131,  -0.04071,   0.05209,   0.01707,   0.05034,   0.05734,   0.03983,   0.00657,   0.03108,  -0.04596,   0.05034,  -0.04071,  -0.05121,  -0.03020,  -0.01620,  -0.00219,  -0.06872,  -0.08623,   0.04158,  -0.03370,   0.11336,  -0.04071,   0.01007,   0.04508,  -0.06347,   0.01357,  -0.05997,  -0.01269,  -0.07397,   0.02232,   0.03458,   0.07310,   0.05559,   0.00832,   0.06084,  -0.02145,   0.01882,   0.01182,  -0.01269,  -0.03721,   0.04333,   0.03808,   0.05384,   0.01357,   0.02582,  -0.10023,  -0.01970,   0.05909,   0.06259,  -0.01444,  -0.01444,   0.06609,  -0.09673,   0.00832,  -0.05822,  -0.08273,   0.05909,  -0.07397,  -0.00919,  -0.03721,   0.02232,   0.07135,   0.00306,   0.01357,   0.00832,  -0.06697,   0.01357,   0.03633,   0.00832,   0.00657,   0.02582,   0.08710,   0.03983,  -0.02845,  -0.04946,   0.03458,   0.07660,   0.06959,  -0.01094,  -0.01970,   0.02057,   0.05384,   0.01357,  -0.07222,  -0.05296,  -0.01795,   0.05559,  -0.04771,  -0.01795,   0.03283,  -0.06697,  -0.00044,  -0.00744,   0.00306,   0.02757,   0.08535,  -0.00744,  -0.04771,   0.00832,   0.01007,  -0.06347,  -0.06347,   0.04333,  -0.01269,  -0.00919,   0.08185,   0.00481,  -0.01795,  -0.01094,  -0.00219,  -0.05997,   0.00832,  -0.08098,   0.00657,  -0.01970,   0.02057,   0.03633,   0.02933,  -0.04946,   0.00481,  -0.02320,  -0.02670,  -0.02495,  -0.02320,  -0.01620,   0.06259,   0.05909,   0.04508,  -0.05471,   0.00657,   0.03633,  -0.03721,  -0.06172,  -0.03020,  -0.01269,   0.02057,  -0.07397,  -0.08798,   0.02933,  -0.01795,   0.01532,  -0.04596,  -0.03896,  -0.00569,   0.00131,  -0.01620,   0.03458,   0.00131,  -0.02670,   0.08710,  -0.01094,  -0.04596,  -0.05121,  -0.06872,  -0.05822,  -0.04246,  -0.02145,  -0.01970,  -0.03721,   0.06084,  -0.04946,  -0.04946,  -0.00219,   0.02407,  -0.04071,   0.01707,   0.06609,   0.03458,   0.00306,   0.02757,   0.00481,  -0.00919,  -0.00744,  -0.05822,   0.04508,  -0.01620,  -0.07747,  -0.02495,   0.06259,   0.03983,  -0.01970,  -0.06697,  -0.05822,   0.00131,  -0.04246,  -0.03545,  -0.10374,  -0.00744,   0.01182,   0.05734,   0.06084,   0.01182,   0.01182,  -0.05121,   0.02232,  -0.04421,  -0.03195,  -0.05822,   0.02057,   0.03983,   0.03808,  -0.04771,  -0.01620,   0.02933,  -0.02845,   0.04333,  -0.02670,  -0.05121,  -0.00219,  -0.03195,  -0.01795,   0.01007,  -0.01444,   0.00481,  -0.02495,  -0.02845,   0.00832,   0.04158,  -0.00744,  -0.01795,   0.06084,  -0.08623,  -0.01795,   0.04158,   0.12562,  -0.08098,  -0.03721,  -0.00744,  -0.07222,  -0.05471,  -0.04946,   0.00657,   0.01707,   0.05734,  -0.03195,  -0.00919,  -0.05646,  -0.01795,   0.01882,  -0.02670,  -0.00919,  -0.00569,   0.03458,  -0.01970,   0.02757,  -0.05296,   0.01007,  -0.02845,  -0.01269,  -0.03721,  -0.04771,  -0.05822,   0.05209,  -0.00919,   0.00657,   0.00657,  -0.05997,   0.01182,   0.07135,   0.01707,  -0.07222,  -0.02320,   0.06609,  -0.00919,   0.03808,   0.00131,  -0.07047,  -0.04071,  -0.01094,   0.01007,  -0.01620,  -0.01970,  -0.01795,   0.00481,   0.06259,   0.05034,   0.00306,  -0.14926,   0.03458,   0.02582,   0.01532,  -0.06172,   0.02232,  -0.01795,   0.02232,   0.02933,  -0.05646,  -0.05822,  -0.02670,  -0.01094,   0.01182,   0.01532,   0.00657,   0.02757,   0.01007,  -0.00569,  -0.02670,   0.01532,  -0.04071,   0.02933,   0.08010,   0.00657,  -0.03896,  -0.04246,   0.02933,   0.03108,   0.01007,  -0.04946,  -0.02845,  -0.05997,  -0.06697,  -0.04596,   0.00832,   0.03458,  -0.04071,  -0.03545,  -0.00219,   0.04333,  -0.03545,  -0.00569,  -0.01094,  -0.03370,  -0.03370,   0.01182,   0.05209,  -0.01094,   0.01182,  -0.01970,   0.00832,   0.06959,   0.03283,  -0.02320,  -0.00569,   0.03283,  -0.01970,  -0.03545,   0.01882,  -0.03020,  -0.01269,  -0.04596,   0.04508,  -0.01620,   0.06084,   0.05034,  -0.00919,   0.06784,  -0.05822,  -0.07572,   0.07835,  -0.07572,  -0.04596,  -0.03370,  -0.00569,   0.12562,  -0.04771,   0.03458,   0.02407,  -0.01970,  -0.07222,  -0.07047,  -0.01620,   0.06959,  -0.05471,  -0.04596,  -0.05121,   0.05909,   0.05034,  -0.06872,  -0.02320,  -0.03721,   0.00306,   0.02582,   0.07660,   0.02232,  -0.05471,   0.03458,   0.04158,   0.02757,  -0.07747,  -0.01094,  -0.00569,  -0.01795,  -0.01795,  -0.03195,  -0.07922,  -0.06172,   0.00657,  -0.03545,  -0.03896,  -0.03545,  -0.02670,  -0.09498,   0.03108,   0.02232,  -0.03370,   0.02933,   0.03283,  -0.01970,   0.01182,   0.00832,  -0.05296,   0.12387,  -0.04421,  -0.06347,  -0.00044,   0.02757,   0.00657,   0.03808,   0.02757,   0.04683,  -0.04071,   0.04683,  -0.00744,  -0.02845,  -0.07572,  -0.03370,   0.02232,  -0.05471,   0.00481,   0.03633,   0.00481,  -0.00569,  -0.01620,   0.05734,   0.02933,  -0.04596,   0.03458,   0.02582,   0.03458,  -0.00919,   0.06784,   0.02757,  -0.01444,   0.05034,   0.04158,  -0.05997,   0.03108,  -0.03195,   0.02232,  -0.05822,  -0.01795,  -0.02670,   0.03808,  -0.00919,   0.03633,   0.01182,   0.03983,  -0.07397,  -0.13000,  -0.06172,   0.03283,   0.01532,   0.04158,  -0.05646,  -0.00044,   0.01532,  -0.04596,  -0.06522,   0.02057,   0.00481,  -0.04421,  -0.00919,  -0.00044,   0.02933,   0.00481,  -0.00219,   0.06259,   0.03808,   0.03458,   0.01182,   0.04508,   0.00131,   0.05734,  -0.00744,  -0.04421,  -0.01269,   0.06784,  -0.01620,  -0.00569,  -0.03896,  -0.00044,  -0.03370,   0.00657,  -0.02845,  -0.10023,   0.02407,  -0.05471,  -0.00919,   0.03283,  -0.00394,   0.12737,  -0.02670,   0.01357,   0.02057,   0.02757,   0.07135,  -0.02670,  -0.01970,   0.06784,   0.02232,  -0.01269,  -0.04071,  -0.04946,   0.02407,  -0.03721,  -0.04596,  -0.01269,   0.01532,  -0.01444,   0.01007,   0.00306,  -0.10899,  -0.02145,  -0.01620,  -0.00744,  -0.02670,  -0.03896,  -0.02320,   0.03808,   0.04158,  -0.05822,   0.00306,  -0.01444,   0.10111,   0.00131,   0.02933,  -0.03721,  -0.00569,  -0.08273,  -0.00744,   0.00657,   0.02757,   0.06434,  -0.03896,   0.00131,   0.01357,   0.03108,  -0.00919,   0.01882,   0.06434,   0.06609,  -0.04246,  -0.00394,  -0.00919,  -0.03545,   0.09060,   0.01182,   0.00657,   0.02407,   0.04333,   0.02757,   0.01182,   0.04158,   0.02582,   0.04858,   0.03458,  -0.08798,   0.01357,  -0.01970,  -0.01970,  -0.01970,  -0.01269,   0.01532,  -0.03370,   0.02933,  -0.00744,  -0.01620,  -0.06347,   0.05034,  -0.05121,   0.01707,   0.07485,  -0.03545,  -0.02670,   0.06609,  -0.04071,  -0.00569,   0.05384,   0.02757,   0.00131,   0.00832,   0.02057,   0.00306,  -0.04771,  -0.01444,   0.04333,  -0.00044,  -0.01444,  -0.02495,   0.01882,   0.02232,  -0.03370,   0.01882,   0.07835,   0.01707,  -0.05471,  -0.02845,  -0.05121,   0.06084,   0.03633,   0.02232,   0.02933,   0.00832,  -0.01444,  -0.02845,   0.02407,   0.16239,  -0.03020,  -0.02495,   0.06259,   0.01357,  -0.02670,  -0.06872,  -0.02320,   0.13437,   0.02757,  -0.02845,  -0.02320,  -0.03195,  -0.03896,   0.00657,   0.03458,  -0.05997,   0.01882,  -0.11599,  -0.10549,   0.02057,  -0.01970,   0.03808,   0.05034,  -0.09323,  -0.03721,   0.05559,  -0.05471,   0.02057,  -0.04596,  -0.01795,  -0.01094,   0.01357,  -0.04596,   0.05559,   0.03458,   0.01707,   0.02933,   0.02057,   0.02407,   0.07310,  -0.00744,   0.01707,   0.00657,  -0.01269,  -0.07747,  -0.05121,  -0.07222,   0.01707,  -0.01444,   0.02757,   0.01532,   0.02582,  -0.02670,   0.00657,  -0.08098,  -0.04421,   0.02057,   0.03108,   0.02232,  -0.00744,   0.06259,   0.00657,   0.04158,   0.03458,   0.00306,   0.03808,  -0.02495,  -0.03020,   0.09411,   0.06259,   0.02933,   0.01882,  -0.05121,   0.03633,   0.03283,   0.01007,  -0.05121,  -0.08098,  -0.01795,  -0.02145,  -0.02845,  -0.03370,  -0.04246,   0.00131,  -0.07047,  -0.03721,   0.04158,   0.01707,   0.03108,   0.05209,   0.02933,  -0.00569,   0.03458,   0.06959,   0.06084,  -0.00569,   0.01182,   0.09761,  -0.04946,   0.09936,   0.12387,  -0.02145,   0.00657,   0.05559,  -0.02670,  -0.02845,   0.02232,   0.16064,   0.03633,   0.00657,  -0.02145,   0.01532,  -0.00569,   0.03458,   0.00306,  -0.03721,  -0.00219,  -0.04421,   0.04158,  -0.01620,   0.05209,  -0.01444,  -0.01444,  -0.04421,  -0.00919,  -0.01269,  -0.02845,  -0.00569,  -0.05997,  -0.01094,   0.06434,  -0.08973,  -0.00394,  -0.10549,  -0.00919,  -0.05646,  -0.05121,  -0.01970,   0.03633,  -0.00744,   0.02407,  -0.01970,   0.01532
   0.00657,   0.02757,   0.05909,   0.00481,  -0.02495,  -0.01094,   0.01532,  -0.01094,   0.01007,   0.00481,  -0.02670,   0.05559,   0.01357,  -0.00219,  -0.00919,   0.06084,  -0.01620,  -0.02145,   0.00832,   0.06259,   0.00832,   0.07835,  -0.00744,  -0.06172,  -0.06697,  -0.04246,   0.02232,   0.01707,  -0.01620,   0.02933,   0.03108,   0.02057,  -0.01970,   0.01882,   0.00481,   0.01007,  -0.04596,  -0.00919,  -0.00744,  -0.03195,  -0.02320,  -0.00394,  -0.04771,  -0.01620,   0.07835,   0.04158,   0.01357,   0.03458,  -0.04246,   0.03283,   0.01007,  -0.00044,  -0.02145,   0.01182,   0.06434,  -0.07047,   0.02582,   0.09235,   0.03458,   0.03458,  -0.04771,   0.03458,  -0.07047,  -0.07047,  -0.00919,  -0.06347,   0.08535,  -0.03195,   0.00306,  -0.03545,  -0.08273,  -0.05296,   0.01182,   0.06609,  -0.00394,  -0.04246,   0.06959,  -0.00744,   0.05559,   0.00306,  -0.02495,   0.03283,   0.02407,  -0.04421,   0.07485,   0.00481,   0.04158,  -0.04071,   0.02057,   0.01882,   0.01882,  -0.00394,   0.05209,  -0.00044,   0.01532,  -0.04771,  -0.03721,  -0.06522,   0.02582,   0.09411,   0.08010,  -0.01970,  -0.02145,   0.07310,   0.00306,  -0.04071,  -0.09323,  -0.05822,  -0.00394,  -0.00394,   0.01007,   0.05209,   0.00481,  -0.01094,  -0.02845,  -0.00219,   0.12912,   0.07135,   0.03808,  -0.01970,   0.04508,   0.01357,   0.03458,  -0.05471,   0.04683,  -0.03896,  -0.00044,  -0.06172,  -0.05471,  -0.03896,  -0.02320,   0.02407,  -0.01269,  -0.00219,  -0.05296,   0.00832,   0.08710,  -0.00394,  -0.02145,   0.01182,  -0.00569,  -0.05121,  -0.01444,  -0.03195,  -0.04771,   0.08710,   0.03283,   0.03808,   0.02933,  -0.06347,   0.01357,   0.03983,  -0.01094,   0.06784,  -0.00919,  -0.13875,  -0.03195,   0.03283,   0.02232,  -0.07747,   0.01357,   0.05734,   0.01882,  -0.03721,   0.04333,   0.00657,   0.03633,   0.01882,  -0.04071,  -0.02145,   0.04158,   0.06084,  -0.00044,   0.03108,   0.02757,  -0.08448,   0.07485,   0.04158,  -0.03195,   0.13963,   0.00832,   0.04158,  -0.01269,  -0.02145,  -0.00044,   0.01182,  -0.08098,   0.06784,   0.00832,  -0.02145,   0.05384,   0.00306,  -0.05296,  -0.03195,   0.03808,   0.03808,  -0.03370,   0.01007,   0.04333,   0.00481,   0.05559,   0.01707,  -0.06522,   0.02933,  -0.03020,   0.02057,   0.00832,   0.00131,  -0.00744,   0.05734,  -0.06872,  -0.01269,  -0.03721,  -0.06522,   0.02407,  -0.01444,  -0.06872,  -0.03370,  -0.05646,   0.00306,  -0.01444,  -0.01094,   0.01707,   0.01882,  -0.04771,  -0.01970,  -0.02670,   0.03108,  -0.04421,   0.00832,   0.03283,   0.01882,  -0.00569,  -0.04596,  -0.03020,   0.03458,  -0.00569,  -0.00569,  -0.01094,   0.02232,   0.03633,   0.04333,   0.00657,   0.02057,   0.01532,   0.03808,  -0.02845,   0.00131,  -0.04771,  -0.01970,   0.03108,  -0.01094,   0.02933,  -0.04246,  -0.04246,   0.08885,   0.09235,  -0.04071,  -0.00219,  -0.00569,  -0.04421,  -0.03545,   0.00306,   0.01357,  -0.00219,  -0.04771,   0.04158,  -0.01795,   0.02407,   0.01007,  -0.05471,  -0.08623,  -0.00044,   0.03283,  -0.02495,   0.03633,   0.06084,  -0.00569,   0.06959,   0.04508,  -0.03721,  -0.02495,   0.02057,  -0.05296,   0.03283,   0.00306,  -0.08098,   0.00481,   0.03283,  -0.04246,  -0.04946,   0.01532,  -0.01970,  -0.03370,  -0.05296,  -0.01444,   0.05384,  -0.04246,  -0.00569,  -0.02495,  -0.03020,   0.02407,  -0.00044,   0.04508,   0.04333,   0.03808,  -0.05121,   0.06609,   0.03458,  -0.00919,   0.04858,   0.00657,  -0.00744,  -0.03370,  -0.05121,   0.04158,  -0.07047,   0.00481,   0.02407,  -0.03896,  -0.03370,   0.07835,  -0.09673,  -0.03195,   0.08360,  -0.03721,  -0.01620,  -0.03370,  -0.02845,   0.03108,  -0.06172,   0.11862,  -0.02495,  -0.00044,  -0.09148,  -0.01444,  -0.00394,   0.00832,   0.00131,   0.06959,  -0.04771,  -0.05296,   0.06259,  -0.03370,   0.03808,   0.00131,   0.01882,   0.05384,  -0.05822,  -0.05121,   0.07660,  -0.00744,   0.00832,   0.10986,  -0.03721,   0.03283,  -0.03195,   0.01182,   0.00832,   0.04333,   0.00657,  -0.02145,   0.02407,  -0.08273,   0.04508,   0.08535,  -0.05646,  -0.04071,  -0.11424,   0.02407,   0.08710,   0.03808,   0.00481,  -0.03721,  -0.03020,   0.02057,   0.06259,  -0.01444,   0.09235,  -0.05121,  -0.00219,   0.03458,   0.09235,   0.03283,  -0.05997,  -0.03545,  -0.01094,  -0.00569,  -0.01795,  -0.00744,   0.01007,   0.03633,  -0.00394,   0.03283,  -0.02145,   0.01182,   0.07485,   0.00306,  -0.01444,   0.06784,   0.02933,   0.00481,   0.06959,  -0.01269,   0.08710,  -0.02845,   0.09411,   0.05384,   0.02933,   0.02933,   0.05034,   0.00306,  -0.01269,  -0.04246,  -0.04246,  -0.11074,   0.02757,   0.06084,   0.03283,   0.05034,  -0.00744,  -0.00219,  -0.01444,  -0.02145,  -0.06697,   0.04333,  -0.01620,  -0.02495,  -0.04771,  -0.11424,  -0.04246,   0.02232,  -0.03545,  -0.06172,  -0.04596,  -0.05646,   0.05559,   0.05034,  -0.00394,   0.03983,   0.06434,  -0.03545,   0.02407,   0.01182,   0.00131,  -0.04946,   0.07485,  -0.06697,  -0.05471,   0.07135,   0.01532,   0.02232,  -0.02845,  -0.03896,  -0.03545,  -0.07572,  -0.01444,  -0.02495,  -0.01269,  -0.06172,  -0.00219,   0.04683,   0.06084,   0.04158,  -0.10199,  -0.01094,  -0.01269,   0.05034,   0.04333,  -0.00219,  -0.10374,  -0.03370,  -0.05471,  -0.02145,  -0.07047,  -0.06172,  -0.02670,   0.03633,   0.09235,   0.13788,   0.00832,   0.03458,  -0.03545,   0.05034,   0.00832,  -0.01444,  -0.05471,   0.02582,   0.13963,  -0.00744,   0.00306,   0.06259,   0.00131,  -0.00044,  -0.02845,  -0.01444,  -0.01444,   0.09586,  -0.07047,   0.01532,  -0.08098,   0.05384,  -0.04771,  -0.01620,  -0.05121,   0.00481,  -0.01970,  -0.00569,  -0.03195,   0.05909,   0.02057,   0.00481,   0.03808,  -0.00044,  -0.00919,   0.11862,  -0.00744,   0.05209,   0.01182,  -0.03370,  -0.02670,   0.03458,  -0.01620,   0.02407,  -0.01795,  -0.02320,   0.02232,   0.07660,   0.01707,   0.04158,   0.02757,   0.01357,   0.02057,  -0.03195,  -0.01620,   0.02057,   0.00306,  -0.04946,  -0.01094,  -0.05121,  -0.01269,   0.00131,   0.06259,   0.06784,  -0.04946,  -0.03020,   0.03283,   0.03808,  -0.00394,  -0.04596,  -0.03545,   0.06084,   0.12387,   0.04683,   0.08185,  -0.00744,  -0.06347,   0.01532,  -0.06172,  -0.01620,   0.00832,   0.06084,  -0.00044,   0.01357,  -0.01269,   0.04158,  -0.03195,   0.01707,   0.00131,  -0.04596,   0.03458,   0.01882,   0.10986,  -0.01269,   0.02582,  -0.07922,   0.03633,  -0.04771,   0.16939,  -0.03020,   0.03108,  -0.10374,  -0.02145,   0.14138,   0.02407,   0.01182,  -0.06697,  -0.01620,   0.09761,   0.02933,   0.04508,   0.00481,   0.01532,  -0.04246,  -0.01970,  -0.00219,  -0.02495,   0.07485,  -0.04946,  -0.01444,   0.05209,  -0.00394,  -0.03020,   0.03808,   0.00306,   0.00657,  -0.07397,   0.05384,   0.05384,   0.03108,  -0.03195,  -0.02670,  -0.06522,  -0.00044,  -0.02495,   0.04158,   0.06084,   0.01007,   0.05734,  -0.06172,  -0.09498,   0.08185,   0.01357,   0.00131,   0.01532,   0.02057,   0.02582,   0.01182,   0.02933,   0.00657,   0.02757,   0.02057,  -0.05121,   0.05734,   0.04508,   0.02757,  -0.00744,   0.00131,   0.00481,   0.03108,  -0.08098,   0.03458,  -0.04596,  -0.01094,   0.04683,  -0.01795,  -0.01620,   0.01007,  -0.00044,  -0.02145,  -0.03545,   0.03808,  -0.00569,   0.01007,   0.01882,  -0.00569,   0.05909,   0.01007,  -0.05646,   0.01182,   0.02407,   0.02057,  -0.03370,  -0.00044,  -0.10199,  -0.07747,   0.01707,   0.00131,  -0.06172,   0.00306,   0.01007,   0.06784,   0.09411,  -0.04596,  -0.03721,   0.05034,  -0.00744,  -0.01094,   0.06609,  -0.07397,   0.08010,  -0.02145,  -0.04946,  -0.07572,   0.04858,   0.02757,  -0.01094,   0.04158,  -0.02145,  -0.00919,  -0.08623,  -0.04071,  -0.05121,   0.01357,  -0.00394,   0.03983,   0.06259,   0.01357,   0.02582,   0.01707,  -0.02320,   0.02582,   0.13963,   0.07835,   0.05384,  -0.00044,  -0.00744,   0.09235,   0.01532,  -0.01970,  -0.04946,  -0.00919,   0.02933,   0.03633,   0.01357,   0.01182,  -0.04771,  -0.01795,  -0.07747,  -0.01620,  -0.09323,   0.01532,   0.03458,   0.08185,  -0.04596,  -0.07747,  -0.00919,   0.01882,  -0.06872,   0.00832,  -0.02670,   0.04333,   0.07485,  -0.01620,  -0.00919,   0.05734,  -0.01795,   0.04508,   0.09235,   0.01357,  -0.01970,   0.01007,   0.06959,  -0.06347,   0.07135,  -0.03896,  -0.02670,  -0.05646,   0.01357,  -0.01094,   0.03808,   0.01357,   0.05909,   0.04683,   0.07310,   0.01707,  -0.05822,   0.05909,  -0.01970,   0.00657,  -0.01620,  -0.00919,   0.08185,  -0.02670,   0.03108,  -0.02145,  -0.03721,  -0.02845,   0.01182,  -0.04946,  -0.08098,   0.00306,  -0.00569,   0.06434,   0.07135,  -0.05296,  -0.02145,   0.03283,  -0.01094,   0.05559,   0.01532,  -0.01094,   0.02933,  -0.02145,   0.02757,  -0.05121,   0.01182,  -0.04771,  -0.00044,   0.01182,  -0.05822,   0.06434,  -0.02495,   0.01007,   0.01707,  -0.00569,  -0.07922,   0.05209,  -0.08623,  -0.00219,   0.13087,  -0.01970,   0.09936,  -0.04596,  -0.05646,   0.04333,  -0.00919,   0.02407,   0.04508,  -0.04071,  -0.00394,   0.01532,  -0.03020,  -0.00569,  -0.03370,  -0.02320,  -0.00219,   0.00657,  -0.02145,  -0.04246,  -0.07747,  -0.04071,   0.06259,  -0.02845,   0.02933,  -0.06172,  -0.01444,  -0.03721,  -0.04421,   0.05384,  -0.01444,  -0.01269,   0.04158,   0.00657,   0.01532,   0.02057,   0.00306,  -0.03896,   0.04158,  -0.06172,  -0.01444,   0.04858,  -0.08623,  -0.07397,  -0.02145,   0.04858,   0.07835,  -0.08798,   0.00131,   0.01007,   0.06609,   0.02933,   0.01182,   0.01182,  -0.01620,  -0.04246,   0.02933,   0.00481,  -0.00394,   0.05559,   0.05909,   0.02407,  -0.04946,  -0.01444,  -0.01269,   0.00657,  -0.01094,   0.02582,  -0.08098,   0.04683,  -0.02845,  -0.06872,   0.02407,   0.01182,  -0.07047,   0.01707,   0.04158,  -0.00394,   0.01182,   0.10986,   0.05384,  -0.00744,  -0.00044,  -0.00569,  -0.00044,  -0.03545,   0.04508,  -0.10374,  -0.07922,  -0.06697,  -0.05296,  -0.00569,   0.03983,   0.03108,  -0.05296,  -0.05121,   0.04158,   0.00832,  -0.03721,   0.05209,   0.02582,   0.15013,  -0.00394,  -0.05296,   0.01532,  -0.04071,   0.02757,   0.02757,  -0.01970,  -0.03721,   0.04683,  -0.05997,  -0.05646,   0.01182,   0.09235,  -0.03545,   0.00832,   0.03108,  -0.00044,  -0.00569,   0.03808,   0.03283,  -0.01795,   0.02232,  -0.08098,   0.01182,   0.01182,   0.00832,   0.02933,  -0.00744,   0.03458,  -0.03020,   0.03458,  -0.04071,   0.07835,  -0.03195,  -0.03545,  -0.04771,  -0.02145,  -0.01444,   0.06784,   0.02582,   0.00131,  -0.02495,  -0.00394,  -0.12300,   0.03633,   0.00131,   0.01532,   0.07310,   0.02582,   0.07310,   0.06784,   0.05384,   0.03458,  -0.01269,  -0.01970,   0.03983,  -0.03896,  -0.03896,  -0.03370,  -0.00919,   0.00481,   0.00832,  -0.03370,  -0.05471,  -0.03896,   0.04858,  -0.04421,  -0.04071,   0.03458,  -0.00919,   0.01182,   0.03283,  -0.02320,  -0.05822,  -0.02145,   0.00306,   0.01007,   0.00306,  -0.01620,   0.02757,  -0.02320,  -0.06172,   0.02933,   0.00832,   0.03633,  -0.00219,   0.02407,   0.05209,   0.05909,  -0.01094,   0.00657,   0.03633,   0.06959,  -0.03020,  -0.07922,  -0.01970,  -0.09148,  -0.03896,  -0.02495,  -0.02495,   0.09761,  -0.04421,   0.06259,  -0.00044,   0.04333,   0.02232,   0.02933,   0.02933,  -0.02670,   0.04333,   0.09235,  -0.00744,   0.03808,  -0.03020,  -0.01970,   0.04508,   0.03633,   0.00131,   0.03633,   0.05384,   0.08535,  -0.05121
   0.03108,  -0.02845,   0.01532,  -0.00744,  -0.04071,   0.02933,  -0.02845,  -0.00394,  -0.05121,  -0.06872,  -0.00394,  -0.04421,   0.05209,  -0.05997,   0.01707,  -0.02145,  -0.02845,   0.05559,  -0.03545,   0.00481,  -0.01970,  -0.04071,  -0.00919,   0.01707,  -0.00569,  -0.01269,  -0.00569,   0.03808,  -0.04421,   0.02407,  -0.05822,   0.00131,   0.04858,  -0.07572,  -0.03545,   0.01882,   0.01357,  -0.01444,  -0.05471,   0.03283,   0.02232,  -0.07397,  -0.05121,   0.01007,  -0.07572,   0.01007,   0.02407,  -0.04596,   0.05909,  -0.04246,   0.02757,   0.03108,   0.03983,  -0.05646,  -0.02845,  -0.04596,   0.05734,   0.02057,  -0.02495,   0.03283,  -0.04771,  -0.03896,   0.06609,   0.02757,  -0.03195,  -0.11249,  -0.01444,   0.01882,  -0.05296,   0.03458,  -0.01795,   0.01882,   0.04858,   0.02232,  -0.04071,   0.06084,  -0.04421,  -0.00919,  -0.01970,   0.02407,  -0.07922,   0.05559,   0.02232,   0.00131,   0.02933,   0.03283,  -0.03195,  -0.01269,   0.02232,   0.08710,   0.01882,  -0.02670,   0.01357,  -0.06697,  -0.03195,  -0.05822,  -0.03370,  -0.00569,  -0.03545,  -0.03721,   0.02757,   0.05384,   0.03633,  -0.00919,  -0.01269,  -0.08798,  -0.06872,  -0.09673,  -0.02845,  -0.00744,  -0.01970,   0.03283,   0.01357,   0.04158,   0.06084,  -0.01094,   0.01532,  -0.04246,   0.03108,  -0.01795,  -0.04421,   0.00131,  -0.01970,   0.06434,   0.05034,   0.06609,   0.02232,  -0.01795,  -0.00044,  -0.02845,   0.03983,  -0.00219,   0.00306,  -0.06872,   0.09235,   0.03458,  -0.03896,   0.03283,  -0.06347,   0.02757,  -0.03020,  -0.01620,   0.00131,  -0.03195,  -0.02320,  -0.01795,  -0.02495,   0.05384,   0.00657,   0.03108,   0.05559,  -0.04421,   0.01882,   0.02232,  -0.03195,  -0.05822,   0.04683,  -0.01620,   0.03808,   0.06434,   0.00131,  -0.07047,  -0.08623,   0.00481,   0.04333,   0.04858,   0.00306,   0.01882,  -0.05296,  -0.08623,   0.01007,  -0.07922,  -0.04246,   0.08010,  -0.10023,   0.01007,  -0.00744,   0.05559,   0.01357,   0.04333,  -0.03721,  -0.04421,  -0.01620,   0.05209,   0.00481,  -0.02320,  -0.09323,   0.00657,  -0.04421,  -0.02845,   0.00832,   0.05034,   0.03458,   0.02057,  -0.00394,   0.02757,   0.01007,  -0.00919,   0.05909,   0.01357,   0.01707,  -0.03195,   0.06084,  -0.03721,   0.03633,   0.00481,  -0.02320,  -0.01444,  -0.02495,  -0.12124,  -0.02320,  -0.04596,  -0.00044,   0.10986,  -0.04246,   0.02582,   0.02232,   0.04683,   0.00131,  -0.00569,   0.02057,  -0.01269,  -0.05646,  -0.08273,   0.00657,  -0.00044,   0.00306,  -0.07572,  -0.01795,   0.07135,   0.00131,  -0.00919,  -0.06697,  -0.09673,  -0.03370,  -0.01444,   0.04508,  -0.00744,   0.01707,  -0.00744,   0.04508,  -0.02670,   0.01357,   0.01707,  -0.04246,  -0.06522,   0.07835,  -0.01094,  -0.07047,  -0.03370,  -0.04246,   0.00131,  -0.01620,   0.00481,   0.05034,   0.06434,   0.09586,   0.01182,  -0.00919,  -0.05121,  -0.04421,   0.03458,  -0.01269,   0.04858,   0.00306,   0.01882,   0.02582,  -0.05822,  -0.00744,   0.07485,   0.03458,   0.06259,   0.00306,  -0.00219,  -0.01269,  -0.05296,   0.12912,   0.06434,   0.02582,  -0.05471,  -0.09323,   0.07485,   0.00131,  -0.01795,   0.00657,  -0.04071,   0.00657,  -0.02145,  -0.05471,   0.03458,   0.08885,   0.14138,   0.00832,  -0.00044,   0.01357,   0.01882,   0.00131,  -0.01970,   0.00832,  -0.07047,   0.05209,  -0.07047,  -0.04771,   0.08710,   0.06259,  -0.04596,   0.01007,   0.01707,   0.02933,   0.02057,  -0.01970,   0.00306,  -0.02845,  -0.00919,   0.10111,  -0.05121,  -0.02495,   0.04333,   0.00832,   0.00657,   0.00481,  -0.03020,  -0.00394,  -0.02845,  -0.02145,  -0.00044,   0.10986,  -0.00219,   0.02057,  -0.01970,   0.06784,   0.01007,   0.06434,  -0.03721,  -0.06347,   0.01532,   0.03983,  -0.00394,   0.05034,   0.03108,   0.01707,   0.04858,  -0.09148,   0.03108,   0.01007,   0.02407,   0.02757,  -0.02320,   0.01007,   0.07485,  -0.01269,  -0.07222,   0.12387,   0.01882,   0.05909,  -0.01620,   0.06084,  -0.08098,   0.06084,   0.06259,  -0.00744,   0.06084,   0.05734,  -0.02495,  -0.01970,   0.08185,   0.00657,  -0.00744,   0.00832,  -0.03020,   0.02232,   0.04158,   0.04683,  -0.03370,   0.02057,   0.06084,  -0.01269,   0.01007,   0.03458,  -0.00569,  -0.02845,  -0.03545,  -0.06872,   0.00657,   0.04858,   0.00306,   0.03458,   0.06959,   0.00657,   0.02057,   0.02232,   0.02232,  -0.04596,   0.02757,   0.00832,  -0.01620,  -0.06172,   0.03633,   0.05909,   0.04508,  -0.02845,   0.16764,  -0.08798,  -0.03020,  -0.01620,  -0.01269,  -0.04771,   0.00832,  -0.00744,   0.04158,  -0.05646,  -0.02845,   0.01357,   0.05034,  -0.01444,  -0.00919,  -0.01094,   0.00481,  -0.05121,   0.03808,   0.00832,   0.01182,   0.03458,  -0.04071,   0.05734,   0.06959,  -0.00219,   0.01532,   0.01007,   0.01882,   0.00306,   0.06259,   0.06084,  -0.03545,  -0.01444,  -0.01620,   0.06084,  -0.01620,   0.06084,  -0.02320,  -0.04771,   0.05734,  -0.07747,  -0.01094,  -0.04421,   0.02933,  -0.01269,   0.00481,   0.05384,   0.05209,   0.01707,  -0.07047,   0.02757,  -0.00569,   0.00832,   0.01532,  -0.08273,  -0.01795,   0.02057,  -0.00919,   0.08010,  -0.04771,   0.00832,  -0.04946,  -0.05121,  -0.02495,  -0.02845,   0.07310,  -0.03721,  -0.05646,  -0.04421,  -0.05471,   0.03808,  -0.03020,   0.03633,   0.04508,  -0.08273,  -0.02845,   0.04858,  -0.02320,   0.02757,  -0.07572,  -0.01269,  -0.02320,  -0.03896,  -0.04071,  -0.07222,  -0.03020,  -0.06347,   0.04158,  -0.05121,  -0.01795,   0.06259,  -0.01094,   0.01707,  -0.03020,  -0.02845,  -0.02320,   0.02407,   0.04508,   0.02582,   0.01357,   0.02057,   0.03458,   0.08710,  -0.00044,   0.03983,  -0.03545,  -0.01269,   0.02232,   0.00131,  -0.01620,  -0.01970,   0.04683,   0.04508,   0.04858,  -0.00394,   0.05559,   0.04858,  -0.00744,   0.02057,   0.01882,  -0.01620,  -0.03195,   0.06259,   0.05559,   0.04858,  -0.01444,   0.03458,  -0.03195,  -0.01094,  -0.02320,  -0.05471,  -0.04596,   0.01007,   0.02407,  -0.02845,  -0.07922,  -0.03195,   0.02757,   0.07135,   0.01357,  -0.04946,  -0.00919,   0.02057,   0.08885,  -0.00044,  -0.01970,  -0.07747,   0.06084,   0.02057,   0.03108,  -0.08098,   0.00481,   0.07310,   0.08710,  -0.05822,   0.02582,   0.02407,  -0.03545,   0.04158,   0.06609,  -0.05997,  -0.01444,   0.03283,   0.01882,  -0.03195,   0.03283,   0.01707,  -0.01795,  -0.01620,  -0.03020,   0.07485,  -0.13525,   0.01182,   0.02582,   0.04508,   0.06259,   0.00481,  -0.06697,  -0.01444,   0.05559,  -0.00919,   0.03283,  -0.01094,  -0.00919,  -0.03721,   0.00481,  -0.06522,   0.01882,  -0.00744,   0.03808,  -0.04071,   0.01707,  -0.01795,  -0.00569,  -0.03195,  -0.05997,   0.01707,  -0.01269,   0.03283,   0.09411,   0.04158,   0.01532,   0.05034,  -0.02320,   0.00131,   0.00131,   0.07835,  -0.03370,   0.01357,   0.08185,   0.05734,   0.01882,  -0.00919,   0.00657,  -0.03370,  -0.07747,  -0.02670,  -0.01970,   0.10986,  -0.01620,  -0.01620,   0.00657,  -0.02845,   0.03808,  -0.03370,   0.00832,   0.03458,  -0.00919,   0.01007,   0.02057,   0.09060,  -0.01970,  -0.00919,   0.04158,  -0.00394,  -0.00919,  -0.08448,   0.01007,  -0.11599,  -0.05121,  -0.00394,  -0.02845,  -0.01444,  -0.03721,   0.05734,   0.01007,  -0.01269,  -0.03545,   0.01182,  -0.03545,   0.01532,  -0.04946,  -0.08448,   0.04858,  -0.09323,   0.02407,   0.00481,  -0.01444,  -0.03195,  -0.02320,  -0.02320,  -0.03545,  -0.01795,  -0.08098,   0.00306,  -0.06522,   0.06959,  -0.04071,   0.02407,   0.00832,  -0.03195,  -0.02670,  -0.03545,  -0.06872,  -0.01094,   0.01707,   0.01007,   0.02757,  -0.00044,   0.01182,  -0.05471,  -0.04946,   0.08710,  -0.00569,   0.00306,  -0.02320,  -0.04421,  -0.01269,  -0.03545,  -0.01269,   0.03983,  -0.04771,   0.02933,   0.07660,  -0.03896,   0.03458,  -0.02495,   0.04683,  -0.09148,   0.01532,   0.03983,  -0.05822,  -0.08448,  -0.01970,  -0.01269,   0.03983,   0.09411,   0.02232,   0.03808,  -0.05121,  -0.03020,  -0.00044,   0.06434,   0.06084,   0.02582,   0.07135,  -0.05121,   0.05034,  -0.00919,   0.00481,   0.05734,  -0.00744,   0.00306,  -0.00569,   0.00832,   0.02582,   0.00657,   0.03983,   0.06259,   0.01882,  -0.00569,  -0.04946,  -0.04421,   0.03283,  -0.00744,   0.00131,   0.09411,  -0.02670,   0.03983,  -0.03545,  -0.11774,  -0.01094,   0.04858,  -0.02670,   0.01182,   0.01882,  -0.03195,  -0.05121,  -0.04071,   0.00481,  -0.05997,   0.02933,  -0.00919,  -0.04421,   0.00306,  -0.03370,   0.06259,   0.00832,  -0.03020,   0.00131,  -0.03195,   0.03808,  -0.03370,   0.00481,  -0.03370,  -0.01444,   0.02057,   0.05909,   0.00481,  -0.02320,  -0.02495,  -0.07922,   0.04858,  -0.00044,   0.01357,  -0.01444,   0.03458,  -0.00744,  -0.01620,  -0.02670,  -0.04071,  -0.06522,   0.00657,  -0.01795,  -0.04946,   0.00481,   0.02582,   0.03283,  -0.00394,  -0.06172,   0.01882,   0.08360,   0.01707,   0.01707,   0.01882,   0.02232,   0.04508,   0.02757,  -0.00219,  -0.01444,   0.05209,  -0.04596,  -0.01970,   0.03283,   0.03458,   0.03633,   0.03983,   0.00131,  -0.00219,   0.00306,   0.02232,  -0.12300,  -0.01970,  -0.08448,  -0.04771,   0.08010,  -0.04071,   0.05384,   0.02407,   0.07310,   0.05734,  -0.04771,  -0.03545,  -0.00044,   0.02407,  -0.01094,  -0.00219,   0.01182,   0.00657,   0.03283,  -0.03721,   0.00657,  -0.01444,   0.01357,  -0.02145,   0.02582,  -0.04246,   0.04683,   0.01357,   0.05034,   0.01182,  -0.01795,   0.00306,   0.03283,   0.03633,  -0.06347,   0.02407,  -0.02145,  -0.05822,  -0.08273,  -0.07747,   0.01882,   0.05909,   0.00657,  -0.01970,   0.01007,  -0.07047,   0.02757,   0.00306,   0.01882,  -0.01795,  -0.14926,  -0.03195,   0.03983,  -0.04596,   0.11161,   0.07135,  -0.05471,  -0.02845,  -0.02320,  -0.00219,  -0.03896,  -0.08798,   0.03983,   0.00481,  -0.01970,  -0.04946,  -0.00919,   0.00657,   0.02057,  -0.00219,  -0.03545,  -0.02845,   0.06784,  -0.02670,   0.04333,   0.00657,  -0.00744,  -0.06522,   0.05559,   0.00481,  -0.06697,   0.00657,  -0.00569,   0.05734,  -0.02670,  -0.02845,   0.00657,   0.01882,  -0.05997,  -0.05471,  -0.07222,  -0.04421,  -0.03370,   0.00832,  -0.00219,  -0.00569,   0.03458,  -0.01444,   0.02232,   0.00832,   0.03983,  -0.01795,   0.01882,  -0.05121,   0.01707,  -0.02320,   0.01882,   0.00832,   0.03983,   0.04508,   0.03983,   0.03458,   0.03458,  -0.01620,  -0.02495,  -0.05997,   0.08010,   0.02232,   0.01707,  -0.02320,  -0.00394,   0.02407,  -0.04421,   0.04858,  -0.01269,   0.03108,   0.01532,  -0.02495,  -0.03896,   0.03283,   0.07310,   0.02232,   0.07310,  -0.01269,  -0.00219,   0.03283,   0.02757,  -0.05296,  -0.04071,   0.01532,   0.02582,   0.01532,  -0.05296,   0.02057,  -0.03020,  -0.00394,  -0.04246,   0.08885,   0.03283,   0.08360,  -0.02320,   0.05909,  -0.03195,   0.00832,   0.01182,   0.04333,   0.04158,   0.01532,   0.01357,   0.04333,   0.04158,   0.02582,   0.02757,  -0.04771,   0.08885,  -0.02145,   0.03458,   0.06084,  -0.05121,   0.00306,   0.00131,  -0.00569,  -0.02145,   0.01182,   0.01707,   0.02057,  -0.01620,   0.02933,  -0.04946,   0.04508,  -0.02145,   0.04158,  -0.01444,   0.03633,  -0.00219,   0.02057,  -0.05121,  -0.05646,  -0.04071,  -0.08098,  -0.01970,   0.03983,   0.01007,   0.08185,  -0.03545,   0.04683,  -0.09148,   0.03458,   0.02933,  -0.02320,   0.01882,   0.01007,   0.02582,   0.05034,  -0.00569,   0.00306,  -0.03896,  -0.00744,  -0.06697,   0.04683,  -0.04596
  -0.01269,   0.02057,   0.01707,   0.04158,   0.00306,   0.05034,   0.05909,   0.06434,   0.09936,  -0.04071,  -0.02670,  -0.02495,  -0.03195,  -0.06347,  -0.07222,  -0.04246,  -0.04596,  -0.00219,  -0.01094,  -0.01970,  -0.02845,   0.02057,   0.02232,  -0.03545,   0.07310,   0.01182,   0.06259,  -0.01269,  -0.04946,   0.03283,   0.02582,   0.06609,   0.01357,   0.01707,   0.00832,   0.00481,   0.05034,   0.02757,   0.01182,   0.05734,  -0.07397,   0.05559,  -0.05471,   0.06959,   0.00481,   0.00832,  -0.02145,   0.08360,  -0.02670,  -0.02845,  -0.02320,  -0.05997,   0.03283,  -0.06872,  -0.01269,   0.01532,   0.11687,   0.05559,  -0.05296,  -0.05822,   0.02407,  -0.05121,   0.03633,  -0.00919,  -0.08623,  -0.06522,   0.04508,  -0.02670,   0.03108,  -0.02845,  -0.01620,   0.08535,   0.00131,   0.04858,   0.03808,   0.03108,  -0.03020,   0.04158,  -0.02845,  -0.02845,  -0.04246,  -0.01269,  -0.02670,   0.02757,   0.04158,  -0.01795,   0.02933,   0.06259,  -0.02145,  -0.08273,   0.06434,   0.03108,   0.00306,   0.03808,   0.02232,   0.03283,   0.02582,   0.00481,   0.02232,   0.05034,  -0.06697,   0.02407,  -0.05822,   0.02757,   0.05734,   0.02057,  -0.07922,   0.08010,   0.02057,   0.07660,   0.06784,  -0.00394,   0.05734,   0.06259,  -0.06172,   0.02057,  -0.05822,   0.05559,   0.08010,   0.00131,   0.08885,   0.05734,   0.02757,   0.03108,   0.06784,   0.01882,   0.08185,  -0.02145,   0.01007,   0.04508,   0.04508,   0.01182,   0.07485,   0.02232,   0.05209,  -0.05646,  -0.03020,  -0.00219,   0.06259,   0.10461,   0.06784,   0.02757,   0.00657,   0.00657,   0.07660,   0.00481,  -0.02320,  -0.06872,   0.01182,  -0.03020,  -0.00569,  -0.06522,  -0.00744,   0.02757,  -0.02320,  -0.02670,   0.04858,   0.05559,   0.04333,   0.04333,   0.04508,   0.03808,   0.08010,  -0.00044,   0.03458,  -0.06347,   0.03108,  -0.01444,   0.02933,  -0.00744,   0.06434,   0.06434,  -0.03545,   0.02232,   0.00657,   0.00657,  -0.01269,   0.01532,   0.07135,   0.06259,   0.03983,   0.00481,  -0.07397,   0.00657,  -0.02670,   0.11512,   0.09060,   0.05034,  -0.06697,  -0.00044,   0.05734,   0.03283,   0.02757,  -0.01094,  -0.01094,  -0.10899,   0.00832,  -0.05121,   0.04858,  -0.01970,   0.00481,   0.00657,   0.06609,   0.03458,   0.02757,   0.01532,  -0.08973,  -0.00219,  -0.08798,  -0.09848,  -0.05471,  -0.02145,  -0.03545,  -0.05296,  -0.03020,   0.06434,   0.03458,  -0.01795,  -0.00394,   0.00657,  -0.06522,   0.05034,  -0.05646,  -0.00919,   0.13788,  -0.05822,  -0.05121,   0.01182,  -0.04421,   0.03458,   0.00306,  -0.01970,  -0.07922,   0.02232,  -0.00919,   0.05559,  -0.01970,   0.04508,  -0.01970,  -0.04596,  -0.05471,   0.00657,   0.03283,   0.01357,  -0.03195,  -0.03545,  -0.07922,   0.01707,  -0.03545,   0.07485,  -0.02495,   0.01532,  -0.03545,  -0.05471,   0.12912,   0.00832,  -0.12300,   0.04158,   0.01007,  -0.03370,   0.03458,   0.09586,   0.03983,  -0.02145,   0.00832,   0.00306,   0.00131,  -0.00044,   0.04683,   0.01007,  -0.01444,   0.06259,   0.08360,  -0.05471,   0.00131,  -0.00744,   0.00131,   0.04508,  -0.05822,   0.00832,  -0.02670,  -0.00044,  -0.03020,   0.03283,   0.02757,   0.01707,   0.02933,   0.01357,  -0.01620,   0.00481,  -0.03896,  -0.03721,   0.02057,   0.02933,   0.00832,   0.00131,   0.03808,   0.11687,  -0.02845,  -0.09323,  -0.01269,   0.01357,  -0.03370,   0.03808,   0.05034,   0.02933,  -0.02320,   0.06959,   0.01357,   0.02582,   0.02757,  -0.00219,  -0.06172,   0.03108,   0.01532,  -0.03721,   0.00832,   0.02582,   0.05734,  -0.02845,  -0.03545,  -0.06697,  -0.01620,  -0.01970,  -0.00919,  -0.00394,  -0.01970,  -0.01444,   0.04858,  -0.03721,  -0.01620,  -0.02320,  -0.03896,   0.03808,  -0.00744,  -0.04246,   0.07135,   0.05909,  -0.00744,  -0.04421,   0.03283,   0.03108,  -0.06872,   0.11161,  -0.03020,  -0.04946,   0.00306,  -0.02145,  -0.01970,  -0.03020,   0.02232,   0.00306,  -0.00219,  -0.06522,  -0.08273,   0.03108,   0.02933,   0.01007,  -0.00744,  -0.06172,   0.00832,   0.02582,   0.01707,   0.00481,  -0.02845,   0.00832,   0.00306,  -0.09323,   0.02057,  -0.00219,  -0.04071,  -0.03721,  -0.03020,   0.05034,   0.04508,  -0.01795,  -0.00219,  -0.06522,  -0.00919,  -0.03721,  -0.06172,   0.00481,   0.05034,  -0.00219,   0.05559,   0.05034,  -0.01444,   0.05384,  -0.03545,  -0.01620,  -0.01269,  -0.04421,   0.09060,  -0.03020,  -0.02670,   0.14138,   0.00131,   0.09060,   0.03458,   0.12737,   0.04683,   0.16239,  -0.06872,  -0.02145,  -0.07922,  -0.06522,  -0.01094,  -0.02845,   0.02057,   0.03108,   0.01532,   0.03283,   0.02933,  -0.03195,   0.03108,   0.02407,  -0.05646,  -0.02320,   0.08535,   0.03458,  -0.02145,  -0.08098,   0.00306,   0.02232,   0.01882,   0.00657,  -0.01795,  -0.06697,   0.01182,   0.00657,  -0.00919,  -0.04596,  -0.01269,   0.00131,  -0.02495,  -0.03545,   0.00481,   0.06259,  -0.00744,   0.03808,  -0.00044,  -0.00219,   0.00481,  -0.00919,   0.06959,   0.03283,   0.09586,  -0.01970,   0.01357,  -0.05822,   0.04333,   0.00657,   0.05734,  -0.01269,  -0.03370,  -0.03020,   0.05209,  -0.01269,   0.05909,  -0.02145,  -0.03545,  -0.02495,  -0.03020,   0.04333,   0.02582,  -0.00044,   0.03983,  -0.00744,   0.06259,   0.03808,  -0.03370,   0.11336,   0.07835,  -0.08623,   0.03983,  -0.00744,   0.01707,   0.02757,  -0.03195,  -0.03545,   0.04508,  -0.00044,  -0.03370,   0.03458,  -0.04946,   0.02407,  -0.00744,  -0.01620,  -0.06872,   0.05384,  -0.01444,  -0.01795,   0.04508,  -0.00919,  -0.02845,  -0.06347,   0.02407,  -0.07922,   0.00832,  -0.06522,   0.04508,   0.03283,  -0.04946,  -0.00919,   0.01707,   0.04858,  -0.05121,   0.03283,  -0.01094,  -0.08448,   0.05209,   0.04508,  -0.02145,   0.00131,   0.03108,   0.00131,   0.01532,  -0.02320,   0.03808,   0.00306,  -0.03545,   0.05209,   0.02232,  -0.01444,  -0.04596,   0.08185,   0.01532,  -0.05471,   0.04858,   0.06609,  -0.00569,  -0.00569,   0.06084,  -0.00394,   0.05734,   0.04858,  -0.01094,   0.04858,  -0.06697,   0.03283,  -0.01094,  -0.01269,   0.00306,  -0.03020,   0.09586,   0.00657,   0.02757,   0.04858,  -0.02495,  -0.01970,   0.00131,  -0.02145,   0.00657,   0.06959,  -0.01094,   0.06434,   0.07485,  -0.07747,  -0.05121,  -0.04946,  -0.06347,   0.03108,   0.09060,  -0.04071,   0.02057,   0.04158,   0.09936,  -0.00219,  -0.03545,   0.06959,  -0.03721,  -0.03195,   0.02757,  -0.00569,  -0.00394,  -0.02145,  -0.00744,  -0.05121,  -0.02495,  -0.03896,   0.01532,  -0.00394,  -0.02495,  -0.00219,  -0.01970,   0.08535,   0.01007,  -0.01620,   0.06084,  -0.02495,  -0.00744,  -0.08098,  -0.02670,   0.03983,   0.02407,  -0.08448,   0.01882,  -0.05471,   0.03983,  -0.01970,  -0.02845,  -0.01970,   0.03808,  -0.09148,   0.04333,  -0.00044,  -0.00919,  -0.02495,  -0.02670,  -0.10724,  -0.10899,   0.04683,   0.03108,   0.01882,   0.03108,  -0.03721,   0.06959,   0.03633,  -0.05997,   0.01357,   0.01882,  -0.05646,   0.10461,  -0.04071,  -0.00044,  -0.01795,  -0.07047,  -0.07397,  -0.06522,  -0.01970,   0.02407,   0.03633,  -0.00919,   0.02232,  -0.05997,   0.02407,   0.00306,  -0.04596,   0.03983,   0.03983,  -0.05646,  -0.02320,   0.01357,  -0.00569,   0.02232,  -0.05471,   0.02582,   0.10461,   0.00481,   0.02232,  -0.01269,  -0.02320,   0.01182,  -0.00919,   0.01532,  -0.05822,  -0.03370,  -0.01795,  -0.02145,   0.01882,   0.01707,   0.01357,  -0.05471,  -0.04246,   0.01182,  -0.05471,  -0.00744,  -0.03545,   0.00832,  -0.08623,  -0.03545,  -0.03721,  -0.04246,   0.04858,  -0.03020,  -0.00569,   0.10811,  -0.04771,  -0.00569,   0.03108,  -0.04946,  -0.01269,  -0.00394,   0.00306,   0.01357,  -0.05646,  -0.03370,   0.04333,   0.00657,  -0.01094,  -0.01269,  -0.06872,  -0.01970,   0.05384,  -0.03896,   0.01707,  -0.03721,   0.04333,  -0.02145,  -0.01795,   0.01707,   0.04858,  -0.01970,   0.09411,  -0.00744,  -0.07922,   0.07485,  -0.03020,   0.03458,   0.00657,   0.00832,   0.06084,   0.00131,   0.02057,  -0.03020,  -0.03545,   0.03633,   0.00131,  -0.00044,  -0.00744,  -0.06522,   0.05559,   0.07135,   0.02232,  -0.02145,  -0.01269,   0.00832,  -0.02845,   0.00306,   0.06784,   0.00657,  -0.00219,   0.00832,   0.05909,  -0.00744,   0.03458,  -0.03020,   0.06959,  -0.00569,  -0.03195,  -0.08973,   0.01182,   0.00832,   0.00657,  -0.01620,   0.06784,  -0.04421,   0.11161,  -0.03020,  -0.03020,   0.00131,   0.02933,   0.02757,   0.00306,  -0.01970,   0.03633,   0.00481,   0.05034,  -0.03545,   0.06609,   0.03808,  -0.01094,  -0.01795,   0.04508,  -0.05121,   0.06609,  -0.00569,  -0.00744,  -0.01620,   0.03108,   0.02757,  -0.00569,  -0.00569,  -0.04071,  -0.04071,  -0.00044,  -0.05646,  -0.03020,  -0.04071,   0.03108,   0.00131,  -0.03020,   0.02057,   0.02757,   0.01707,  -0.06522,   0.02407,  -0.02495,   0.00832,   0.02232,   0.03283,  -0.01795,  -0.04421,  -0.03370,   0.01182,   0.00657,   0.02933,   0.01357,   0.03108,   0.02407,   0.01007,   0.08010,   0.01707,  -0.06697,   0.00832,   0.03633,   0.07135,   0.03458,   0.05209,  -0.04071,   0.10636,  -0.01094,   0.01357,   0.06784,   0.04508,  -0.05296,  -0.02145,   0.10286,   0.01882,  -0.00219,   0.04158,   0.02407,   0.03633,  -0.04771,   0.04683,   0.00306,   0.01007,  -0.05997,   0.03983,   0.01007,   0.06084,  -0.00569,   0.01532,   0.00131,   0.04158,   0.01532,   0.01007,   0.02407,   0.03983,  -0.05121,   0.09761,   0.08185,  -0.00219,  -0.07572,   0.09235,  -0.02320,  -0.00394,  -0.00919,  -0.02320,  -0.04246,  -0.00919,  -0.03721,   0.01007,   0.00657,   0.00657,   0.05909,   0.01182,  -0.00744,  -0.03020,  -0.04421,   0.01882,  -0.10549,   0.03808,   0.02933,  -0.00744,   0.08360,  -0.01620,   0.03283,   0.05384,  -0.05121,  -0.02495,  -0.04946,  -0.00744,   0.00481,  -0.01444,  -0.07047,   0.06784,   0.03983,  -0.02320,   0.05209,   0.01007,  -0.00919,  -0.00394,  -0.04246,   0.00306,  -0.00044,   0.07835,  -0.03896,   0.00657,  -0.04071,   0.02582,   0.05034,   0.02757,  -0.04421,  -0.06172,  -0.00744,   0.01532,  -0.04246,   0.02933,   0.05734,  -0.03545,  -0.10549,  -0.02670,   0.07835,  -0.06522,   0.00306,  -0.03896,   0.14488,  -0.02845,  -0.02145,   0.02757,   0.06959,   0.02933,   0.00657,  -0.03020,  -0.01094,   0.03283,   0.00131,  -0.01094,   0.06609,  -0.00919,  -0.01269,  -0.01094,   0.06084,   0.07310,  -0.01094,  -0.01094,   0.05384,   0.01357,   0.07135,  -0.01444,  -0.01444,   0.01182,   0.02933,   0.01357,   0.00657,  -0.08448,   0.01707,  -0.00569,  -0.02670,  -0.03020,   0.09060,  -0.03195,  -0.02845,   0.03633,  -0.06172,  -0.04596,   0.00131,  -0.02145,  -0.05471,  -0.02845,  -0.04246,  -0.05822,  -0.11249,   0.00657,  -0.04246,   0.01532,  -0.00919,  -0.00744,   0.03108,  -0.02320,   0.02407,  -0.08448,   0.02407,   0.02757,  -0.08623,  -0.01094,  -0.03195,  -0.02670,   0.02757,   0.01007,   0.01182,   0.00306,   0.05559,  -0.03721,  -0.02145,   0.04508,   0.01007,  -0.01970,   0.01707,   0.01707,  -0.03896,  -0.01269,  -0.00919,  -0.00219,  -0.03896,   0.01707,  -0.01620,   0.02407,   0.01882,  -0.00569,  -0.04946,   0.06259,   0.05909,   0.05734,  -0.03195,  -0.05646,   0.03283,   0.01357,  -0.02845,   0.01357,  -0.06697,  -0.08623,   0.06259,   0.00481,   0.06434,  -0.05471,  -0.05121,   0.02407,  -0.02845,  -0.03370,  -0.02495,  -0.03195,   0.01882,   0.01182,   0.05034,  -0.05121,  -0.01795,  -0.01269,   0.04683,   0.01882,   0.02933,  -0.02670,   0.05734
  -0.08273,  -0.00744,  -0.01094,  -0.09148,  -0.03545,   0.05909,   0.06259,   0.09586,   0.03283,   0.07135,  -0.03195,   0.01532,   0.01707,  -0.01795,   0.04858,  -0.05471,  -0.02495,   0.03633,   0.00657,   0.01007,   0.06609,  -0.01269,   0.01007,  -0.05646,   0.05384,  -0.01795,  -0.04771,   0.04158,   0.00832,   0.03108,   0.03283,   0.09586,   0.00481,   0.01707,   0.00832,   0.01007,   0.08535,   0.02407,  -0.04246,   0.10986,   0.01357,   0.00481,   0.04508,   0.03808,   0.01532,   0.05559,   0.00832,  -0.00919,  -0.03020,   0.02757,   0.10286,  -0.08798,   0.04158,   0.02582,  -0.03020,   0.00481,   0.02933,  -0.00919,  -0.00919,  -0.04421,   0.05209,   0.01357,   0.00832,  -0.00744,  -0.05471,   0.07835,   0.00481,   0.12562,  -0.01269,  -0.02670,   0.01007,   0.00306,  -0.01269,  -0.01620,  -0.07222,   0.03808,   0.05559,   0.03983,   0.00306,   0.03633,   0.09761,   0.05384,   0.05034,   0.00131,  -0.00044,  -0.00569,  -0.00569,  -0.05646,   0.03633,   0.02057,  -0.04421,  -0.01970,   0.00131,  -0.01444,   0.03983,   0.02757,   0.03108,   0.04858,   0.08360,   0.08885,  -0.02145,  -0.08098,  -0.02845,   0.06609,  -0.01094,   0.00481,   0.00131,  -0.08273,   0.01007,   0.00481,  -0.01795,  -0.05822,   0.13262,  -0.04421,   0.03633,   0.01182,   0.01357,  -0.02670,  -0.05471,  -0.03545,  -0.00919,   0.00657,   0.03458,  -0.00394,  -0.06522,   0.02582,  -0.04421,  -0.02845,  -0.03721,   0.01357,   0.01182,  -0.00744,  -0.02845,  -0.01795,   0.01007,   0.03983,   0.03283,  -0.02845,  -0.04421,   0.00657,   0.00131,  -0.03195,  -0.00219,  -0.04771,   0.05559,  -0.00394,  -0.08098,   0.00832,  -0.01444,   0.03633,  -0.01444,  -0.03370,  -0.01444,  -0.01444,  -0.04596,  -0.04071,   0.00832,  -0.00394,   0.03808,   0.00657,   0.00832,  -0.08448,  -0.01795,  -0.03370,  -0.02320,   0.03983,   0.02232,  -0.03545,  -0.00569,   0.02407,  -0.03195,   0.04333,  -0.05121,  -0.02320,  -0.01269,   0.00657,  -0.04421,   0.00481,   0.06609,  -0.03721,   0.02933,   0.08535,   0.06609,   0.05209,  -0.03721,   0.03633,  -0.01444,   0.01532,  -0.03545,  -0.11074,   0.01882,  -0.06522,   0.00131,   0.00131,   0.02933,   0.03108,  -0.00219,  -0.00744,   0.01532,  -0.00919,  -0.04246,  -0.09673,  -0.03896,   0.00481,   0.03633,   0.00481,   0.02232,  -0.06522,   0.01182,  -0.07922,   0.04858,  -0.04071,   0.02582,   0.05384,   0.01532,   0.02582,  -0.00919,   0.00657,  -0.03896,   0.06959,   0.01707,  -0.02320,  -0.06172,  -0.03545,  -0.02495,  -0.02495,   0.03808,   0.03633,   0.00306,  -0.04596,  -0.05471,   0.02933,  -0.05471,  -0.05646,  -0.01620,  -0.01269,  -0.04596,  -0.04771,  -0.06872,   0.07310,   0.00832,   0.01882,   0.00832,   0.01182,   0.02232,   0.03808,   0.04333,   0.03108,   0.01182,  -0.01269,  -0.01620,   0.06784,  -0.03545,   0.03108,   0.06609,  -0.02670,   0.00306,   0.05209,   0.02757,   0.00131,  -0.02670,  -0.00044,  -0.04771,  -0.06697,   0.04683,  -0.02845,   0.01007,   0.02407,   0.02757,   0.03983,  -0.02495,  -0.00569,   0.04858,   0.02933,   0.04158,  -0.00394,   0.08710,  -0.02495,   0.02582,  -0.05296,   0.04508,   0.05034,   0.04158,   0.02757,   0.01182,  -0.00744,   0.02757,   0.00481,   0.00481,   0.02933,   0.07485,   0.01357,   0.01707,   0.01707,  -0.02670,  -0.00569,  -0.04771,  -0.00219,   0.01707,   0.04158,  -0.07572,   0.02757,   0.00306,  -0.03370,   0.00657,   0.01882,   0.02933,   0.03108,  -0.03896,  -0.01970,  -0.05121,  -0.16151,  -0.09498,   0.09235,  -0.03020,   0.00832,   0.02757,   0.07835,   0.02057,  -0.01795,   0.01182,   0.02407,  -0.01970,  -0.03545,  -0.04596,   0.00832,   0.06609,   0.03108,   0.05734,  -0.04946,   0.04683,   0.00481,   0.01182,   0.03283,   0.05384,  -0.08798,   0.01707,   0.01182,   0.04683,  -0.08623,  -0.04596,  -0.02670,  -0.08448,   0.07485,  -0.04246,   0.01532,   0.07485,  -0.06522,   0.03283,  -0.01269,  -0.07047,  -0.01620,  -0.04596,   0.01182,  -0.05121,   0.08535,   0.07135,   0.00306,   0.06784,  -0.00919,  -0.01620,   0.00657,  -0.02845,   0.08885,  -0.05296,   0.04858,   0.05734,   0.00131,   0.02407,   0.03108,   0.01357,   0.02933,   0.04683,   0.00481,  -0.03721,  -0.00744,  -0.00744,  -0.00744,  -0.10374,   0.06084,   0.02232,  -0.05646,   0.05559,   0.02582,  -0.01620,   0.00131,   0.10811,   0.01007,   0.00131,  -0.04596,   0.03983,   0.01532,  -0.08973,  -0.10724,   0.07135,   0.00481,   0.06434,  -0.04596,   0.02407,  -0.02495,   0.00481,  -0.02845,  -0.05296,  -0.00569,   0.00131,  -0.04421,  -0.03545,   0.03808,  -0.00744,   0.03458,  -0.01620,  -0.00744,  -0.03020,   0.01357,   0.06259,  -0.03370,  -0.00744,  -0.01269,  -0.03721,   0.03808,   0.00657,  -0.00394,  -0.00919,  -0.00394,  -0.01094,   0.05384,  -0.04071,  -0.01620,  -0.03195,   0.03458,  -0.01444,   0.05909,   0.01532,   0.06784,  -0.05121,  -0.04771,   0.05559,  -0.02320,  -0.01444,   0.00657,  -0.02845,  -0.07747,   0.03808,  -0.01970,   0.02232,   0.01007,   0.01532,   0.07135,  -0.00219,  -0.03896,   0.04683,   0.02057,   0.02933,   0.04683,   0.07135,   0.00131,   0.01182,   0.05034,  -0.05296,  -0.04771,  -0.08798,   0.05034,  -0.00919,   0.01007,  -0.00569,  -0.00919,  -0.04596,   0.00481,  -0.08973,  -0.02145,  -0.02495,  -0.03721,   0.00306,   0.03983,  -0.02670,   0.09411,  -0.01970,   0.05734,  -0.02845,   0.04858,  -0.06697,   0.00306,   0.06609,  -0.09673,   0.04158,   0.09235,   0.04333,  -0.05646,  -0.03195,  -0.01970,  -0.01620,   0.03633,   0.04858,   0.04158,   0.05034,   0.04508,   0.03808,   0.01882,   0.01357,   0.06784,  -0.03721,   0.00657,   0.02057,   0.10636,  -0.02845,   0.01357,   0.01182,   0.01532,   0.03633,  -0.03195,   0.00481,  -0.05471,   0.02232,  -0.11424,   0.01532,   0.03633,   0.00306,  -0.06872,  -0.03195,  -0.03721,   0.03283,   0.03458,  -0.06872,  -0.01970,   0.07135,   0.01007,  -0.03721,  -0.02320,   0.03108,   0.09586,   0.00832,  -0.01094,   0.01532,   0.01357,  -0.04771,   0.08010,   0.00131,  -0.02495,   0.00131,  -0.03020,  -0.00569,   0.01182,   0.01707,  -0.06347,  -0.02845,   0.02232,   0.03808,  -0.00394,  -0.05822,   0.08010,  -0.00919,  -0.00044,   0.08185,   0.00832,  -0.00569,  -0.02845,  -0.03896,   0.00657,  -0.04771,  -0.02495,   0.00131,  -0.04771,  -0.00044,   0.03808,  -0.01970,   0.00131,  -0.02845,  -0.02670,  -0.06872,  -0.00044,   0.00131,   0.02757,  -0.00569,   0.01182,   0.01707,  -0.04946,   0.03983,   0.04333,   0.11161,   0.00832,  -0.00219,  -0.05997,   0.05034,   0.07485,   0.09936,   0.02407,   0.01357,   0.02407,  -0.03020,   0.01182,   0.02582,   0.01182,  -0.05822,   0.00832,   0.09060,   0.04858,  -0.05646,   0.04333,  -0.04771,   0.06084,   0.01532,  -0.05822,   0.05209,   0.03808,   0.03108,  -0.01620,   0.02232,  -0.01444,  -0.01444,  -0.04246,  -0.02845,  -0.01269,  -0.03721,   0.00481,  -0.03370,   0.04858,   0.05034,   0.04858,  -0.06347,  -0.01444,  -0.07397,   0.00306,   0.00657,  -0.02320,  -0.02845,  -0.10023,  -0.01094,   0.00131,   0.03283,   0.04508,  -0.01795,   0.05384,  -0.04421,   0.02407,  -0.01620,   0.01707,   0.04508,  -0.02320,   0.01357,   0.02933,  -0.01970,  -0.03545,  -0.04246,   0.02933,   0.03458,   0.03108,   0.02582,   0.01357,   0.02582,  -0.00394,   0.03283,   0.04158,  -0.00394,   0.08010,  -0.04771,  -0.02845,   0.06084,  -0.02670,  -0.06172,   0.03283,   0.08885,   0.10461,  -0.02845,   0.00481,   0.02933,   0.03983,  -0.00394,  -0.06697,  -0.02845,   0.05034,   0.06259,  -0.04421,   0.00306,  -0.00044,   0.00481,  -0.00919,   0.02582,  -0.07922,   0.02057,  -0.06872,   0.07660,  -0.01795,  -0.02320,   0.06084,  -0.04421,  -0.07572,   0.05734,   0.00131,  -0.06872,   0.10986,  -0.03721,  -0.04946,  -0.01444,  -0.02145,  -0.01444,  -0.01444,  -0.01795,   0.04858,   0.04333,   0.04683,  -0.05646,  -0.02495,  -0.10374,   0.01882,   0.01707,   0.01357,   0.02582,   0.07660,  -0.02145,   0.11161,  -0.02320,  -0.04421,   0.02232,   0.02757,  -0.01094,  -0.02670,  -0.01795,   0.01007,   0.01882,  -0.03896,   0.03808,   0.04683,  -0.04071,  -0.01795,  -0.01269,   0.02933,   0.04508,  -0.04246,   0.13262,   0.03633,   0.05734,  -0.02845,   0.01182,  -0.01269,  -0.11074,   0.08535,   0.03808,  -0.03195,  -0.03545,  -0.01269,   0.05559,   0.07485,   0.03983,   0.03108,  -0.01269,   0.08185,   0.01882,   0.00131,  -0.00569,  -0.01444,  -0.02320,  -0.06522,   0.00832,   0.05734,  -0.04071,   0.00306,   0.00657,  -0.10199,   0.00306,  -0.02670,  -0.03896,  -0.03195,   0.07660,  -0.04421,   0.01707,   0.03108,  -0.08098,  -0.00569,  -0.03020,  -0.07397,  -0.07397,  -0.00219,   0.02582,  -0.05997,   0.01007,  -0.07047,   0.00657,   0.04508,  -0.05121,  -0.06172,   0.04333,   0.01532,   0.00657,   0.01007,   0.04158,  -0.05822,  -0.03370,  -0.04421,  -0.07047,  -0.05471,  -0.01094,   0.01007,  -0.02670,   0.07660,  -0.00044,   0.02582,   0.01007,  -0.00044,   0.01707,  -0.01620,  -0.02670,   0.05209,  -0.11949,  -0.00219,  -0.02845,  -0.00044,   0.01707,   0.07310,  -0.04071,   0.03808,  -0.01444,  -0.07047,   0.04508,  -0.07747,   0.05734,   0.07835,   0.01007,  -0.02670,   0.03983,   0.03283,   0.00657,  -0.04596,  -0.00569,  -0.06172,   0.02933,  -0.03370,  -0.02145,  -0.03020,  -0.00394,  -0.04246,  -0.03721,  -0.01444,  -0.05822,  -0.00394,   0.02407,  -0.03020,  -0.00394,   0.00657,  -0.03370,  -0.03896,   0.02057,   0.02933,   0.04858,  -0.00744,   0.02933,  -0.07222,   0.01532,  -0.00394,  -0.02670,  -0.04946,  -0.06697,  -0.03195,  -0.01444,  -0.00394,  -0.04246,   0.12737,   0.02757,  -0.03896,  -0.03195,  -0.05646,   0.02933,   0.02757,   0.09235,  -0.04596,  -0.01094,  -0.04596,   0.04683,  -0.05646,   0.04858,  -0.03896,   0.01882,  -0.01444,  -0.03195,  -0.02320,   0.06784,  -0.01620,   0.01882,  -0.01620,   0.03283,  -0.01795,   0.06609,   0.05209,   0.00657,   0.03983,  -0.01444,   0.02933,  -0.03545,   0.05734,   0.08710,  -0.01795,  -0.00569,   0.05384,  -0.00394,  -0.01094,  -0.03896,   0.02232,   0.02407,   0.04333,  -0.00044,   0.07310,  -0.05997,  -0.05646,   0.03983,  -0.03721,  -0.00394,  -0.07047,  -0.02495,   0.03983,   0.04683,  -0.01269,  -0.01444,   0.02232,   0.00481,  -0.01269,  -0.01620,   0.00481,   0.01882,  -0.04246,  -0.03896,  -0.03195,  -0.04071,   0.01007,   0.05209,  -0.07747,  -0.01620,  -0.03896,   0.05034,   0.08185,   0.01532,  -0.00044,   0.00306,  -0.02145,  -0.03195,   0.04158,   0.07485,   0.00832,   0.00131,  -0.00219,  -0.00394,   0.08010,  -0.00044,   0.01707,  -0.00919,  -0.07747,  -0.00744,   0.03983,  -0.07922,  -0.02670,   0.01707,  -0.06347,   0.05559,   0.05909,  -0.01094,  -0.00744,   0.02933,  -0.00569,  -0.05822,   0.02933,  -0.02845,  -0.03721,   0.06434,  -0.00044,  -0.02320,   0.04158,  -0.07222,  -0.07222,   0.02407,   0.02057,  -0.03896,   0.01182,   0.02933,   0.05734,   0.00131,   0.01182,  -0.06522,   0.03983,   0.03458,  -0.03896,   0.04508,   0.01182,  -0.00919,  -0.01094,   0.01182,  -0.05121,  -0.06697,   0.02582,   0.05734,   0.03983,   0.02232,  -0.01795,  -0.05296,  -0.05646,  -0.02320,  -0.09673,   0.01532,  -0.01795,   0.02933,  -0.04071,  -0.01444,  -0.00219,  -0.03721,   0.05909,   0.01007,   0.06959,   0.00832,  -0.03896,  -0.04071,   0.03283,   0.02057,  -0.00569,   0.05734,  -0.01444,   0.00481,   0.03458,   0.01182,  -0.03020,   0.05909,  -0.02495,   0.08010,  -0.03721,  -0.03195,   0.05909,  -0.04771,  -0.07572
  -0.04421,  -0.04421,  -0.07222,  -0.03896,  -0.03721,  -0.01444,  -0.01444,   0.09235,   0.01357,   0.00832,   0.05734,  -0.01444,   0.04858,   0.00481,  -0.02145,   0.04333,   0.03983,   0.08710,   0.03633,  -0.03020,   0.09586,  -0.00744,   0.01882,   0.01707,   0.06084,   0.01182,   0.02057,   0.03458,   0.04508,   0.03808,   0.06259,  -0.02320,   0.01707,   0.02757,  -0.04071,   0.04858,   0.02757,  -0.00219,   0.04683,   0.04333,  -0.04771,  -0.02670,  -0.05121,   0.00832,   0.01532,  -0.04596,   0.02407,   0.06609,  -0.00919,  -0.04596,   0.06084,   0.01007,   0.05384,   0.04858,   0.05384,  -0.02845,  -0.01970,  -0.07397,   0.02057,  -0.02845,   0.03108,   0.03458,  -0.01444,  -0.02670,   0.02057,  -0.03721,  -0.00744,  -0.05997,   0.01357,  -0.05121,   0.00657,   0.08885,  -0.00044,   0.11161,   0.04333,   0.04508,  -0.01269,   0.01532,   0.01882,  -0.05121,   0.05909,  -0.02145,   0.01007,   0.01882,   0.04683,   0.01882,  -0.01620,   0.01707,   0.01182,  -0.00919,   0.00131,  -0.03721,   0.07835,   0.01882,   0.00306,  -0.02845,  -0.05822,   0.03983,   0.03808,   0.04508,   0.07135,   0.00306,  -0.00744,   0.05034,  -0.03370,   0.03633,  -0.03370,   0.00832,  -0.05822,  -0.05471,   0.09411,   0.03633,  -0.01970,   0.03458,   0.01882,  -0.02670,   0.02232,   0.02582,   0.01357,   0.03283,  -0.01444,  -0.05471,   0.06084,  -0.00394,   0.00306,   0.02407,  -0.00569,   0.01007,  -0.00744,  -0.00394,  -0.03896,   0.09235,   0.01357,  -0.02320,   0.02582,  -0.01970,  -0.00044,  -0.00394,   0.05734,  -0.01795,   0.06084,   0.04508,   0.01182,  -0.05121,   0.06609,   0.00481,  -0.07047,  -0.07397,   0.00306,  -0.06872,   0.01532,   0.01357,   0.11512,  -0.05822,  -0.10374,  -0.03020,   0.01357,  -0.00744,   0.01707,  -0.01795,   0.06084,   0.04508,  -0.03721,   0.04858,   0.00832,  -0.01620,  -0.05471,   0.00306,   0.01532,   0.01182,   0.02232,   0.02933,  -0.04246,   0.00306,   0.02757,  -0.03020,   0.01007,   0.03633,   0.05559,   0.02407,   0.05559,   0.01007,   0.01357,   0.02057,  -0.04771,   0.09586,   0.06609,  -0.00744,  -0.02845,   0.06259,  -0.00919,   0.02057,   0.05909,   0.02582,   0.01882,  -0.00044,   0.03983,  -0.00744,   0.00131,   0.03458,   0.02232,   0.03983,  -0.03721,  -0.02145,  -0.04246,  -0.01620,   0.12212,  -0.04771,   0.01882,  -0.08973,  -0.03020,  -0.05471,   0.04333,   0.05559,  -0.08098,  -0.02145,  -0.01094,  -0.02145,   0.07485,  -0.06172,  -0.03195,  -0.00569,   0.02407,  -0.00919,   0.02582,   0.01707,   0.00832,  -0.02320,  -0.03545,   0.01532,   0.04858,   0.02057,  -0.00744,   0.05384,   0.02232,  -0.00219,   0.04158,   0.04158,  -0.03195,   0.04683,   0.03458,   0.02057,  -0.06697,   0.01357,   0.02407,  -0.05471,  -0.06522,  -0.03896,   0.05034,  -0.08098,  -0.00569,   0.04858,   0.04158,  -0.03020,   0.08360,   0.03458,   0.01007,  -0.02670,  -0.05121,  -0.02845,   0.03108,   0.02582,  -0.00744,  -0.04421,  -0.03896,  -0.07922,  -0.00744,   0.01007,  -0.02495,   0.09586,  -0.04071,   0.02057,   0.02057,   0.02582,   0.04158,   0.01182,   0.03633,  -0.04246,   0.02757,  -0.00219,   0.01182,  -0.09673,   0.01882,  -0.03721,   0.04683,  -0.03020,  -0.01970,  -0.01795,  -0.00219,   0.01182,   0.05034,   0.03808,   0.05209,  -0.05822,  -0.07047,   0.05209,  -0.06172,   0.00131,  -0.08973,   0.02757,   0.00306,  -0.02495,  -0.01269,   0.00306,   0.01532,   0.00657,   0.00306,   0.01357,   0.05909,   0.00832,  -0.00919,   0.04508,  -0.01970,   0.03458,   0.08185,   0.01882,  -0.01269,  -0.00569,  -0.09673,   0.00131,   0.04858,  -0.03721,   0.02232,  -0.04596,  -0.04071,  -0.05471,  -0.00744,   0.02407,   0.00657,  -0.07922,  -0.01444,  -0.01269,   0.05384,   0.00657,  -0.02320,   0.07485,   0.00832,  -0.07397,  -0.04421,   0.04858,  -0.06172,   0.02933,   0.03108,   0.01882,  -0.01269,   0.04683,   0.00306,   0.01532,   0.01882,   0.01182,  -0.04246,  -0.05822,   0.02232,   0.07835,  -0.00044,  -0.03020,   0.03108,  -0.02320,   0.04683,   0.01532,   0.05034,  -0.01269,  -0.05121,  -0.01970,  -0.04771,   0.01532,   0.02232,  -0.02320,  -0.00044,  -0.02320,  -0.07747,  -0.02845,  -0.01444,  -0.04071,  -0.04071,   0.04158,   0.01532,  -0.04946,  -0.04246,  -0.01620,  -0.03545,   0.05209,   0.06609,  -0.04771,   0.01532,   0.03108,   0.09586,   0.02232,  -0.00219,  -0.02320,   0.00131,   0.00657,  -0.04946,   0.03108,   0.05384,   0.01182,   0.00306,  -0.03370,   0.02057,   0.03108,  -0.01269,   0.02757,   0.08885,   0.01182,  -0.03545,   0.07660,  -0.04246,   0.00657,  -0.04596,   0.03108,  -0.08448,   0.01357,   0.02933,   0.01357,  -0.05121,  -0.04421,  -0.05296,  -0.05471,  -0.01444,   0.04333,  -0.04946,   0.05384,  -0.04596,  -0.02495,  -0.00569,   0.01007,   0.04333,   0.02933,   0.00306,   0.04508,   0.01182,   0.04158,  -0.04246,  -0.02495,  -0.06522,  -0.00394,   0.01182,  -0.07222,  -0.02845,   0.02582,  -0.05296,  -0.01269,   0.02057,   0.14488,   0.01182,  -0.05471,  -0.01444,  -0.06347,  -0.05296,   0.05559,  -0.06697,   0.00832,   0.08010,   0.04333,  -0.03896,  -0.01269,  -0.03896,  -0.05997,  -0.03020,  -0.00919,  -0.03020,  -0.00919,  -0.01620,   0.00657,  -0.00044,   0.03458,   0.02057,   0.02407,   0.02582,   0.08185,  -0.05997,  -0.01970,  -0.04246,   0.00306,  -0.02845,   0.03633,   0.07660,  -0.01444,   0.02933,  -0.00744,   0.00481,   0.06959,   0.03108,  -0.03370,   0.06084,   0.05734,  -0.04771,   0.02757,  -0.04246,  -0.00394,  -0.06347,   0.04158,  -0.00569,   0.00306,   0.06959,   0.05909,   0.05209,   0.04683,   0.00657,  -0.06522,   0.04158,  -0.01970,  -0.01795,  -0.02320,  -0.00569,   0.03808,  -0.02845,  -0.03195,  -0.12300,  -0.05471,   0.05034,  -0.10724,   0.02232,  -0.01795,  -0.02495,   0.07660,   0.02757,   0.03983,   0.01882,   0.02407,  -0.01970,  -0.00044,  -0.03721,  -0.05997,   0.01532,  -0.04071,   0.00832,  -0.04246,   0.02933,  -0.03195,  -0.07222,  -0.02320,   0.01182,   0.01007,   0.09586,  -0.02845,   0.01882,  -0.05822,  -0.06872,  -0.03020,   0.02232,  -0.01444,   0.00131,  -0.03195,   0.06259,  -0.04771,  -0.02845,   0.00306,  -0.00044,  -0.10374,  -0.04946,  -0.00569,  -0.02145,  -0.01620,  -0.03195,   0.06609,   0.02582,  -0.07572,  -0.03545,   0.03458,   0.02407,  -0.02495,  -0.01970,   0.05384,   0.01182,   0.06959,  -0.01795,   0.06609,   0.01357,  -0.03721,  -0.00919,  -0.08798,   0.05559,   0.03983,   0.00131,   0.04333,   0.02757,   0.00131,   0.00657,  -0.00219,   0.08360,  -0.00219,   0.01532,  -0.00219,   0.01357,  -0.08098,  -0.02495,  -0.04071,   0.10111,  -0.05121,   0.03108,  -0.01970,  -0.03020,   0.04333,  -0.01620,  -0.01970,  -0.08273,   0.00306,  -0.02845,   0.06259,  -0.01620,  -0.00569,  -0.03195,  -0.04771,  -0.01620,   0.03983,  -0.01094,   0.00832,   0.01532,   0.06434,   0.03633,   0.02232,  -0.00919,   0.03808,   0.06784,  -0.03721,  -0.02845,   0.01007,   0.02057,   0.00481,  -0.00219,  -0.04071,  -0.03721,   0.02933,   0.00657,   0.00131,  -0.01444,  -0.00919,   0.06084,   0.00657,  -0.04596,  -0.01620,   0.01882,  -0.01970,   0.04158,  -0.03370,  -0.03721,  -0.04421,  -0.02320,  -0.01444,  -0.04246,   0.06434,   0.00481,  -0.09498,  -0.01795,   0.01882,   0.07660,   0.08010,   0.01532,   0.00832,   0.00657,  -0.02670,  -0.03545,   0.04158,  -0.02495,   0.01182,  -0.02670,   0.01707,   0.03983,  -0.08798,  -0.04071,  -0.12300,   0.04683,  -0.01620,  -0.01094,   0.03808,   0.01707,  -0.04071,   0.02407,  -0.09148,  -0.04771,  -0.01269,   0.00306,  -0.01269,  -0.04596,   0.01707,  -0.03020,   0.04158,  -0.04596,  -0.01620,  -0.05296,   0.03633,  -0.01620,  -0.04596,  -0.00219,   0.03283,  -0.03370,  -0.04946,   0.01707,   0.05384,  -0.02670,  -0.06697,   0.02407,   0.08885,  -0.05121,  -0.03195,  -0.01444,   0.04858,  -0.02845,   0.08535,  -0.10023,  -0.04421,  -0.01444,   0.04158,   0.06084,   0.00481,   0.07485,  -0.00744,  -0.03721,   0.01882,  -0.01970,  -0.01795,   0.01707,   0.01882,  -0.01795,  -0.05471,   0.06959,   0.01007,   0.06259,  -0.00044,   0.03983,   0.00832,   0.04508,  -0.07397,  -0.03370,   0.00832,  -0.06172,   0.02582,   0.00481,   0.03283,   0.00131,   0.05734,  -0.00919,  -0.05822,  -0.04771,   0.05909,  -0.05997,  -0.03020,  -0.06522,  -0.03020,   0.00481,   0.04508,   0.04508,   0.00481,  -0.01269,   0.04683,  -0.05822,  -0.02495,   0.02232,  -0.05296,   0.05034,   0.03283,   0.03458,   0.04508,   0.01007,  -0.06172,  -0.05646,  -0.08273,   0.06084,  -0.03195,   0.05909,   0.05384,  -0.02320,  -0.04246,  -0.03896,   0.05034,   0.02582,  -0.07922,   0.05034,   0.09761,  -0.05646,  -0.00044,   0.02933,   0.00657,  -0.04246,   0.07485,   0.04858,  -0.00569,  -0.04596,   0.02757,  -0.01444,  -0.00044,  -0.01970,  -0.03020,   0.02057,   0.00481,   0.04508,   0.01007,   0.01882,   0.01882,   0.03458,   0.03108,  -0.04421,  -0.00044,   0.10636,  -0.00569,   0.04508,  -0.03545,  -0.02845,   0.00306,  -0.00219,  -0.01094,  -0.00919,  -0.01620,  -0.00394,   0.02757,   0.05909,  -0.03896,   0.04158,  -0.01444,   0.06259,  -0.03370,  -0.00569,  -0.01795,   0.04508,   0.08185,   0.03108,   0.01007,  -0.01269,   0.02057,   0.03283,   0.09936,  -0.01970,  -0.05822,   0.00306,  -0.00219,   0.07835,   0.05559,  -0.04771,   0.03108,   0.05734,   0.02582,   0.02757,   0.04858,  -0.03545,  -0.03545,  -0.06172,  -0.05646,  -0.02320,   0.01882,   0.06784,  -0.06347,  -0.01970,  -0.00744,   0.06259,  -0.00044,   0.07485,  -0.02320,   0.00306,  -0.02145,   0.04333,  -0.03370,   0.03108,  -0.00044,   0.06084,  -0.00219,  -0.04946,  -0.02145,   0.06084,  -0.01620,  -0.02845,   0.01882,   0.00832,  -0.06172,   0.03108,   0.01532,   0.05034,  -0.05997,  -0.00394,   0.03458,   0.06259,  -0.02670,   0.04508,  -0.00044,   0.07660,   0.00832,  -0.05121,   0.04333,   0.00306,  -0.04071,   0.06434,   0.01182,  -0.05997,   0.01007,  -0.04246,  -0.03020,   0.04333,   0.05384,   0.03633,  -0.03896,   0.02232,  -0.07922,   0.05034,  -0.06872,   0.07310,   0.04508,   0.00131,   0.02407,   0.00481,  -0.00919,   0.08185,   0.02933,   0.03283,  -0.00569,   0.05034,   0.06259,  -0.00919,   0.02057,   0.05034,   0.04858,   0.04508,  -0.03370,  -0.05646,  -0.02670,  -0.07222,   0.04158,  -0.04246,  -0.00044,  -0.01795,  -0.03896,   0.06959,  -0.03721,   0.05559,  -0.01795,  -0.01444,  -0.01970,   0.00657,  -0.06697,   0.02407,   0.09936,   0.02057,   0.06959,  -0.02320,  -0.04421,   0.03458,   0.06784,  -0.03195,  -0.00919,   0.01182,   0.00481,   0.01007,  -0.03370,  -0.02670,  -0.01620,   0.06084,  -0.01795,  -0.04771,   0.00832,   0.03808,   0.00657,   0.03808,  -0.05646,   0.05034,  -0.04421,   0.01357,   0.00481,   0.00657,  -0.02320,   0.02057,   0.02232,   0.01182,  -0.05471,  -0.01269,  -0.02495,   0.01007,   0.08010,   0.06084,  -0.01620,   0.09411,   0.01007,  -0.03370,  -0.02320,   0.03983,   0.01007,  -0.03020,  -0.08273,   0.01707,  -0.01444,   0.00306,  -0.02320,  -0.01620,   0.01707,  -0.03370,   0.01182,   0.00657,  -0.02145,   0.00832,  -0.05822,  -0.00744,  -0.05646,   0.00481,  -0.03370,  -0.00919,   0.01007,  -0.00919,   0.03633,  -0.08273,   0.03808,  -0.04071,   0.01182,  -0.03896,   0.06434,   0.01882,  -0.06347,   0.00832,   0.02757,   0.09761,  -0.05822,   0.05559,  -0.02320,  -0.09498,  -0.03545,   0.02582,   0.05034,  -0.02145,   0.00481,   0.03108,  -0.04771,   0.01882,   0.00832,  -0.06522,  -0.11249,   0.01882,   0.05909
  -0.10199,   0.01357,  -0.05646,  -0.01444,   0.00131,  -0.08098,  -0.04071,   0.01532,  -0.02145,  -0.02495,  -0.04071,  -0.01444,  -0.03195,   0.00481,   0.01182,   0.01357,   0.03458,   0.05384,  -0.00219,   0.01882,  -0.01620,  -0.04946,  -0.03195,  -0.00044,   0.05734,  -0.02320,   0.00832,  -0.00744,  -0.00744,   0.00657,  -0.03896,  -0.04596,   0.02582,   0.04508,   0.00832,   0.00481,   0.05734,  -0.01795,  -0.00044,   0.05384,  -0.03195,   0.01532,   0.00306,  -0.08623,   0.02582,  -0.03020,   0.03808,   0.08885,   0.02582,   0.04333,   0.10636,   0.00131,   0.02933,  -0.02145,  -0.04771,   0.07135,  -0.01269,  -0.08798,   0.01882,   0.01007,  -0.02145,  -0.02320,  -0.01094,   0.01532,   0.05384,   0.04508,  -0.02145,  -0.03195,  -0.04596,   0.02407,   0.03108,   0.08360,   0.06609,   0.04158,   0.03108,   0.12737,   0.04158,  -0.04946,  -0.04946,   0.02582,   0.00131,  -0.05471,   0.05734,   0.00131,   0.03458,   0.03108,   0.00306,  -0.01620,  -0.03545,  -0.06697,   0.02757,  -0.03195,   0.01182,  -0.02320,  -0.04071,   0.01882,   0.05559,  -0.04946,  -0.01269,  -0.00044,   0.01532,  -0.05822,   0.03108,   0.01707,  -0.00744,  -0.04596,  -0.02845,   0.04683,  -0.05646,  -0.01620,   0.03458,  -0.02845,   0.02057,   0.04508,  -0.03020,  -0.05471,  -0.03195,   0.08710,  -0.00394,  -0.00394,   0.00306,   0.06259,   0.05209,  -0.10549,   0.03983,  -0.07747,   0.00306,  -0.00744,  -0.05997,   0.08010,  -0.00569,  -0.00569,  -0.00744,  -0.02670,   0.00306,   0.01532,  -0.05471,   0.01532,  -0.02670,   0.04683,  -0.04596,  -0.03195,  -0.00219,  -0.02845,  -0.05121,   0.02582,   0.05209,  -0.04246,  -0.01795,   0.00481,   0.01007,   0.03808,   0.02057,   0.02757,  -0.03545,  -0.03195,  -0.01620,  -0.06872,   0.02582,  -0.06522,  -0.04071,  -0.04071,  -0.04421,  -0.02845,  -0.04946,   0.02582,  -0.06872,  -0.03370,  -0.06697,   0.00657,  -0.00569,   0.06959,   0.04858,   0.06259,   0.03983,   0.03283,   0.00131,   0.06959,   0.01707,  -0.03545,  -0.04946,   0.00657,  -0.05296,  -0.02320,  -0.03545,   0.03283,  -0.03545,   0.02933,  -0.00569,   0.03633,  -0.00744,  -0.00219,   0.04858,  -0.06522,  -0.01269,  -0.03896,   0.03983,   0.05034,   0.01882,  -0.06872,  -0.01970,  -0.00044,   0.01707,   0.02057,   0.05034,  -0.00569,  -0.00394,  -0.02495,   0.01882,   0.01532,   0.02582,   0.01882,   0.01357,  -0.00219,   0.07485,  -0.03721,  -0.03370,  -0.04246,   0.00481,   0.07485,  -0.07572,  -0.04946,  -0.00394,  -0.01269,   0.03283,  -0.05121,   0.04858,   0.06609,   0.00657,  -0.03721,   0.01707,   0.03983,   0.01532,   0.01007,   0.03108,  -0.04596,  -0.01795,   0.06259,   0.01357,  -0.01094,  -0.01094,  -0.06172,   0.03633,  -0.01620,  -0.02320,   0.02407,  -0.05997,  -0.00744,   0.01357,  -0.01094,   0.01007,   0.04858,  -0.13350,   0.03458,  -0.08448,   0.05209,   0.00306,  -0.02320,  -0.05822,  -0.03195,   0.02933,   0.00832,   0.00657,  -0.01269,  -0.03545,   0.04508,  -0.00919,  -0.01620,  -0.01444,  -0.04421,   0.01707,  -0.03020,  -0.01269,   0.00481,  -0.04596,  -0.03370,   0.00131,  -0.01094,   0.00481,  -0.00569,  -0.02495,  -0.02320,   0.03633,  -0.02845,   0.00306,  -0.05121,   0.03458,   0.04508,   0.01182,  -0.06522,   0.00131,   0.01182,   0.06959,   0.02933,  -0.03896,  -0.01795,   0.02757,   0.05384,   0.00131,  -0.05296,  -0.00219,   0.01707,  -0.04421,   0.02057,   0.05209,  -0.02320,   0.01882,  -0.08448,   0.01007,  -0.07922,  -0.03896,  -0.04246,   0.01707,   0.02057,   0.09411,   0.04158,  -0.06872,   0.09586,  -0.02145,  -0.03020,   0.03633,  -0.00394,   0.03108,  -0.05471,   0.06434,   0.04158,  -0.08623,   0.03633,   0.06609,  -0.01444,  -0.03195,  -0.03721,   0.03633,   0.09060,   0.06609,   0.03983,  -0.00219,   0.02757,  -0.03370,   0.06959,   0.02582,  -0.00569,   0.03458,  -0.04246,  -0.00394,   0.04858,  -0.01444,  -0.06172,  -0.01620,   0.01357,  -0.01269,  -0.04421,  -0.00569,   0.01707,   0.08535,   0.02582,   0.03633,  -0.03195,  -0.05471,  -0.07922,  -0.01970,  -0.03545,  -0.01795,  -0.06172,  -0.03896,  -0.04946,  -0.03896,   0.04158,  -0.02145,  -0.02495,   0.00131,  -0.05471,   0.02232,  -0.03721,   0.04333,  -0.00044,   0.02232,  -0.00919,  -0.03195,   0.02933,  -0.00219,  -0.05646,   0.05734,   0.03633,  -0.00044,  -0.00044,   0.01882,  -0.02495,   0.01007,   0.00832,   0.00306,   0.02582,  -0.03020,  -0.03721,   0.01357,  -0.04421,  -0.02320,  -0.07397,  -0.03195,   0.02582,   0.03108,  -0.03370,  -0.04071,   0.01707,  -0.01444,  -0.10374,   0.08360,  -0.00744,   0.00832,   0.02757,  -0.00569,  -0.01970,  -0.01795,  -0.00569,   0.02232,   0.01007,   0.03808,  -0.03545,   0.07135,  -0.01269,   0.01532,  -0.01795,  -0.02145,   0.06434,  -0.01970,   0.10461,  -0.01970,   0.04158,  -0.05997,   0.02232,  -0.00044,  -0.05121,  -0.00569,  -0.01620,  -0.04421,   0.05209,   0.06084,  -0.03896,   0.07310,   0.02057,   0.00657,  -0.01970,  -0.01444,   0.01882,   0.03108,   0.00131,   0.02232,   0.00832,  -0.02145,   0.01532,   0.04508,  -0.00919,   0.02057,   0.01532,  -0.05822,  -0.01620,  -0.07222,  -0.01269,   0.01357,   0.02057,   0.07310,  -0.03195,  -0.00744,   0.00481,   0.01357,   0.02933,   0.01882,   0.05559,  -0.07922,   0.06784,   0.06784,   0.00306,   0.02933,   0.04158,   0.02407,   0.00306,   0.02232,   0.00306,   0.01007,  -0.02320,  -0.04421,   0.01882,   0.00131,  -0.06172,   0.02057,   0.05734,  -0.00219,  -0.02495,  -0.00394,  -0.00394,  -0.04421,   0.01357,   0.03283,   0.01357,  -0.01620,   0.00832,  -0.08798,  -0.02845,   0.09235,  -0.02670,  -0.05997,  -0.06347,  -0.05646,  -0.00394,  -0.06872,   0.09586,  -0.04246,   0.00131,  -0.07572,  -0.02845,   0.02407,   0.02232,  -0.00219,  -0.10199,  -0.05296,  -0.06347,   0.02582,  -0.00569,  -0.07572,   0.01357,  -0.03195,   0.01182,  -0.02145,   0.03108,  -0.07047,  -0.07222,  -0.00744,   0.03108,  -0.04596,   0.02582,  -0.04596,   0.05209,  -0.06697,  -0.03370,  -0.02670,   0.05209,  -0.02495,  -0.11249,   0.04333,   0.05384,  -0.01269,  -0.08448,  -0.00394,   0.09761,  -0.06172,   0.00306,   0.02407,   0.03108,   0.00832,   0.08360,   0.04508,   0.00481,   0.01882,   0.04683,   0.00657,  -0.00569,   0.00131,  -0.00569,   0.03458,  -0.07047,   0.00481,  -0.03020,  -0.00919,  -0.02495,  -0.07922,  -0.00744,   0.01882,   0.00481,  -0.01620,  -0.01444,  -0.00044,  -0.06172,  -0.08448,   0.01182,  -0.07047,  -0.03721,   0.01007,  -0.09673,  -0.06522,  -0.01444,   0.05384,   0.02582,   0.02057,   0.03983,   0.01357,  -0.04421,  -0.04771,  -0.03020,  -0.01620,  -0.06172,  -0.03370,   0.05734,   0.04508,  -0.04771,   0.00657,  -0.04421,  -0.03370,   0.00657,  -0.04771,   0.06609,   0.05034,  -0.01444,  -0.00919,   0.02757,   0.03983,  -0.02670,   0.03108,  -0.00219,   0.01007,  -0.01094,   0.03808,  -0.00044,   0.00657,   0.08885,   0.00131,   0.07135,   0.00832,  -0.04246,   0.03283,  -0.01795,  -0.01795,  -0.05296,  -0.00744,  -0.05646,  -0.04071,  -0.00919,   0.00832,   0.04508,  -0.03545,  -0.01620,   0.02407,  -0.02320,  -0.00394,  -0.03896,  -0.07222,   0.06609,  -0.05822,  -0.01444,   0.02757,  -0.00919,  -0.00919,   0.08710,   0.05034,   0.01532,   0.04508,   0.00832,   0.05384,   0.08710,  -0.00744,   0.06084,   0.07835,   0.02407,  -0.02845,  -0.04596,  -0.00394,   0.02057,   0.04508,  -0.04421,   0.01882,  -0.04596,   0.05209,  -0.01269,  -0.02145,   0.01357,   0.03108,   0.07485,   0.03808,   0.09060,  -0.00394,   0.08710,   0.00832,  -0.06697,  -0.01970,   0.04508,   0.00306,   0.08360,  -0.06522,   0.02407,   0.02232,   0.03458,  -0.03195,  -0.03896,  -0.05296,   0.05559,  -0.04246,  -0.06872,  -0.08448,  -0.05997,   0.04858,   0.00131,   0.04508,   0.03108,   0.02232,  -0.03195,  -0.00744,  -0.04946,  -0.02845,  -0.06872,   0.03283,  -0.03721,  -0.01094,  -0.04246,  -0.09323,   0.00481,   0.13087,  -0.00569,   0.01532,  -0.02320,  -0.00919,   0.06084,  -0.05822,  -0.01970,  -0.02145,  -0.02845,  -0.03721,  -0.01094,  -0.00569,  -0.09673,   0.02232,   0.06434,   0.02057,   0.04508,  -0.09148,  -0.09323,   0.04508,   0.06434,   0.03983,   0.00657,   0.02582,  -0.04421,  -0.02495,   0.03458,  -0.00044,   0.01007,  -0.02845,  -0.01094,   0.03108,  -0.07397,  -0.04421,  -0.02495,  -0.04246,  -0.03721,  -0.09498,   0.07135,   0.05909,  -0.04246,   0.05209,  -0.02845,  -0.00569,   0.05384,  -0.04946,  -0.07222,   0.02582,   0.01532,  -0.00044,   0.03458,  -0.02495,   0.04158,  -0.05296,  -0.09148,  -0.03721,   0.04158,  -0.10549,   0.02407,   0.05734,   0.03633,  -0.04596,  -0.05296,   0.01532,  -0.04946,   0.00832,   0.06959,  -0.03896,   0.00832,  -0.01269,   0.00657,  -0.04771,   0.01182,  -0.01795,  -0.02670,  -0.02145,   0.04858,   0.01182,  -0.02495,  -0.03545,  -0.00394,   0.10986,  -0.02495,  -0.09848,  -0.00394,  -0.00394,   0.11512,  -0.02320,   0.03458,  -0.05997,  -0.00569,  -0.02845,   0.09411,   0.06784,  -0.00744,  -0.00919,  -0.00394,  -0.07747,   0.02757,   0.04508,  -0.01970,   0.07135,  -0.00219,  -0.04421,  -0.02845,  -0.08098,   0.04858,  -0.07572,   0.01007,  -0.01970,   0.03108,  -0.01269,   0.01007,   0.01882,  -0.03195,  -0.00394,  -0.00744,   0.01707,   0.06259,   0.02057,   0.08185,  -0.00044,  -0.02320,   0.00131,   0.04858,  -0.04421,   0.01882,   0.00481,   0.01532,   0.04508,  -0.04071,   0.03808,  -0.02320,   0.04333,  -0.00219,  -0.06347,  -0.01970,   0.03108,   0.01532,   0.02407,  -0.02145,   0.00306,  -0.00919,   0.05559,   0.08535,   0.00832,   0.08185,  -0.01970,  -0.00394,   0.03458,  -0.01970,   0.00657,   0.08535,  -0.00219,  -0.02670,  -0.03195,   0.02057,  -0.00219,   0.06609,  -0.07222,  -0.02670,  -0.04596,   0.03983,  -0.04946,   0.00131,  -0.05296,   0.02057,   0.00131,   0.01357,  -0.04596,   0.08535,   0.05384,   0.03983,  -0.06872,   0.04858,   0.02057,   0.01882,  -0.09323,   0.01182,  -0.01620,   0.02232,   0.00832,  -0.01795,   0.02232,   0.00481,   0.01357,   0.01357,   0.01182,  -0.08448,   0.01882,   0.08535,  -0.01269,   0.01532,   0.03983,  -0.04421,   0.01357,   0.01707,   0.06084,  -0.01444,  -0.03721,   0.03983,   0.02582,  -0.00744,   0.01007,  -0.06172,  -0.07222,   0.01882,   0.00481,  -0.01094,  -0.08448,   0.00832,  -0.08448,   0.03983,   0.02582,   0.01357,  -0.05121,   0.04508,  -0.03721,  -0.01795,   0.00657,  -0.00044,   0.03108,   0.00657,   0.08535,   0.01532,  -0.01269,  -0.06172,  -0.04771,  -0.05822,   0.00481,  -0.01970,  -0.03370,   0.01532,  -0.03545,  -0.02845,  -0.02320,  -0.02145,  -0.06347,  -0.04946,   0.04158,   0.04858,   0.03283,  -0.03020,  -0.00919,   0.01357,   0.01532,  -0.00744,   0.04858,   0.04508,   0.01707,  -0.04246,  -0.04246,   0.00306,  -0.01970,   0.01707,  -0.02670,  -0.01269,   0.02232,   0.00657,  -0.03195,   0.02933,  -0.01620,  -0.01795,  -0.02145,  -0.05121,  -0.00744,  -0.06697,  -0.03545,  -0.02495,  -0.06522,  -0.03195,   0.03983,  -0.01444,   0.08360,   0.00131,  -0.04421,   0.07660,  -0.02320,  -0.03020,  -0.10899,   0.02582,   0.09411,   0.00481,   0.06259,  -0.00569,  -0.05471,  -0.03545,  -0.00044,  -0.03370,  -0.02145,  -0.04596,   0.05209,   0.00306,  -0.00744,   0.00481,   0.03283,   0.01007,   0.04683,   0.08710,  -0.04246,   0.09936,   0.01182,  -0.04071,  -0.00044,   0.01182,  -0.04771,   0.01007,   0.00306,  -0.00394,  -0.06172,   0.03808,   0.04858,   0.01532,   0.04333,  -0.08098,  -0.05646,  -0.05822,   0.00306,  -0.01444
  -0.05997,   0.03108,   0.01182,   0.00657,  -0.00744,  -0.06347,   0.00481,  -0.02145,  -0.03195,  -0.05121,  -0.04421,  -0.00394,  -0.00219,  -0.09498,   0.03633,   0.02582,   0.00131,  -0.00919,   0.04333,  -0.05471,   0.06959,  -0.08623,  -0.03545,  -0.04421,   0.01357,  -0.06347,   0.07485,   0.02232,   0.03283,   0.03458,  -0.08448,   0.01357,   0.00657,   0.02407,   0.02057,  -0.03020,  -0.04946,  -0.11599,   0.00657,   0.02057,   0.05384,  -0.00569,   0.02582,  -0.00219,   0.01007,   0.06959,   0.02757,   0.11512,  -0.02320,   0.00657,   0.01182,   0.01532,  -0.04071,   0.03808,   0.03458,  -0.07047,   0.05559,  -0.00044,  -0.01795,  -0.04246,  -0.01444,  -0.04771,  -0.03896,  -0.05822,  -0.00219,  -0.06522,  -0.09848,  -0.08623,   0.04683,  -0.01444,  -0.02495,  -0.05471,  -0.00569,   0.04508,   0.00481,  -0.04946,   0.07660,  -0.04071,  -0.03545,   0.01007,   0.06784,   0.06259,   0.00832,  -0.05646,  -0.01094,   0.09761,  -0.03721,   0.00481,   0.01882,   0.01357,  -0.03545,   0.00306,   0.00481,   0.01707,   0.00131,  -0.00044,  -0.09148,   0.05209,   0.03633,  -0.04071,   0.02757,   0.02057,   0.05034,   0.02933,   0.01707,   0.01532,  -0.06347,  -0.03721,   0.02057,   0.00131,   0.03808,   0.03633,   0.01357,   0.01707,   0.04158,   0.01707,  -0.03020,  -0.02670,  -0.04246,  -0.03195,   0.03108,  -0.05471,   0.04333,   0.01707,   0.01882,  -0.00744,   0.02933,  -0.00219,   0.05209,  -0.00044,  -0.06522,  -0.00044,   0.00306,  -0.08098,  -0.00569,  -0.04596,   0.08185,  -0.01444,   0.02933,  -0.04771,  -0.08798,  -0.04071,  -0.03370,   0.03283,   0.02757,  -0.07222,   0.02757,   0.07135,  -0.02320,  -0.04771,   0.04158,   0.06084,  -0.00919,   0.03633,   0.09060,   0.03108,   0.01532,   0.00131,  -0.02495,   0.01357,  -0.03896,   0.03458,  -0.08973,   0.08360,  -0.06172,   0.13262,   0.04333,  -0.00919,   0.06784,   0.00306,   0.02232,  -0.02845,   0.02582,   0.04333,  -0.03370,  -0.10724,   0.04158,  -0.01444,   0.03458,  -0.01094,  -0.00744,   0.02232,   0.14838,  -0.04071,  -0.08973,  -0.00744,   0.07135,   0.06084,   0.02407,   0.00306,   0.06084,  -0.05121,  -0.02320,   0.01707,  -0.01620,  -0.02670,  -0.00919,  -0.01620,  -0.04771,  -0.07922,   0.03633,  -0.01795,  -0.01795,  -0.01094,   0.04333,  -0.02495,  -0.03721,  -0.04596,   0.04858,   0.00306,  -0.01970,   0.01182,   0.06259,   0.00832,   0.01182,  -0.04071,  -0.03370,  -0.03370,   0.00481,  -0.05997,  -0.01444,   0.04858,   0.04333,  -0.06172,  -0.05997,  -0.05471,   0.05734,   0.03808,  -0.01269,  -0.06347,   0.02407,   0.00131,  -0.00044,  -0.00394,  -0.00219,   0.02057,  -0.01795,  -0.00569,  -0.02670,   0.03633,   0.08535,   0.03108,  -0.02845,   0.00481,  -0.07222,  -0.02320,   0.02407,   0.06259,   0.04333,   0.01007,   0.09761,   0.03108,  -0.02145,   0.03458,   0.01357,  -0.05471,  -0.04596,  -0.05822,  -0.04071,   0.00657,  -0.07572,  -0.06347,  -0.01094,  -0.12825,  -0.07047,   0.03633,  -0.00219,   0.03108,   0.01357,   0.01707,   0.00481,  -0.06172,   0.07485,   0.03458,   0.02582,   0.03458,   0.02757,   0.03458,  -0.03195,   0.05909,   0.06434,  -0.02145,   0.08010,  -0.00044,   0.02232,   0.01707,  -0.00569,   0.03633,   0.07835,  -0.02320,  -0.01094,   0.00306,  -0.01620,  -0.00044,  -0.03195,   0.04683,   0.02933,  -0.03195,   0.03108,  -0.09498,   0.03983,   0.00481,  -0.02320,  -0.03370,  -0.00744,  -0.05471,   0.04683,  -0.01269,   0.04858,   0.00657,   0.01882,  -0.05296,   0.04333,  -0.00569,   0.03458,   0.06609,   0.02757,  -0.00919,  -0.01269,  -0.07397,   0.01357,  -0.06172,  -0.02495,  -0.10199,   0.10461,  -0.01795,   0.02407,  -0.05997,   0.02057,   0.10111,  -0.03721,  -0.06522,  -0.02320,  -0.02320,  -0.01444,   0.00306,   0.06784,   0.06259,   0.04508,  -0.02495,   0.00481,  -0.05822,   0.02757,   0.03633,  -0.08098,   0.01357,  -0.02670,  -0.01269,   0.03108,  -0.09323,  -0.07397,   0.08360,  -0.05471,  -0.02670,   0.05909,   0.03283,   0.02057,  -0.02845,   0.08885,  -0.09673,   0.01357,   0.00481,   0.07135,  -0.00744,   0.02582,  -0.01970,   0.01182,   0.00306,   0.01182,   0.02757,   0.02407,   0.05559,   0.01357,  -0.06522,   0.00657,   0.04158,   0.02407,   0.02232,   0.04683,  -0.01444,   0.05559,  -0.00394,   0.03283,  -0.01795,  -0.02845,   0.00832,  -0.04246,   0.00657,   0.05734,   0.04158,   0.05734,  -0.03370,  -0.01620,   0.02933,   0.01357,  -0.00919,   0.03808,   0.07135,   0.03633,  -0.01620,  -0.06522,  -0.05822,  -0.01094,  -0.05997,  -0.07572,   0.06784,  -0.00569,  -0.02495,  -0.03896,  -0.04246,  -0.08098,   0.02407,  -0.10199,   0.01182,   0.02933,  -0.06872,  -0.05471,  -0.06172,   0.05734,  -0.03370,   0.01532,   0.01532,   0.01357,   0.03983,  -0.01970,   0.08535,   0.06959,  -0.04421,  -0.02320,  -0.02845,  -0.00394,   0.04858,  -0.05121,  -0.08448,   0.00131,  -0.02495,   0.00306,   0.09936,   0.07660,   0.03808,   0.07310,   0.03808,  -0.04246,  -0.01444,   0.04858,   0.08010,   0.02582,  -0.03370,   0.04158,  -0.04071,  -0.00919,  -0.09848,   0.01182,   0.04683,  -0.03896,  -0.01970,   0.00481,   0.01882,  -0.04771,   0.01182,  -0.04596,  -0.03545,   0.03108,  -0.01620,  -0.00219,   0.02232,  -0.03721,  -0.07047,   0.03633,  -0.01970,   0.01182,   0.00131,  -0.00044,   0.01007,  -0.07922,  -0.03545,   0.04683,  -0.01444,   0.06084,   0.02933,   0.07135,   0.01007,   0.07310,  -0.04596,  -0.07222,   0.10286,  -0.09148,   0.01707,   0.04158,  -0.00744,   0.01532,   0.05734,  -0.03545,  -0.04071,  -0.10724,  -0.08623,  -0.04421,  -0.03020,   0.01182,  -0.04071,  -0.00394,   0.00832,  -0.00219,  -0.01620,  -0.02320,  -0.03195,  -0.01970,  -0.03721,  -0.03195,  -0.02320,  -0.03545,   0.03108,   0.00481,  -0.04946,  -0.04421,   0.05384,   0.02232,   0.05034,  -0.03721,  -0.06347,   0.00131,  -0.00919,  -0.03896,  -0.06697,  -0.00569,  -0.04771,   0.09761,   0.03808,  -0.00044,  -0.03195,   0.03283,   0.03458,   0.09235,  -0.02145,   0.00832,  -0.02320,  -0.05296,  -0.00044,  -0.01970,  -0.04596,   0.05559,  -0.05121,   0.05559,  -0.01620,  -0.05121,   0.02232,   0.04683,   0.04858,  -0.02670,   0.01882,   0.05209,   0.03808,   0.04858,   0.00832,  -0.02145,   0.01532,  -0.02845,  -0.03370,   0.04158,   0.00306,   0.01007,  -0.05296,   0.02933,   0.03283,  -0.00044,  -0.05471,   0.05909,   0.03108,  -0.02845,   0.04333,   0.05909,  -0.00569,   0.02407,  -0.02845,   0.02057,   0.03458,   0.01007,   0.06784,   0.06959,  -0.06347,   0.00481,   0.02582,  -0.01269,   0.01707,   0.04858,  -0.01795,   0.10811,  -0.01269,  -0.01094,   0.05909,   0.04683,   0.09235,   0.00306,  -0.03195,  -0.00919,  -0.01795,   0.03108,   0.05734,  -0.01795,   0.00832,   0.00832,   0.04683,   0.02757,   0.02232,   0.06084,   0.02407,  -0.01795,   0.00131,   0.04858,   0.01532,   0.07310,   0.04683,  -0.03545,   0.06084,  -0.05997,  -0.02845,   0.02582,   0.00657,  -0.07222,  -0.06347,   0.07835,   0.00131,  -0.00569,   0.05034,  -0.01620,  -0.04771,  -0.06172,  -0.04246,  -0.01970,   0.05034,   0.02407,   0.02407,  -0.04421,   0.05209,   0.03633,   0.03808,  -0.00919,   0.02757,   0.02757,  -0.03721,   0.05209,  -0.03721,   0.06959,  -0.02495,  -0.00919,   0.08010,   0.04683,   0.02582,   0.04858,   0.11336,   0.00657,  -0.01444,   0.06259,  -0.00569,   0.01882,   0.06084,  -0.05822,   0.08010,  -0.05997,  -0.01444,   0.00832,  -0.05997,  -0.08273,  -0.00044,   0.03108,  -0.01970,   0.07485,  -0.03195,  -0.00919,  -0.02670,   0.02582,   0.03983,   0.02582,  -0.04771,  -0.03195,  -0.01620,  -0.07047,  -0.00569,   0.00131,  -0.01620,  -0.05997,   0.05909,  -0.00044,  -0.04421,   0.02057,   0.04333,  -0.06872,  -0.05121,   0.03983,   0.03108,  -0.00744,  -0.01444,  -0.01970,  -0.09498,  -0.01094,   0.00481,   0.00657,   0.06609,  -0.06172,  -0.00569,  -0.03195,  -0.06522,  -0.00569,   0.02757,   0.07835,  -0.01620,  -0.09323,   0.00306,  -0.04771,   0.02232,  -0.04771,  -0.04946,   0.05734,  -0.04946,   0.02933,  -0.02145,  -0.01620,  -0.04946,  -0.07572,   0.07485,   0.04158,  -0.01795,  -0.01970,   0.03983,   0.03633,   0.06259,  -0.07047,  -0.07922,  -0.11074,  -0.07397,  -0.04421,  -0.01269,   0.04158,   0.04858,   0.07660,  -0.04421,   0.02057,  -0.03896,   0.00657,   0.01182,   0.02232,   0.02232,  -0.02495,   0.01532,   0.01182,  -0.04946,  -0.04071,  -0.00744,  -0.01970,   0.03283,   0.00131,  -0.06522,   0.03108,  -0.00044,   0.02757,   0.00481,   0.07485,  -0.00044,  -0.01970,   0.03458,  -0.02845,   0.08010,   0.06784,   0.00832,  -0.11774,   0.00306,   0.00832,   0.03808,   0.01007,  -0.00394,  -0.01970,  -0.03545,   0.03458,   0.09761,  -0.03195,  -0.04771,  -0.07222,   0.02057,   0.05034,   0.05384,   0.01532,  -0.02145,  -0.00044,  -0.03721,  -0.05646,  -0.05646,  -0.06347,  -0.00044,  -0.02495,  -0.05471,  -0.07397,  -0.02670,   0.03983,   0.08010,   0.04858,   0.04858,   0.02933,  -0.02495,  -0.02845,  -0.02495,   0.01357,  -0.05471,  -0.02145,  -0.03721,   0.05734,  -0.01444,   0.01007,  -0.05822,   0.00657,  -0.00919,   0.06434,  -0.06872,  -0.01970,  -0.05646,  -0.02670,   0.07310,  -0.03545,  -0.04071,   0.01182,  -0.05646,  -0.09498,  -0.00919,   0.08360,  -0.05646,  -0.02320,  -0.00919,  -0.01269,   0.00306,   0.03633,  -0.04246,   0.05559,  -0.00044,  -0.00569,   0.04683,  -0.00394,   0.02933,  -0.05471,   0.01532,  -0.06522,   0.00657,   0.00306,   0.01532,   0.03283,  -0.01620,   0.01882,   0.01882,  -0.06872,  -0.05296,  -0.04071,  -0.00569,   0.02582,  -0.03195,   0.03458,   0.01532,  -0.02320,   0.02582,  -0.00219,  -0.06697,  -0.01444,   0.02057,   0.04858,   0.03983,   0.07310,  -0.00394,  -0.03195,   0.06959,  -0.10374,  -0.00394,  -0.02320,  -0.03020,   0.00306,  -0.03020,  -0.01269,   0.06259,  -0.08448,   0.01357,   0.02933,   0.03283,   0.08185,  -0.04071,  -0.04421,  -0.02845,  -0.06347,   0.03458,  -0.02145,  -0.06872,  -0.02320,  -0.00919,   0.03283,   0.01182,  -0.03721,  -0.00569,   0.05384,  -0.03721,   0.02582,  -0.00569,  -0.05997,  -0.05121,  -0.01444,   0.03633,  -0.01620,  -0.02845,  -0.00394,  -0.05822,  -0.04421,   0.04508,  -0.04596,  -0.05997,   0.02232,   0.01532,  -0.07397,   0.00832,   0.02582,   0.01007,   0.04333,   0.02933,   0.03108,   0.05734,  -0.03370,   0.11512,  -0.00219,  -0.05997,   0.04683,   0.09060,   0.03283,  -0.07922,  -0.08448,   0.00131,  -0.01269,   0.02232,   0.03633,  -0.01444,  -0.00569,   0.08360,  -0.00394,  -0.02845,  -0.03195,   0.07310,   0.01007,  -0.07047,   0.01532,   0.07135,  -0.08273,   0.10636,  -0.05822,   0.00306,   0.04158,   0.01007,   0.06609,   0.00657,  -0.00219,  -0.00919,   0.00306,   0.01007,  -0.02670,  -0.04771,   0.02933,   0.01182,  -0.00919,  -0.00744,   0.04333,  -0.03020,  -0.04946,   0.02757,  -0.01094,   0.02582,  -0.04596,   0.00131,  -0.01444,  -0.01269,   0.00657,  -0.07572,   0.03983,   0.02582,   0.03808,  -0.03545,  -0.00919,  -0.01094,  -0.06347,   0.01532,   0.00131,   0.02232,   0.05734,  -0.05296,  -0.00744,   0.02582,   0.02933,   0.14313,  -0.00044,   0.02057,   0.06609,  -0.03896,  -0.00394,  -0.02145,   0.03283,  -0.04596,  -0.01970,   0.03808,  -0.03896,  -0.03896,   0.13613,  -0.02495,  -0.07397,   0.12037,   0.03633,   0.01007,  -0.01094,  -0.03370,  -0.02845,   0.01532,   0.01532,   0.07310,  -0.03545,  -0.04421,   0.03808,   0.00131,  -0.02320,  -0.06172,   0.05209,  -0.03545,   0.02757,  -0.00394,  -0.03721,   0.02757
   0.00131,   0.03808,  -0.08098,   0.01532,  -0.05997,  -0.07922,  -0.01094,   0.06959,  -0.05822,   0.00481,   0.04683,   0.02757,  -0.00044,  -0.01970,  -0.03195,   0.00306,  -0.02145,  -0.01620,   0.06609,  -0.08098,   0.03108,   0.03283,  -0.13875,  -0.00569,   0.09936,  -0.07397,   0.01357,  -0.03020,   0.01182,   0.02232,  -0.06697,  -0.04071,   0.03108,   0.01182,   0.01357,   0.08010,  -0.06522,  -0.00569,   0.04508,   0.08010,   0.01532,   0.02933,  -0.03545,   0.00832,  -0.02845,  -0.05121,   0.03633,   0.02933,  -0.00919,   0.05559,  -0.02145,   0.01357,   0.02933,  -0.01269,  -0.02145,   0.05384,   0.00657,  -0.06522,   0.02057,  -0.03370,   0.01707,   0.06434,   0.05909,   0.01357,   0.01882,   0.00131,  -0.01795,   0.07485,  -0.03020,  -0.07747,   0.10636,   0.00131,   0.00306,   0.03983,   0.09586,   0.02757,  -0.00744,   0.02407,   0.01357,  -0.04246,   0.04508,  -0.00919,   0.00131,  -0.00219,   0.01707,  -0.05822,  -0.02145,  -0.05822,  -0.06347,  -0.01795,   0.00481,  -0.02320,   0.02407,  -0.02145,  -0.00744,   0.06609,  -0.00044,   0.01007,   0.02582,   0.04508,  -0.01970,  -0.06697,  -0.00919,   0.02933,   0.02757,  -0.02320,   0.01532,  -0.04071,   0.04508,  -0.08098,  -0.02845,   0.04333,   0.04683,   0.02057,   0.02057,  -0.03721,   0.01007,  -0.05646,  -0.04071,  -0.07922,  -0.00044,  -0.00919,  -0.01444,  -0.03370,  -0.10023,   0.03108,  -0.02670,  -0.03896,  -0.02670,   0.05734,   0.03108,   0.02407,  -0.06347,  -0.04946,   0.04333,   0.02407,   0.03983,  -0.01094,  -0.04596,  -0.04596,   0.02582,   0.01532,   0.00306,  -0.04071,  -0.11774,   0.05559,  -0.06522,  -0.01094,  -0.01620,   0.05384,   0.04158,  -0.01269,   0.06959,  -0.00219,  -0.07922,  -0.02670,   0.06784,   0.01182,   0.13788,  -0.00044,  -0.04946,  -0.00744,  -0.04246,   0.00306,   0.02933,  -0.01795,   0.01007,   0.02582,   0.00306,  -0.01269,   0.04333,   0.01707,   0.02232,  -0.01444,  -0.00219,  -0.09148,   0.02057,   0.01007,   0.00657,  -0.00919,  -0.07747,   0.00832,   0.08885,   0.09936,   0.04508,  -0.05646,  -0.03195,  -0.04596,   0.02057,   0.01532,  -0.03896,  -0.01269,   0.00657,  -0.00919,   0.02582,   0.01532,   0.05034,   0.02407,   0.01007,  -0.01970,  -0.01269,   0.06259,   0.03808,   0.00657,   0.00832,   0.01532,   0.01357,  -0.00919,   0.03108,  -0.00394,  -0.03896,  -0.04421,   0.04158,   0.04858,   0.01182,   0.00657,  -0.00569,   0.02057,   0.05209,   0.06609,   0.04333,   0.05384,   0.00131,   0.04858,  -0.11249,  -0.10549,   0.06959,   0.02057,  -0.05296,   0.00306,   0.00131,   0.00657,   0.02933,   0.08710,  -0.01094,   0.03458,   0.04508,  -0.02145,   0.04508,  -0.00569,  -0.00219,  -0.08448,   0.08185,  -0.02670,  -0.02845,   0.00481,   0.03808,  -0.06872,   0.06434,  -0.03721,  -0.03545,  -0.02670,  -0.03370,   0.04333,   0.01532,  -0.01795,   0.01182,  -0.05471,   0.00306,   0.01182,   0.04333,   0.08535,  -0.00394,  -0.00569,   0.03108,  -0.04596,   0.00657,  -0.00219,  -0.05296,   0.02232,  -0.05646,   0.04858,  -0.05471,   0.00657,   0.05559,   0.00832,  -0.00919,  -0.07222,   0.04333,   0.05559,   0.09586,   0.01357,  -0.00919,  -0.05997,   0.08885,  -0.01269,   0.05209,   0.02933,   0.00832,  -0.04421,   0.10286,   0.05034,   0.03108,  -0.01094,  -0.03195,   0.01707,  -0.06347,   0.01007,   0.01882,   0.02057,   0.02933,   0.02057,  -0.03370,   0.01532,   0.02407,   0.03283,   0.06434,  -0.04421,   0.02757,  -0.02320,  -0.01620,  -0.00744,  -0.01269,  -0.00394,   0.01007,  -0.01269,   0.01007,   0.02232,  -0.06347,  -0.04771,   0.01357,  -0.01970,   0.08535,   0.04508,  -0.08098,  -0.00569,   0.04333,  -0.00744,  -0.00919,  -0.00394,   0.01882,  -0.07047,  -0.05296,  -0.01444,  -0.05121,  -0.03721,  -0.00044,  -0.05822,   0.01007,  -0.01094,   0.08185,   0.02057,  -0.04246,   0.07135,  -0.03896,   0.03633,   0.06434,   0.01707,  -0.02145,   0.00481,  -0.02670,   0.02057,  -0.02320,   0.02757,  -0.00919,  -0.00919,  -0.03721,  -0.00394,   0.01532,  -0.03370,  -0.07747,  -0.05997,  -0.06697,  -0.05822,  -0.05296,   0.01357,  -0.01269,   0.02933,  -0.04246,  -0.03896,  -0.07222,   0.00131,   0.00481,   0.01182,  -0.01620,   0.02407,  -0.00919,   0.02933,   0.01707,  -0.00569,   0.05384,  -0.02320,   0.04333,  -0.01620,   0.04858,  -0.00569,  -0.07222,  -0.03020,   0.03633,  -0.01970,  -0.11249,  -0.09498,  -0.14050,  -0.03195,   0.02757,  -0.01269,  -0.08798,   0.00306,   0.02057,  -0.00394,  -0.07572,  -0.03020,  -0.05822,   0.03108,   0.06084,   0.09761,   0.03108,  -0.03020,  -0.02845,  -0.01444,  -0.06347,  -0.00919,  -0.02845,  -0.05646,  -0.05296,  -0.00919,  -0.01444,  -0.03370,   0.01882,  -0.02845,   0.02232,  -0.00919,  -0.05296,   0.05034,  -0.02845,  -0.00919,   0.04333,   0.01007,  -0.00044,  -0.02670,   0.01182,  -0.07572,   0.03108,  -0.02845,  -0.00219,  -0.00569,  -0.02845,   0.03983,   0.05909,   0.05384,  -0.00569,   0.06434,  -0.01444,  -0.03896,   0.02933,   0.03108,   0.02582,  -0.02670,   0.05034,  -0.01620,  -0.05646,  -0.08623,   0.02232,   0.03633,  -0.01970,  -0.08448,   0.00657,  -0.03020,  -0.02845,  -0.04421,   0.00657,  -0.01269,   0.05734,  -0.13350,   0.10986,   0.00832,  -0.02845,  -0.00044,   0.00481,   0.08885,   0.02933,  -0.01795,   0.01357,   0.07485,   0.04683,  -0.05822,  -0.01620,  -0.03545,  -0.01269,  -0.06697,   0.05734,   0.09235,   0.02757,   0.06959,  -0.07047,  -0.01795,  -0.00744,   0.06434,   0.04508,   0.01532,  -0.00744,   0.01182,   0.04858,   0.00306,   0.10286,  -0.02495,  -0.04946,   0.01882,   0.01707,   0.05559,  -0.01970,   0.02582,   0.01357,  -0.03020,  -0.01970,  -0.01269,  -0.03020,   0.01707,  -0.00744,  -0.06347,  -0.07572,  -0.02670,  -0.02670,   0.03108,  -0.00744,   0.03283,   0.07135,   0.01182,  -0.06347,  -0.00919,  -0.01269,   0.01882,  -0.05121,   0.03983,  -0.02845,  -0.00744,  -0.07922,   0.01707,   0.02757,   0.05034,  -0.04421,  -0.05471,  -0.03195,  -0.10724,   0.02407,  -0.04596,  -0.00044,   0.06609,   0.01532,  -0.01444,  -0.03721,   0.00657,   0.02407,   0.05034,  -0.01444,  -0.05646,   0.05909,   0.02407,   0.00657,   0.00832,  -0.02495,  -0.00044,   0.03458,  -0.01444,  -0.06522,   0.00131,  -0.02495,   0.02757,  -0.00044,  -0.06172,  -0.05121,  -0.02495,   0.03458,   0.00832,   0.05559,  -0.01795,  -0.00394,  -0.01269,   0.05384,  -0.05121,  -0.03195,  -0.00044,  -0.04246,   0.07835,   0.10986,  -0.04946,  -0.02670,  -0.01970,  -0.00569,   0.03808,  -0.03545,   0.08185,  -0.03195,  -0.02845,   0.06434,   0.01182,   0.03458,  -0.02145,  -0.05296,   0.01182,   0.09586,   0.08185,  -0.00744,   0.03983,   0.03808,  -0.02145,   0.01357,   0.02057,  -0.05646,   0.06959,  -0.01444,  -0.02145,   0.06084,  -0.02495,   0.10111,  -0.01795,   0.02933,   0.01357,   0.04158,  -0.02670,   0.05384,  -0.03195,  -0.06172,   0.02232,   0.05209,   0.04508,   0.03458,   0.02057,  -0.07747,   0.01707,   0.02057,   0.00657,  -0.07572,   0.00131,   0.06084,  -0.02145,   0.07135,   0.02407,   0.06084,   0.02582,  -0.05121,   0.00306,  -0.02495,  -0.01970,   0.01707,   0.01532,   0.00481,   0.09235,   0.03283,  -0.00044,  -0.02495,   0.12387,  -0.15101,  -0.05121,   0.04158,  -0.04596,  -0.04946,   0.00306,  -0.04596,  -0.00744,  -0.00044,   0.05034,   0.05559,  -0.02495,   0.06609,  -0.06172,   0.04858,   0.11161,  -0.04246,   0.07485,   0.05034,   0.02057,   0.00306,  -0.04421,  -0.03721,   0.02757,   0.03458,   0.05559,   0.01182,  -0.04421,  -0.01620,  -0.07572,  -0.04596,   0.00306,   0.02407,  -0.10199,  -0.10899,  -0.00919,  -0.06872,   0.02933,   0.01532,  -0.00044,   0.03108,   0.01357,  -0.05471,  -0.00744,  -0.01970,   0.03283,  -0.05121,  -0.00569,  -0.00044,   0.08535,  -0.02670,  -0.00569,   0.07835,  -0.06697,   0.04508,  -0.04596,   0.00657,   0.05734,  -0.03721,   0.02407,  -0.02145,   0.02407,  -0.00569,   0.02757,  -0.04421,  -0.04596,  -0.02845,   0.01707,   0.03633,   0.00657,  -0.00744,   0.00131,  -0.05822,  -0.07222,  -0.01269,  -0.06872,  -0.02845,  -0.03721,   0.03283,  -0.02670,  -0.05121,  -0.06522,   0.02057,   0.07135,  -0.07047,  -0.03545,  -0.00219,   0.05559,  -0.00919,   0.05734,  -0.00219,   0.03283,  -0.01269,   0.01357,  -0.00919,  -0.06872,  -0.04071,  -0.05121,  -0.05646,   0.08010,   0.00306,   0.01007,  -0.01795,  -0.01795,   0.03108,  -0.00919,  -0.05646,  -0.02145,  -0.00394,  -0.03721,  -0.04771,   0.02582,  -0.01795,   0.00481,  -0.00394,  -0.06347,   0.04683,  -0.06347,  -0.00919,  -0.03195,  -0.02845,  -0.03545,   0.02232,   0.06609,  -0.00919,  -0.05121,  -0.03896,  -0.12300,  -0.05471,  -0.00919,  -0.02145,   0.00306,  -0.00744,  -0.00394,   0.02232,  -0.01269,   0.04683,   0.01707,   0.00306,  -0.06522,   0.06784,   0.03283,   0.03108,  -0.00219,  -0.02320,   0.02407,  -0.01620,   0.02232,   0.08360,   0.03983,   0.03808,  -0.07397,   0.02933,   0.01357,   0.01882,  -0.05121,  -0.00569,  -0.00744,  -0.03545,  -0.01620,  -0.01795,  -0.01970,  -0.00744,   0.01182,   0.02933,   0.03983,  -0.01970,  -0.09848,   0.01882,   0.06084,   0.09411,   0.03108,   0.03283,  -0.02145,  -0.01620,  -0.00744,   0.02232,  -0.02145,   0.04683,   0.02933,   0.06959,  -0.01620,  -0.01620,   0.03633,   0.06259,   0.03808,   0.03283,   0.01007,   0.02933,  -0.01970,   0.00306,   0.04683,  -0.00044,  -0.02320,  -0.00919,  -0.04946,   0.00481,   0.07835,   0.00481,  -0.10549,  -0.05296,  -0.05121,   0.03283,  -0.02495,   0.06959,   0.05034,  -0.00919,   0.07660,   0.04683,  -0.03195,   0.01007,  -0.05997,  -0.01269,  -0.02495,   0.02057,   0.07485,   0.05209,   0.04333,  -0.02495,   0.00306,   0.01357,   0.00481,  -0.00219,  -0.09148,   0.03108,   0.03633,   0.01532,   0.03633,  -0.02495,   0.04508,  -0.03896,  -0.04421,  -0.07047,   0.04158,   0.03983,   0.04333,  -0.01795,  -0.00394,   0.02232,   0.02057,  -0.04596,   0.03808,   0.06259,  -0.02670,  -0.04771,   0.04158,   0.06959,   0.04683,  -0.03545,  -0.01094,   0.05034,   0.01007,   0.00832,  -0.05121,   0.02582,   0.10986,  -0.01795,   0.06609,  -0.03721,   0.03458,  -0.00919,  -0.02670,  -0.05296,  -0.01269,   0.02933,  -0.02670,   0.11687,   0.04158,  -0.07397,  -0.08273,  -0.03370,  -0.02845,   0.01707,  -0.00219,   0.05209,  -0.08098,   0.06434,  -0.04946,   0.07135,   0.04333,   0.09060,  -0.00394,   0.03108,   0.07485,   0.00306,   0.05384,  -0.04771,  -0.00569,   0.01707,   0.00832,   0.00306,   0.02933,   0.01182,  -0.03020,   0.03283,   0.01007,   0.03283,  -0.06872,   0.13437,  -0.09498,  -0.02145,  -0.06347,  -0.01094,   0.01532,  -0.06172,   0.05734,  -0.01444,  -0.00569,   0.05209,   0.11161,   0.06084,   0.01182,  -0.04246,  -0.02845,   0.02933,  -0.00219,   0.03283,  -0.11074,  -0.06347,  -0.02320,   0.06609,   0.00657,   0.04683,   0.02057,   0.04858,   0.00306,   0.06609,   0.06259,   0.01182,  -0.04596,   0.04508,   0.01182,  -0.05822,  -0.02670,   0.05559,   0.03283,  -0.01444,  -0.00219,  -0.00569,  -0.04596,   0.03283,  -0.06522,  -0.00569,   0.03458,   0.07135,  -0.05296,  -0.03195,  -0.01444,  -0.10549,  -0.01795,   0.01882,  -0.03370,  -0.02495,   0.01882,  -0.03370,   0.06084,   0.07310,  -0.02670,  -0.03545,   0.13963,  -0.10724,   0.03983,   0.08185,   0.03458,   0.00657,   0.01707,   0.02232,  -0.03545,  -0.03020,   0.01007,   0.00832,   0.09235,   0.09761,   0.03808,  -0.01620,  -0.04421,  -0.03020,  -0.07572,  -0.00044,  -0.02320,  -0.00044,  -0.08798
   0.02407,  -0.00919,   0.01882,  -0.00219,   0.03983,  -0.01444,  -0.03370,  -0.01094,   0.04858,   0.04858,   0.02232,  -0.01269,  -0.05121,   0.04508,   0.00306,  -0.00219,  -0.01444,  -0.07047,  -0.03020,   0.02582,  -0.10023,  -0.01444,  -0.00569,  -0.05646,   0.02057,   0.04158,   0.02057,  -0.02145,   0.06784,   0.07485,  -0.02845,  -0.01269,   0.03983,   0.00481,  -0.05471,   0.01707,   0.02407,  -0.02670,  -0.07397,  -0.10374,  -0.01795,  -0.01795,   0.00306,  -0.08098,   0.04158,  -0.02495,   0.05209,   0.06084,  -0.02320,  -0.03721,  -0.06347,  -0.00044,   0.00481,  -0.03020,  -0.03896,   0.03983,  -0.00394,  -0.02845,  -0.04596,  -0.00394,   0.04158,   0.01357,  -0.04946,  -0.05822,   0.02582,   0.03108,  -0.01269,  -0.07572,  -0.03370,  -0.03896,  -0.01620,  -0.07047,  -0.02670,   0.07835,   0.06259,   0.00131,  -0.01970,   0.00131,  -0.03020,   0.02407,   0.00131,   0.01532,  -0.01795,  -0.09848,   0.02407,   0.05909,  -0.00394,  -0.02320,   0.02757,   0.04158,   0.02933,  -0.05121,   0.03108,  -0.02495,  -0.04946,   0.02757,  -0.00394,   0.00481,   0.06084,  -0.00744,   0.01007,  -0.03721,   0.01182,   0.08360,  -0.02320,  -0.00569,  -0.00044,   0.04158,  -0.03020,   0.01357,   0.01182,   0.04508,  -0.04071,   0.03458,  -0.08448,  -0.03195,   0.04508,   0.02057,  -0.01444,  -0.00919,  -0.02845,   0.07835,   0.02232,   0.00306,  -0.00744,   0.03633,  -0.04071,  -0.03545,  -0.06522,  -0.01444,  -0.02845,   0.00481,  -0.02845,   0.01357,   0.00832,   0.00306,  -0.02495,   0.04858,  -0.03020,   0.00657,   0.04333,  -0.00919,  -0.01269,  -0.03896,   0.01357,  -0.02495,  -0.02145,  -0.02495,   0.01707,   0.03633,  -0.06522,  -0.03896,  -0.04771,  -0.00569,  -0.05296,  -0.00219,  -0.03721,   0.01532,  -0.04246,  -0.06872,   0.08710,  -0.01269,  -0.04596,  -0.02495,   0.03808,  -0.01795,  -0.02845,  -0.06872,   0.02407,  -0.06697,  -0.00219,   0.00481,   0.08885,   0.00657,   0.00306,   0.00306,   0.02232,   0.02407,   0.06259,  -0.01620,   0.03983,  -0.01795,  -0.00744,  -0.00919,  -0.05121,  -0.03195,   0.09936,  -0.06522,  -0.04946,   0.04683,  -0.04946,   0.08360,  -0.01269,  -0.06522,   0.02757,   0.02757,  -0.03545,  -0.01269,   0.01357,  -0.03896,   0.01182,  -0.04246,   0.06259,   0.08010,   0.00832,   0.06609,   0.06084,  -0.07922,   0.01357,  -0.03370,  -0.04946,   0.02757,   0.02582,  -0.01970,  -0.02495,  -0.01094,   0.08185,  -0.01970,   0.01532,  -0.03370,   0.01182,  -0.04246,  -0.05296,  -0.01444,  -0.03020,  -0.03020,   0.07310,  -0.02495,   0.05559,   0.01357,   0.03633,  -0.04071,  -0.01970,  -0.08098,   0.07835,  -0.10199,   0.00657,  -0.04071,  -0.00044,   0.02582,   0.01707,  -0.01094,  -0.00044,   0.02582,  -0.06697,   0.04333,   0.01007,  -0.07222,   0.03808,  -0.03545,  -0.00044,  -0.02320,   0.00832,   0.03633,   0.00306,  -0.01444,   0.01357,  -0.02495,  -0.01970,  -0.01795,   0.02582,  -0.00044,   0.02757,  -0.02145,   0.05909,   0.01882,   0.01532,  -0.02670,  -0.00219,   0.01182,   0.00657,   0.02407,  -0.00219,  -0.01269,  -0.03545,  -0.06522,   0.04508,   0.02582,  -0.00044,   0.02057,   0.00481,   0.01357,  -0.01970,   0.03633,   0.01882,   0.01532,   0.06959,  -0.02145,   0.01882,   0.01707,   0.08535,  -0.01094,  -0.05296,   0.02757,   0.02057,  -0.00394,   0.04858,  -0.00569,   0.08010,   0.01182,  -0.00744,  -0.00744,  -0.07222,  -0.03721,   0.03983,  -0.02145,  -0.05997,  -0.02320,  -0.04596,  -0.04771,  -0.01795,  -0.02670,  -0.04771,   0.00657,  -0.02320,  -0.03370,  -0.03195,   0.03283,  -0.03545,   0.05734,  -0.05296,   0.00832,  -0.01094,   0.03633,  -0.05296,  -0.00394,   0.00131,   0.02757,  -0.01094,   0.02407,  -0.01269,   0.02757,   0.05209,   0.04858,   0.02057,   0.05034,   0.02757,   0.05734,  -0.13350,   0.05734,  -0.06872,   0.00481,  -0.01970,   0.02582,  -0.01970,  -0.01795,   0.00306,  -0.00569,   0.01007,   0.02582,  -0.03721,   0.07485,   0.08360,  -0.03020,  -0.01094,  -0.04946,   0.01357,   0.00481,   0.03283,   0.01182,   0.07310,   0.02232,   0.01182,  -0.09673,  -0.00219,  -0.08448,   0.05034,   0.03983,   0.02407,  -0.05121,   0.07660,   0.01007,   0.04158,  -0.01620,   0.02757,   0.07660,   0.01532,   0.03283,   0.00657,  -0.02845,   0.06959,   0.05559,  -0.00394,   0.01532,  -0.02145,   0.00832,   0.02057,   0.01532,   0.02057,   0.01707,   0.06784,   0.02933,   0.02582,  -0.06347,   0.02582,   0.03633,  -0.04421,  -0.03896,  -0.07397,   0.07135,  -0.00394,  -0.00919,  -0.05296,  -0.01094,  -0.00919,  -0.01970,   0.06259,  -0.01444,   0.02232,   0.05909,   0.02933,  -0.02145,   0.03633,  -0.08973,  -0.03545,   0.01707,  -0.04246,  -0.01620,  -0.01094,   0.04508,  -0.03020,  -0.04246,  -0.02145,   0.05034,  -0.00744,  -0.00569,  -0.02495,  -0.02320,   0.03458,   0.03283,   0.03458,   0.08360,   0.00131,  -0.00919,  -0.01444,   0.00306,   0.03983,  -0.01795,  -0.00744,   0.00481,  -0.02495,   0.04683,  -0.04946,   0.05384,   0.01357,   0.00131,   0.05209,   0.03633,  -0.02495,  -0.06347,   0.01007,  -0.02495,   0.01707,   0.01532,  -0.04071,  -0.06697,   0.01707,  -0.01269,   0.02232,   0.00657,   0.09761,  -0.00219,  -0.05296,  -0.01094,  -0.00394,   0.00131,   0.07310,  -0.02495,   0.05909,  -0.06522,  -0.06347,  -0.12475,  -0.04071,   0.11862,  -0.03370,   0.01532,   0.06084,   0.02757,  -0.02495,   0.02057,  -0.04246,   0.04683,  -0.00919,   0.01882,   0.00306,   0.00306,  -0.00569,   0.04333,  -0.03721,   0.05909,   0.02057,   0.01182,  -0.01094,  -0.01620,   0.00306,   0.08535,   0.00832,   0.05034,  -0.05646,  -0.06872,   0.02582,   0.03458,  -0.01970,  -0.07572,  -0.06347,  -0.04946,  -0.00744,   0.11161,   0.05559,   0.03108,   0.05384,  -0.06872,  -0.07922,  -0.02320,   0.12037,   0.00657,  -0.00569,   0.05034,   0.02057,   0.02582,  -0.03545,   0.06784,   0.01882,   0.02057,   0.04683,  -0.02495,   0.01882,   0.03983,   0.04858,  -0.01269,  -0.04246,   0.03108,  -0.02670,  -0.03195,   0.00131,  -0.06347,   0.02407,   0.03458,  -0.04421,  -0.02145,   0.05209,   0.03633,   0.00832,  -0.03195,  -0.08448,   0.00657,  -0.00744,   0.00481,  -0.01620,  -0.01620,   0.00131,   0.02407,  -0.08623,  -0.06697,  -0.02495,   0.01357,   0.05909,   0.08885,  -0.05822,  -0.04596,  -0.00919,   0.08710,   0.02933,  -0.04596,  -0.03370,   0.00131,   0.02933,   0.01882,   0.04158,   0.00481,   0.00657,  -0.01795,   0.02757,  -0.05471,   0.04858,   0.02933,  -0.01970,   0.01007,   0.03808,  -0.06697,   0.00131,   0.00306,  -0.01444,   0.02933,   0.00481,  -0.02670,  -0.06172,   0.04508,   0.02933,   0.02757,   0.00131,   0.04683,  -0.09498,  -0.08623,  -0.02670,   0.02933,  -0.10374,   0.01882,  -0.05121,  -0.00919,  -0.08273,  -0.01269,  -0.05997,  -0.05471,  -0.05471,  -0.02320,  -0.05121,  -0.00394,   0.06609,  -0.00394,   0.02582,  -0.03195,  -0.02145,  -0.03545,   0.00481,  -0.00569,   0.00481,   0.02407,   0.02057,  -0.02845,   0.01532,  -0.02845,   0.02407,   0.00131,  -0.08448,  -0.01795,   0.04158,  -0.03545,   0.06259,   0.01532,   0.05209,  -0.02670,   0.05209,   0.03108,   0.06434,   0.00657,   0.02057,   0.02582,   0.00481,  -0.03896,   0.04508,   0.03458,  -0.04071,  -0.08623,   0.01007,   0.05209,   0.07485,   0.05559,  -0.03721,   0.03108,   0.05209,   0.04683,  -0.06347,   0.00481,   0.01882,  -0.01269,   0.02582,   0.00131,  -0.05822,   0.03108,  -0.01444,  -0.03896,  -0.00219,  -0.04596,  -0.01795,  -0.04246,  -0.00219,  -0.03370,  -0.10549,  -0.03195,   0.05559,  -0.05121,   0.02057,  -0.00744,   0.02933,  -0.01620,   0.05559,  -0.05471,   0.00832,  -0.00219,  -0.02845,   0.02232,  -0.00569,  -0.09323,  -0.01094,  -0.06347,   0.00481,  -0.00044,  -0.05997,  -0.00919,  -0.06697,  -0.02320,   0.03983,   0.03108,  -0.08098,  -0.00394,   0.04683,   0.02933,   0.02407,   0.00131,  -0.01094,   0.00481,   0.00657,  -0.03020,  -0.03020,   0.04333,  -0.07047,   0.05209,   0.06959,  -0.01970,   0.00306,  -0.03195,  -0.10023,  -0.02495,  -0.04071,   0.06434,   0.00131,   0.04858,  -0.01620,   0.03983,   0.05559,   0.03633,  -0.05296,   0.07485,  -0.06522,   0.04858,  -0.03721,   0.00832,  -0.05121,   0.02582,   0.02407,  -0.05121,  -0.06872,  -0.04596,   0.00832,   0.01007,   0.02057,  -0.11599,   0.08360,  -0.00919,  -0.01795,   0.04683,  -0.01444,  -0.01094,   0.01532,   0.02057,  -0.02145,  -0.03545,   0.06084,   0.05734,  -0.01094,  -0.00569,  -0.01620,  -0.05296,  -0.00744,   0.04333,   0.02407,  -0.00394,  -0.07397,   0.05384,  -0.01620,  -0.09323,  -0.03896,  -0.03020,   0.04858,   0.03283,  -0.04946,  -0.06172,  -0.01970,   0.04333,   0.09411,   0.12562,   0.00481,   0.12037,  -0.00569,  -0.04771,   0.04333,   0.02407,   0.03633,   0.02057,  -0.10549,   0.06609,  -0.00394,   0.03633,   0.06434,  -0.01970,  -0.02495,   0.07835,   0.00832,  -0.06172,   0.03633,  -0.01970,   0.04508,  -0.05296,  -0.03721,   0.03808,  -0.01795,  -0.04246,  -0.00044,  -0.06347,   0.03108,  -0.01795,   0.00131,  -0.01094,  -0.01444,  -0.01970,   0.00131,  -0.02670,  -0.01269,   0.01182,  -0.03195,   0.01182,   0.04333,  -0.00044,  -0.00744,   0.04508,  -0.04771,   0.02407,  -0.01970,  -0.01970,  -0.05646,   0.03108,  -0.08623,   0.07310,   0.00832,   0.09586,  -0.05471,  -0.07397,   0.05559,   0.02407,   0.01182,  -0.06522,  -0.00569,   0.07310,  -0.08273,  -0.04946,  -0.03896,  -0.03195,  -0.03370,  -0.02670,   0.01182,  -0.03370,  -0.00394,  -0.01970,   0.04333,   0.02232,   0.03633,  -0.03195,   0.03633,  -0.02145,  -0.00919,  -0.06172,  -0.07922,   0.07485,   0.00832,   0.03108,  -0.01444,   0.02057,  -0.00394,   0.09586,  -0.03195,   0.00306,  -0.01444,   0.08535,   0.00832,  -0.01444,  -0.07572,   0.02232,   0.04508,  -0.01444,   0.00481,   0.01707,   0.08710,  -0.01970,   0.02933,   0.05909,  -0.00219,  -0.06522,  -0.00569,   0.00657,   0.08360,   0.03633,   0.02757,  -0.00044,  -0.02320,  -0.03721,   0.00131,  -0.01269,   0.02057,  -0.00744,  -0.00044,   0.02232,  -0.00044,   0.00657,  -0.05121,  -0.09673,  -0.00394,   0.02933,   0.02933,  -0.00219,  -0.06347,   0.04158,  -0.02495,   0.00481,   0.06959,   0.03283,   0.08010,   0.00306,  -0.00219,   0.06609,   0.01357,   0.02582,  -0.01269,  -0.06697,  -0.00744,  -0.07922,  -0.01094,  -0.04596,  -0.04421,  -0.05646,   0.07485,  -0.03195,  -0.02320,  -0.01444,  -0.03195,  -0.02670,  -0.00919,   0.00832,   0.06259,   0.04858,   0.08185,  -0.02495,  -0.03896,  -0.02495,  -0.01620,   0.00306,   0.07310,  -0.05822,   0.02232,   0.03458,  -0.01970,  -0.11774,  -0.02320,   0.12037,   0.03458,   0.00481,  -0.01094,   0.03633,   0.00481,   0.00481,   0.00832,   0.01357,  -0.03020,   0.01007,   0.08360,  -0.01795,   0.02582,  -0.03020,   0.03108,   0.00306,  -0.00569,  -0.03020,  -0.01795,   0.06609,  -0.02145,  -0.03020,  -0.03195,   0.01882,  -0.03545,  -0.03721,   0.10461,   0.02057,   0.03808,  -0.04071,   0.03458,   0.00131,  -0.00569,  -0.02495,  -0.07572,   0.05909,  -0.02320,  -0.04771,   0.05559,   0.02232,  -0.01094,  -0.02145,  -0.05296,  -0.01970,   0.08360,   0.00657,  -0.02845,   0.07310,  -0.01444,   0.08535,   0.06259,  -0.04771,   0.01532,   0.00131,   0.04333,  -0.02495,   0.01182,  -0.04771,  -0.02495,  -0.08098,   0.01707,  -0.02670,   0.03983,  -0.01094,  -0.03545,  -0.04771,   0.00306,   0.03983,   0.00832,  -0.05997,  -0.02495,  -0.01094,   0.00131,   0.07660,   0.02757,   0.03983,  -0.02145,   0.08710,  -0.02495,  -0.00569
  -0.00219,   0.01357,  -0.08973,  -0.04071,  -0.02320,   0.04508,   0.01357,   0.05209,   0.02407,  -0.00569,   0.01882,   0.01882,  -0.01970,  -0.04246,  -0.09323,   0.00306,   0.00131,   0.00832,  -0.04246,  -0.07747,   0.07835,  -0.02495,  -0.04071,  -0.05296,   0.00131,  -0.02495,   0.03458,  -0.03370,  -0.02495,   0.00832,   0.00657,   0.03108,  -0.03195,   0.01357,  -0.05471,  -0.00569,   0.01007,  -0.00569,  -0.04071,   0.04158,   0.08885,   0.01007,   0.06084,  -0.09148,  -0.02145,  -0.12825,  -0.05646,   0.03458,  -0.02495,   0.03633,  -0.05296,   0.00657,   0.05559,   0.11161,  -0.02145,   0.02757,  -0.05822,  -0.05997,  -0.03370,  -0.05997,   0.07310,   0.13788,  -0.01269,  -0.04071,  -0.00394,   0.09060,  -0.03195,   0.04858,  -0.04246,  -0.00044,   0.05034,   0.01532,  -0.00744,   0.01007,   0.02057,  -0.08973,   0.08535,  -0.06522,  -0.09148,  -0.01269,   0.00481,   0.02407,   0.02582,  -0.05997,  -0.04071,   0.08710,  -0.04071,   0.07310,  -0.02145,  -0.06872,  -0.02495,  -0.03195,   0.02757,   0.09586,   0.00306,   0.02407,   0.00306,  -0.01269,  -0.04421,  -0.00394,   0.05034,  -0.00394,  -0.02495,   0.11336,  -0.00394,  -0.03721,  -0.01094,   0.01707,   0.01357,   0.03283,  -0.07222,   0.05734,   0.01882,  -0.03545,   0.03633,  -0.07047,   0.03983,   0.04508,   0.03633,  -0.00569,  -0.02495,   0.02933,   0.08535,  -0.01970,  -0.03721,   0.00131,  -0.01094,   0.02582,  -0.01444,  -0.08623,  -0.01444,   0.02057,  -0.00919,   0.03458,   0.01532,  -0.08448,   0.03633,   0.01532,  -0.01094,  -0.01795,   0.02933,   0.00306,  -0.03896,  -0.02145,  -0.01795,  -0.05471,  -0.00744,   0.00832,   0.01357,  -0.03195,  -0.00044,  -0.06522,  -0.03020,   0.02757,  -0.08273,   0.02407,   0.04683,   0.02757,   0.08360,  -0.08448,  -0.00219,   0.07310,  -0.00219,  -0.01620,  -0.01444,  -0.00044,  -0.06172,   0.07485,   0.04158,   0.00657,   0.00131,   0.00481,   0.02232,   0.09586,  -0.00569,  -0.04071,  -0.00219,   0.06084,   0.05909,  -0.08098,  -0.01269,   0.00657,   0.02232,   0.08185,   0.04508,  -0.04946,   0.01007,   0.01882,   0.02757,   0.03108,  -0.03545,  -0.04771,   0.02582,  -0.07572,   0.07135,   0.09936,   0.04683,   0.10636,  -0.05121,   0.08010,   0.06784,  -0.03896,  -0.05296,  -0.03545,   0.01882,   0.03808,  -0.01970,  -0.08798,  -0.04246,   0.03108,  -0.00919,   0.03633,  -0.03020,  -0.02495,   0.05034,  -0.01269,  -0.05296,  -0.02670,   0.01182,  -0.03020,   0.11512,  -0.03020,   0.02232,  -0.00219,  -0.06697,  -0.03195,   0.03983,  -0.00919,   0.00481,  -0.02495,  -0.07222,  -0.04596,   0.02582,  -0.04771,   0.08885,   0.03108,   0.01357,  -0.02320,   0.01532,  -0.00044,   0.05909,  -0.04246,   0.06609,  -0.04946,   0.03283,  -0.03896,  -0.00744,   0.01182,   0.00657,  -0.01269,   0.10111,   0.00657,   0.00481,   0.06259,  -0.00569,  -0.01970,  -0.03370,   0.00481,   0.06434,   0.00131,   0.01182,   0.05034,  -0.01094,   0.01532,  -0.02320,   0.01182,   0.05734,   0.05209,  -0.04071,   0.03633,   0.00131,  -0.00394,  -0.08798,  -0.09498,  -0.03896,   0.02232,  -0.01620,  -0.04071,   0.02582,  -0.01444,   0.08010,   0.02232,   0.00832,   0.00832,  -0.03721,   0.03108,  -0.02670,   0.06434,  -0.02145,  -0.01795,   0.10111,  -0.04946,   0.00832,   0.06784,   0.00131,  -0.03370,   0.04683,   0.03633,   0.02232,  -0.03545,   0.00657,   0.05034,  -0.03195,   0.00657,   0.01357,   0.01182,   0.05734,  -0.00394,  -0.04421,  -0.04596,  -0.00219,   0.07485,  -0.01970,  -0.04596,  -0.05296,   0.03983,   0.05559,   0.05034,   0.01182,   0.04508,  -0.03020,  -0.03195,   0.11336,  -0.03370,  -0.02670,   0.02057,   0.00657,  -0.01094,   0.01707,   0.06609,  -0.03195,   0.03283,  -0.00219,  -0.01444,   0.02933,   0.00306,  -0.01269,   0.05209,  -0.06697,  -0.04771,  -0.01970,  -0.03020,   0.01182,   0.03108,   0.05559,   0.09411,   0.07660,  -0.08973,   0.06084,   0.03283,  -0.06522,  -0.02845,   0.06959,   0.12562,  -0.00919,  -0.01620,   0.03108,   0.01357,   0.03108,  -0.03195,  -0.00919,   0.05384,  -0.04596,   0.05734,  -0.06697,  -0.00044,  -0.03721,   0.05559,  -0.04596,  -0.01620,  -0.01444,  -0.06522,   0.00481,  -0.05471,   0.03808,   0.06609,   0.06084,   0.11512,  -0.02495,   0.06959,   0.01882,   0.00657,  -0.01094,  -0.00919,  -0.01620,  -0.02495,  -0.02670,   0.02757,  -0.05296,   0.11862,   0.02582,   0.00131,  -0.02845,   0.04158,   0.08535,  -0.04946,  -0.01620,  -0.00219,   0.03283,   0.01532,   0.00657,   0.00306,   0.02757,  -0.03896,   0.01182,   0.02407,   0.05384,  -0.01795,  -0.06697,  -0.00919,  -0.05471,   0.06259,  -0.02495,   0.02232,   0.01882,   0.06784,  -0.05646,  -0.08623,  -0.00394,  -0.02320,  -0.04771,  -0.04246,  -0.15101,  -0.01269,  -0.03370,   0.04333,   0.04158,  -0.11599,   0.05384,   0.00657,   0.03283,  -0.09148,  -0.09673,  -0.02320,   0.02057,  -0.00744,   0.03808,   0.05559,  -0.02495,   0.01707,   0.02407,  -0.09673,   0.06609,  -0.04946,   0.03108,  -0.02845,  -0.02670,   0.06609,   0.02232,   0.07135,  -0.05822,   0.01882,   0.08360,   0.04158,  -0.02495,  -0.00219,   0.02232,   0.06959,  -0.02670,   0.00832,   0.03633,  -0.02495,   0.03983,  -0.06172,  -0.04596,   0.01707,  -0.01444,  -0.13350,   0.01357,   0.00832,   0.09411,   0.03808,   0.04683,  -0.03896,  -0.05822,   0.02232,  -0.04071,  -0.05997,  -0.04771,  -0.04246,  -0.01620,  -0.04771,  -0.01269,   0.02582,  -0.01620,   0.05559,   0.04333,  -0.03545,   0.06434,   0.02232,  -0.03370,   0.06084,  -0.02845,   0.09586,   0.00131,   0.03283,   0.07485,   0.09936,   0.07660,  -0.01795,   0.00481,   0.01707,   0.03108,   0.01357,  -0.03195,  -0.09848,   0.03633,   0.06259,  -0.00744,   0.01532,  -0.02495,   0.07135,  -0.02845,  -0.00919,   0.01707,  -0.09498,   0.02232,  -0.05997,   0.05909,   0.01707,   0.04508,  -0.04246,  -0.02320,   0.04333,  -0.02145,  -0.04071,  -0.03545,   0.02757,   0.03108,   0.02582,  -0.01444,   0.02757,   0.01532,   0.06959,   0.00131,   0.01532,  -0.01444,  -0.03020,  -0.08273,   0.00657,   0.02933,  -0.00219,  -0.01970,   0.06784,  -0.01444,   0.02407,  -0.04771,  -0.01269,   0.05559,   0.03983,  -0.02320,  -0.05822,  -0.04771,   0.01182,   0.01882,   0.01007,  -0.05646,   0.03633,  -0.02145,   0.05034,  -0.02495,  -0.05646,   0.04158,   0.00657,  -0.00044,  -0.01620,  -0.02670,  -0.00919,   0.02407,   0.02232,  -0.02495,  -0.01795,   0.01182,   0.01882,   0.06959,  -0.01795,   0.06959,  -0.00394,  -0.06172,  -0.08623,   0.03633,   0.05909,   0.05384,   0.00832,   0.03983,   0.00481,   0.00481,   0.06434,   0.01882,   0.03983,  -0.00569,   0.08360,  -0.01620,  -0.00919,  -0.01620,  -0.00219,  -0.06872,  -0.01094,  -0.02845,  -0.01620,  -0.03195,   0.03458,  -0.04596,  -0.00569,  -0.00919,  -0.04421,   0.07485,   0.01357,  -0.00569,  -0.01620,  -0.02845,  -0.07747,  -0.03020,  -0.01620,  -0.03370,   0.07135,   0.03633,   0.02757,   0.01882,  -0.01970,  -0.02670,  -0.07747,  -0.01795,   0.04508,   0.04158,  -0.08798,  -0.02845,  -0.03370,   0.06259,  -0.03721,  -0.02670,  -0.04071,   0.05734,  -0.04771,  -0.04421,   0.01532,  -0.02670,  -0.00744,  -0.00569,   0.02933,   0.04683,   0.08885,  -0.06697,  -0.07747,   0.01532,  -0.04246,  -0.00394,   0.03108,   0.03633,  -0.03721,   0.02933,   0.04858,  -0.04596,  -0.00744,   0.02407,  -0.08448,   0.00832,  -0.01094,  -0.01094,   0.12212,  -0.03195,   0.04158,  -0.03896,  -0.06697,   0.01882,   0.01357,  -0.00919,  -0.01970,   0.03633,   0.05034,   0.03458,  -0.00744,   0.00306,  -0.02320,  -0.01620,   0.06609,  -0.03545,   0.03633,   0.02232,   0.01357,  -0.00744,   0.00657,  -0.00919,   0.10111,  -0.02145,   0.05034,   0.01182,   0.01357,   0.01007,   0.12037,   0.02757,   0.04333,   0.07485,  -0.10199,   0.07835,  -0.01269,  -0.05471,  -0.02670,   0.02933,   0.00306,  -0.04246,   0.01182,  -0.06872,  -0.04596,   0.06259,  -0.05997,  -0.03020,  -0.02320,   0.02933,   0.06609,  -0.01094,  -0.02145,   0.01357,   0.00832,   0.06259,  -0.02670,  -0.03195,  -0.00394,  -0.01094,   0.01357,   0.06609,   0.08885,  -0.04946,   0.04333,   0.04508,  -0.04771,  -0.00569,   0.00657,  -0.02320,   0.00306,   0.10111,   0.07135,  -0.05121,  -0.03896,   0.07835,   0.00481,  -0.05646,  -0.05121,  -0.00744,  -0.07922,  -0.00744,  -0.00919,   0.09586,   0.01007,  -0.05646,   0.03108,  -0.06872,  -0.05121,   0.01532,   0.04683,   0.02407,  -0.00744,   0.02582,  -0.02845,   0.03808,   0.02933,   0.02582,  -0.05471,   0.03283,   0.00657,  -0.04421,   0.02232,  -0.05997,  -0.05646,  -0.05471,  -0.00919,   0.02757,  -0.02670,  -0.01970,  -0.02145,   0.00657,  -0.03896,   0.06084,   0.12912,  -0.01094,  -0.03545,   0.06959,   0.02407,   0.02057,  -0.04071,  -0.08098,  -0.02495,   0.04333,  -0.03020,  -0.02670,   0.08885,   0.06259,   0.07135,   0.02933,  -0.00569,  -0.00919,   0.03983,   0.05909,   0.02407,  -0.00569,   0.00832,  -0.03721,   0.01882,   0.04333,   0.03108,  -0.07572,  -0.00919,  -0.04771,  -0.00919,   0.02057,   0.02582,   0.01707,   0.05909,  -0.06522,  -0.00569,  -0.01795,  -0.03721,  -0.03370,  -0.04071,  -0.01094,  -0.00569,   0.01357,   0.00657,   0.04508,   0.00832,  -0.03195,   0.01532,   0.02232,   0.02933,  -0.07747,   0.07835,  -0.00744,  -0.00394,  -0.02145,  -0.07047,   0.07135,   0.04508,   0.06609,  -0.01269,   0.01007,  -0.01970,  -0.00394,   0.00306,  -0.02320,  -0.06872,  -0.02145,  -0.06697,   0.03983,   0.00481,   0.01882,  -0.01795,   0.00481,   0.00306,   0.05559,  -0.03545,  -0.07397,   0.02232,  -0.07047,  -0.02495,   0.06959,   0.01007,  -0.01620,   0.06609,   0.08010,   0.00131,   0.13613,   0.01707,   0.00657,   0.00131,   0.01882,  -0.01970,  -0.00569,   0.06784,  -0.01094,   0.03983,  -0.05822,  -0.03370,   0.02057,  -0.01269,   0.01182,  -0.04596,  -0.02670,   0.03808,   0.03108,  -0.01444,   0.02757,   0.02232,   0.08360,   0.01007,  -0.00044,  -0.02320,  -0.03545,   0.05209,  -0.01620,   0.00481,  -0.00569,   0.00657,  -0.03195,  -0.01620,  -0.07047,   0.00481,  -0.00744,  -0.02320,  -0.03721,   0.05559,   0.00131,   0.01182,   0.03108,  -0.02145,  -0.01970,   0.02057,  -0.04246,  -0.02670,   0.08010,   0.00657,  -0.09498,   0.01007,   0.03283,  -0.04421,   0.08360,   0.03808,   0.00657,   0.10811,   0.03983,  -0.00219,   0.02933,   0.00306,   0.08360,  -0.01795,  -0.03545,   0.07660,  -0.07922,   0.02057,   0.01532,  -0.02145,   0.03458,  -0.00044,  -0.04071,  -0.06347,  -0.02495,   0.01357,  -0.04071,  -0.02495,  -0.00569,   0.00306,   0.04158,   0.08360,   0.01532,   0.06259,   0.08010,   0.03283,  -0.01269,  -0.00744,   0.07485,  -0.04946,  -0.00394,  -0.01269,   0.06259,  -0.05296,   0.04158,   0.03458,  -0.05997,  -0.03721,  -0.01444,   0.00306,   0.02757,   0.03458,   0.07310,   0.07660,  -0.01970,   0.03983,  -0.00569,  -0.00744,   0.02232,   0.05909,  -0.03545,  -0.05296,  -0.00044,  -0.03721,  -0.00569,  -0.04246,  -0.04946,   0.02933,  -0.11949,   0.07485,  -0.14576,   0.03983,   0.01882,   0.01707,  -0.00744,   0.02407,   0.03808,  -0.01094,  -0.05471,  -0.04946,  -0.01620,  -0.05997,  -0.03020,  -0.02845,  -0.01620,  -0.03020,  -0.02320,  -0.02845,   0.00306,   0.05734,   0.06959,  -0.04071,  -0.01269,   0.06609,  -0.03370,   0.00131,  -0.05471,   0.00657,  -0.08623,  -0.00569,  -0.07922,  -0.00219,   0.03633,  -0.00044,  -0.01795,  -0.06347,   0.04333,   0.00306,  -0.05997,  -0.05121,   0.04858,  -0.03721,  -0.02145,   0.01357
  -0.03020,  -0.00744,  -0.10023,  -0.00744,  -0.01094,   0.00306,  -0.10023,  -0.00044,  -0.00394,   0.00131,  -0.08273,   0.07135,   0.00832,  -0.03545,  -0.00219,   0.03108,  -0.04946,   0.02057,  -0.01444,   0.05034,  -0.08273,   0.11161,   0.03283,   0.05209,  -0.00744,   0.10811,   0.02757,   0.05559,   0.10286,   0.00131,   0.02232,  -0.09848,   0.00832,  -0.05822,  -0.05121,   0.04333,  -0.00044,  -0.12650,  -0.00044,  -0.00919,  -0.03721,  -0.00744,   0.00306,   0.06959,   0.01532,  -0.05997,  -0.00569,  -0.02320,   0.03108,   0.04333,   0.02407,   0.03108,  -0.02320,   0.03458,   0.00832,  -0.00569,  -0.06522,   0.04858,  -0.01444,  -0.00219,  -0.01094,   0.02057,   0.09586,   0.06084,   0.07135,  -0.07572,  -0.03370,   0.06434,   0.03808,   0.03633,  -0.00044,  -0.01795,   0.05559,  -0.04946,   0.01182,  -0.01094,  -0.02495,   0.13262,  -0.03020,  -0.01094,  -0.02145,   0.03108,  -0.01795,  -0.00744,   0.03458,   0.01182,  -0.04246,  -0.04596,  -0.03370,   0.05209,  -0.00569,  -0.01620,  -0.05997,  -0.07222,   0.07135,  -0.01620,  -0.07922,   0.00481,  -0.01444,  -0.02495,   0.04683,   0.10111,   0.06259,  -0.01094,  -0.09673,   0.02057,   0.03808,   0.04683,  -0.00744,  -0.03370,  -0.01620,  -0.04246,  -0.02320,   0.09411,   0.02757,   0.01532,   0.02232,   0.01532,  -0.03721,  -0.00744,  -0.03020,   0.04158,   0.03283,   0.05734,  -0.05296,   0.05384,  -0.04946,   0.02757,   0.01532,  -0.05997,   0.04683,   0.02057,  -0.00219,   0.02582,  -0.02145,  -0.03896,  -0.02670,   0.00832,   0.03458,  -0.00569,   0.04333,  -0.07222,   0.01882,  -0.00044,   0.03458,   0.06609,   0.09761,   0.00657,   0.04158,  -0.08973,   0.04158,  -0.07222,  -0.04596,  -0.02320,  -0.02145,  -0.01620,  -0.06522,   0.03458,  -0.04421,   0.00832,   0.02757,  -0.01269,   0.08185,  -0.04246,  -0.00919,  -0.02495,   0.08185,   0.08535,  -0.04246,   0.01882,  -0.01970,   0.07135,   0.08885,  -0.03545,   0.09586,   0.05384,   0.03283,  -0.01444,  -0.03721,  -0.07922,  -0.03020,   0.02407,   0.03458,  -0.05822,   0.00481,  -0.06522,  -0.03370,   0.01182,   0.02582,   0.02232,  -0.04421,   0.03983,   0.05034,  -0.06172,   0.01532,  -0.01269,  -0.05997,   0.06434,   0.01882,   0.04683,   0.01357,  -0.01620,   0.05384,   0.03983,   0.05909,   0.04683,   0.07660,  -0.01620,  -0.01970,   0.00657,  -0.00394,   0.05559,  -0.03370,   0.03808,  -0.13000,   0.02057,   0.01182,   0.00481,  -0.03896,   0.02232,   0.01182,  -0.06522,   0.08710,   0.03283,   0.07135,   0.02057,   0.06609,  -0.07747,   0.01182,  -0.03545,   0.00481,  -0.04771,  -0.06522,   0.01182,  -0.01620,  -0.01795,   0.09411,  -0.03195,   0.02582,  -0.08448,  -0.05646,  -0.13525,   0.04333,  -0.03195,   0.06434,  -0.10899,   0.04158,  -0.07572,  -0.04771,   0.00306,  -0.02145,  -0.01444,   0.02933,   0.02757,  -0.04071,   0.10111,   0.01882,   0.16414,   0.02582,   0.03108,   0.00306,  -0.01094,   0.02057,   0.04508,   0.02232,  -0.05471,  -0.08623,   0.03458,  -0.01444,   0.01007,   0.03108,   0.03808,   0.00131,  -0.01094,   0.04158,   0.00657,  -0.03195,   0.07660,  -0.06522,   0.00306,  -0.08273,   0.02232,   0.04508,   0.02933,  -0.00569,  -0.00569,   0.03283,  -0.06347,  -0.00394,  -0.07572,   0.05384,   0.01532,  -0.02145,  -0.05121,  -0.02495,   0.14488,  -0.01620,   0.04333,  -0.08273,   0.09411,  -0.05296,  -0.02495,  -0.04246,   0.02232,  -0.04071,  -0.00919,   0.01182,   0.03108,  -0.01444,  -0.07572,  -0.02845,   0.01007,   0.01182,  -0.12124,  -0.01269,   0.02933,  -0.09323,  -0.01620,   0.06609,   0.05034,   0.03633,   0.01882,   0.04508,  -0.00219,   0.02757,   0.00657,   0.00832,  -0.08273,   0.05209,  -0.00919,  -0.02670,   0.02757,  -0.00744,   0.01007,  -0.06522,   0.08010,   0.10461,  -0.11249,  -0.03195,   0.02407,   0.01357,   0.05909,  -0.01795,   0.00306,   0.00832,   0.02232,  -0.02145,   0.15538,  -0.00044,   0.04683,   0.04508,   0.02232,   0.02057,  -0.01970,   0.05034,   0.00657,  -0.03195,  -0.04246,   0.02407,  -0.01620,  -0.04596,   0.02757,   0.02407,   0.05034,   0.03633,   0.02407,  -0.00394,  -0.00394,  -0.02670,   0.01532,   0.02057,  -0.05471,  -0.12825,  -0.04071,  -0.03545,  -0.00394,   0.03458,   0.03983,  -0.00394,   0.03283,   0.05209,   0.05734,   0.10111,  -0.03370,   0.09761,  -0.09673,   0.02757,  -0.00394,   0.01532,   0.12387,   0.05384,   0.07135,  -0.01269,   0.06959,  -0.04596,   0.05909,   0.09235,  -0.04246,   0.00131,   0.00832,   0.00306,   0.10986,   0.06259,   0.10986,   0.10111,   0.05559,   0.04858,  -0.04071,  -0.01620,  -0.07572,   0.03983,  -0.00219,   0.13963,  -0.04596,  -0.00744,   0.00306,   0.03108,  -0.02495,  -0.04421,  -0.01444,   0.07485,   0.05734,   0.01532,   0.02582,   0.01532,   0.00657,   0.02057,   0.03458,  -0.03545,   0.00832,   0.02057,  -0.03020,  -0.01444,   0.02232,   0.05909,  -0.03721,   0.12037,  -0.08623,   0.06084,  -0.02145,  -0.03020,  -0.00744,   0.11512,  -0.00744,   0.03983,   0.01182,  -0.01795,   0.07135,   0.04333,   0.10286,   0.09411,   0.00131,   0.01357,  -0.06347,   0.00481,   0.02057,  -0.06697,   0.02057,  -0.00744,  -0.04596,  -0.03195,   0.05734,  -0.01620,  -0.08973,  -0.04071,  -0.03370,   0.08710,   0.08710,  -0.00219,   0.00832,   0.06259,  -0.00744,   0.06609,   0.02232,   0.02232,  -0.05296,   0.03983,  -0.00219,  -0.04071,  -0.03721,  -0.00219,   0.00131,   0.00306,   0.13613,  -0.07572,  -0.07922,   0.03633,  -0.04596,   0.04858,  -0.04071,   0.01532,  -0.01269,   0.04508,  -0.04421,  -0.01444,  -0.01795,   0.01707,   0.03983,  -0.09148,  -0.04946,   0.03108,  -0.04421,   0.05734,   0.07135,  -0.05471,  -0.03370,  -0.08273,  -0.00744,   0.02757,  -0.04596,   0.00657,  -0.05646,   0.01532,   0.00131,   0.00131,  -0.08798,  -0.02320,  -0.00919,   0.01007,  -0.03721,   0.13788,   0.01532,  -0.01444,  -0.00569,  -0.00744,  -0.02145,   0.06259,  -0.02320,   0.03633,  -0.02145,  -0.07922,   0.00481,   0.04508,   0.09235,  -0.00569,   0.01532,  -0.02495,  -0.02670,   0.03983,   0.04508,   0.01882,  -0.05471,   0.04333,   0.15363,  -0.05822,  -0.06697,  -0.01795,  -0.01094,  -0.00044,  -0.01444,  -0.00744,   0.05734,  -0.01094,  -0.01444,   0.04858,   0.03283,  -0.02495,  -0.01795,  -0.04421,  -0.05471,   0.06959,   0.04858,   0.07135,  -0.06872,  -0.02670,   0.01007,  -0.06872,  -0.00394,  -0.02145,  -0.08973,   0.05909,  -0.02495,  -0.04946,   0.00481,  -0.01970,   0.01007,   0.05384,  -0.00569,  -0.07047,   0.01007,   0.02407,  -0.03020,   0.04683,  -0.06872,   0.04333,  -0.04771,  -0.05997,  -0.00744,   0.05909,   0.07135,  -0.01795,  -0.03721,  -0.04596,   0.03808,   0.06959,  -0.03195,   0.05559,   0.01007,  -0.01094,   0.05384,  -0.03721,   0.02757,   0.01357,   0.00306,   0.01707,  -0.05296,  -0.01094,   0.03808,   0.01357,   0.01007,  -0.03896,   0.01707,  -0.00919,  -0.04071,  -0.00044,   0.07835,  -0.01094,  -0.05471,  -0.04246,  -0.00219,   0.03633,  -0.13000,   0.01357,  -0.02845,   0.09411,   0.00131,  -0.02845,   0.05734,  -0.04946,   0.05384,   0.02582,   0.00832,   0.09411,   0.05209,  -0.03195,  -0.01444,   0.08010,  -0.07572,  -0.03545,  -0.06172,   0.06434,  -0.05997,  -0.03545,  -0.02320,   0.02057,  -0.04771,  -0.00744,   0.04858,  -0.00919,   0.06084,   0.01357,   0.02232,  -0.01620,   0.03283,   0.01532,  -0.03545,   0.02933,   0.05559,  -0.04771,  -0.04421,  -0.00569,   0.04683,   0.03458,  -0.04596,   0.05384,  -0.05296,  -0.01269,  -0.02145,   0.02057,  -0.05997,   0.02582,  -0.06872,   0.01882,   0.03983,   0.00306,   0.03108,   0.05734,   0.05384,   0.02933,  -0.02145,   0.04333,   0.05034,  -0.08623,  -0.05646,   0.03983,   0.07310,   0.00832,   0.08185,   0.00306,  -0.03370,  -0.07222,   0.03808,   0.00832,   0.03108,   0.02407,   0.12912,   0.01707,  -0.03020,   0.06609,   0.00657,  -0.08973,  -0.03020,   0.09586,   0.09761,   0.04333,   0.02757,  -0.02145,   0.03283,  -0.00919,  -0.05121,   0.00306,   0.04508,   0.05734,   0.03458,  -0.00744,   0.00131,  -0.05121,   0.09936,  -0.03370,  -0.01444,  -0.07922,  -0.08448,   0.01357,   0.00306,  -0.01795,  -0.06172,   0.01707,   0.00481,   0.04158,  -0.00044,   0.06259,  -0.07222,   0.12912,   0.05559,  -0.02495,   0.07485,  -0.03370,   0.09411,   0.07660,  -0.00569,  -0.02845,  -0.01094,   0.03808,  -0.07747,  -0.07047,   0.01357,   0.00481,   0.03283,  -0.02670,   0.00832,  -0.03896,  -0.05822,   0.00131,  -0.00569,   0.04333,   0.01007,  -0.05646,   0.09060,   0.03633,   0.09936,  -0.03370,  -0.04246,   0.05909,  -0.02845,  -0.05121,   0.08185,  -0.02495,  -0.02320,  -0.01795,   0.09936,   0.00131,   0.00657,  -0.00919,  -0.07747,  -0.02320,  -0.01970,   0.02407,  -0.01269,  -0.02320,  -0.05121,  -0.01269,  -0.04771,  -0.03896,   0.02757,  -0.02320,  -0.06347,   0.00657,  -0.07222,  -0.00919,   0.12037,   0.11336,   0.07485,  -0.01444,  -0.00044,   0.03283,  -0.04071,   0.04683,   0.01532,  -0.05997,   0.02582,  -0.06347,  -0.03896,  -0.03195,   0.05734,  -0.08448,   0.07485,  -0.00919,  -0.02845,  -0.04071,   0.01882,   0.05209,  -0.02845,  -0.02845,  -0.08273,  -0.05646,   0.04858,  -0.03195,   0.05384,  -0.04596,   0.07135,   0.02757,  -0.01094,  -0.09673,   0.00306,   0.00306,  -0.06872,   0.02582,   0.00832,   0.07485,  -0.06872,   0.05734,  -0.06522,   0.06084,  -0.05121,   0.00131,  -0.05822,   0.10286,  -0.09323,   0.03458,  -0.09673,   0.02057,  -0.03195,   0.00481,  -0.06172,  -0.00044,   0.00832,  -0.03896,   0.05034,   0.03108,   0.04858,   0.03108,  -0.01620,  -0.07047,   0.11161,  -0.00919,   0.05384,   0.03283,   0.03808,   0.00481,   0.11161,   0.16064,   0.05559,  -0.01444,   0.02582,  -0.12475,   0.09060,  -0.05646,  -0.06697,   0.07135,   0.05034,   0.07135,  -0.02145,   0.02407,   0.05209,  -0.01094,   0.04683,   0.03458,  -0.05997,  -0.09498,   0.05734,   0.06259,   0.03808,  -0.03721,   0.02407,   0.04333,   0.00131,   0.07310,  -0.08448,   0.03108,  -0.04421,   0.05734,   0.01007,  -0.01094,  -0.05296,   0.00832,   0.01182,   0.04858,  -0.05997,  -0.04771,   0.04683,   0.08185,   0.02933,  -0.03370,   0.05034,  -0.01620,  -0.04246,  -0.04071,   0.02582,   0.06084,   0.12387,  -0.03721,  -0.06872,   0.03633,   0.03283,  -0.04771,  -0.02320,   0.03633,  -0.03370,   0.01707,  -0.10199,   0.06609,  -0.01620,   0.03633,  -0.03020,   0.00306,   0.00481,  -0.02845,   0.13262,   0.03808,   0.05909,  -0.00569,   0.00131,   0.10286,   0.04858,   0.02582,   0.08710,   0.06609,  -0.02495,  -0.04596,   0.09060,   0.05384,   0.01882,  -0.06522,   0.00131,   0.01532,   0.00481,  -0.06347,   0.00306,  -0.00044,  -0.00394,   0.06784,  -0.00044,   0.05209,  -0.03721,  -0.04246,  -0.04421,  -0.01269,  -0.00569,   0.00306,   0.06259,  -0.03020,   0.05734,  -0.00569,   0.11161,  -0.01620,  -0.00394,  -0.05997,  -0.03020,   0.02057,   0.05559,   0.06609,   0.01182,   0.02232,  -0.05121,   0.01007,   0.00131,   0.00131,   0.02582,  -0.02145,   0.02757,   0.05034,   0.00481,  -0.04596,   0.04333,   0.04508,  -0.01795,  -0.08098,   0.06259,   0.01182,  -0.00219,  -0.12124,  -0.00744,   0.10286,  -0.01970,  -0.04596,  -0.03545,   0.05034,  -0.06697,  -0.00919,  -0.01444,  -0.05997,   0.05734,   0.06084,  -0.03896,   0.01357,   0.00657,   0.00306,   0.01882,   0.08360,   0.02407,   0.03108,   0.02232,  -0.01269,   0.02407,   0.06784,   0.02232,  -0.02320,  -0.02145,   0.04683,   0.11161,  -0.02495,  -0.01970,  -0.01269,   0.02057
  -0.02495,  -0.00569,  -0.02145,  -0.02495,   0.04858,   0.01007,  -0.00744,   0.02582,  -0.00744,   0.06959,  -0.00919,   0.04333,   0.00306,  -0.01795,  -0.00044,  -0.01269,  -0.02670,   0.00131,   0.00481,  -0.02320,  -0.03721,  -0.11074,   0.00657,  -0.10199,   0.04333,   0.04508,   0.03458,  -0.08098,  -0.05822,   0.05559,  -0.05471,  -0.01444,   0.01007,   0.03283,  -0.03370,   0.11161,  -0.04596,  -0.04946,  -0.05121,  -0.01094,  -0.03896,   0.05034,  -0.04071,   0.05034,  -0.03896,   0.01707,   0.03808,  -0.03370,  -0.01970,   0.07485,  -0.09498,   0.02582,  -0.03545,   0.01882,   0.00657,   0.02582,   0.03633,  -0.06697,   0.06259,  -0.00744,   0.00657,   0.08185,  -0.10549,  -0.02495,   0.03633,  -0.06522,   0.01532,   0.06609,  -0.04246,  -0.03195,   0.02757,  -0.05997,  -0.00394,   0.02057,   0.05734,  -0.01444,  -0.02145,   0.09235,   0.01882,  -0.02320,  -0.03721,  -0.02495,   0.06084,  -0.07047,  -0.02145,   0.00481,   0.05909,   0.01182,  -0.01795,   0.02407,  -0.04421,   0.03808,  -0.01970,  -0.11424,   0.04508,   0.07485,  -0.04071,   0.00481,   0.03808,  -0.03020,   0.01007,  -0.06697,   0.03983,  -0.04771,  -0.00044,   0.02057,  -0.06697,   0.02757,  -0.01094,   0.00657,   0.03633,  -0.02145,   0.03283,  -0.01620,   0.06084,  -0.05296,   0.02757,   0.00481,  -0.06697,  -0.00044,   0.00832,   0.07310,  -0.01444,  -0.03370,   0.00306,   0.02933,  -0.04421,   0.02757,   0.03283,  -0.00394,  -0.07922,   0.10636,  -0.06522,   0.04683,  -0.00919,  -0.00919,  -0.04071,  -0.01620,   0.01357,   0.02933,  -0.03545,   0.06609,   0.02232,  -0.06697,  -0.06172,  -0.03370,  -0.03370,   0.00832,   0.05209,  -0.05822,  -0.03020,   0.08535,  -0.03721,   0.00832,  -0.00219,  -0.08623,  -0.04071,  -0.00219,  -0.00394,   0.08360,   0.03633,  -0.03370,  -0.04946,  -0.10724,  -0.04946,   0.06084,  -0.04421,   0.06434,  -0.00044,   0.09060,  -0.03545,   0.03283,   0.06259,  -0.01970,   0.03458,  -0.10549,  -0.08798,  -0.00919,  -0.04071,  -0.04771,  -0.04946,   0.03983,  -0.07397,  -0.03896,   0.05209,  -0.04596,   0.00657,  -0.01444,   0.05384,  -0.00569,  -0.03195,  -0.00219,   0.03633,   0.01357,   0.03458,  -0.01620,   0.02232,   0.00832,   0.08185,   0.00481,   0.00832,  -0.00919,   0.09235,   0.07485,   0.02933,   0.01357,   0.03108,   0.01182,   0.02582,  -0.05646,  -0.11249,  -0.01094,   0.07835,   0.04158,  -0.04071,   0.02057,  -0.02495,  -0.03545,   0.00306,   0.08360,  -0.01269,  -0.01444,   0.04333,   0.03458,  -0.07572,   0.01357,   0.07835,   0.01182,   0.07835,   0.08360,   0.00481,   0.10461,  -0.01269,  -0.01444,  -0.00919,  -0.03370,  -0.04771,   0.00306,   0.01707,   0.04508,   0.01707,  -0.04246,  -0.01269,  -0.08973,  -0.01970,  -0.03896,   0.03108,  -0.01795,   0.05559,  -0.06697,   0.01707,  -0.09673,   0.03458,   0.00131,  -0.10374,   0.03983,  -0.00919,   0.08535,  -0.02670,  -0.00569,  -0.01620,   0.02582,  -0.04071,   0.03983,  -0.02145,  -0.07747,   0.01357,   0.01357,   0.01882,  -0.02495,   0.05559,  -0.03896,   0.01357,   0.03983,  -0.05646,   0.05559,  -0.03195,   0.00481,   0.05209,  -0.04771,  -0.02145,  -0.05296,  -0.03020,  -0.01970,  -0.00919,  -0.00744,  -0.03721,   0.01882,   0.00481,   0.01182,  -0.01094,  -0.04071,   0.02582,  -0.01094,  -0.01094,  -0.03370,  -0.05471,  -0.05296,  -0.00394,   0.07135,  -0.00219,  -0.05296,   0.06609,  -0.01795,  -0.01269,   0.00131,   0.03283,   0.04333,  -0.06872,   0.00832,  -0.04946,  -0.02320,  -0.01620,   0.03458,   0.02582,  -0.05296,   0.00481,   0.00657,   0.05384,  -0.00569,   0.01182,   0.03808,  -0.03195,  -0.07747,   0.00481,   0.07835,   0.03458,  -0.01269,   0.00481,   0.02582,   0.01707,  -0.02495,  -0.06172,  -0.01970,  -0.01444,  -0.01970,   0.05384,   0.03633,   0.02933,   0.04333,  -0.02845,   0.01182,   0.05909,   0.05909,  -0.01094,  -0.01269,   0.03808,   0.08185,  -0.02320,   0.01532,  -0.04246,  -0.07222,  -0.00919,   0.09060,  -0.05822,  -0.06172,  -0.00744,  -0.01620,  -0.03370,   0.02232,  -0.01269,  -0.03721,  -0.01970,   0.02407,  -0.05296,  -0.01269,  -0.01795,   0.03283,  -0.05822,  -0.02320,  -0.00044,   0.04683,  -0.01444,   0.04158,  -0.03896,  -0.01620,   0.04858,   0.08185,   0.03633,   0.01357,  -0.03721,   0.04508,  -0.06347,   0.00481,   0.00481,   0.00131,  -0.03896,  -0.05822,   0.02232,  -0.06872,  -0.06522,   0.01882,  -0.03370,   0.03108,  -0.00044,   0.10461,  -0.00569,  -0.05822,  -0.04596,  -0.05296,  -0.07397,  -0.05296,   0.01357,   0.03108,  -0.00569,  -0.09848,   0.05384,  -0.03896,  -0.00394,   0.04858,   0.00306,  -0.04071,  -0.01795,   0.00131,   0.02582,  -0.01795,  -0.06522,  -0.06347,  -0.03721,  -0.04421,   0.02232,   0.00131,   0.00131,  -0.01444,  -0.01970,  -0.02320,   0.02582,  -0.02320,   0.02407,   0.02407,   0.02933,   0.00306,   0.04858,  -0.03721,  -0.03545,   0.05034,  -0.03195,  -0.00044,  -0.06347,   0.00481,   0.06434,  -0.00044,  -0.00569,   0.09936,   0.04683,  -0.01970,  -0.00744,  -0.01444,  -0.04946,   0.09761,  -0.07747,   0.07660,  -0.04071,   0.05909,  -0.04771,  -0.01620,   0.13262,  -0.01795,   0.05734,   0.03283,   0.05734,   0.00131,  -0.01269,  -0.05822,   0.08360,  -0.01620,   0.01007,  -0.01795,  -0.02845,   0.02057,  -0.01970,  -0.02845,  -0.00044,  -0.07047,   0.10811,   0.04158,  -0.02670,   0.00832,  -0.00044,   0.03283,  -0.01970,   0.02407,  -0.01444,   0.01532,   0.00481,  -0.04596,   0.07310,  -0.00569,   0.04158,   0.02232,  -0.02320,  -0.00044,  -0.04246,   0.03458,   0.05034,   0.04858,   0.05734,   0.06959,   0.03808,  -0.07397,   0.02757,   0.05209,  -0.05121,  -0.06172,   0.12737,   0.06959,  -0.09673,   0.06609,   0.07310,  -0.00044,   0.00306,   0.00481,   0.01007,  -0.00219,   0.02407,   0.11161,   0.00832,  -0.03545,   0.02232,  -0.03721,  -0.06697,   0.03283,   0.00832,   0.02057,   0.01357,   0.07835,  -0.01269,   0.01182,   0.02407,   0.02582,   0.05559,  -0.03545,   0.01532,  -0.03020,   0.01007,   0.02232,  -0.01620,  -0.05822,   0.02232,  -0.01444,  -0.01094,  -0.01795,  -0.06347,  -0.06172,   0.01007,   0.05384,  -0.00919,  -0.02320,   0.00131,  -0.01970,   0.02407,   0.01182,  -0.00044,   0.04158,  -0.02145,   0.11161,  -0.01094,  -0.10199,   0.03283,  -0.04596,  -0.06697,  -0.00219,   0.04158,   0.01707,   0.03983,   0.04158,   0.02757,  -0.03020,   0.06434,  -0.05471,   0.02232,   0.05909,   0.02933,   0.00131,   0.02057,  -0.01269,  -0.01269,  -0.05997,   0.01532,  -0.02670,   0.02232,   0.02757,   0.01882,   0.00832,   0.07835,  -0.01094,  -0.01444,   0.00481,  -0.05646,  -0.01795,   0.04683,   0.02582,  -0.00919,   0.10461,  -0.01620,  -0.02845,  -0.05471,   0.03983,  -0.01970,   0.05734,  -0.07922,   0.04858,  -0.04596,   0.00481,  -0.01970,  -0.02320,   0.08885,   0.03808,   0.02757,  -0.00569,  -0.03721,  -0.02320,  -0.00394,  -0.04071,   0.03283,   0.03633,  -0.01970,  -0.03545,   0.02057,  -0.00394,   0.07660,   0.00306,   0.04158,   0.02057,   0.05384,  -0.03195,   0.02232,   0.03108,   0.05209,   0.08360,  -0.03545,  -0.00919,   0.01707,   0.10986,   0.03633,  -0.03195,   0.08185,   0.07660,   0.03108,   0.01882,   0.06084,  -0.05822,   0.04158,  -0.05471,  -0.00219,  -0.02845,   0.03983,  -0.03721,  -0.07747,   0.09586,   0.09235,   0.04683,   0.03808,  -0.03370,   0.04158,   0.02582,   0.04858,  -0.02145,   0.01357,   0.05034,  -0.03020,  -0.00569,   0.02933,   0.03458,  -0.02145,  -0.00044,   0.06959,  -0.02670,  -0.04071,  -0.05997,   0.03283,  -0.03721,   0.05559,  -0.01795,   0.04333,  -0.01094,  -0.03721,   0.02582,  -0.01620,   0.05909,   0.00481,  -0.03721,  -0.05296,  -0.01795,  -0.01970,  -0.03896,   0.07660,   0.04158,   0.01707,  -0.01795,  -0.01094,  -0.01269,   0.04333,   0.01882,  -0.00044,   0.00131,   0.04858,   0.03633,   0.06084,   0.03808,   0.05909,  -0.02845,   0.02757,   0.02407,   0.11161,   0.00657,   0.05909,  -0.08098,   0.01532,   0.12562,  -0.02495,   0.05559,  -0.00569,  -0.01444,  -0.01970,   0.00832,   0.04158,  -0.05121,   0.01007,  -0.04071,   0.01532,  -0.07922,   0.03983,  -0.04771,   0.02057,   0.05384,   0.01532,   0.05209,  -0.02670,   0.05034,   0.01707,  -0.02495,  -0.02845,   0.06434,   0.01182,   0.07660,   0.00306,   0.01532,   0.01007,   0.05734,  -0.00744,   0.03108,   0.01707,   0.00657,  -0.04246,  -0.00044,   0.08010,   0.00131,  -0.07047,  -0.00919,   0.02933,   0.02582,  -0.04246,   0.08885,  -0.03370,  -0.02145,  -0.05822,   0.05909,  -0.05646,   0.00131,   0.01007,  -0.04421,   0.01707,  -0.01444,  -0.08273,  -0.07047,  -0.01970,  -0.02495,   0.09936,  -0.04771,   0.04158,  -0.05646,  -0.03370,   0.07310,   0.01707,  -0.05997,   0.05559,  -0.07397,   0.02407,   0.03633,   0.00131,   0.03108,   0.02407,  -0.03370,  -0.02845,   0.08360,  -0.01269,   0.01357,  -0.00569,   0.03983,  -0.02670,   0.05209,   0.14663,  -0.00394,   0.03808,  -0.01795,  -0.01620,   0.05734,  -0.07222,   0.01007,   0.07485,   0.02232,   0.00306,  -0.01795,  -0.07222,   0.00481,   0.00306,  -0.00919,   0.05909,  -0.02320,   0.01882,  -0.03896,  -0.00569,   0.03458,  -0.01620,  -0.05471,   0.01532,  -0.05121,   0.02232,  -0.01620,   0.03108,   0.01882,  -0.04071,   0.01532,   0.05734,   0.03983,   0.03458,  -0.00394,  -0.01269,  -0.04946,  -0.00569,   0.08360,   0.10636,   0.03108,   0.05734,  -0.00744,  -0.00219,   0.04683,   0.06434,   0.03283,   0.01182,   0.04333,   0.05559,   0.02757,   0.01532,  -0.03195,  -0.00744,  -0.01620,  -0.10199,  -0.07572,  -0.06697,  -0.04421,   0.08360,   0.04508,  -0.07572,  -0.04946,   0.03808,   0.08710,   0.02407,   0.03633,  -0.00394,   0.01707,   0.03108,  -0.02495,   0.00131,  -0.00569,   0.04333,   0.05209,   0.00657,   0.02057,  -0.01444,   0.07310,  -0.05822,   0.04508,   0.00306,  -0.03195,   0.03458,   0.01532,   0.02232,  -0.03721,  -0.07747,  -0.00569,  -0.05997,  -0.03545,   0.01882,  -0.02495,  -0.03195,   0.05209,   0.01707,  -0.03020,   0.03108,  -0.03020,  -0.02320,  -0.05822,   0.03983,  -0.09148,   0.00481,   0.01532,   0.02933,  -0.02670,   0.01007,  -0.01970,   0.10286,   0.00481,  -0.02495,  -0.00394,   0.02757,  -0.04071,  -0.04596,   0.10286,  -0.01444,  -0.03195,  -0.01620,  -0.02145,   0.03458,  -0.02845,  -0.01620,  -0.01444,   0.01007,  -0.03545,  -0.03545,  -0.04771,  -0.00744,  -0.05997,  -0.00569,   0.04858,   0.04858,   0.03983,  -0.00394,  -0.05121,  -0.02495,   0.01532,   0.01532,   0.05034,  -0.07747,  -0.02320,  -0.10199,   0.04858,   0.01707,  -0.04771,  -0.04596,   0.00657,   0.07310,   0.00832,  -0.10724,   0.05209,  -0.00919,   0.02057,   0.01532,  -0.04946,  -0.06172,  -0.02670,  -0.04246,   0.01707,  -0.04246,  -0.05646,   0.05209,   0.04158,  -0.03195,  -0.01444,   0.08885,  -0.04946,   0.01882,  -0.02145,   0.00306,   0.02407,   0.02933,  -0.05296,   0.01707,  -0.00569,   0.01357,  -0.11424,  -0.04596,   0.01007,  -0.01795,  -0.01620,  -0.01970,  -0.04246,  -0.05471,   0.07485,   0.00131,  -0.06522,   0.01882,  -0.01795,  -0.02670,  -0.00569,   0.01882,   0.02232,  -0.03721,   0.01532,   0.01357,   0.00131,  -0.02145,   0.01707,  -0.04421,  -0.01269,   0.01357,  -0.04596,  -0.06172,   0.08185,  -0.01970,  -0.14050,  -0.01269,  -0.01620,  -0.05471,   0.02757,  -0.05997,  -0.00044,   0.05209,   0.05909,   0.05034,   0.05909,   0.00481,  -0.01444,   0.05384,  -0.00219,  -0.01269,  -0.00044,   0.08185,   0.03458,  -0.01444,   0.01357,   0.01182,   0.01707
  -0.04771,   0.06084,  -0.03896,   0.00306,   0.01357,   0.00481,   0.01532,   0.00832,   0.02057,  -0.02495,   0.06609,  -0.05822,   0.06434,  -0.03896,   0.01532,   0.03283,  -0.06347,  -0.00219,  -0.01795,   0.03808,   0.03458,   0.03108,  -0.04946,  -0.00744,   0.06959,   0.08710,  -0.02845,   0.01007,  -0.05296,  -0.00219,   0.00481,  -0.00219,  -0.00044,   0.00306,  -0.00219,   0.05909,   0.09060,  -0.13000,   0.03458,  -0.07922,   0.02582,   0.02232,   0.04158,  -0.02145,   0.04683,   0.09586,  -0.08623,   0.02057,   0.01707,   0.01707,  -0.04421,  -0.02845,  -0.00919,  -0.01269,  -0.08623,   0.07135,   0.03633,  -0.05471,  -0.00919,  -0.01795,   0.01007,  -0.03020,  -0.01620,   0.01882,  -0.01970,   0.01007,   0.01707,  -0.01094,   0.05909,  -0.07922,  -0.03896,   0.02933,   0.00832,  -0.04946,  -0.01795,   0.00131,   0.05559,  -0.01269,   0.01882,   0.04158,  -0.08973,  -0.00744,   0.04858,  -0.04596,   0.07660,   0.03458,  -0.09323,  -0.08098,  -0.00569,   0.01707,   0.06784,   0.02757,  -0.04071,   0.06609,  -0.07222,   0.07310,   0.04858,   0.08885,  -0.01444,  -0.01269,   0.01882,   0.05734,   0.02933,  -0.01970,  -0.03370,   0.02232,  -0.04421,  -0.04771,   0.01707,  -0.05471,   0.06959,   0.20966,  -0.03896,  -0.00744,   0.00131,   0.03983,  -0.03721,   0.01532,   0.02407,   0.02232,   0.01532,   0.00832,  -0.02845,   0.03458,  -0.04946,  -0.01269,   0.02582,  -0.03721,  -0.03896,  -0.04946,   0.03808,  -0.01795,   0.02582,  -0.04596,   0.05034,  -0.06522,  -0.06522,  -0.00919,   0.03808,  -0.02145,  -0.05822,  -0.07397,  -0.05822,  -0.02495,  -0.00744,   0.07485,  -0.03896,   0.01357,   0.01357,  -0.00569,  -0.05646,  -0.06522,  -0.00569,   0.01357,   0.01182,  -0.05997,   0.00657,   0.05209,   0.05734,  -0.00744,   0.02232,  -0.05822,   0.00131,   0.08535,   0.06784,   0.02757,  -0.05121,   0.10461,   0.03283,  -0.00219,  -0.01269,  -0.08098,  -0.04421,  -0.01094,  -0.00919,   0.00832,   0.02407,  -0.05997,  -0.01094,  -0.00219,  -0.02670,   0.03633,  -0.02145,  -0.07047,   0.02582,   0.01532,   0.01707,   0.02057,  -0.00744,  -0.02495,  -0.04246,  -0.06872,  -0.02320,  -0.02320,  -0.05121,   0.02582,  -0.03721,   0.00832,  -0.01620,  -0.01620,   0.03633,   0.05034,   0.08010,   0.05559,  -0.01094,  -0.03545,   0.03458,   0.02057,   0.05384,   0.01357,   0.02407,  -0.03020,   0.06609,  -0.02845,  -0.01444,  -0.02320,  -0.00394,  -0.05471,  -0.06522,   0.01357,  -0.04596,  -0.05646,  -0.01795,  -0.04771,   0.03108,  -0.07397,  -0.03370,  -0.12300,   0.02757,  -0.03721,  -0.01269,   0.07310,  -0.01970,   0.00832,  -0.06522,   0.04333,   0.02232,   0.04858,  -0.04771,  -0.03721,  -0.00569,   0.01707,  -0.00919,  -0.03545,   0.00481,   0.03283,  -0.01269,  -0.07397,   0.02933,  -0.01970,   0.02057,   0.02407,   0.01882,   0.03983,   0.12912,  -0.02495,   0.05034,   0.05559,   0.01007,  -0.03370,   0.01182,  -0.00569,   0.01007,   0.00131,   0.05734,   0.02232,  -0.05296,  -0.00919,   0.00131,  -0.00569,   0.12037,  -0.00394,  -0.08798,  -0.00919,  -0.03545,   0.00306,   0.04158,  -0.01620,   0.00131,  -0.00744,  -0.00569,  -0.05822,   0.01007,   0.06434,   0.02757,  -0.01269,  -0.01795,  -0.00044,   0.03458,   0.02407,   0.00306,   0.00131,   0.03983,   0.03283,  -0.04246,  -0.01269,   0.06609,   0.03983,  -0.01620,  -0.03020,  -0.01970,  -0.08623,   0.01882,   0.02057,  -0.02845,  -0.05997,  -0.00219,   0.02582,   0.05209,   0.01882,  -0.03896,  -0.10724,  -0.00044,  -0.05121,  -0.08798,   0.06259,   0.00306,   0.06259,   0.03808,  -0.00919,  -0.02845,   0.03633,   0.07835,   0.00657,  -0.04421,   0.02232,   0.04158,   0.05209,   0.03283,  -0.06347,   0.04333,   0.02582,   0.09761,  -0.03020,   0.06084,   0.03283,   0.09235,   0.06434,   0.02057,  -0.03721,   0.05909,   0.01882,   0.03108,   0.01357,   0.03283,  -0.10023,  -0.00219,  -0.00219,  -0.04246,   0.02057,  -0.00569,   0.05734,  -0.03020,  -0.02670,  -0.03370,   0.04158,   0.02757,  -0.02145,  -0.10724,   0.01882,  -0.01269,  -0.05296,   0.05209,  -0.04596,  -0.00919,   0.03283,   0.00131,  -0.00219,  -0.05471,  -0.05997,   0.00832,  -0.00394,  -0.04596,   0.01882,   0.06784,  -0.03020,  -0.02320,  -0.03195,  -0.04771,   0.00131,   0.01357,  -0.00569,   0.00131,   0.05909,   0.04683,   0.06609,  -0.02145,  -0.01795,   0.01182,   0.01007,  -0.04596,  -0.01795,  -0.02670,   0.01882,  -0.01970,  -0.00044,   0.01882,  -0.01970,  -0.00569,   0.03283,   0.10636,   0.04508,  -0.00744,  -0.04771,  -0.01970,   0.06784,  -0.01269,   0.03108,  -0.03020,   0.09586,   0.08535,  -0.02320,   0.05734,  -0.08098,   0.02757,  -0.00919,  -0.02845,  -0.07222,  -0.05997,   0.01707,  -0.03545,   0.01357,   0.02057,   0.03458,   0.02057,   0.00481,   0.06259,   0.02057,   0.02057,  -0.00044,  -0.04946,   0.00481,   0.03808,  -0.01795,  -0.01444,   0.00131,   0.01882,  -0.04771,  -0.06522,   0.02933,  -0.05646,  -0.01970,   0.06959,  -0.00394,   0.03808,  -0.00744,  -0.00394,   0.01882,   0.05909,  -0.01970,   0.11512,   0.04333,  -0.02845,  -0.01970,   0.03808,   0.02232,   0.03458,  -0.05822,   0.00481,   0.00832,  -0.01094,  -0.02145,  -0.00394,  -0.01094,  -0.06172,   0.01532,   0.02582,  -0.03020,  -0.07397,   0.02582,  -0.03195,   0.07135,   0.04508,   0.03108,   0.03983,   0.02232,   0.02582,  -0.10374,   0.06784,   0.03108,   0.04508,  -0.00919,  -0.01444,   0.00131,  -0.02145,   0.02933,  -0.02845,   0.06959,  -0.02670,  -0.04946,   0.00832,   0.05384,   0.03458,   0.03283,  -0.03195,   0.03458,  -0.02845,   0.02933,   0.01357,   0.04158,   0.02232,   0.08010,  -0.01094,   0.05209,   0.00657,   0.00306,   0.03808,  -0.03545,  -0.05296,  -0.01795,   0.02757,  -0.02670,  -0.00744,  -0.04421,   0.00481,   0.03283,  -0.03721,   0.06084,  -0.05646,  -0.04421,   0.05209,   0.09235,  -0.00744,   0.05034,   0.04683,  -0.03545,  -0.02670,   0.06259,   0.06609,  -0.00044,   0.01007,  -0.01795,   0.09060,   0.05559,   0.00481,  -0.04071,   0.00657,   0.03458,   0.00131,  -0.06347,   0.07135,  -0.00569,  -0.00569,  -0.00569,  -0.02845,  -0.06172,   0.05734,   0.03108,  -0.01620,  -0.04596,  -0.04596,   0.00481,  -0.00569,   0.02933,   0.00306,   0.08535,   0.01357,   0.08885,  -0.08448,  -0.01970,  -0.01269,  -0.03370,   0.02407,  -0.06872,   0.02933,   0.04683,   0.03108,   0.04683,   0.00306,  -0.01269,   0.05909,  -0.03195,   0.00131,   0.02407,   0.10461,  -0.01970,   0.00306,   0.00832,  -0.02670,  -0.05121,  -0.06347,  -0.04421,  -0.01094,   0.00657,  -0.02845,   0.05734,   0.01882,   0.01532,  -0.00919,  -0.01795,   0.04508,  -0.00044,   0.01882,  -0.00744,   0.09060,   0.03983,  -0.02145,   0.07835,  -0.05822,  -0.00394,   0.00131,   0.00481,   0.02582,   0.00481,   0.07835,  -0.02495,  -0.07222,   0.02933,   0.03808,   0.02232,   0.02933,  -0.00744,   0.02232,   0.09411,   0.05034,   0.03108,  -0.01269,   0.06434,   0.02582,  -0.05646,  -0.01444,  -0.08973,  -0.08973,  -0.02145,  -0.02845,  -0.05121,   0.00657,  -0.00219,   0.00481,   0.05734,  -0.01620,   0.05909,  -0.00219,   0.01007,  -0.01795,  -0.00569,   0.08010,   0.05034,  -0.10724,  -0.01970,  -0.00219,   0.04333,   0.02057,  -0.00569,   0.02232,  -0.00219,  -0.04771,   0.02057,   0.00306,   0.05909,  -0.00394,   0.06959,  -0.07572,   0.01182,  -0.02145,  -0.07222,  -0.01269,   0.06434,  -0.01094,   0.08710,   0.01007,  -0.00394,  -0.00569,  -0.07222,  -0.00569,   0.03808,   0.01532,   0.00306,  -0.03020,  -0.02145,  -0.00744,  -0.09148,  -0.01269,   0.03983,  -0.00394,   0.01707,  -0.04946,  -0.02845,  -0.02145,  -0.04246,  -0.02495,   0.07660,  -0.05822,   0.02407,  -0.05296,  -0.03020,  -0.09323,  -0.07572,  -0.04946,  -0.10549,   0.07835,   0.02232,  -0.04596,  -0.04421,   0.01532,  -0.06697,  -0.04946,  -0.04421,   0.00481,   0.00481,   0.02757,  -0.00744,   0.05559,  -0.03370,  -0.02320,   0.00657,   0.06434,   0.01882,  -0.04071,  -0.03545,  -0.05646,   0.02232,   0.01882,   0.05209,  -0.01795,  -0.02145,  -0.04246,  -0.01094,   0.07835,  -0.06872,   0.04333,  -0.03896,   0.03283,   0.00306,   0.00131,   0.01882,   0.00832,   0.00481,   0.05734,   0.00306,   0.09235,  -0.02320,  -0.01269,   0.01007,   0.00131,   0.01882,  -0.02320,   0.00657,  -0.03545,   0.00131,  -0.04421,  -0.04596,  -0.05121,  -0.03896,   0.02582,   0.03283,   0.02407,   0.07660,   0.00131,   0.06959,   0.03108,  -0.03195,   0.05384,  -0.04071,  -0.02845,   0.01532,  -0.05646,   0.02582,  -0.00219,   0.06609,  -0.02145,  -0.01094,   0.07135,   0.01532,  -0.05471,   0.07310,   0.00832,  -0.05646,  -0.01795,  -0.04246,  -0.01444,  -0.07397,  -0.03545,   0.02757,  -0.01269,  -0.01269,  -0.01269,   0.02407,  -0.02845,   0.00306,   0.08710,   0.11512,   0.07310,  -0.00919,   0.04508,  -0.06522,   0.03633,  -0.06872,  -0.02845,   0.00306,   0.05034,  -0.01444,  -0.01269,  -0.00569,   0.02232,  -0.03020,   0.06259,   0.02933,   0.03283,  -0.03545,   0.03283,   0.06084,  -0.10724,  -0.04071,   0.02232,  -0.00744,  -0.01094,   0.01007,  -0.04071,   0.08360,   0.03108,  -0.05822,  -0.00044,   0.00657,   0.01357,   0.07135,   0.01707,   0.03283,   0.02582,  -0.00394,  -0.03721,   0.05559,   0.01882,  -0.01444,   0.02057,   0.00131,  -0.03020,  -0.08448,   0.01707,   0.02407,  -0.00044,  -0.00394,  -0.03896,  -0.03020,  -0.07222,   0.02232,   0.01532,  -0.03195,  -0.03721,   0.01007,   0.02057,   0.00481,   0.05559,  -0.08098,   0.04683,   0.00306,   0.05034,   0.02232,  -0.03721,   0.06609,   0.10986,  -0.01620,   0.00306,   0.05384,  -0.05822,   0.03633,  -0.10199,  -0.08623,   0.06959,   0.05734,  -0.06522,  -0.02670,  -0.01795,   0.01532,   0.00832,  -0.01795,  -0.03370,   0.07310,  -0.05822,  -0.04421,  -0.00394,  -0.00744,   0.00657,  -0.00394,   0.03108,   0.01882,  -0.05121,   0.08185,  -0.00394,  -0.00044,  -0.01444,  -0.06522,   0.05209,   0.02582,   0.06609,  -0.03896,   0.02407,  -0.02845,  -0.05296,   0.00657,  -0.05997,   0.11687,   0.08885,   0.03633,   0.04508,   0.08710,  -0.00569,   0.03283,  -0.00394,  -0.03896,  -0.01094,  -0.02670,   0.01007,   0.03458,  -0.05822,  -0.02495,   0.02057,   0.05034,  -0.04421,  -0.00919,   0.04508,   0.02582,  -0.02845,   0.02057,  -0.05646,  -0.02845,   0.04858,  -0.01970,   0.01532,  -0.04246,   0.01182,   0.03633,  -0.07222,  -0.04421,  -0.07397,   0.05384,  -0.01970,  -0.01444,   0.06434,   0.05734,   0.01357,   0.07485,   0.00832,   0.02757,   0.01357,  -0.05471,   0.00131,   0.01182,  -0.00919,  -0.04946,   0.00481,   0.04333,  -0.00219,  -0.07047,  -0.10899,   0.04158,  -0.03896,   0.07835,  -0.05471,  -0.03195,   0.05559,   0.09411,  -0.01795,  -0.10023,   0.03633,  -0.04946,   0.00306,  -0.09673,   0.07485,  -0.03020,  -0.03721,  -0.05646,  -0.03370,   0.02757,   0.03808,   0.02407,   0.06434,  -0.01970,  -0.01795,  -0.04946,  -0.04421,  -0.00569,  -0.01094,  -0.03195,  -0.08798,  -0.05296,  -0.03020,   0.02582,  -0.01094,   0.02933,  -0.03020,   0.03808,  -0.04596,  -0.00569,  -0.02320,   0.00832,  -0.00044,  -0.05822,   0.00832,  -0.03896,  -0.01795,  -0.04771,   0.09060,   0.00481,   0.03983,  -0.01094,  -0.03545,  -0.02845,   0.08010,  -0.07747,   0.06959,   0.11336,   0.02933,   0.07485,  -0.03896,   0.01182,  -0.02145,   0.01357,   0.00657,   0.01357,  -0.06347,   0.02057,  -0.08273,  -0.05646,   0.04683,   0.01357,  -0.07922,   0.08535,   0.07835,   0.01882,  -0.08273,  -0.04246,   0.01357,  -0.01269
  -0.08798,   0.01532,   0.10986,  -0.00569,   0.03633,  -0.01620,   0.05034,   0.02057,  -0.00219,  -0.00569,  -0.04246,   0.03633,   0.02232,   0.01357,  -0.04246,   0.02582,   0.01182,   0.03108,  -0.06522,   0.00481,   0.02407,  -0.05471,  -0.00569,  -0.01094,   0.05034,  -0.00044,   0.00657,  -0.01970,  -0.01795,   0.01357,   0.06434,  -0.01094,   0.01007,   0.01357,  -0.01795,   0.00306,   0.03983,  -0.03195,  -0.01094,   0.08185,   0.00832,  -0.06522,  -0.00044,   0.07135,   0.05034,   0.02407,  -0.05822,  -0.01444,  -0.01094,  -0.02145,   0.00481,   0.01357,  -0.01620,   0.00481,  -0.01269,   0.02232,  -0.00919,   0.01532,  -0.03020,   0.11161,   0.00481,  -0.00744,  -0.00569,  -0.04246,   0.07135,  -0.03195,   0.00657,   0.08360,  -0.04071,  -0.02320,  -0.01444,   0.05034,   0.02407,   0.06434,  -0.05296,  -0.04596,  -0.03896,   0.01532,   0.05909,  -0.03195,   0.03983,  -0.03721,   0.00131,  -0.05822,   0.01007,  -0.07572,   0.02407,  -0.02670,  -0.02670,  -0.03195,   0.03283,  -0.00394,   0.05384,  -0.06172,   0.04508,  -0.05997,   0.02757,  -0.04071,  -0.04246,  -0.07047,   0.05034,   0.00657,  -0.02145,  -0.08448,   0.03808,   0.01532,  -0.00919,  -0.01620,   0.02757,  -0.04071,   0.06434,   0.05384,  -0.00744,  -0.03370,   0.04508,   0.00481,  -0.07047,   0.01882,   0.05909,   0.02057,   0.06084,   0.02757,   0.02933,  -0.07572,  -0.02495,   0.00306,  -0.05822,  -0.05997,   0.02582,  -0.00569,   0.02407,  -0.07397,  -0.00394,  -0.05121,  -0.05471,   0.01882,  -0.00219,  -0.06347,   0.00131,   0.01357,   0.01532,   0.03808,  -0.01970,   0.05559,  -0.00744,  -0.03370,  -0.03545,  -0.05121,   0.07835,   0.04333,  -0.02320,  -0.01269,  -0.02320,  -0.02495,   0.02933,   0.03983,  -0.11774,   0.00306,   0.01182,   0.04158,  -0.01970,   0.02582,   0.00481,  -0.01444,   0.08360,  -0.08623,  -0.04596,  -0.02495,   0.01532,   0.02933,  -0.02145,  -0.02670,   0.04858,  -0.03545,   0.03633,  -0.04071,  -0.01970,  -0.06697,   0.05034,  -0.01795,   0.10111,   0.03283,  -0.04246,   0.02232,  -0.08448,  -0.05296,  -0.01094,   0.00481,   0.02582,   0.05034,  -0.02320,   0.00131,  -0.04246,   0.01357,  -0.01094,  -0.02845,  -0.00219,   0.00306,   0.02232,   0.02057,   0.03458,   0.01532,   0.01007,  -0.00919,   0.04508,  -0.03370,  -0.01970,  -0.01269,   0.02582,  -0.03020,   0.03108,  -0.02145,  -0.02670,   0.01532,   0.04683,   0.03108,  -0.02145,  -0.00569,   0.08360,   0.07835,  -0.00394,  -0.00219,   0.06259,  -0.04946,  -0.01795,   0.06434,  -0.00219,  -0.01444,   0.00481,  -0.02320,  -0.01970,   0.02933,   0.03108,   0.00481,  -0.06697,  -0.04246,   0.06784,  -0.00744,  -0.02145,  -0.03545,  -0.01795,  -0.08798,  -0.01795,   0.06084,  -0.00394,   0.01007,  -0.00394,  -0.04071,  -0.01444,  -0.00044,  -0.00219,  -0.01620,   0.07485,   0.09060,  -0.03721,   0.06084,  -0.02495,  -0.00919,  -0.04946,  -0.00219,  -0.04421,  -0.04771,   0.00306,  -0.01269,   0.03458,  -0.01970,  -0.08273,   0.01007,   0.00832,   0.01882,   0.03458,   0.01532,   0.03983,   0.05559,   0.03108,  -0.08098,  -0.00569,  -0.00394,  -0.03721,  -0.05471,  -0.05121,  -0.05471,  -0.00919,   0.07135,  -0.00919,  -0.04071,   0.00131,   0.12037,  -0.01094,   0.00131,   0.01007,  -0.08623,   0.00832,  -0.00219,  -0.03545,   0.03458,  -0.01269,  -0.00744,  -0.00919,   0.05034,  -0.02670,  -0.01269,  -0.03721,   0.00657,   0.06084,   0.02057,  -0.02145,   0.01532,   0.02407,  -0.01795,  -0.06697,   0.02057,   0.04683,   0.02057,  -0.00919,  -0.07747,   0.00481,  -0.06697,   0.03458,  -0.02845,   0.00481,   0.05559,  -0.01795,   0.03108,  -0.06522,   0.00481,  -0.02145,   0.05909,   0.06259,  -0.01094,   0.03983,   0.03983,  -0.04596,   0.03633,   0.00832,   0.01357,   0.03983,   0.03108,  -0.00919,   0.08010,   0.07835,  -0.00744,  -0.04421,   0.07485,  -0.12650,  -0.03545,   0.03458,  -0.05296,   0.05734,   0.04158,  -0.06697,  -0.05471,   0.00481,   0.00306,   0.00481,   0.03808,   0.04333,   0.00481,  -0.05121,  -0.01444,  -0.00394,  -0.04771,   0.01357,  -0.09323,   0.13437,  -0.01970,   0.01882,  -0.00569,  -0.07047,   0.04158,   0.10286,  -0.01970,   0.00481,  -0.00744,  -0.01795,   0.05734,   0.03983,   0.04508,  -0.00919,  -0.00219,   0.00657,   0.04858,  -0.01094,  -0.02320,   0.03983,  -0.10023,   0.08010,  -0.04071,  -0.01269,  -0.03195,  -0.00569,   0.00832,   0.07485,  -0.00569,   0.02582,   0.07310,  -0.00919,  -0.03370,  -0.00219,   0.04508,   0.09060,   0.02933,  -0.01620,   0.08010,  -0.00219,   0.06259,   0.01357,  -0.00219,   0.07135,  -0.01795,   0.05909,  -0.03020,  -0.00394,   0.01182,   0.00832,   0.03458,  -0.04246,  -0.03020,   0.05384,  -0.00919,   0.04333,   0.00306,  -0.03020,  -0.00744,   0.12037,   0.00306,   0.01882,   0.10461,   0.00131,  -0.05121,   0.00131,  -0.01795,  -0.02495,   0.01007,  -0.07047,   0.02057,   0.02232,  -0.02670,   0.01882,   0.00131,   0.06084,  -0.06347,  -0.01269,  -0.06872,   0.00306,   0.03808,  -0.03020,  -0.01094,  -0.01970,  -0.04071,  -0.05121,  -0.01795,  -0.04771,   0.06259,  -0.03545,  -0.00219,  -0.05296,  -0.04071,  -0.01620,  -0.05471,   0.06784,   0.02757,  -0.00394,  -0.08623,  -0.00569,  -0.04421,   0.01182,  -0.01795,   0.00131,  -0.04421,   0.06084,   0.01882,   0.00481,   0.05209,   0.00657,   0.03633,   0.05209,  -0.03545,   0.02757,   0.00657,   0.02757,  -0.02495,   0.04158,   0.02582,   0.00832,  -0.05822,  -0.01795,   0.00657,  -0.04246,   0.01532,  -0.00394,  -0.03195,  -0.02495,  -0.02145,  -0.01970,  -0.07222,   0.02407,   0.02582,  -0.05121,  -0.07572,   0.02933,  -0.06522,  -0.04421,  -0.00044,   0.13262,  -0.04946,   0.03283,  -0.04946,   0.03283,  -0.04246,  -0.03896,  -0.04596,  -0.02670,   0.00481,  -0.03370,  -0.01620,   0.03983,  -0.07922,   0.01707,  -0.02495,  -0.00394,  -0.02145,   0.04858,  -0.05121,  -0.04421,   0.02757,  -0.00744,  -0.00219,  -0.01795,   0.07835,  -0.02670,   0.02232,  -0.05121,   0.01532,  -0.00569,   0.02757,  -0.03195,  -0.04421,   0.02407,   0.04683,  -0.02145,  -0.00744,   0.01882,   0.03808,  -0.04946,   0.03458,  -0.00744,   0.00657,  -0.00744,  -0.06347,   0.05209,  -0.01444,  -0.00919,  -0.03896,   0.05209,   0.01882,  -0.00744,  -0.04771,   0.01007,  -0.02495,  -0.00744,   0.02407,  -0.00219,   0.02407,  -0.00744,   0.01707,   0.05559,  -0.00394,  -0.07572,  -0.00744,   0.04158,   0.03633,   0.06609,  -0.03896,   0.01882,   0.01532,   0.04508,  -0.06697,  -0.02145,   0.06084,   0.05384,  -0.05646,  -0.08098,   0.04158,   0.01007,   0.02057,  -0.01970,   0.02757,   0.02407,  -0.02145,  -0.04596,   0.06959,   0.00832,  -0.02845,  -0.01970,   0.01532,  -0.06697,  -0.05471,  -0.05822,  -0.01094,  -0.09498,  -0.00919,  -0.02145,   0.04158,  -0.04246,   0.02407,  -0.00219,  -0.05471,   0.02933,   0.01532,   0.04158,   0.02933,  -0.04421,  -0.04596,   0.08535,   0.02232,   0.01882,   0.06084,   0.00306,   0.01882,  -0.04596,   0.02232,   0.01707,  -0.00569,  -0.01269,   0.00306,  -0.01094,  -0.03370,   0.05559,  -0.02670,   0.06084,   0.02582,  -0.00044,   0.04858,   0.09761,  -0.03545,   0.01007,  -0.03721,  -0.00744,   0.01532,  -0.03545,  -0.03370,  -0.02845,   0.02582,  -0.02845,  -0.00919,   0.12912,   0.03808,   0.01182,  -0.00569,   0.03458,   0.08885,  -0.08973,  -0.01620,   0.01532,   0.07135,   0.01707,   0.00306,  -0.00394,   0.04858,   0.01357,   0.08710,  -0.00569,  -0.00919,  -0.03896,   0.07135,  -0.00044,   0.05909,  -0.00744,  -0.01094,  -0.00919,  -0.00044,  -0.04071,  -0.04071,  -0.03721,  -0.01094,   0.10811,   0.07310,   0.02582,  -0.02670,   0.02757,   0.06084,  -0.03896,   0.00832,   0.04508,  -0.04946,  -0.07047,  -0.03020,  -0.02670,  -0.05296,   0.00481,   0.05384,   0.02407,   0.02407,  -0.04596,  -0.03370,  -0.06872,  -0.04071,  -0.02145,  -0.00919,   0.01007,   0.01357,   0.00131,  -0.00919,  -0.03370,   0.00131,   0.01707,  -0.00044,   0.01707,  -0.03195,  -0.03896,  -0.04246,   0.02933,  -0.00744,  -0.00744,   0.02757,  -0.01269,   0.03108,   0.09235,  -0.08448,  -0.04421,   0.03458,   0.03633,   0.01357,  -0.02670,  -0.02495,   0.02232,  -0.03195,   0.00131,  -0.00394,   0.06084,  -0.01269,  -0.01094,   0.03283,  -0.00044,  -0.08798,   0.01007,   0.00131,  -0.05121,  -0.04246,   0.01182,  -0.03545,  -0.02670,   0.01357,  -0.11249,   0.00481,   0.02057,   0.02757,  -0.00569,  -0.03896,  -0.06697,  -0.03195,  -0.06872,   0.05384,  -0.01269,   0.04508,   0.02057,   0.03808,   0.01532,   0.01882,   0.06084,  -0.02495,  -0.02670,   0.07660,  -0.03195,   0.02407,   0.07485,  -0.03370,  -0.01269,  -0.02495,  -0.01269,   0.02232,   0.02582,   0.01532,  -0.02845,  -0.01094,   0.02933,   0.01882,   0.01882,   0.01182,   0.03808,  -0.00044,  -0.02495,   0.03458,  -0.05471,   0.02757,   0.06434,  -0.08448,   0.02232,  -0.01620,  -0.01620,   0.01007,   0.03108,   0.03983,  -0.01444,  -0.03195,  -0.01444,  -0.01795,   0.00657,  -0.03896,   0.01532,  -0.06347,  -0.03545,   0.02757,  -0.01269,  -0.04771,   0.02407,  -0.02320,   0.00481,  -0.01094,  -0.02845,   0.01357,  -0.01970,   0.07660,  -0.12124,   0.02757,  -0.01444,  -0.02495,  -0.01620,  -0.03721,   0.08360,  -0.05296,  -0.06522,   0.05909,  -0.01094,   0.05384,  -0.05471,  -0.05646,   0.02933,   0.06084,  -0.05646,  -0.05471,  -0.01269,  -0.00044,   0.01707,   0.08360,  -0.03370,  -0.00394,   0.05559,   0.04858,   0.06609,   0.00657,  -0.01269,   0.00657,  -0.06347,   0.06084,  -0.00569,   0.00306,  -0.06347,   0.04333,  -0.03545,   0.02933,   0.02232,   0.01532,  -0.03545,  -0.06697,   0.03283,  -0.04421,   0.03808,  -0.03195,  -0.00569,  -0.02320,   0.02757,   0.01357,   0.00657,  -0.00044,  -0.00919,   0.02057,  -0.03020,  -0.02845,   0.02232,   0.00832,  -0.00569,   0.01182,   0.05209,  -0.04421,   0.00306,  -0.03370,  -0.06347,   0.09060,   0.03983,   0.04333,  -0.04421,   0.00832,  -0.04771,  -0.00919,   0.01007,  -0.05822,   0.01532,   0.05909,  -0.02145,  -0.03370,   0.02933,  -0.00569,   0.02582,  -0.01094,  -0.03020,   0.01182,  -0.00219,   0.02232,   0.00131,   0.03983,  -0.03721,   0.03983,   0.00131,  -0.04771,  -0.01795,   0.00657,  -0.00394,   0.00306,  -0.02145,  -0.06697,  -0.04071,  -0.04946,  -0.05997,  -0.02145,  -0.02670,  -0.03020,  -0.01269,  -0.03721,   0.01007,   0.01007,  -0.05121,  -0.00044,   0.03108,  -0.00219,  -0.00569,   0.00481,   0.03633,   0.01707,  -0.07747,   0.06259,  -0.01620,  -0.00919,  -0.00219,  -0.06347,  -0.01444,  -0.06872,   0.04683,  -0.00394,  -0.06522,   0.00131,   0.01182,  -0.01094,   0.06609,  -0.00919,  -0.01269,  -0.00569,  -0.02145,  -0.01094,  -0.00394,  -0.01269,   0.00131,   0.09586,  -0.01444,  -0.02670,  -0.01444,   0.01707,  -0.01094,   0.11336,  -0.03195,   0.06434,  -0.02320,  -0.05997,  -0.01620,  -0.00394,   0.01357,  -0.01094,  -0.00744,  -0.05121,  -0.07222,   0.02933,  -0.08623,   0.04508,  -0.00394,  -0.01620,   0.02407,   0.04508,   0.00832,   0.04858,  -0.06172,  -0.01970,  -0.03020,   0.06959,  -0.00569,  -0.03721,   0.00131,  -0.05121,   0.00131,  -0.01970,  -0.03370,  -0.02845,  -0.06697,  -0.00044,  -0.03020,  -0.06872,  -0.00569,  -0.02495,  -0.03020,   0.07485,   0.01182,   0.02057,  -0.05121,  -0.02145,   0.04683,   0.02057,  -0.00044,   0.04858,   0.02057,   0.12562,   0.03458,  -0.05471,  -0.04421,  -0.00569,   0.03983,   0.02757,  -0.03545,  -0.00919,   0.00657,   0.00481,   0.06609,  -0.01269,  -0.06522,  -0.00919
  -0.09848,   0.02582,   0.04158,   0.01882,   0.00131,  -0.01444,  -0.04421,   0.02057,   0.03108,   0.00657,  -0.05471,   0.06084,   0.00657,  -0.07047,   0.06259,   0.01182,   0.03633,  -0.04421,  -0.01444,  -0.04946,  -0.07747,   0.03458,  -0.01970,   0.00832,  -0.09498,  -0.01094,  -0.02670,   0.03983,   0.03633,   0.04508,  -0.01620,  -0.00394,   0.01007,  -0.05646,   0.05209,   0.00657,   0.03458,  -0.02845,   0.08360,   0.01357,  -0.02145,  -0.00394,   0.07485,   0.01007,   0.01007,  -0.00744,   0.05034,  -0.01269,   0.00306,   0.01707,   0.06784,   0.01707,   0.00306,   0.00657,   0.02232,  -0.00569,  -0.00394,  -0.05296,   0.00131,  -0.01970,   0.01182,   0.07135,   0.02582,   0.01707,  -0.02845,   0.04158,  -0.01269,  -0.01094,   0.04508,   0.03633,  -0.02320,   0.01182,   0.01182,   0.04158,  -0.05471,   0.06434,   0.04158,   0.06084,  -0.03370,  -0.03370,  -0.04071,   0.01532,  -0.02145,  -0.04946,   0.04683,   0.04858,  -0.00394,   0.01357,  -0.08273,   0.00832,  -0.06522,   0.09586,  -0.05646,  -0.00744,   0.09761,   0.02933,  -0.00394,   0.00481,   0.05034,   0.02757,   0.00657,   0.03283,   0.03983,  -0.04421,  -0.00744,   0.05384,   0.00131,  -0.10023,  -0.04421,   0.07485,   0.02407,  -0.05296,  -0.06172,  -0.03721,   0.01532,  -0.06522,  -0.01094,  -0.00044,   0.01882,  -0.01795,   0.00131,  -0.02320,  -0.01269,   0.00306,   0.04508,  -0.00569,   0.03633,   0.02232,  -0.04071,   0.01182,   0.02057,  -0.03721,   0.02232,   0.03983,  -0.04421,   0.04683,   0.01007,  -0.08098,  -0.00919,   0.01007,   0.03283,   0.03283,   0.06434,   0.00131,   0.00832,   0.01182,  -0.00569,   0.03983,   0.00306,   0.08710,   0.03808,   0.03283,   0.07310,   0.08885,  -0.05822,  -0.01795,  -0.02495,   0.08535,  -0.04596,  -0.01620,  -0.01094,   0.03808,  -0.00744,  -0.00394,  -0.08448,  -0.03370,   0.04333,   0.01532,  -0.04246,   0.02582,   0.09936,  -0.04771,   0.00481,   0.00481,  -0.05822,   0.00306,   0.00657,   0.08010,  -0.06347,  -0.03896,   0.00832,  -0.00219,  -0.09323,   0.05559,  -0.08448,   0.01707,   0.02757,  -0.00569,  -0.01444,   0.00306,   0.03283,  -0.01795,   0.00131,  -0.01094,  -0.03721,   0.01007,  -0.02845,  -0.04071,   0.09761,   0.03283,  -0.02670,   0.02582,   0.02582,   0.04858,  -0.07572,   0.03283,  -0.01795,  -0.03370,   0.06084,  -0.00044,   0.02582,  -0.00744,   0.02232,  -0.06347,  -0.03721,  -0.00219,  -0.01795,   0.00832,  -0.08448,   0.08710,   0.03283,  -0.00569,  -0.00569,  -0.03370,  -0.03020,  -0.00044,   0.03983,   0.02057,  -0.02320,   0.00131,  -0.05296,   0.00832,  -0.04071,   0.00306,  -0.07572,   0.03283,  -0.00569,   0.01182,  -0.05646,   0.03633,   0.06959,  -0.01970,  -0.01970,   0.01182,  -0.03195,  -0.08798,  -0.03545,   0.02407,  -0.01970,  -0.04946,   0.00657,  -0.03020,   0.01007,   0.00306,  -0.02670,   0.03283,   0.01707,  -0.01094,  -0.00044,  -0.05121,   0.04683,   0.01707,   0.03983,   0.01182,  -0.03195,  -0.02495,  -0.00219,  -0.05822,   0.03108,   0.04508,  -0.00919,   0.03808,  -0.01094,   0.00481,   0.00657,   0.06959,   0.00131,   0.02757,   0.02582,  -0.00219,   0.02232,  -0.00394,   0.08535,  -0.00919,   0.06259,   0.02057,  -0.00744,   0.07660,   0.07835,   0.01182,  -0.00219,  -0.00569,   0.04508,  -0.00219,  -0.02320,   0.01707,  -0.07922,   0.06084,  -0.10199,  -0.04771,  -0.00219,  -0.06347,  -0.04071,  -0.05822,   0.03458,   0.03108,   0.00657,   0.01007,  -0.04246,  -0.02145,  -0.08798,   0.04333,  -0.00044,   0.03458,   0.04158,  -0.01269,  -0.00219,  -0.06872,  -0.03370,  -0.07222,  -0.03020,   0.07310,   0.02582,  -0.00044,   0.01532,  -0.01795,  -0.04596,  -0.04421,   0.03458,  -0.00044,   0.02057,   0.00131,  -0.04946,   0.02757,  -0.03721,   0.04683,  -0.04071,  -0.01795,   0.05384,  -0.01444,   0.01357,  -0.05646,   0.03458,   0.00657,   0.05909,  -0.04946,   0.06259,   0.01007,  -0.03195,   0.06609,   0.06259,   0.00832,  -0.00569,  -0.05997,  -0.05121,  -0.00219,   0.05734,  -0.00394,   0.01182,  -0.07397,   0.00131,   0.00657,  -0.00219,   0.08710,   0.03458,  -0.02320,  -0.04071,  -0.01444,   0.00481,   0.12212,  -0.11424,   0.05734,  -0.02670,  -0.00044,   0.02757,  -0.07047,   0.07835,   0.00481,   0.04858,  -0.00394,  -0.03195,  -0.03195,   0.00306,   0.05384,   0.01882,   0.09235,  -0.03721,  -0.04596,   0.04508,  -0.06522,  -0.00744,   0.06609,   0.04158,  -0.04596,  -0.02670,   0.02407,   0.02232,   0.00657,  -0.03370,  -0.01620,  -0.04421,  -0.03545,  -0.08098,   0.04683,  -0.00919,  -0.00744,  -0.03195,  -0.05121,  -0.07047,  -0.04246,  -0.00569,  -0.01269,   0.02057,  -0.05471,   0.00832,  -0.04596,  -0.01094,  -0.03370,   0.01182,  -0.01970,   0.01182,  -0.02495,  -0.00394,  -0.04771,  -0.01970,   0.02057,  -0.03370,   0.02757,  -0.02495,   0.08360,  -0.01795,  -0.01269,  -0.03721,  -0.00044,   0.00306,  -0.00219,  -0.03195,   0.03108,   0.04333,   0.00131,   0.01182,  -0.04596,   0.04508,   0.06259,   0.04333,   0.01882,  -0.01620,  -0.01795,   0.05384,   0.02757,  -0.04596,  -0.01795,   0.01532,  -0.00394,   0.05209,   0.05734,  -0.01620,   0.03808,  -0.03020,  -0.00569,  -0.01094,  -0.01269,  -0.03721,   0.07485,   0.04158,  -0.02670,  -0.00919,   0.01882,   0.01182,   0.02232,   0.02933,  -0.02670,  -0.01795,  -0.08448,  -0.04421,  -0.01620,  -0.01795,  -0.02670,   0.01882,   0.03458,   0.06434,   0.01182,  -0.05997,   0.00481,  -0.04246,  -0.02845,  -0.05822,   0.05384,   0.01007,  -0.02320,   0.08360,  -0.06872,  -0.01444,   0.03633,  -0.04246,  -0.00394,   0.01182,  -0.00394,  -0.06872,   0.02407,   0.03983,   0.02232,  -0.04771,   0.07660,   0.05559,   0.03283,  -0.03896,  -0.02320,  -0.03020,  -0.06347,   0.01882,  -0.06347,   0.02933,  -0.00744,   0.04858,  -0.03545,   0.05209,  -0.01970,  -0.01269,   0.01882,   0.02057,   0.04508,   0.03108,  -0.09148,   0.01007,   0.00832,   0.03983,   0.01707,   0.02057,  -0.01269,  -0.01795,  -0.01620,  -0.06172,   0.03283,  -0.00394,   0.01357,   0.00657,   0.03458,  -0.03896,  -0.00044,  -0.01795,  -0.00569,  -0.00744,   0.01707,  -0.00394,   0.05734,   0.04683,   0.06084,  -0.06872,  -0.02145,  -0.06697,  -0.03195,  -0.00919,  -0.00394,   0.01707,  -0.03721,  -0.01620,  -0.04421,  -0.01970,   0.04858,  -0.01970,  -0.01620,  -0.06872,   0.01182,   0.00657,   0.02407,  -0.01620,  -0.00219,  -0.04421,   0.01532,   0.02582,  -0.01269,  -0.04596,   0.04333,   0.03983,  -0.04421,   0.01007,   0.06084,   0.10636,  -0.07922,  -0.01444,   0.00657,   0.02582,  -0.00569,  -0.05646,   0.05559,  -0.02145,   0.05209,   0.00306,  -0.04771,  -0.00394,   0.00481,   0.02407,  -0.03896,   0.00481,   0.01357,  -0.04421,  -0.00919,  -0.04421,   0.08010,   0.03283,  -0.03370,   0.05734,   0.01707,   0.05734,  -0.00569,   0.02582,  -0.03020,   0.08360,   0.00657,   0.01707,   0.08360,  -0.06347,   0.05559,  -0.01094,  -0.01620,  -0.02145,   0.02232,  -0.00919,  -0.01444,   0.02757,   0.00832,  -0.05471,  -0.00044,  -0.06347,  -0.01444,   0.03458,  -0.00044,   0.07835,   0.00832,   0.02582,   0.04858,   0.01532,   0.01532,  -0.02320,  -0.04246,  -0.01269,  -0.01795,  -0.00044,  -0.02495,   0.03283,  -0.01269,  -0.00044,  -0.02670,   0.06084,   0.00832,   0.02757,  -0.00394,  -0.02145,   0.05909,   0.01532,   0.09060,   0.01532,  -0.02320,  -0.02320,   0.02057,  -0.07922,  -0.02320,   0.06084,   0.00657,  -0.10374,  -0.07572,  -0.01094,  -0.11249,   0.00306,  -0.07222,  -0.01269,   0.00657,  -0.01444,   0.03108,   0.00131,  -0.02495,   0.01707,   0.00131,  -0.00569,  -0.01269,   0.05034,   0.06259,  -0.00044,  -0.00919,   0.02407,   0.01182,  -0.05296,   0.04508,   0.05734,  -0.03545,  -0.00919,  -0.03896,  -0.03370,   0.00306,  -0.04596,  -0.04596,   0.03633,  -0.11074,   0.00832,  -0.05121,  -0.04771,   0.03458,  -0.02670,  -0.02145,  -0.00044,   0.04683,   0.05384,   0.03458,  -0.02845,  -0.01970,   0.02057,  -0.01970,  -0.07222,   0.03283,  -0.03370,   0.11687,  -0.05822,   0.09411,  -0.10899,   0.01007,   0.01707,  -0.00744,   0.01007,  -0.01620,  -0.03896,  -0.01094,   0.03808,   0.00481,  -0.00044,   0.07835,   0.00481,   0.03983,   0.01182,  -0.01094,   0.03808,  -0.04946,   0.00481,   0.00131,  -0.03545,   0.05734,   0.05909,   0.00306,  -0.03195,   0.00832,  -0.01094,   0.00131,  -0.04596,  -0.04946,  -0.00044,  -0.02320,   0.02582,  -0.05646,  -0.04246,  -0.01795,  -0.00919,   0.03283,  -0.00919,  -0.01444,  -0.00569,  -0.06347,  -0.06172,   0.02232,  -0.04946,   0.00131,  -0.11424,   0.03458,   0.04858,   0.01532,  -0.00919,   0.01882,   0.00832,  -0.02670,   0.00131,  -0.03545,  -0.05646,   0.01707,  -0.01970,  -0.04421,   0.03983,  -0.01444,  -0.00744,   0.02407,  -0.02845,   0.08710,  -0.01970,  -0.00744,   0.05734,  -0.04596,   0.07835,  -0.02495,   0.02582,  -0.00044,  -0.02145,   0.00306,   0.06084,   0.02757,  -0.03896,   0.01357,   0.02407,   0.01007,   0.02407,   0.07660,  -0.00219,  -0.00919,  -0.07572,  -0.07572,   0.03633,   0.03283,  -0.00219,  -0.01970,   0.00131,  -0.01094,   0.03283,  -0.03020,   0.06434,  -0.07222,   0.01357,  -0.02845,   0.03458,  -0.09673,  -0.01620,  -0.00219,  -0.03370,   0.04858,   0.02933,  -0.02145,  -0.01970,  -0.02145,  -0.07922,  -0.06172,   0.00657,  -0.01795,   0.05909,  -0.01620,   0.01182,  -0.04421,   0.01007,   0.01182,   0.04683,  -0.04071,   0.02757,  -0.00044,  -0.03195,  -0.00569,   0.02232,  -0.04771,   0.02757,   0.06084,   0.07135,  -0.02145,   0.01357,   0.04508,  -0.07222,  -0.01795,  -0.00569,  -0.03370,  -0.01795,  -0.09848,   0.01182,  -0.05471,  -0.01269,  -0.06172,   0.03283,  -0.00394,   0.01707,   0.03633,  -0.11074,   0.08185,   0.04858,   0.01707,   0.04333,  -0.02495,   0.00832,   0.00306,  -0.01444,  -0.00219,  -0.07397,   0.02407,   0.04858,  -0.01970,   0.02057,   0.00832,  -0.06697,  -0.07047,   0.00657,   0.10811,  -0.05646,  -0.00219,   0.01532,  -0.03020,   0.00832,  -0.00744,  -0.01970,  -0.01970,  -0.01970,  -0.00569,   0.04333,  -0.03545,  -0.02495,  -0.01970,  -0.03721,   0.04858,   0.01707,   0.01357,  -0.03896,   0.04683,   0.03983,   0.00306,  -0.01795,   0.04683,  -0.03370,  -0.03195,  -0.01444,   0.03108,  -0.01970,   0.03108,   0.02232,   0.00131,  -0.00394,   0.02407,   0.03808,   0.04333,   0.00832,  -0.03721,   0.02933,   0.01182,  -0.01094,  -0.00919,   0.02407,   0.00657,  -0.06172,  -0.02495,  -0.00044,  -0.04246,  -0.07047,  -0.04421,  -0.03721,  -0.07397,  -0.05471,   0.03808,  -0.02320,   0.02232,   0.02232,   0.04683,  -0.02145,  -0.00569,  -0.00569,  -0.01444,  -0.05997,   0.02057,  -0.08098,  -0.07747,   0.01182,   0.02582,  -0.01444,  -0.00744,   0.02933,   0.00131,  -0.04421,  -0.04771,   0.02232,   0.00657,   0.04508,   0.03808,   0.06259,   0.02933,   0.08010,  -0.04421,  -0.00219,  -0.00219,   0.03983,   0.00481,   0.02582,   0.03633,   0.03983,   0.06434,   0.01182,   0.06784,  -0.00219,   0.01707,   0.00131,  -0.04946,  -0.09848,   0.09411,   0.06609,  -0.00044,  -0.04246,  -0.00219,  -0.07922,  -0.04421,  -0.01970,  -0.04071,   0.04683,   0.03458,  -0.00919,  -0.03545,  -0.00744,  -0.04771,  -0.02320,   0.05034,   0.00306,   0.04683,  -0.02145,   0.03983,  -0.10023,  -0.00219,   0.06784,  -0.05646,   0.03458,   0.08885,   0.03808,   0.02582,  -0.03545,  -0.03721,   0.08010,   0.02933,   0.07310,  -0.00394,   0.05384,  -0.01094,  -0.01795,   0.00481,  -0.01094,  -0.01970,   0.10811,   0.00481,   0.05034,   0.00657
  -0.00219,  -0.04071,  -0.04946,   0.07835,  -0.08973,  -0.06172,  -0.01795,   0.01882,   0.00131,   0.02582,  -0.07572,   0.00832,   0.05034,  -0.03370,   0.01357,   0.03808,   0.03108,   0.05559,   0.02232,  -0.01094,   0.03458,   0.00131,   0.02057,   0.01357,   0.02232,   0.02757,  -0.06522,   0.01182,   0.02057,   0.00481,   0.00481,  -0.02145,  -0.02670,   0.00832,   0.04858,  -0.00219,   0.02582,   0.04158,  -0.03195,  -0.13000,   0.01182,   0.04158,  -0.05646,   0.00306,   0.02757,  -0.01970,  -0.00394,   0.05384,   0.01007,   0.07835,   0.07660,  -0.02845,  -0.03721,   0.00481,   0.00832,   0.01182,   0.00306,   0.06259,   0.00131,   0.04683,   0.00832,  -0.07222,  -0.05471,   0.00306,  -0.03020,   0.02582,  -0.05296,  -0.02845,  -0.02495,   0.02757,  -0.03721,   0.06434,   0.02582,   0.01007,   0.00306,  -0.02320,  -0.01620,   0.03633,  -0.09498,   0.03108,  -0.05646,  -0.01970,   0.03808,  -0.08798,   0.01707,   0.00832,   0.01182,  -0.01970,   0.07135,   0.01882,   0.00306,  -0.05822,   0.04158,  -0.06172,   0.01357,  -0.05471,  -0.00569,  -0.04946,  -0.04771,  -0.00044,  -0.09148,   0.02407,   0.03108,  -0.04596,  -0.01444,  -0.03721,  -0.01094,   0.07835,   0.05034,  -0.02495,   0.01532,  -0.03721,   0.06434,   0.08360,   0.03808,  -0.04946,   0.02232,   0.05909,   0.05384,  -0.02495,  -0.03545,   0.05209,   0.01707,   0.00657,   0.05384,  -0.04596,  -0.03020,  -0.04596,  -0.00744,  -0.00744,  -0.04421,  -0.04771,  -0.03020,  -0.01269,   0.04683,   0.03808,   0.05384,  -0.05646,   0.02757,   0.04158,  -0.06697,  -0.01269,   0.02933,  -0.04771,  -0.03195,   0.03808,  -0.02495,   0.01882,   0.03458,   0.03458,   0.00481,  -0.04421,  -0.02320,   0.02933,   0.06784,   0.02582,  -0.03020,  -0.03020,   0.10636,  -0.01970,   0.06609,   0.03108,   0.05209,   0.00131,  -0.02670,   0.01707,   0.01007,   0.04158,   0.00832,   0.01882,  -0.00919,   0.05909,  -0.02495,  -0.02145,  -0.04946,   0.00306,  -0.03020,   0.05034,  -0.01620,   0.11336,  -0.03370,  -0.04596,  -0.01620,   0.04683,  -0.04071,  -0.02145,  -0.07397,  -0.04421,  -0.03545,  -0.00569,  -0.08098,   0.03108,   0.03983,  -0.06172,  -0.01444,  -0.02495,  -0.06522,  -0.00044,  -0.05997,  -0.07747,   0.07660,   0.01882,  -0.07222,  -0.02495,   0.02232,  -0.00744,   0.00481,   0.04858,   0.00306,   0.02757,  -0.06872,   0.03983,   0.00481,  -0.02145,  -0.05296,   0.01007,   0.03283,   0.10811,   0.03458,  -0.01970,  -0.04771,   0.06434,   0.02057,   0.02407,  -0.03370,  -0.02320,   0.03633,  -0.01620,   0.00481,  -0.03721,   0.00306,   0.03108,   0.04333,   0.04158,  -0.04421,  -0.01620,   0.07310,   0.02232,   0.01182,  -0.05646,  -0.05471,   0.01707,  -0.09848,   0.00657,  -0.00919,  -0.00744,  -0.01620,  -0.04946,  -0.07397,  -0.05997,  -0.09323,  -0.08973,   0.03283,   0.00131,  -0.00044,  -0.08623,   0.05209,  -0.02320,  -0.03370,   0.00832,   0.01182,   0.03808,   0.00832,  -0.05296,  -0.04071,   0.00131,   0.01707,   0.01007,  -0.03020,   0.03108,  -0.00394,   0.05384,  -0.04246,   0.00306,   0.01357,  -0.00394,   0.10286,  -0.00744,  -0.05296,  -0.03020,  -0.09148,   0.02407,  -0.01620,  -0.04421,  -0.01094,   0.03108,   0.02757,  -0.04246,   0.05034,   0.00657,   0.09936,  -0.05822,   0.00832,   0.05034,   0.06434,   0.03108,  -0.07047,   0.01357,   0.01357,   0.02232,   0.04858,  -0.03195,  -0.00219,   0.04858,  -0.00919,  -0.03195,  -0.00394,   0.03108,  -0.01094,   0.01182,   0.08360,  -0.03896,  -0.12475,  -0.03020,   0.05384,   0.05909,  -0.03020,  -0.01620,  -0.07047,  -0.03896,  -0.00219,   0.02933,   0.03633,  -0.02145,  -0.00919,  -0.01094,  -0.04771,   0.02407,   0.00832,   0.00657,   0.03633,   0.03808,   0.04858,  -0.00919,   0.04858,  -0.01269,   0.03108,  -0.02495,  -0.00569,  -0.00219,  -0.06697,   0.02057,  -0.00394,  -0.02145,  -0.04771,   0.00131,   0.01357,   0.14138,  -0.05646,   0.02407,  -0.01795,   0.01532,   0.04333,   0.13262,  -0.03195,  -0.00744,   0.01532,   0.01007,  -0.00919,   0.03633,   0.03808,   0.05034,   0.00481,  -0.02145,  -0.01795,  -0.05822,  -0.02320,  -0.01620,   0.02757,  -0.02670,   0.00832,   0.01357,  -0.01094,   0.02057,  -0.01269,  -0.00919,  -0.06347,  -0.03020,  -0.04071,  -0.00394,  -0.00394,   0.03808,   0.00481,   0.05384,  -0.01795,   0.05559,   0.00131,  -0.06347,   0.07135,  -0.08098,   0.01707,  -0.00569,  -0.04071,  -0.03195,  -0.07747,  -0.01620,  -0.04596,   0.04508,   0.08710,   0.04508,   0.01007,  -0.00919,  -0.01795,  -0.05822,   0.02582,  -0.01444,   0.00131,   0.03633,  -0.03195,  -0.04421,  -0.01795,  -0.05296,  -0.08098,   0.02232,  -0.00744,   0.06084,  -0.01970,   0.03633,   0.03283,   0.06784,  -0.01970,   0.00131,  -0.06697,  -0.01795,   0.02757,  -0.05646,   0.00657,  -0.01620,  -0.07397,  -0.01970,   0.01007,   0.03633,   0.01532,   0.02407,  -0.03896,   0.02757,  -0.04771,  -0.01970,  -0.04246,  -0.05822,   0.00832,  -0.01970,   0.02057,   0.00657,   0.00832,   0.00481,  -0.05121,  -0.01444,   0.02933,   0.09235,   0.07310,  -0.01094,  -0.01269,   0.06259,   0.03983,  -0.05296,   0.02933,   0.08535,  -0.03020,   0.01007,  -0.08448,   0.02582,  -0.01094,  -0.01795,   0.03808,  -0.05822,   0.01007,   0.01357,  -0.00394,  -0.06872,  -0.01444,  -0.05296,  -0.00744,  -0.10549,   0.02232,  -0.01269,  -0.02145,  -0.00569,  -0.00044,   0.00131,  -0.04596,   0.03108,  -0.03195,   0.08885,  -0.02495,  -0.04246,  -0.02845,   0.01357,  -0.06697,  -0.00394,  -0.04596,  -0.04771,   0.00832,  -0.01444,   0.02232,   0.11512,  -0.00919,  -0.01620,  -0.03896,   0.03458,  -0.06172,   0.01882,   0.00832,  -0.01094,  -0.03195,   0.04158,   0.00481,  -0.02845,   0.05909,   0.02407,  -0.00744,  -0.01444,  -0.04946,  -0.00744,   0.02232,  -0.08098,  -0.01620,  -0.04596,   0.02057,  -0.07047,  -0.06522,  -0.07397,  -0.04246,  -0.05471,   0.06609,   0.05909,   0.01007,   0.05384,   0.02933,  -0.04246,  -0.03896,   0.03108,  -0.00919,   0.02407,  -0.05997,  -0.04071,  -0.00919,   0.05559,  -0.02845,  -0.02845,  -0.05121,  -0.04946,   0.02933,   0.06084,   0.00481,  -0.00919,  -0.04246,  -0.07047,  -0.00219,   0.08010,   0.01532,   0.04858,  -0.03370,  -0.00569,  -0.03195,  -0.04246,   0.03108,   0.05209,  -0.08798,  -0.01269,  -0.02845,   0.04858,  -0.03195,   0.08185,   0.04858,   0.02582,  -0.06522,  -0.02495,   0.02582,   0.04508,   0.05734,  -0.03020,   0.00306,  -0.03195,  -0.02145,   0.03633,   0.02757,   0.00481,   0.01007,  -0.04771,  -0.06347,   0.02407,   0.05384,  -0.01620,  -0.02845,   0.04858,  -0.03896,  -0.01269,   0.05909,   0.04158,   0.09060,   0.03808,   0.03808,   0.06084,  -0.10899,  -0.07047,  -0.02320,  -0.05296,   0.05734,  -0.04421,  -0.03020,   0.00832,  -0.04421,  -0.00219,   0.00657,   0.09411,  -0.01094,   0.06434,   0.01357,  -0.03020,  -0.03195,   0.00481,   0.07660,  -0.02145,  -0.03195,   0.06084,   0.03283,   0.03808,   0.03983,   0.00481,   0.03108,   0.03633,  -0.01444,  -0.01444,  -0.05997,   0.01882,  -0.01620,  -0.00394,   0.05384,   0.05734,  -0.03545,   0.03633,  -0.01269,  -0.02320,  -0.00044,   0.00131,  -0.01094,   0.03983,  -0.02320,   0.02757,   0.01182,  -0.05121,  -0.00744,  -0.03195,  -0.03721,   0.04683,  -0.03195,   0.04508,  -0.06522,   0.04333,   0.01007,   0.02057,   0.02057,   0.02232,   0.01357,  -0.05296,  -0.00919,   0.01357,  -0.02320,  -0.00219,   0.04858,  -0.04421,   0.00832,   0.01007,   0.00481,  -0.08098,  -0.00744,  -0.01795,  -0.05296,  -0.04771,   0.03283,   0.02933,  -0.06522,   0.06959,  -0.00219,   0.06609,   0.01007,  -0.00394,   0.03983,   0.08360,  -0.02320,   0.00832,  -0.00219,   0.01882,   0.04158,   0.00657,   0.02232,  -0.00219,   0.00481,   0.01357,   0.01182,  -0.03370,  -0.02670,   0.03808,  -0.06172,   0.02232,   0.01357,  -0.03195,  -0.01094,   0.01357,   0.01357,   0.03458,  -0.01970,  -0.04421,  -0.07047,   0.12912,  -0.02845,   0.04858,   0.05909,   0.02933,   0.05034,   0.01007,  -0.06172,  -0.02145,  -0.00219,  -0.03020,   0.01882,  -0.03545,  -0.01094,  -0.08098,  -0.03195,  -0.09498,  -0.04421,  -0.07572,  -0.04421,  -0.02320,  -0.03370,  -0.04596,   0.00657,  -0.10023,   0.01007,   0.01182,   0.02407,  -0.00394,  -0.05822,  -0.01094,   0.01007,  -0.01970,   0.03283,   0.01532,   0.01357,  -0.05646,   0.05384,  -0.00919,  -0.01444,  -0.00219,   0.09060,   0.04858,   0.08010,  -0.07747,   0.02933,  -0.00219,   0.01882,  -0.08098,  -0.04246,  -0.06172,   0.04683,  -0.01970,   0.00306,   0.00481,  -0.01795,  -0.02145,   0.06434,  -0.00744,   0.14488,  -0.00569,  -0.02845,   0.01882,   0.04683,   0.05734,  -0.04771,   0.01182,   0.02407,  -0.09848,   0.03983,  -0.03195,  -0.03020,  -0.04071,   0.05209,   0.01532,  -0.01795,   0.06784,  -0.04071,  -0.00919,  -0.07397,   0.05034,  -0.01269,  -0.01970,  -0.07922,  -0.01795,   0.04158,   0.01182,   0.00306,   0.08010,  -0.01444,   0.01707,  -0.05296,  -0.02845,  -0.03721,  -0.00919,  -0.04771,  -0.01269,   0.04683,   0.00481,  -0.01094,   0.01707,   0.01182,  -0.02670,  -0.06872,   0.05209,   0.03983,  -0.00394,  -0.02845,   0.04333,  -0.00394,  -0.00569,  -0.02145,  -0.00219,   0.01357,  -0.02845,  -0.04246,   0.03633,  -0.06872,   0.06084,  -0.01970,  -0.08973,   0.01007,  -0.02145,   0.05034,  -0.06347,  -0.10023,   0.02407,   0.03283,   0.00306,   0.01882,  -0.01269,  -0.03896,   0.02232,  -0.00044,   0.05734,  -0.00219,  -0.01620,   0.02232,   0.01357,  -0.00569,  -0.01094,  -0.00044,   0.08185,   0.01882,   0.00131,  -0.00919,  -0.06522,   0.05734,   0.06609,  -0.02495,  -0.08448,  -0.00219,   0.02933,  -0.08273,   0.00832,   0.02757,  -0.01444,   0.07660,   0.01707,  -0.00394,  -0.01094,   0.05384,   0.00481,   0.01882,   0.00832,  -0.04771,  -0.04071,   0.02582,   0.03808,  -0.09148,   0.00832,   0.00131,   0.00832,   0.03633,   0.03283,   0.02407,  -0.00744,  -0.03545,   0.03633,  -0.03020,  -0.07747,   0.02757,  -0.03195,  -0.02320,  -0.02145,  -0.01620,  -0.06522,  -0.00219,  -0.07397,   0.03808,  -0.05822,  -0.04421,   0.05209,  -0.02320,  -0.05471,  -0.02320,  -0.03545,   0.08710,   0.01882,   0.05384,   0.02757,   0.04683,   0.02582,  -0.00569,   0.07660,  -0.03545,   0.02057,   0.00832,   0.05559,   0.02057,   0.00657,  -0.04771,  -0.01444,   0.01007,  -0.02495,   0.01007,  -0.04071,   0.06434,  -0.03020,  -0.03020,  -0.02495,   0.02757,   0.04508,  -0.02145,   0.07310,   0.03458,  -0.01620,  -0.00219,   0.01532,   0.07135,   0.07135,  -0.05997,   0.02407,  -0.05822,   0.03808,   0.04333,  -0.03195,  -0.05121,  -0.07222,  -0.00044,   0.00481,  -0.03020,   0.08710,  -0.00044,   0.01707,   0.03458,  -0.00744,   0.05034,  -0.00044,  -0.07047,  -0.01094,   0.02232,   0.08360,  -0.05471,   0.04683,   0.02933,  -0.00044,  -0.03370,   0.00306,   0.01532,   0.03983,  -0.00919,  -0.02320,  -0.00744,   0.02407,   0.09586,   0.07310,  -0.02670,  -0.05296,   0.02057,   0.01532,  -0.03195,   0.02933,   0.02057,   0.04508,   0.04858,   0.01007,   0.02057,  -0.06172,  -0.07747,  -0.04596,  -0.04946,  -0.04246,   0.03108,  -0.02670,  -0.01444,   0.00657,  -0.01620,  -0.04946,   0.04158,   0.06259,  -0.00394,  -0.07047,   0.00832,   0.02232,  -0.04946,   0.07660,  -0.04246,   0.02933,   0.03808,  -0.02145,  -0.02670,   0.00481,  -0.05471,   0.00306,   0.02407,   0.09060,   0.06784,  -0.06522,  -0.04771,   0.06084,   0.05559,   0.05559,   0.12037,  -0.05121,  -0.03370,  -0.06872,  -0.04771,  -0.02845
  -0.00219,  -0.00394,   0.00306,   0.01532,  -0.07397,  -0.02320,  -0.01970,   0.03633,  -0.03370,   0.00481,   0.05909,  -0.01970,   0.02232,  -0.00394,   0.01182,  -0.02495,   0.01007,   0.00657,   0.00131,  -0.02670,  -0.03370,   0.03108,   0.03808,  -0.05296,   0.00481,  -0.00744,  -0.04596,  -0.05121,   0.01707,  -0.00219,  -0.03370,  -0.02845,   0.05559,   0.03633,   0.05384,  -0.07047,  -0.05296,  -0.02495,  -0.01795,   0.03808,   0.02057,   0.06959,  -0.00744,   0.02232,   0.05559,   0.03983,  -0.05121,  -0.06347,   0.05384,  -0.01795,   0.02407,   0.01882,  -0.08623,   0.01182,   0.02582,  -0.06347,   0.08360,  -0.00919,   0.07660,  -0.03370,  -0.04246,  -0.06347,  -0.02145,   0.03283,   0.03808,  -0.00919,  -0.05646,  -0.07747,  -0.01444,   0.05909,   0.01182,   0.03633,   0.04158,   0.01182,   0.06784,  -0.01970,  -0.03721,  -0.02670,  -0.07222,   0.01182,  -0.03370,  -0.07222,  -0.05997,   0.01882,  -0.03896,   0.03108,  -0.04421,  -0.04071,   0.01007,   0.02582,   0.02407,  -0.07922,   0.00481,   0.03633,  -0.04596,  -0.05296,   0.06084,   0.05909,   0.03458,  -0.06347,  -0.03545,  -0.07222,   0.07135,  -0.07397,   0.00657,  -0.04771,   0.00832,   0.00131,   0.03983,  -0.02845,  -0.01269,  -0.06347,   0.00306,   0.01357,   0.08185,   0.02582,  -0.03195,  -0.02495,   0.00832,   0.00832,  -0.01444,  -0.00044,  -0.01970,   0.00481,  -0.02320,  -0.00919,   0.08010,   0.08360,   0.03633,   0.03983,   0.08360,   0.02057,  -0.00044,  -0.08273,   0.10111,   0.04333,  -0.04071,   0.00657,  -0.00919,  -0.03545,  -0.02320,  -0.05121,  -0.07572,  -0.02845,  -0.02320,  -0.03545,  -0.06172,   0.01707,   0.03808,  -0.02670,  -0.03545,  -0.01444,  -0.02495,  -0.01094,   0.04858,   0.02232,  -0.03545,  -0.04596,  -0.00044,   0.03983,  -0.00219,  -0.02145,   0.03458,   0.01707,   0.04858,  -0.01444,  -0.01269,   0.03283,  -0.04421,  -0.09148,   0.06434,  -0.03721,   0.02407,   0.00131,  -0.03545,  -0.02145,   0.00481,   0.04158,  -0.02670,   0.01182,  -0.02145,   0.02757,  -0.01795,  -0.00219,   0.03633,  -0.00919,   0.03458,  -0.00394,   0.07135,  -0.04071,   0.04333,  -0.04246,  -0.02845,   0.01882,   0.01182,  -0.05997,   0.03983,  -0.00919,   0.04508,  -0.05296,   0.04333,   0.01357,  -0.02495,  -0.06697,   0.04858,  -0.01269,  -0.01094,  -0.03721,  -0.02320,   0.02933,  -0.01269,   0.01532,  -0.00569,  -0.05646,  -0.01444,  -0.00569,   0.06259,  -0.01094,  -0.02845,   0.02407,  -0.04771,  -0.03370,  -0.05822,  -0.03545,  -0.00744,   0.11687,  -0.05822,   0.06784,   0.03283,  -0.01795,  -0.01795,  -0.04421,   0.02933,  -0.00219,   0.01007,  -0.01620,  -0.03020,   0.00306,   0.03808,   0.05209,   0.00657,   0.03983,  -0.03545,   0.00306,  -0.01795,  -0.03020,  -0.06347,   0.03283,  -0.00044,  -0.02320,  -0.03721,   0.03458,   0.01882,  -0.01795,  -0.06522,  -0.01444,   0.02057,   0.07135,  -0.01269,  -0.03195,   0.01532,   0.04683,   0.03808,   0.05384,  -0.01269,   0.01882,   0.03808,   0.12562,   0.03633,  -0.05296,   0.01707,   0.02057,   0.03108,   0.00481,  -0.04421,   0.01182,  -0.00219,   0.12387,  -0.01444,  -0.02145,   0.04158,  -0.02495,  -0.01970,   0.00832,  -0.05646,   0.04508,   0.02407,   0.00131,  -0.05296,  -0.00569,  -0.00044,   0.01882,  -0.04421,  -0.02320,  -0.05296,  -0.05471,  -0.00919,   0.03808,   0.07135,  -0.03545,   0.00131,  -0.00569,   0.00481,  -0.09498,  -0.00394,  -0.07922,   0.01007,   0.04858,   0.00832,  -0.02145,  -0.05296,   0.02582,  -0.02845,  -0.01620,   0.01707,  -0.02145,   0.02757,  -0.03370,   0.03458,   0.01007,   0.03808,  -0.01269,  -0.06872,   0.05559,  -0.02670,  -0.01620,  -0.03896,   0.01707,  -0.01970,  -0.01094,   0.08010,  -0.01620,   0.01532,  -0.02145,  -0.04946,   0.00657,   0.05209,  -0.00044,   0.06609,  -0.05471,   0.03633,   0.05559,   0.00481,   0.04508,   0.01007,  -0.00044,   0.03108,  -0.02670,  -0.06697,  -0.04071,  -0.01620,  -0.03545,   0.01182,   0.02057,  -0.01269,  -0.05471,   0.00481,  -0.01795,  -0.05646,  -0.01795,  -0.02495,   0.02407,   0.03633,   0.00657,  -0.03020,  -0.01269,   0.01707,   0.00131,  -0.05822,   0.05734,  -0.00394,   0.02407,   0.00832,  -0.08273,   0.09060,   0.02232,  -0.02670,  -0.01094,  -0.01094,  -0.02145,   0.06434,   0.04683,  -0.11249,   0.01182,  -0.06347,  -0.00569,  -0.01620,  -0.00219,  -0.00569,  -0.01620,   0.01007,  -0.00744,   0.01532,  -0.02495,   0.08185,  -0.00569,   0.03283,   0.07135,  -0.08273,   0.03808,  -0.02145,   0.04158,  -0.05121,   0.04858,  -0.07047,   0.01532,  -0.03370,   0.05034,  -0.03896,  -0.01795,   0.07135,  -0.07922,  -0.09148,   0.01182,  -0.05121,  -0.02145,  -0.00219,  -0.06522,  -0.04946,   0.03283,   0.03108,  -0.00044,  -0.00569,   0.00481,   0.01532,  -0.00044,   0.04858,  -0.01094,   0.00131,  -0.00744,   0.06084,  -0.01094,  -0.12300,  -0.02145,  -0.01094,  -0.00219,  -0.05471,  -0.01970,   0.01882,  -0.02145,  -0.03721,  -0.02145,   0.00481,   0.01007,   0.02057,  -0.05121,   0.00131,   0.02232,   0.05384,  -0.02670,  -0.04421,  -0.00744,   0.04683,  -0.02670,   0.08535,  -0.00569,  -0.01444,   0.03983,   0.08710,   0.14488,   0.03108,  -0.00569,   0.02582,   0.00131,  -0.03545,   0.02582,   0.00832,  -0.02845,  -0.03195,   0.03108,  -0.07047,   0.01357,   0.02057,  -0.08448,  -0.01269,  -0.07922,  -0.01269,  -0.06347,   0.00306,  -0.06347,   0.04858,  -0.03020,  -0.08273,   0.10811,   0.07660,   0.01182,  -0.03195,   0.02757,  -0.03370,   0.04858,  -0.05822,  -0.04071,   0.01707,  -0.03545,  -0.02845,   0.01182,   0.05734,   0.02407,  -0.01094,   0.02232,  -0.00919,   0.02232,  -0.07397,  -0.05822,   0.01532,  -0.01444,  -0.02495,   0.02582,  -0.08448,   0.02057,  -0.02670,   0.01882,  -0.00219,   0.02057,  -0.02320,   0.02057,   0.01007,   0.06959,  -0.00569,  -0.10199,   0.09761,   0.00657,   0.01007,  -0.03370,   0.01882,  -0.05296,  -0.04071,  -0.01795,   0.05209,   0.04333,  -0.01620,  -0.00919,   0.03633,  -0.01094,  -0.00569,  -0.00394,   0.00832,   0.00832,   0.00131,   0.00306,   0.00131,  -0.03195,  -0.08623,   0.06434,   0.04158,   0.01357,   0.04858,  -0.05296,  -0.01970,   0.00481,  -0.03020,  -0.02495,  -0.08798,   0.05559,  -0.00394,   0.10986,  -0.02845,   0.02407,  -0.04421,   0.08010,   0.02757,   0.00832,   0.00481,  -0.02670,  -0.03020,  -0.02320,   0.03633,  -0.04946,  -0.00744,   0.01007,  -0.04421,   0.02057,  -0.01795,  -0.02495,  -0.02320,   0.00481,  -0.02845,   0.00131,  -0.01795,   0.00481,  -0.05296,  -0.00744,  -0.05822,  -0.01620,  -0.01620,   0.05909,  -0.01094,  -0.02320,   0.01882,  -0.01795,  -0.03721,   0.00481,  -0.05822,  -0.02670,  -0.01970,  -0.01269,   0.00131,  -0.05822,   0.05909,  -0.03370,   0.03983,  -0.00744,  -0.00569,  -0.08623,   0.04158,  -0.02670,  -0.00044,  -0.03545,   0.06609,  -0.00044,   0.01007,   0.02582,   0.09936,  -0.04946,  -0.01795,   0.01532,  -0.00394,  -0.05121,  -0.03370,   0.02232,   0.04508,   0.03283,   0.03458,   0.02582,   0.05559,  -0.00219,  -0.00219,   0.04683,   0.03458,  -0.06347,   0.10111,   0.02057,  -0.08098,  -0.10199,  -0.01620,   0.04858,   0.02582,  -0.01620,   0.06959,  -0.01269,  -0.03721,   0.02232,  -0.02495,   0.02582,  -0.02320,   0.01882,   0.01007,  -0.02145,  -0.02320,  -0.01795,   0.01007,  -0.01269,  -0.02145,   0.00131,  -0.04596,  -0.06872,  -0.02845,   0.01182,   0.00306,  -0.01795,   0.00657,  -0.00919,  -0.01444,  -0.07922,  -0.04771,  -0.01620,   0.06259,   0.01532,   0.00131,  -0.07747,  -0.00569,  -0.00569,  -0.04946,  -0.02145,  -0.00569,   0.02933,   0.09060,  -0.01269,   0.03283,  -0.02320,  -0.01269,   0.02933,  -0.05296,  -0.05822,   0.02232,   0.05734,  -0.01620,   0.03458,   0.03108,  -0.04246,   0.06259,   0.06784,  -0.05822,   0.00481,   0.01532,   0.02057,   0.03808,  -0.00569,   0.04158,   0.01882,  -0.06522,   0.00131,   0.01357,   0.01182,  -0.08273,  -0.03370,   0.07135,   0.03808,   0.04683,  -0.01269,   0.01532,   0.02232,   0.02757,   0.02933,  -0.02145,  -0.07397,  -0.03370,  -0.02495,  -0.00569,  -0.00394,   0.03983,   0.15714,  -0.07222,   0.02232,   0.03458,   0.05034,  -0.07222,  -0.08448,   0.04858,  -0.00394,   0.10461,  -0.00569,  -0.07047,  -0.06522,   0.00832,   0.07135,   0.04683,  -0.00219,  -0.00569,   0.00131,  -0.00044,  -0.00394,   0.05734,  -0.04071,   0.03458,  -0.00569,   0.05384,   0.00832,   0.05559,   0.00306,  -0.00919,  -0.04771,  -0.03020,  -0.04946,  -0.03195,  -0.02670,  -0.03195,  -0.06347,   0.04508,  -0.00919,  -0.00569,   0.01707,  -0.01444,  -0.06172,   0.01182,  -0.01444,  -0.04771,   0.04158,   0.05734,   0.03633,  -0.01970,  -0.01269,  -0.03896,   0.00306,   0.07660,  -0.04421,  -0.02670,  -0.02670,   0.05909,   0.00832,   0.05559,  -0.00744,   0.05209,   0.06259,   0.01007,  -0.01970,   0.01532,  -0.03896,  -0.05296,   0.03108,   0.09235,   0.03283,   0.02757,  -0.02145,  -0.02145,   0.01882,  -0.03020,   0.00306,  -0.05471,   0.01882,  -0.05822,   0.01882,  -0.03020,   0.02057,  -0.05296,   0.02582,   0.04858,  -0.00744,  -0.00744,   0.00832,   0.02757,  -0.05121,  -0.02320,   0.09411,  -0.01795,  -0.03721,   0.01882,   0.01532,  -0.06697,  -0.01620,  -0.02495,   0.01357,  -0.05646,   0.03283,  -0.02320,  -0.03020,  -0.04246,   0.00481,   0.05384,  -0.01620,  -0.07047,   0.02933,   0.03633,  -0.00394,  -0.01795,  -0.01795,   0.01182,   0.03983,  -0.01970,   0.06784,   0.02057,  -0.00744,   0.10286,  -0.05296,   0.00657,  -0.07922,  -0.00219,  -0.01094,  -0.03020,  -0.08973,  -0.02495,  -0.07747,  -0.00394,  -0.00219,   0.01707,  -0.00394,  -0.00044,   0.01882,   0.04508,  -0.04771,   0.01182,  -0.04071,   0.02407,   0.05909,   0.03458,  -0.01795,   0.03983,   0.08535,   0.03108,   0.03458,   0.03633,  -0.01444,  -0.01444,  -0.06697,   0.03633,  -0.00919,  -0.01970,  -0.03896,  -0.03020,  -0.01620,  -0.03721,  -0.00219,   0.03983,   0.00131,  -0.01269,   0.00306,  -0.10023,  -0.02320,   0.04158,   0.05209,   0.02757,   0.09586,   0.02407,   0.01357,  -0.01269,  -0.01444,   0.04158,  -0.03896,   0.02407,   0.00131,  -0.08098,  -0.07922,  -0.03020,   0.01882,  -0.06172,  -0.02670,   0.02057,  -0.07747,  -0.04946,  -0.02845,  -0.01620,   0.06434,  -0.00569,  -0.01795,   0.04333,   0.01707,   0.01007,  -0.08623,  -0.00394,   0.00131,  -0.00919,  -0.00394,   0.01532,  -0.04246,   0.01182,   0.05034,   0.06084,   0.02582,  -0.01795,   0.05559,  -0.01620,  -0.07922,  -0.04421,  -0.00744,   0.03983,   0.05734,  -0.00394,   0.01007,  -0.05822,   0.05384,  -0.01444,   0.02933,  -0.00394,   0.03808,   0.01007,   0.02057,   0.01357,   0.02232,  -0.02145,  -0.01795,  -0.02670,   0.00657,   0.08885,   0.00306,  -0.06347,   0.02232,   0.00481,  -0.05822,   0.01357,   0.05384,   0.06434,  -0.00219,   0.00306,   0.02582,   0.00306,  -0.04246,  -0.01094,  -0.00744,   0.03808,   0.02582,  -0.01970,  -0.01620,   0.03108,   0.03458,   0.03808,   0.02582,  -0.06522,   0.00832,   0.00832,   0.02232,  -0.02145,   0.00481,   0.10111,   0.03983,   0.06259,  -0.00569,   0.02933,   0.06434,  -0.08273,   0.08710,   0.06784,   0.03108,  -0.04596,  -0.04071,  -0.05997,  -0.02845,  -0.04421,   0.03458,  -0.00744,  -0.04946,   0.03108,  -0.03545,   0.02582,  -0.00219,   0.00481,  -0.07222,   0.00131,  -0.03896,  -0.02495,  -0.02495,  -0.03721,   0.11336,  -0.06872,   0.07485,   0.05734,   0.03283,   0.00131,   0.03633,   0.01532,  -0.05646,  -0.03020,   0.01357,  -0.02145,  -0.00569
  -0.03545,   0.02582,  -0.02670,   0.05734,  -0.04946,   0.05209,   0.13613,  -0.00044,  -0.01795,   0.01707,   0.02582,  -0.03020,   0.03458,  -0.01094,  -0.00569,  -0.01269,   0.11161,  -0.00744,   0.02933,   0.00306,  -0.04946,   0.03983,  -0.01444,  -0.00219,   0.04333,   0.07310,   0.02582,  -0.00919,  -0.02845,  -0.01620,   0.04333,   0.00657,  -0.02320,   0.01882,   0.01532,   0.00832,  -0.01269,  -0.01620,  -0.04946,  -0.00044,  -0.05822,  -0.05646,   0.00131,  -0.03896,  -0.04596,  -0.01094,  -0.03545,  -0.03545,  -0.03020,  -0.01444,  -0.08273,  -0.05646,   0.03633,  -0.03195,  -0.06522,  -0.00744,  -0.05646,   0.03458,   0.05559,  -0.05997,   0.02933,   0.02407,  -0.07922,  -0.04596,  -0.01269,  -0.04771,  -0.02670,   0.05734,  -0.05121,  -0.02320,   0.00131,   0.05034,   0.03108,   0.02407,   0.02057,   0.00481,   0.08010,  -0.01444,  -0.04071,  -0.06697,   0.00832,   0.04333,  -0.05471,  -0.12300,   0.02933,   0.05734,   0.01532,   0.03983,   0.01707,  -0.02320,  -0.01620,   0.01882,   0.05384,  -0.04596,  -0.02495,  -0.00219,   0.07135,  -0.08098,  -0.01970,   0.01182,   0.01882,   0.04158,   0.09235,  -0.01970,   0.02933,  -0.04071,   0.01007,  -0.11249,   0.01182,  -0.00219,   0.06259,  -0.03545,   0.00306,   0.01532,   0.01357,   0.02582,  -0.02145,  -0.00044,   0.01882,  -0.07572,   0.05034,  -0.05471,  -0.03020,   0.04858,   0.04333,   0.00481,  -0.03721,  -0.00219,  -0.00394,  -0.01970,   0.02933,   0.02933,  -0.00394,  -0.06172,  -0.07572,   0.05034,  -0.01269,  -0.03370,   0.02582,  -0.01094,  -0.00919,  -0.01444,  -0.06522,  -0.06172,  -0.01620,  -0.01444,  -0.04071,   0.01707,  -0.00394,  -0.00044,   0.00481,  -0.00919,   0.02057,   0.01532,   0.04683,   0.03458,  -0.08973,  -0.00044,  -0.00044,   0.00657,   0.04158,   0.00657,  -0.03195,  -0.00394,  -0.02320,  -0.01795,   0.03458,  -0.06347,   0.00306,   0.02407,  -0.02145,  -0.02845,   0.07485,   0.08185,  -0.01970,  -0.01269,   0.02582,   0.05909,  -0.01269,   0.08010,   0.02757,  -0.00394,  -0.04946,  -0.02320,  -0.02495,  -0.05997,   0.01007,  -0.03020,  -0.04946,  -0.04596,  -0.02845,  -0.08973,  -0.00394,  -0.02670,   0.02232,   0.02232,   0.03983,  -0.03195,  -0.05997,  -0.03370,  -0.07222,   0.01707,  -0.00744,   0.03808,   0.01007,  -0.00219,  -0.03545,   0.02933,  -0.01970,  -0.00744,   0.05034,   0.02407,  -0.00044,   0.06084,   0.13437,  -0.04246,   0.00481,  -0.00394,   0.08185,  -0.02145,   0.01357,   0.07135,  -0.01970,  -0.03195,  -0.05471,  -0.02495,  -0.03195,   0.08010,  -0.01269,  -0.00219,  -0.05296,  -0.00394,  -0.00919,   0.00306,  -0.01970,   0.01357,   0.04333,  -0.04946,  -0.01970,   0.03283,   0.05559,   0.01532,   0.03458,  -0.03020,  -0.06872,  -0.00219,   0.02757,  -0.03896,   0.05909,  -0.00394,  -0.00219,   0.02057,  -0.04771,   0.01182,  -0.01620,   0.06434,  -0.02845,   0.01707,  -0.00744,   0.02933,  -0.00919,  -0.03896,   0.03808,   0.04858,   0.07310,   0.02933,  -0.05471,  -0.02495,   0.08185,   0.06084,  -0.00744,   0.08185,  -0.02145,  -0.07747,   0.06434,  -0.04596,   0.00832,  -0.00569,  -0.02320,  -0.00044,  -0.05471,  -0.00394,  -0.03195,   0.03108,   0.03808,   0.00306,   0.01007,  -0.04246,   0.00832,  -0.05822,   0.03808,  -0.00919,  -0.04246,   0.00481,  -0.04421,  -0.00744,   0.03983,   0.02407,  -0.04071,  -0.01444,   0.07660,   0.01882,  -0.06347,  -0.06347,  -0.05997,  -0.05646,  -0.02320,   0.08010,  -0.04596,   0.09586,   0.02582,  -0.05822,   0.07485,  -0.02495,   0.05909,  -0.03896,   0.03808,  -0.05121,   0.01532,  -0.04246,  -0.10899,  -0.00919,   0.03808,  -0.03896,  -0.04421,  -0.00044,  -0.09848,   0.09411,   0.00306,  -0.02495,   0.01357,  -0.02145,   0.00306,  -0.05822,   0.03108,   0.03458,  -0.06872,  -0.00044,  -0.02495,  -0.12475,   0.03808,   0.11687,  -0.00744,  -0.01795,  -0.06697,   0.04333,  -0.01620,  -0.02320,  -0.03721,  -0.01620,  -0.08098,  -0.02320,  -0.09848,   0.06959,  -0.01795,  -0.07222,  -0.01620,  -0.01269,   0.02757,   0.05384,  -0.02845,  -0.04596,  -0.02670,  -0.02145,  -0.07222,   0.07310,   0.01357,   0.00832,   0.03983,  -0.00044,   0.02057,   0.03808,   0.03633,   0.02582,  -0.06697,  -0.07572,   0.01007,  -0.02670,  -0.06522,  -0.05121,   0.06609,   0.03808,   0.04508,  -0.01795,   0.01357,   0.02407,  -0.02845,  -0.00569,  -0.02845,  -0.02145,  -0.04421,   0.06959,  -0.00219,  -0.05646,   0.01357,   0.07310,  -0.05997,  -0.02145,  -0.03020,  -0.02320,   0.02933,   0.01532,   0.01357,  -0.04596,  -0.02495,   0.00832,   0.05209,   0.03983,  -0.03896,  -0.00744,   0.05384,  -0.03545,  -0.00394,   0.00131,   0.04333,  -0.03195,   0.00481,  -0.05121,   0.01882,  -0.01620,  -0.07397,  -0.00044,   0.00306,  -0.03545,  -0.03195,   0.00832,  -0.02495,   0.02582,  -0.04071,   0.00657,   0.05559,   0.02057,   0.00481,  -0.00744,  -0.02670,  -0.03896,  -0.07047,  -0.03896,  -0.05296,   0.01007,   0.00481,   0.05209,  -0.03370,  -0.01269,   0.01182,   0.06084,  -0.08273,   0.00481,   0.01532,  -0.02495,  -0.06872,   0.00832,   0.00131,   0.02933,  -0.01970,   0.02933,  -0.04246,  -0.02845,  -0.02145,   0.00131,   0.00657,  -0.01970,  -0.00569,   0.00131,   0.00832,   0.01007,  -0.03545,   0.03283,  -0.02495,  -0.00744,   0.01357,  -0.00569,  -0.03545,  -0.02320,  -0.00394,   0.04158,   0.00657,  -0.01269,   0.00832,   0.02057,   0.03983,  -0.01620,   0.02232,  -0.04246,  -0.10549,   0.09586,   0.00131,   0.02232,  -0.01094,   0.02407,   0.02933,  -0.03195,  -0.01795,   0.05384,   0.00481,  -0.01795,   0.03458,  -0.03545,   0.00832,   0.06609,   0.01532,  -0.02845,   0.04333,  -0.05997,   0.00306,   0.04158,  -0.08798,   0.01707,   0.03808,  -0.02320,  -0.07397,  -0.03370,  -0.01094,   0.03108,  -0.04421,  -0.02845,  -0.00569,  -0.03721,   0.06609,  -0.07572,  -0.02145,  -0.02845,  -0.00744,  -0.10199,   0.02582,  -0.01444,  -0.04071,   0.02933,  -0.00394,   0.02933,  -0.01444,   0.00481,  -0.02670,   0.03283,   0.10636,   0.05559,  -0.06347,   0.00131,   0.00832,  -0.01620,   0.02057,  -0.04071,   0.00306,   0.01007,   0.01007,  -0.04771,  -0.00044,  -0.01269,  -0.05296,   0.03808,  -0.08448,  -0.06347,  -0.04071,   0.04508,   0.03108,  -0.04071,  -0.02845,   0.01007,  -0.00394,  -0.01269,  -0.04771,  -0.03545,  -0.09673,  -0.04771,  -0.04246,   0.01707,   0.01357,  -0.02845,  -0.05822,   0.01182,  -0.05121,  -0.01795,  -0.02845,  -0.07222,   0.05034,   0.01707,   0.09060,  -0.00744,  -0.03721,  -0.03896,   0.01007,   0.09411,   0.05209,  -0.06347,  -0.00919,  -0.03721,   0.02933,  -0.02845,  -0.05646,   0.00657,   0.03283,   0.00481,  -0.05822,   0.07310,   0.01882,  -0.04771,  -0.04771,   0.05909,   0.04858,   0.00306,   0.02057,   0.00481,   0.00306,   0.04508,   0.05209,  -0.04946,   0.05209,   0.02057,   0.04158,   0.01532,   0.02933,   0.08360,  -0.00219,  -0.06697,   0.00131,  -0.02145,  -0.07922,   0.01707,   0.09936,   0.04683,  -0.03545,   0.06784,  -0.02845,  -0.03545,  -0.00394,   0.03983,   0.00306,   0.01007,  -0.06347,  -0.03545,   0.05034,  -0.01444,   0.02057,  -0.01970,  -0.00394,   0.05209,  -0.05121,  -0.04946,  -0.00219,   0.09411,  -0.00919,  -0.04071,  -0.04771,  -0.04946,   0.03633,   0.01007,  -0.00919,  -0.00394,  -0.03721,   0.01707,  -0.00394,  -0.01444,  -0.06872,   0.01707,  -0.03020,  -0.02845,  -0.01970,   0.06434,  -0.04771,   0.10286,   0.01707,  -0.07572,   0.01707,  -0.06347,  -0.03545,  -0.08448,   0.01882,   0.02933,  -0.00919,  -0.03896,  -0.00569,   0.00131,  -0.02320,   0.02582,  -0.06522,  -0.00394,   0.01182,  -0.04421,  -0.04596,  -0.00219,  -0.01094,   0.05559,  -0.03020,  -0.00044,  -0.02320,   0.01182,  -0.02495,   0.02232,  -0.03020,  -0.05121,  -0.03020,   0.08185,   0.01182,  -0.04421,   0.02933,   0.00306,   0.02757,   0.10461,  -0.00394,  -0.03721,   0.01007,  -0.03195,  -0.02670,  -0.04596,  -0.00569,   0.01182,  -0.01094,   0.01007,   0.02232,  -0.04771,   0.01532,   0.00131,  -0.04596,   0.03458,  -0.05997,  -0.06347,  -0.02320,   0.03108,   0.01532,   0.04683,   0.03283,   0.02057,  -0.04421,  -0.09848,  -0.01094,  -0.03721,  -0.03545,   0.00832,   0.02933,  -0.11249,  -0.00744,   0.01532,  -0.04246,  -0.00044,  -0.03020,   0.02407,  -0.05121,  -0.07222,   0.02057,   0.04508,  -0.00919,   0.03633,   0.00657,  -0.04421,   0.02232,  -0.06172,   0.00832,  -0.02495,  -0.01620,   0.05559,   0.00657,  -0.08273,  -0.00569,   0.03983,  -0.03370,   0.00481,   0.00481,   0.00481,   0.01007,  -0.06522,  -0.07397,   0.01357,  -0.01795,   0.02757,  -0.02845,   0.00131,  -0.04596,  -0.03020,   0.01532,  -0.03545,  -0.01970,  -0.02145,   0.04858,   0.02933,   0.02057,  -0.07572,   0.01182,  -0.03721,   0.02407,  -0.02320,   0.01882,   0.02582,   0.02232,   0.08885,   0.03983,   0.00131,  -0.02845,   0.01182,   0.01882,   0.07835,   0.01882,   0.01182,  -0.04946,   0.00657,  -0.05121,  -0.04246,   0.07660,  -0.05822,  -0.00394,  -0.06522,   0.03983,   0.00131,  -0.05997,  -0.00569,  -0.01970,  -0.03370,   0.05034,  -0.00219,  -0.08798,   0.01007,  -0.05822,   0.04683,  -0.02670,   0.04333,   0.02582,  -0.00219,  -0.04596,   0.05384,   0.00131,   0.00832,  -0.08098,   0.03458,  -0.00569,   0.03283,   0.00131,  -0.01094,   0.02232,  -0.02845,  -0.01620,  -0.00044,  -0.02495,  -0.08798,   0.05734,  -0.04246,  -0.06872,  -0.02320,   0.00306,  -0.05121,  -0.00569,  -0.01444,   0.02407,  -0.05296,   0.03108,   0.02933,  -0.00394,   0.01007,   0.02407,  -0.02845,  -0.04596,   0.04858,   0.02757,  -0.01795,   0.01007,   0.03458,  -0.01795,   0.02757,  -0.03896,   0.00131,   0.03108,   0.07135,  -0.05121,  -0.03721,  -0.06522,  -0.04246,   0.00131,  -0.07572,   0.07660,   0.07310,   0.04333,  -0.03020,   0.03983,   0.01532,  -0.06172,  -0.02670,  -0.02145,   0.01182,  -0.03545,  -0.06172,   0.00306,  -0.00044,  -0.02670,  -0.00569,  -0.05646,  -0.04246,   0.01707,  -0.01094,  -0.02320,  -0.07222,   0.05209,  -0.00919,   0.02407,  -0.03721,   0.02407,   0.07835,  -0.01094,   0.00657,   0.00131,  -0.06172,  -0.11074,  -0.02495,  -0.00394,   0.05034,   0.00832,  -0.00044,  -0.00219,   0.01532,  -0.03370,   0.01182,  -0.00744,   0.00832,  -0.05822,  -0.05296,   0.03108,   0.00481,   0.06434,  -0.06347,  -0.04421,  -0.02145,  -0.04071,   0.01707,   0.00657,   0.05734,  -0.00569,   0.01532,   0.03633,   0.03458,   0.09235,   0.02407,   0.01707,  -0.01970,  -0.06697,  -0.11424,   0.03108,   0.01882,  -0.05471,  -0.04771,  -0.05121,   0.04333,  -0.00569,  -0.01444,  -0.00569,   0.02933,  -0.03545,   0.03458,  -0.01970,   0.02407,  -0.04946,  -0.01444,   0.03283,  -0.04946,  -0.00919,   0.03458,   0.08185,   0.02582,  -0.03896,   0.02757,  -0.03721,   0.00657,   0.04333,   0.02057,  -0.04071,   0.04858,  -0.03195,   0.02407,   0.03633,   0.05034,   0.04683,   0.05559,  -0.05646,   0.04858,  -0.00044,   0.06609,   0.01882,  -0.03721,   0.03808,   0.08010,  -0.03020,   0.06084,  -0.01620,   0.02582,   0.00306,  -0.08273,   0.02582,  -0.00744,   0.00832,   0.05034,   0.01707,   0.06259,   0.06784,   0.02757,   0.03458,  -0.01269,   0.06259,  -0.03545,  -0.00569,  -0.08448,   0.01532,  -0.00044,   0.03983,  -0.09848,  -0.03545,   0.03808,   0.00657,   0.01182,   0.01357,   0.04333,   0.03283,  -0.08098,  -0.02845,   0.02232,   0.01182,   0.02933,  -0.04246,   0.03808,  -0.04946,   0.06959,   0.01182,  -0.03545,   0.07660,  -0.04421,  -0.00219,  -0.07397,   0.00481,   0.01182
   0.02757,   0.03283,   0.00832,  -0.00394,  -0.00219,   0.03458,  -0.01269,  -0.00744,  -0.02845,   0.08360,  -0.03545,  -0.03020,   0.05734,   0.05209,   0.04683,   0.03983,   0.03108,  -0.05646,  -0.06872,  -0.06522,  -0.01970,   0.00657,  -0.10023,   0.05559,   0.00131,  -0.10899,  -0.07922,  -0.01444,  -0.04421,  -0.03896,  -0.01444,  -0.00569,   0.02232,   0.05384,   0.11161,   0.01007,  -0.02670,  -0.08098,   0.02933,   0.05384,   0.01532,   0.00481,  -0.02320,  -0.01970,   0.08885,   0.06784,  -0.01444,  -0.02320,   0.00657,   0.12212,  -0.02670,   0.01182,   0.00131,  -0.11599,   0.06084,  -0.04246,  -0.00569,  -0.05997,   0.04508,  -0.02145,   0.05209,  -0.00219,  -0.04596,  -0.03896,  -0.02320,  -0.02320,   0.05559,  -0.04071,  -0.03195,   0.02757,   0.01532,   0.01532,  -0.00219,   0.03283,  -0.05296,  -0.00044,   0.07310,   0.04858,  -0.01269,   0.02232,   0.10111,   0.07660,   0.02582,  -0.05471,  -0.01094,  -0.06172,   0.01532,   0.03108,   0.03633,  -0.04596,   0.01532,   0.00306,   0.01007,   0.03983,  -0.03721,  -0.01094,  -0.06522,   0.03458,   0.02757,  -0.01269,   0.06434,   0.05384,   0.04158,  -0.05121,   0.03283,  -0.04771,   0.08535,  -0.07922,  -0.11074,   0.02232,  -0.00219,   0.00481,   0.01007,   0.03983,  -0.01620,   0.11336,  -0.00919,  -0.02320,   0.04333,  -0.03545,   0.06959,  -0.01444,  -0.04421,  -0.03545,   0.03458,   0.07310,   0.03458,  -0.04071,  -0.03370,   0.03458,   0.04858,  -0.00219,   0.05559,  -0.01444,  -0.08623,   0.04333,   0.06434,  -0.00569,   0.06434,  -0.00569,   0.05559,   0.02407,   0.02407,   0.09761,  -0.00219,   0.04508,   0.01357,  -0.01269,   0.08010,   0.00657,   0.03808,   0.00832,   0.06784,  -0.04246,   0.01182,  -0.03721,  -0.00744,   0.01007,  -0.03721,   0.02933,   0.02057,   0.04858,   0.00832,   0.05209,  -0.01444,  -0.03721,  -0.10199,  -0.00219,  -0.01444,   0.03458,   0.00832,   0.00131,  -0.08448,   0.02933,   0.07835,  -0.00744,  -0.07222,  -0.01620,   0.00657,   0.01532,  -0.01620,  -0.08973,   0.03108,  -0.08273,  -0.07572,  -0.04421,  -0.04946,   0.09235,  -0.01444,  -0.01269,  -0.01620,  -0.07922,  -0.08448,  -0.00219,   0.10286,   0.04333,  -0.03721,  -0.00744,  -0.00744,   0.00657,   0.06784,   0.03633,   0.02757,   0.02232,  -0.03545,   0.00832,   0.03458,   0.06259,  -0.00219,   0.15013,  -0.14225,   0.00832,  -0.03721,  -0.02670,   0.00481,  -0.00044,  -0.07397,  -0.11599,   0.06784,  -0.00569,   0.08010,  -0.04421,   0.08185,   0.02582,   0.02057,  -0.05471,   0.03808,   0.00481,   0.08185,   0.02933,  -0.02320,  -0.02670,   0.02933,   0.01357,  -0.00219,   0.07135,   0.09060,   0.01707,  -0.01444,  -0.00219,  -0.00744,   0.01707,   0.01182,  -0.00569,   0.02757,   0.01532,   0.04508,  -0.06697,  -0.02145,   0.03983,   0.01007,   0.01007,  -0.01444,   0.01532,  -0.00394,   0.01182,  -0.00744,  -0.07047,   0.03458,   0.02757,  -0.01094,  -0.02670,  -0.00744,  -0.00744,   0.07310,  -0.02495,   0.00131,   0.02757,  -0.03545,  -0.01620,   0.05559,  -0.00744,   0.00832,   0.04333,   0.06084,   0.03458,  -0.01094,   0.04683,  -0.01620,   0.01707,   0.02232,   0.06609,   0.08885,  -0.04246,   0.03808,   0.04858,   0.04333,  -0.10549,  -0.09148,  -0.01444,   0.01182,  -0.01795,  -0.06697,   0.02407,   0.11687,  -0.02845,   0.04858,   0.03808,  -0.00044,  -0.00744,   0.03283,   0.06609,  -0.01444,   0.00306,  -0.01970,   0.01357,   0.10636,   0.01882,  -0.02670,  -0.02320,  -0.04596,  -0.03545,   0.06259,  -0.03721,   0.02933,   0.07485,  -0.03020,   0.06259,   0.05909,  -0.03195,   0.00481,   0.05384,  -0.02495,   0.00131,   0.04508,  -0.03370,  -0.04596,  -0.01620,   0.04858,   0.02582,   0.02057,  -0.08623,   0.02933,   0.05209,   0.01532,   0.05209,  -0.01970,   0.06434,   0.06084,   0.00657,  -0.02495,  -0.13350,   0.06609,   0.05034,   0.01532,   0.03108,   0.03458,   0.01182,   0.06259,   0.03283,   0.01882,   0.06259,   0.01182,  -0.00219,   0.07135,   0.04508,  -0.05296,   0.05559,   0.02232,   0.04333,  -0.01620,   0.02407,  -0.04596,  -0.00919,  -0.01444,   0.05384,   0.14488,  -0.01970,   0.01707,  -0.08798,   0.07835,   0.02933,  -0.02845,  -0.01094,   0.04858,   0.02057,  -0.01620,   0.04333,   0.01357,   0.08535,   0.08885,  -0.10724,  -0.03370,  -0.05822,   0.04333,  -0.02670,  -0.00219,  -0.03545,   0.02057,  -0.05471,   0.00306,  -0.01795,   0.02057,  -0.00044,  -0.00219,   0.04508,   0.03283,  -0.02495,   0.07835,  -0.01269,   0.02757,  -0.12124,  -0.03721,  -0.00219,   0.02933,   0.04683,  -0.05296,   0.06434,   0.02757,   0.03108,   0.09060,   0.00832,  -0.00394,  -0.00744,  -0.00744,  -0.08098,  -0.04596,   0.02757,  -0.07747,  -0.10899,   0.07660,   0.07485,   0.01882,  -0.09323,  -0.02845,   0.00832,  -0.07572,   0.04858,  -0.02670,  -0.01795,  -0.03370,   0.03108,   0.06434,  -0.02845,  -0.01620,  -0.01620,  -0.05296,   0.03283,  -0.00919,  -0.05997,  -0.03195,  -0.05822,   0.03108,  -0.03721,   0.05209,  -0.04246,   0.01882,  -0.01444,  -0.02670,  -0.13000,  -0.08273,   0.02582,   0.09411,   0.00481,   0.04508,   0.01007,  -0.06697,   0.08010,  -0.03370,   0.03108,  -0.01269,   0.04158,   0.01357,   0.05384,  -0.07922,   0.00481,  -0.03721,  -0.05822,   0.07835,  -0.04946,   0.02407,  -0.01620,  -0.05296,   0.02057,   0.06959,   0.03283,  -0.02320,  -0.00744,   0.01182,  -0.04946,  -0.01795,   0.07135,  -0.06872,  -0.01795,   0.00832,  -0.11249,  -0.01269,   0.01182,   0.01532,   0.06784,   0.04683,   0.03108,  -0.00569,   0.01882,   0.01357,  -0.00044,   0.01182,   0.05734,  -0.03545,   0.02582,  -0.00394,   0.08710,  -0.02320,  -0.01444,   0.04858,   0.00832,  -0.01795,   0.00481,   0.01882,  -0.04596,   0.01182,   0.07135,   0.06259,  -0.01970,   0.00481,   0.02232,   0.01882,  -0.01444,  -0.03195,  -0.00744,  -0.00569,  -0.04596,  -0.02145,   0.01532,  -0.02145,   0.00657,  -0.02320,  -0.04421,   0.00131,   0.01882,  -0.06697,  -0.01094,  -0.07747,  -0.00044,  -0.00744,  -0.03896,  -0.03545,   0.02582,  -0.01620,   0.04333,   0.00657,   0.05384,   0.02757,   0.00657,  -0.00744,   0.00481,  -0.01094,  -0.00044,  -0.00044,  -0.03721,  -0.09498,   0.00657,   0.06084,   0.03808,   0.04683,  -0.05296,   0.09411,  -0.02670,   0.06084,   0.02407,   0.07835,  -0.01094,   0.03633,  -0.02670,   0.00481,   0.00657,   0.05909,  -0.02495,   0.07660,   0.04508,   0.05559,  -0.07747,   0.10286,  -0.01094,  -0.05296,  -0.00919,  -0.00569,   0.03108,  -0.01269,  -0.00044,   0.00306,  -0.09148,  -0.01795,   0.08185,  -0.00744,  -0.04771,   0.05559,   0.07485,   0.02057,  -0.00219,   0.06609,   0.00657,   0.08010,  -0.01094,   0.03983,  -0.01620,  -0.06522,   0.07310,  -0.00919,   0.02933,  -0.05646,  -0.03020,  -0.05822,   0.01007,  -0.04246,   0.08885,   0.02232,   0.04508,   0.05034,   0.12737,   0.00657,  -0.09498,  -0.02845,   0.03283,  -0.04596,  -0.00394,   0.03283,   0.04683,  -0.03721,  -0.00569,  -0.03195,   0.06959,   0.02407,  -0.05471,   0.00131,   0.05034,  -0.01620,  -0.00219,  -0.04421,  -0.01795,  -0.02670,  -0.03370,  -0.06522,   0.03983,  -0.00219,  -0.01444,   0.05384,  -0.04246,   0.05909,  -0.07747,  -0.04246,   0.02057,   0.06784,   0.01182,  -0.05997,  -0.01444,  -0.01094,  -0.00394,  -0.08448,   0.00832,   0.03633,  -0.09498,   0.02582,  -0.01269,   0.04683,  -0.00219,  -0.00744,   0.07135,  -0.09148,  -0.05646,  -0.01795,   0.00481,   0.00131,   0.00481,   0.01357,   0.05734,  -0.04596,  -0.00919,   0.07135,  -0.04246,   0.03808,   0.08710,   0.00481,   0.01182,  -0.09323,   0.04158,  -0.00744,   0.01707,   0.02582,   0.02933,   0.05034,   0.05559,   0.10286,  -0.02495,  -0.01620,  -0.00394,  -0.02845,   0.01707,  -0.02320,   0.06259,  -0.08623,  -0.02495,  -0.05296,   0.02933,   0.08710,   0.06959,   0.09235,   0.09235,  -0.05471,   0.02057,  -0.08623,   0.01182,  -0.05997,  -0.04246,   0.04333,   0.00481,  -0.10023,   0.08010,  -0.07222,  -0.00569,  -0.04246,   0.00657,   0.06084,  -0.06872,   0.01707,   0.03108,  -0.00744,   0.01707,  -0.08098,  -0.04246,  -0.04596,   0.03108,  -0.01795,  -0.03545,   0.05734,   0.06609,  -0.01795,  -0.02845,  -0.05822,   0.01182,  -0.00219,  -0.03545,   0.00131,   0.11336,  -0.00044,   0.06259,  -0.04246,  -0.17552,   0.02407,  -0.00044,  -0.00569,  -0.05822,   0.02232,  -0.03896,   0.02933,   0.00657,  -0.07922,   0.09936,  -0.01795,  -0.03195,   0.01532,   0.03808,  -0.10724,  -0.01620,   0.01707,   0.03283,   0.04333,   0.07485,   0.12912,   0.07835,   0.06784,   0.02582,  -0.02320,  -0.03370,   0.01532,  -0.01444,  -0.04246,   0.03458,  -0.04071,   0.03808,  -0.07397,  -0.02320,   0.04683,  -0.03195,  -0.08273,  -0.03370,  -0.06522,   0.00657,   0.02582,   0.08710,  -0.03195,  -0.00569,  -0.02145,   0.05034,   0.01882,  -0.00744,  -0.00744,  -0.01970,   0.02057,   0.01882,   0.07835,  -0.05997,  -0.02845,  -0.03721,   0.03633,  -0.01444,  -0.04771,   0.04158,  -0.00569,   0.00832,  -0.02845,  -0.00394,   0.03458,  -0.04596,  -0.03896,   0.00131,  -0.03896,   0.02407,   0.08360,   0.04158,   0.02582,   0.03808,  -0.01269,   0.03108,  -0.03020,  -0.05296,  -0.04596,   0.07485,   0.07485,   0.04858,   0.04333,   0.05209,  -0.00394,  -0.02845,  -0.00919,   0.03808,   0.01707,  -0.05822,   0.01182,  -0.05121,   0.04333,  -0.04596,  -0.01970,   0.07660,  -0.01620,  -0.00394,  -0.03020,  -0.02320,   0.05559,   0.01357,  -0.07572,  -0.04071,   0.02232,   0.03983,   0.03108,  -0.02495,  -0.00919,   0.07310,   0.07310,  -0.01620,  -0.00394,   0.00306,   0.03108,  -0.07047,  -0.03896,  -0.02495,   0.00306,  -0.04246,   0.03633,  -0.12300,  -0.12124,   0.04858,  -0.03370,   0.00306,   0.01532,   0.01882,   0.02407,  -0.00219,  -0.18252,   0.09936,   0.07310,   0.02757,   0.02407,   0.05209,  -0.01620,   0.01882,   0.01707,   0.04333,   0.02407,  -0.04946,   0.04858,  -0.03896,   0.00306,  -0.02320,   0.03108,  -0.06872,  -0.01970,   0.05559,  -0.07922,  -0.02320,   0.01007,   0.01357,  -0.00219,   0.00481,  -0.05997,   0.03458,   0.01707,  -0.02845,  -0.06522,  -0.02670,  -0.07747,   0.01707,   0.05209,  -0.05646,  -0.04071,   0.00481,  -0.03545,   0.03108,   0.02232,   0.03633,  -0.01795,  -0.04071,   0.03983,  -0.02145,   0.08010,  -0.04771,   0.03458,  -0.01094,  -0.02495,   0.06959,   0.07310,   0.05559,  -0.00044,  -0.01269,  -0.01795,  -0.00569,  -0.02145,  -0.05121,   0.00481,   0.05909,   0.03458,   0.12037,  -0.01269,   0.01707,   0.13788,  -0.02145,  -0.04596,  -0.05296,   0.07135,  -0.05296,  -0.02320,  -0.02670,   0.06784,   0.00306,  -0.04946,   0.00306,  -0.01094,   0.01357,   0.10286,  -0.09498,   0.01707,   0.01357,  -0.00394,   0.01357,   0.01357,   0.08010,   0.01007,  -0.02145,  -0.08798,  -0.07047,  -0.06872,   0.06784,  -0.04421,  -0.02670,   0.03108,  -0.04771,  -0.00744,   0.03283,   0.03108,  -0.03545,   0.07660,   0.02582,   0.04158,   0.01357,   0.08360,   0.02407,  -0.00044,   0.01707,  -0.01620,  -0.01269,   0.09586,  -0.05997,   0.06084,  -0.03545,   0.01532,   0.01007,   0.06084,   0.04683,  -0.02320,   0.02933,  -0.02145,  -0.00919,   0.01532,  -0.02845,  -0.01269,   0.13437,  -0.02495,   0.07485,  -0.00919,  -0.05121,   0.00481,  -0.03020,   0.00657,  -0.06522,   0.08885,   0.05909,   0.05559,   0.05734,  -0.00569,   0.03983,   0.04158,  -0.06872,   0.05209,   0.06434,   0.01007,  -0.03020,   0.03808,  -0.03020,  -0.00394,   0.04508,   0.00832,  -0.01970,   0.02232,  -0.07572
  -0.02670,  -0.01795,  -0.02495,   0.06609,   0.02407,  -0.02145,  -0.01795,   0.06784,  -0.01620,   0.02057,   0.02232,  -0.03020,   0.07310,  -0.00394,   0.02407,  -0.02670,   0.03283,  -0.05822,   0.00306,   0.00481,   0.01707,  -0.03896,  -0.03370,  -0.00394,  -0.03195,  -0.01795,  -0.04946,   0.03283,   0.00657,   0.00832,  -0.00044,   0.03983,   0.03458,  -0.02670,  -0.03195,  -0.00744,  -0.04246,   0.02582,   0.03283,   0.01182,  -0.02845,  -0.01269,   0.02407,   0.07135,  -0.06697,   0.02582,  -0.05121,  -0.05997,  -0.04246,   0.00131,   0.00306,   0.02757,   0.02933,  -0.09498,   0.02407,  -0.01795,   0.02232,   0.04508,   0.05559,  -0.02495,  -0.00044,  -0.01269,  -0.00919,   0.04333,   0.03808,  -0.05296,   0.01882,  -0.04771,  -0.05296,  -0.03545,   0.01882,  -0.04071,   0.01357,   0.05209,  -0.04246,  -0.02495,  -0.02845,  -0.03020,   0.02232,   0.04508,  -0.04421,  -0.01970,  -0.00044,   0.01882,   0.06959,  -0.04071,   0.02232,   0.02933,  -0.02320,   0.07485,  -0.03721,  -0.02670,  -0.02145,   0.04508,   0.01882,  -0.08273,  -0.00744,   0.00657,   0.06609,   0.01357,  -0.04946,  -0.00044,   0.08885,  -0.00219,   0.05034,  -0.01444,   0.05034,  -0.03545,  -0.01269,  -0.04596,   0.01007,  -0.00394,  -0.01970,   0.05384,   0.08360,  -0.02495,   0.02232,   0.02757,   0.09411,  -0.03020,   0.00657,  -0.06347,  -0.01620,   0.01182,  -0.00219,   0.02407,   0.01882,  -0.00044,  -0.03721,  -0.01620,   0.01357,  -0.06872,  -0.04596,  -0.00744,   0.01707,  -0.00744,   0.02407,   0.07835,   0.00657,   0.06259,   0.05734,   0.01357,   0.01707,  -0.00744,  -0.02145,   0.00657,  -0.02320,   0.03283,   0.03808,  -0.02670,   0.00657,  -0.02495,  -0.03545,  -0.00919,   0.01532,  -0.02145,   0.00306,  -0.03370,   0.02582,  -0.00919,  -0.00744,   0.02933,   0.05034,  -0.00394,   0.02232,   0.02057,  -0.03195,  -0.03545,   0.00832,   0.01532,  -0.04071,  -0.03545,  -0.00394,  -0.04596,  -0.03896,   0.03108,  -0.02145,   0.04333,  -0.00919,  -0.06697,  -0.05822,   0.03108,  -0.11424,   0.00832,  -0.05646,  -0.06522,  -0.03721,   0.06959,   0.01357,  -0.03721,   0.01007,   0.01182,  -0.03545,  -0.01970,  -0.01444,   0.05909,   0.04333,  -0.04246,  -0.05471,   0.02407,  -0.06172,   0.01357,  -0.01970,  -0.01795,   0.02933,  -0.01970,  -0.04421,   0.00131,  -0.01970,  -0.01269,  -0.00744,  -0.01795,  -0.01620,   0.02232,  -0.00044,  -0.03545,   0.05384,  -0.00394,   0.01882,   0.02057,  -0.04421,   0.00306,  -0.00219,   0.03633,   0.07660,   0.04683,  -0.09498,  -0.05997,  -0.00744,   0.03108,   0.07660,  -0.01444,   0.00481,   0.02232,  -0.02145,  -0.00919,   0.02582,   0.00306,   0.06434,  -0.02495,  -0.06522,   0.01532,  -0.03370,  -0.01970,   0.02232,   0.01007,   0.03983,   0.01532,   0.00832,   0.00481,   0.06784,  -0.04771,   0.03283,  -0.01970,  -0.03721,  -0.04421,  -0.00044,   0.02933,   0.00306,  -0.00744,   0.01007,  -0.02845,  -0.05471,  -0.01620,   0.00481,  -0.04771,  -0.01620,  -0.06697,   0.06609,   0.01007,  -0.01795,  -0.01795,  -0.03020,   0.01182,   0.02407,   0.00481,   0.00306,   0.04858,  -0.02320,   0.04683,   0.01882,  -0.04771,   0.02407,  -0.03370,  -0.01795,   0.07660,   0.02933,   0.07835,  -0.00744,  -0.00044,   0.00832,   0.03283,  -0.03545,   0.02232,   0.02232,   0.05209,   0.06609,  -0.03370,  -0.04421,  -0.05296,  -0.03020,   0.03983,  -0.00044,  -0.02670,  -0.00044,   0.00832,   0.00657,  -0.00919,   0.05034,   0.04508,   0.02057,  -0.05121,  -0.00569,  -0.03896,  -0.01269,  -0.03020,  -0.06697,   0.04683,  -0.01094,  -0.00044,  -0.04421,   0.08185,  -0.01620,   0.03808,   0.01532,   0.03633,   0.02407,  -0.07572,  -0.03545,  -0.05121,   0.03283,   0.01882,   0.00306,   0.10636,  -0.02320,  -0.01094,   0.01707,  -0.02320,   0.09761,   0.02933,   0.06959,  -0.02320,  -0.02845,   0.05734,   0.06959,  -0.03545,   0.02757,  -0.04421,   0.06959,   0.03458,  -0.06347,  -0.06697,   0.05559,   0.03108,   0.01882,  -0.02145,   0.04508,  -0.09148,  -0.02495,  -0.00219,   0.04158,  -0.01444,   0.01882,  -0.01795,   0.03108,  -0.02145,   0.03108,  -0.01620,  -0.01444,  -0.00219,  -0.05997,  -0.01795,   0.03983,  -0.00044,   0.00657,   0.05384,  -0.05646,  -0.00044,   0.09936,   0.01882,  -0.04771,  -0.05121,  -0.00919,   0.02933,   0.00657,   0.01182,   0.00481,  -0.04946,   0.01882,   0.01532,  -0.00044,  -0.10899,  -0.07747,   0.06084,  -0.01620,  -0.04596,   0.02582,   0.03633,  -0.01620,   0.06434,   0.04333,   0.01707,   0.00306,  -0.01795,   0.02933,   0.05909,   0.01182,   0.03283,  -0.03195,   0.03983,  -0.00919,  -0.01444,   0.05909,  -0.03370,   0.00657,   0.01707,  -0.05296,   0.01357,  -0.03545,   0.05559,   0.00131,  -0.04071,  -0.05822,  -0.07397,   0.04683,  -0.03545,   0.03808,  -0.02495,  -0.00394,  -0.05121,   0.05909,  -0.00919,   0.07485,  -0.07747,  -0.02320,  -0.02320,  -0.02670,  -0.10549,   0.00306,   0.01707,  -0.02670,  -0.01620,   0.01882,   0.00481,   0.02757,   0.01182,  -0.01795,  -0.04421,   0.03283,  -0.00044,  -0.03370,  -0.03370,   0.01882,   0.02582,  -0.03370,   0.03283,  -0.03370,   0.04858,  -0.00219,   0.01007,  -0.00219,   0.02232,  -0.07397,  -0.06697,  -0.05997,   0.03108,  -0.05296,   0.00131,  -0.00569,  -0.07047,   0.02057,  -0.03896,  -0.04946,   0.06084,   0.03808,   0.04158,   0.02582,  -0.00219,   0.05209,  -0.04771,   0.08360,   0.10111,   0.02057,  -0.01269,  -0.00569,  -0.04771,  -0.00919,   0.02057,   0.00131,  -0.00219,   0.02057,  -0.01970,  -0.01094,  -0.01269,  -0.00219,  -0.03195,   0.00657,   0.06959,   0.03108,   0.07835,   0.06259,   0.02933,   0.09060,  -0.01444,   0.03458,   0.03283,  -0.08448,   0.03283,  -0.03896,   0.00657,   0.00306,   0.02933,   0.02232,  -0.07047,  -0.00044,  -0.06697,  -0.07747,   0.01357,   0.03283,  -0.03195,   0.02757,  -0.03896,   0.04508,  -0.00394,   0.08010,   0.00657,  -0.02320,   0.07310,  -0.03545,   0.00657,   0.03808,   0.06609,  -0.02670,   0.06434,   0.01532,   0.01007,  -0.01444,   0.01532,  -0.01269,  -0.06697,   0.03983,   0.00131,  -0.03721,  -0.06347,   0.02582,  -0.02495,   0.06434,  -0.04246,  -0.02845,   0.02232,   0.00306,  -0.04421,  -0.04946,   0.08535,  -0.06172,   0.10286,   0.04333,   0.01532,   0.02407,  -0.01970,  -0.01795,   0.04158,  -0.07047,   0.04333,   0.00657,  -0.03896,  -0.02495,   0.07485,   0.06084,   0.00481,  -0.02145,  -0.04421,  -0.04246,  -0.12475,   0.04683,  -0.03545,   0.02407,   0.00657,   0.01007,   0.05384,  -0.01444,  -0.03020,   0.05909,  -0.03545,  -0.02145,   0.02582,   0.03108,   0.08535,   0.02232,  -0.00919,  -0.01444,  -0.01094,  -0.00394,   0.02232,  -0.02495,  -0.01444,  -0.05121,  -0.00919,  -0.02495,  -0.01795,  -0.02845,   0.09586,   0.01532,   0.03458,   0.06609,   0.01882,   0.03808,   0.00481,  -0.05997,   0.01182,  -0.01620,  -0.08098,   0.03283,  -0.04071,  -0.03020,  -0.07922,  -0.02320,   0.02933,   0.05034,   0.01882,   0.01532,   0.03108,   0.01882,  -0.02320,  -0.00919,  -0.00744,   0.04683,   0.01357,  -0.01795,   0.00481,   0.03808,  -0.00394,   0.05734,  -0.04596,  -0.00569,   0.01707,   0.07660,   0.05034,   0.04683,  -0.10023,  -0.01795,  -0.02845,   0.01357,   0.00657,   0.01707,  -0.01094,   0.03108,   0.02057,  -0.03721,   0.01357,   0.01707,  -0.05646,  -0.00394,  -0.07922,  -0.06522,  -0.00044,   0.04158,  -0.03721,   0.04333,  -0.04946,  -0.03896,  -0.02670,  -0.01094,   0.08010,  -0.05121,  -0.03370,  -0.04421,   0.06784,   0.04683,   0.03983,  -0.06172,   0.00832,  -0.08098,   0.02232,   0.03283,  -0.06347,  -0.04071,   0.00657,  -0.04071,  -0.03195,   0.02407,   0.02933,   0.06609,  -0.02845,  -0.08798,  -0.02495,   0.03983,   0.02757,   0.02232,  -0.08623,  -0.04596,  -0.00219,  -0.01620,   0.02232,  -0.02670,   0.04858,  -0.03195,   0.01182,  -0.02145,  -0.00219,   0.08710,  -0.01795,  -0.06872,   0.03283,   0.02582,   0.04158,   0.02057,  -0.04771,  -0.01795,   0.02757,  -0.01444,  -0.00569,  -0.06172,  -0.03896,  -0.04071,  -0.04421,  -0.03370,  -0.00044,  -0.02495,   0.00131,  -0.00569,   0.06959,  -0.00394,  -0.02145,   0.03108,   0.02757,  -0.03370,  -0.04946,  -0.01444,  -0.00219,  -0.01269,   0.05209,   0.06259,  -0.00919,   0.01007,   0.03108,  -0.04421,  -0.04596,  -0.02145,   0.00131,   0.01182,  -0.04246,   0.05209,   0.00832,   0.02407,   0.04333,  -0.05822,  -0.02670,   0.01182,  -0.06872,  -0.03020,   0.00131,   0.03983,   0.02582,  -0.04246,   0.01882,  -0.12825,  -0.03370,  -0.02845,   0.02933,   0.03283,   0.01707,  -0.04246,  -0.03370,  -0.07047,  -0.03896,  -0.01269,   0.02057,  -0.02145,   0.03108,   0.02407,  -0.03370,  -0.01269,   0.01357,  -0.02145,   0.02582,  -0.01620,   0.00481,   0.10111,   0.01182,   0.02933,   0.07835,   0.01182,  -0.09323,  -0.01620,  -0.05296,   0.03108,  -0.02145,   0.06084,  -0.06522,  -0.01269,   0.04508,  -0.01620,   0.00657,   0.06084,  -0.05822,   0.01182,  -0.03020,   0.01357,   0.01532,   0.05034,  -0.03370,  -0.02845,  -0.00569,  -0.01094,   0.07660,  -0.04421,   0.01882,   0.02407,   0.02057,   0.05034,  -0.00394,   0.08010,   0.01707,  -0.00569,   0.02057,   0.05734,   0.07135,  -0.05296,   0.12912,  -0.04771,   0.01532,  -0.07222,  -0.01795,  -0.08273,  -0.03195,   0.01882,  -0.01970,   0.04858,   0.03633,   0.00832,  -0.03020,   0.03633,   0.00306,   0.04683,   0.00131,  -0.01620,   0.03283,  -0.05822,  -0.05997,  -0.01269,   0.03808,   0.05034,  -0.00044,   0.03983,   0.01007,   0.01707,  -0.05296,   0.04508,   0.02232,  -0.01795,  -0.08273,  -0.04071,   0.01357,  -0.01620,   0.00131,  -0.09148,   0.05209,  -0.05646,   0.01707,   0.00481,   0.07835,   0.02407,  -0.01795,   0.00131,   0.00832,   0.04158,  -0.03195,   0.01182,   0.08185,   0.05559,  -0.03020,   0.05034,  -0.00744,   0.06434,   0.02757,   0.04158,  -0.07922,  -0.01269,  -0.01444,  -0.07397,   0.03108,  -0.04946,   0.05734,  -0.05822,   0.00832,   0.03633,  -0.02145,   0.06959,  -0.03896,   0.02232,   0.02407,  -0.09148,  -0.04071,   0.06434,  -0.01444,  -0.02495,  -0.00569,  -0.02145,  -0.00044,  -0.01094,  -0.06172,  -0.02145,   0.03983,  -0.02495,   0.00481,   0.02582,   0.02407,   0.02757,  -0.02145,  -0.01444,   0.08535,   0.00131,   0.00481,  -0.07397,   0.03108,   0.02582,  -0.04246,  -0.00569,   0.01882,  -0.05121,   0.03458,  -0.00044,   0.05384,  -0.02670,  -0.07047,   0.11862,   0.07135,  -0.01795,  -0.07397,  -0.01269,  -0.00744,  -0.03020,   0.07660,   0.02757,   0.00306,  -0.10374,  -0.06172,  -0.08098,   0.01882,   0.02057,   0.02057,  -0.03545,   0.02582,   0.05559,  -0.00394,   0.03108,  -0.06697,  -0.00394,  -0.02495,  -0.00569,  -0.03721,  -0.06697,  -0.04071,  -0.02320,  -0.05471,   0.10461,   0.03108,  -0.00569,  -0.01269,  -0.03896,   0.09586,   0.00306,   0.03458,  -0.05121,   0.03108,  -0.00219,   0.00306,   0.00481,  -0.00919,  -0.00569,   0.07310,  -0.01444,   0.06259,   0.00131,   0.00131,  -0.01444,   0.03983,  -0.00744,   0.03633,   0.01707,   0.00832,  -0.03545,  -0.01094,   0.06259,   0.03108,   0.00657,  -0.00919,   0.04858,  -0.05822,   0.05384,   0.05909,  -0.04946,  -0.08273,   0.10986,   0.05734,  -0.00394,  -0.02845,   0.03108,   0.06259,   0.02057,   0.04333,   0.04683,  -0.01620,  -0.03370,   0.03808,   0.03458,  -0.01620,  -0.00919,   0.01882,   0.06609,   0.01182,   0.02407,  -0.01795,  -0.03721,   0.00306,  -0.04246,  -0.04946,   0.01707,   0.14663,   0.05734,   0.03458,   0.04508,   0.00832
  -0.01094,  -0.00744,   0.05559,   0.00131,   0.03108,  -0.02495,  -0.06697,  -0.03020,  -0.01970,  -0.02845,  -0.00044,  -0.01970,   0.05034,   0.00481,   0.01882,  -0.01620,   0.00481,   0.01882,  -0.01094,   0.00657,   0.04508,  -0.02320,  -0.02845,   0.02757,   0.06609,  -0.05471,   0.03108,  -0.08973,  -0.00569,  -0.00219,   0.00131,   0.00481,   0.05034,   0.04333,   0.00131,  -0.03020,  -0.00219,   0.01882,  -0.04946,  -0.07747,   0.01182,  -0.04596,   0.01007,   0.01357,  -0.01795,  -0.00044,  -0.01269,   0.00832,  -0.02495,  -0.04946,   0.05909,  -0.03721,  -0.01970,   0.00481,  -0.04596,  -0.03370,   0.00481,   0.00131,   0.03983,  -0.00044,  -0.02495,   0.03633,   0.05034,   0.03283,   0.00131,   0.00306,   0.03108,   0.01882,   0.00131,  -0.00744,  -0.01970,  -0.00044,  -0.03370,  -0.04071,  -0.02495,  -0.00219,  -0.02145,   0.01882,   0.03633,  -0.05822,  -0.00744,   0.02933,   0.01532,  -0.00394,  -0.04246,   0.00306,   0.00832,   0.02232,  -0.00044,   0.00131,   0.03458,   0.03283,   0.03983,  -0.02845,  -0.03721,   0.05559,  -0.01444,   0.00657,  -0.00219,   0.02757,  -0.04246,   0.00657,  -0.02670,   0.02057,  -0.01620,   0.01182,  -0.00394,   0.00306,  -0.00744,   0.02407,   0.03983,  -0.05997,   0.03808,   0.04333,  -0.00919,  -0.03370,  -0.00219,   0.07660,  -0.01094,  -0.01970,  -0.01970,  -0.01795,  -0.00744,  -0.02320,   0.01532,  -0.02670,   0.02057,   0.06784,  -0.07922,  -0.01444,  -0.00744,  -0.00044,   0.00832,   0.08010,  -0.01620,  -0.01094,   0.02757,   0.00306,  -0.01970,  -0.01795,   0.07485,   0.00131,   0.01707,   0.01182,  -0.04246,   0.04508,  -0.00044,  -0.06172,   0.07660,   0.02057,  -0.04596,   0.05209,  -0.03896,  -0.04946,  -0.03721,   0.08535,   0.00306,  -0.02845,  -0.04071,  -0.03721,  -0.00744,  -0.06172,  -0.02670,  -0.09848,  -0.03545,  -0.00744,   0.08010,  -0.04071,   0.06434,  -0.00744,  -0.03896,  -0.05296,   0.00306,  -0.04246,   0.01707,   0.03283,  -0.02495,   0.01532,  -0.05121,   0.06084,   0.04333,  -0.02145,  -0.02320,   0.07835,   0.05559,   0.01882,   0.02582,  -0.01620,  -0.01795,   0.00832,  -0.03721,  -0.04421,  -0.01444,   0.04508,  -0.08098,  -0.01795,   0.03283,   0.01532,   0.00832,  -0.05822,   0.04333,   0.00481,  -0.05471,   0.01357,  -0.02145,   0.07310,   0.03458,   0.01007,   0.02582,   0.00657,   0.00481,  -0.01620,   0.05034,   0.00306,   0.01707,  -0.00219,  -0.01094,  -0.05997,  -0.00919,  -0.00044,  -0.00744,  -0.02670,  -0.03370,   0.00131,   0.08710,   0.04858,   0.02757,  -0.08098,  -0.01269,  -0.00569,   0.00481,  -0.02495,  -0.00044,  -0.03721,  -0.03896,   0.06084,   0.01882,  -0.02670,   0.06434,  -0.02145,  -0.01444,  -0.00219,   0.06084,   0.00657,   0.01532,  -0.00044,  -0.13175,  -0.13000,  -0.02145,   0.03633,  -0.02495,  -0.04946,   0.04858,  -0.01094,  -0.03721,   0.02232,  -0.01094,   0.03808,  -0.02145,   0.05209,   0.02057,  -0.07397,  -0.03896,   0.01007,   0.01882,  -0.03370,  -0.00919,   0.00657,  -0.06697,   0.05209,  -0.03195,  -0.01620,   0.01882,  -0.03195,  -0.00569,   0.05209,  -0.08623,   0.03458,   0.00832,  -0.04596,  -0.06172,   0.03108,   0.03108,  -0.00044,   0.02933,   0.00832,   0.08360,  -0.04771,  -0.07222,   0.00131,  -0.01444,  -0.04421,  -0.09148,   0.05034,  -0.04946,  -0.04596,  -0.02670,  -0.00919,   0.01007,   0.06084,   0.01532,  -0.05646,   0.00832,  -0.02495,  -0.07747,   0.01357,  -0.00219,   0.03983,  -0.00394,   0.00832,   0.00832,   0.05734,   0.03458,  -0.03896,   0.04508,   0.04858,   0.02757,  -0.01269,  -0.00044,  -0.02670,  -0.01444,  -0.00219,  -0.07572,  -0.02145,   0.00832,   0.08535,  -0.05646,   0.06959,   0.01707,  -0.03020,  -0.01620,  -0.01970,  -0.01970,   0.01882,  -0.02670,   0.02232,  -0.01620,  -0.04246,  -0.03195,   0.04158,   0.03983,  -0.02670,  -0.03195,   0.02757,  -0.05997,  -0.03896,  -0.01620,  -0.02670,   0.03458,  -0.03195,   0.01882,  -0.01269,  -0.03721,  -0.12475,  -0.02320,  -0.01620,   0.05909,   0.02582,  -0.06172,  -0.00394,   0.00657,  -0.05997,   0.03808,  -0.03545,   0.03633,  -0.02145,  -0.04071,  -0.03370,   0.04683,  -0.03195,  -0.01444,   0.06609,  -0.06522,   0.06959,  -0.00744,  -0.00569,  -0.00044,  -0.01094,   0.02933,  -0.00919,   0.00832,  -0.00044,   0.06259,  -0.03020,  -0.04246,   0.06434,   0.01357,  -0.04771,  -0.03545,  -0.04421,  -0.03020,   0.01182,   0.03808,  -0.04596,  -0.00919,  -0.00744,  -0.00219,   0.02757,  -0.07397,   0.02582,   0.00131,   0.00481,  -0.04246,  -0.00744,  -0.01444,  -0.09323,  -0.09323,  -0.03896,   0.02057,   0.00657,   0.00832,  -0.06697,   0.07310,  -0.00569,  -0.05121,  -0.05646,  -0.02845,   0.03283,  -0.02145,   0.06959,  -0.01970,  -0.06347,   0.02933,  -0.07222,   0.04333,  -0.08798,   0.02933,   0.02757,  -0.01444,   0.01532,  -0.00569,   0.02057,   0.09235,   0.00657,   0.03458,   0.00657,  -0.07922,  -0.00044,   0.03283,   0.02407,  -0.05121,  -0.01444,   0.02232,  -0.03020,  -0.00219,   0.02933,  -0.01094,  -0.08623,   0.07660,  -0.01269,  -0.01269,   0.02232,  -0.02495,  -0.07397,  -0.01444,   0.01007,  -0.02495,  -0.00394,  -0.02845,   0.06434,   0.05734,   0.03458,  -0.04596,   0.00131,  -0.00394,  -0.02320,  -0.04421,   0.01357,  -0.02495,  -0.05997,  -0.06347,  -0.06172,  -0.02845,   0.02057,   0.01007,  -0.00044,  -0.00394,  -0.01094,   0.01532,   0.01357,  -0.08798,   0.02232,   0.04158,  -0.05471,   0.05209,  -0.03545,  -0.02845,  -0.02845,  -0.00919,  -0.04246,   0.06434,   0.00832,   0.02407,   0.06959,   0.03458,  -0.05121,  -0.03545,  -0.06172,  -0.02320,  -0.02670,  -0.03370,   0.08185,   0.05034,   0.01882,  -0.00744,   0.03458,  -0.00219,  -0.03896,  -0.09673,  -0.02845,  -0.06347,   0.08710,   0.06959,  -0.06697,  -0.00219,   0.05559,  -0.03370,  -0.00744,   0.05559,   0.01182,  -0.07922,   0.00832,  -0.01620,  -0.05646,  -0.05646,   0.12562,  -0.01444,  -0.00569,  -0.03020,   0.02407,   0.00306,  -0.02320,  -0.05822,   0.01707,   0.02232,   0.01532,   0.02757,  -0.04946,   0.07485,  -0.00044,  -0.05471,  -0.04071,   0.02582,   0.08185,  -0.09148,   0.03458,  -0.00569,  -0.04771,  -0.07222,   0.07835,  -0.00569,   0.04858,  -0.05646,   0.06259,  -0.03195,  -0.11074,   0.06259,  -0.04596,   0.01182,   0.02933,   0.02407,  -0.02495,  -0.03896,   0.00657,  -0.03020,  -0.04246,   0.03458,  -0.03370,  -0.00744,   0.03633,  -0.07222,  -0.00044,  -0.06347,  -0.07222,  -0.05296,   0.09060,  -0.00569,  -0.07047,   0.06434,  -0.06172,  -0.03896,   0.07135,  -0.05296,   0.01007,  -0.01970,  -0.05997,  -0.01795,  -0.00394,   0.01357,  -0.04596,   0.02232,   0.00131,  -0.02145,   0.00306,  -0.04246,   0.07835,  -0.04071,  -0.07222,   0.05559,   0.05559,   0.01532,  -0.04596,  -0.04596,   0.01007,   0.03108,  -0.04246,   0.00306,  -0.00044,  -0.01094,  -0.00394,   0.06784,   0.03633,  -0.01444,   0.04333,  -0.02670,   0.01357,  -0.01620,  -0.00744,   0.03633,  -0.02320,  -0.06347,  -0.02670,  -0.03545,  -0.05646,  -0.03545,   0.02933,  -0.07922,   0.05559,  -0.01444,  -0.11074,  -0.08798,   0.06784,  -0.03370,  -0.00219,   0.04683,  -0.08098,  -0.07747,  -0.01444,  -0.03020,   0.03458,   0.00481,  -0.07222,   0.04333,  -0.07922,  -0.07047,   0.05384,  -0.01795,   0.03108,   0.02057,   0.01707,  -0.05121,  -0.01444,  -0.01795,   0.05384,   0.00481,  -0.03370,   0.02407,   0.02407,  -0.05471,  -0.03896,  -0.07222,  -0.06872,  -0.00919,  -0.01094,  -0.04246,   0.00481,  -0.04421,   0.01882,  -0.00744,   0.01707,   0.10811,  -0.03370,  -0.02845,  -0.04596,   0.02933,  -0.02320,  -0.01795,   0.06959,   0.03633,  -0.04596,  -0.01970,  -0.02670,   0.00481,   0.02057,  -0.02845,  -0.01094,   0.00481,  -0.01970,   0.00131,   0.01882,   0.06084,   0.04858,  -0.04596,  -0.01970,   0.03108,  -0.03370,  -0.01269,  -0.07747,  -0.00744,   0.01182,   0.00657,  -0.02145,  -0.07397,   0.02757,  -0.03370,  -0.04246,  -0.03896,  -0.02845,   0.01182,  -0.03896,  -0.01269,   0.06259,   0.06259,  -0.05471,  -0.03896,  -0.06347,   0.01532,   0.00481,  -0.05822,  -0.04596,   0.04508,   0.07135,  -0.02670,  -0.02320,   0.06084,  -0.02145,   0.02582,  -0.04596,  -0.01795,  -0.03896,   0.02582,  -0.05121,   0.03633,   0.01707,  -0.04071,  -0.05296,   0.04858,  -0.01620,  -0.01970,  -0.03545,  -0.03195,  -0.02145,  -0.01970,  -0.03020,   0.00306,   0.05559,   0.03808,  -0.10023,  -0.01444,   0.01357,  -0.00394,   0.03983,   0.06959,   0.01182,  -0.01620,  -0.05471,   0.03108,  -0.05822,   0.03808,   0.06259,  -0.01094,   0.02232,  -0.08098,   0.02232,  -0.01620,  -0.02145,   0.02582,   0.00131,  -0.01094,   0.00306,  -0.05822,   0.01532,   0.01707,   0.01182,   0.03808,   0.06609,  -0.00219,  -0.00744,   0.03108,  -0.05296,  -0.03545,  -0.03721,   0.08710,  -0.02845,   0.01707,  -0.00919,   0.05384,  -0.00744,  -0.00919,   0.04508,  -0.00219,   0.00657,   0.03983,  -0.05296,   0.00832,  -0.06872,  -0.08273,  -0.05471,   0.03983,   0.05034,   0.02582,  -0.04596,  -0.04421,  -0.05296,   0.06084,  -0.03896,  -0.07572,   0.03283,  -0.02495,   0.03458,   0.04508,   0.04158,  -0.00394,  -0.00394,  -0.03721,  -0.07047,   0.02407,   0.00481,  -0.01444,  -0.00744,  -0.02495,  -0.05121,   0.03458,  -0.05296,   0.06259,   0.02757,  -0.06347,   0.02232,   0.02407,   0.04508,   0.02933,   0.05734,   0.10286,  -0.06172,  -0.08098,   0.00306,   0.05734,   0.05559,  -0.00219,  -0.01094,   0.02407,  -0.01620,   0.00657,   0.01357,   0.05384,   0.06784,   0.03458,  -0.03545,  -0.04771,  -0.00219,  -0.06172,  -0.05296,  -0.06872,   0.00481,   0.01007,   0.02933,  -0.01970,  -0.03896,   0.04158,   0.03108,  -0.01269,   0.07835,  -0.06347,  -0.04421,  -0.00394,  -0.10724,   0.01357,   0.08360,  -0.02145,   0.06259,   0.00306,   0.01707,  -0.02670,  -0.07922,  -0.02845,  -0.02320,   0.00131,  -0.07222,  -0.01444,  -0.02145,   0.02933,   0.04158,   0.00832,   0.01532,  -0.07047,   0.01007,   0.08010,  -0.00744,   0.00481,  -0.02320,  -0.08798,  -0.05296,  -0.03545,  -0.01444,  -0.08273,   0.00131,  -0.01444,   0.04683,  -0.05646,   0.03458,   0.02407,  -0.05296,  -0.00044,   0.00481,  -0.01094,   0.00657,  -0.00394,  -0.01795,   0.06434,   0.02757,   0.01357,  -0.00394,   0.04683,   0.00481,  -0.07922,  -0.05471,   0.04683,   0.03108,   0.01882,   0.00306,  -0.01094,  -0.01970,   0.02232,  -0.05997,   0.00657,  -0.03721,   0.02582,  -0.00044,  -0.06347,  -0.00744,  -0.01795,   0.04333,  -0.05646,   0.05909,   0.05034,   0.03108,   0.07835,  -0.02320,   0.04683,  -0.00569,  -0.01269,   0.00657,   0.04158,  -0.05822,   0.04508,   0.00657,  -0.02670,   0.01707,  -0.01795,  -0.10549,   0.02933,   0.06959,  -0.09498,   0.00131,  -0.00394,  -0.03020,  -0.06697,   0.05209,  -0.04421,  -0.04246,  -0.03896,  -0.00569,  -0.01970,   0.07835,  -0.03020,  -0.04246,   0.04683,   0.02933,   0.00481,   0.01182,   0.02407,  -0.01094,  -0.01795,  -0.01269,  -0.01970,   0.03283,  -0.09673,  -0.07222,   0.05209,  -0.05646,  -0.03020,   0.03283,  -0.05121,   0.05209,  -0.01620,   0.00481,  -0.04771,   0.03808,  -0.00744,  -0.04246,   0.01532,  -0.01094,  -0.01444,  -0.05121,   0.03808,   0.05209,   0.02582,   0.02933,   0.08885,   0.04508,   0.01182,  -0.01620,  -0.05822,   0.00131,   0.01182,   0.01182,   0.01707,   0.05209,   0.03108,   0.03108,  -0.05646,  -0.01795,  -0.00044,   0.05909,  -0.01970,  -0.02495,  -0.06347,   0.02057,   0.02057,   0.09411,  -0.03370,  -0.02145,   0.06259,  -0.04421
   0.01182,  -0.00919,   0.04158,   0.00306,  -0.08973,   0.06434,  -0.01970,  -0.02320,   0.06784,  -0.00919,   0.05384,   0.00657,  -0.02845,  -0.02495,   0.01532,  -0.02670,  -0.02845,   0.01707,   0.00306,  -0.00219,   0.05034,  -0.06172,   0.07835,  -0.09148,   0.00832,   0.06784,   0.11862,  -0.06347,  -0.00919,   0.07835,  -0.01620,   0.07660,   0.01182,  -0.03195,   0.04508,   0.01532,   0.08710,   0.10461,  -0.01094,   0.01182,   0.03283,  -0.03545,   0.01357,  -0.04771,  -0.00744,   0.04508,  -0.01970,   0.01707,  -0.06522,  -0.03896,  -0.01269,   0.03108,  -0.00219,   0.01882,  -0.05997,   0.00131,  -0.04421,   0.05034,   0.02407,   0.02757,  -0.00919,  -0.00569,   0.03983,  -0.00219,  -0.04246,   0.03108,   0.02407,   0.03633,   0.05384,   0.09761,  -0.05296,   0.01007,  -0.01094,   0.03283,   0.02933,  -0.06697,  -0.08273,   0.00657,  -0.00219,   0.05209,   0.01007,   0.06084,  -0.00919,  -0.03195,  -0.01795,  -0.01269,  -0.03020,  -0.00219,  -0.00919,   0.04683,  -0.01620,   0.02057,   0.00131,   0.06434,  -0.01269,  -0.01970,  -0.02145,   0.02582,  -0.01795,   0.11862,   0.08885,  -0.02145,   0.02407,  -0.02320,   0.04158,  -0.00219,   0.01357,  -0.04596,   0.01882,  -0.01970,   0.00481,  -0.07222,   0.01357,   0.00481,   0.10461,   0.02232,   0.05034,   0.07660,  -0.00744,   0.07135,   0.07135,   0.00131,  -0.02495,  -0.03370,   0.08010,  -0.07747,  -0.02145,   0.03108,  -0.02845,  -0.01094,   0.05384,   0.01357,   0.01882,   0.02582,   0.06434,  -0.08448,  -0.00219,   0.09235,   0.00131,   0.04158,  -0.00744,  -0.03896,   0.06434,   0.02057,   0.03108,  -0.00394,   0.01182,   0.03283,  -0.07572,   0.05034,   0.02407,  -0.04421,   0.03458,  -0.00569,  -0.01620,  -0.04071,  -0.03721,  -0.01269,  -0.00394,   0.07835,  -0.02845,  -0.05471,  -0.03195,   0.01707,  -0.05646,   0.00481,  -0.03370,   0.00657,  -0.04071,  -0.04071,   0.03458,  -0.10899,   0.00131,   0.02232,  -0.02495,   0.05734,   0.04683,   0.01357,   0.04683,   0.06084,  -0.06522,  -0.02670,   0.06609,  -0.03370,  -0.03020,  -0.01795,  -0.03195,   0.02933,   0.01882,  -0.05121,   0.02582,   0.04683,   0.02582,   0.00131,   0.01707,   0.07135,  -0.08798,   0.05909,  -0.07222,   0.04508,  -0.03020,  -0.04246,  -0.03370,  -0.00044,  -0.10899,  -0.01795,  -0.09498,  -0.02320,  -0.07397,   0.01882,   0.03283,   0.09586,   0.03283,   0.02933,   0.00306,   0.02933,  -0.01444,   0.05209,  -0.02320,   0.01707,  -0.00744,   0.06959,  -0.07922,  -0.03370,   0.02933,  -0.03896,   0.01357,   0.05734,  -0.05296,  -0.08973,  -0.04421,  -0.03020,  -0.00044,   0.03458,   0.01357,   0.03808,  -0.04071,  -0.00919,   0.00481,  -0.06872,  -0.05997,  -0.02320,   0.02407,  -0.05997,   0.02933,   0.07135,   0.04858,   0.05209,  -0.08973,  -0.01444,  -0.01795,  -0.01094,   0.02407,  -0.06172,   0.02057,  -0.02670,   0.03808,   0.08885,  -0.01269,  -0.04246,   0.06959,   0.03108,   0.02407,   0.00657,   0.07485,  -0.04946,  -0.00394,  -0.03020,  -0.05646,   0.00657,   0.00832,   0.02057,   0.00832,  -0.03370,  -0.10899,   0.02057,   0.07310,  -0.08798,  -0.01795,   0.05734,  -0.00744,  -0.03896,  -0.06347,  -0.00569,  -0.01444,   0.00306,  -0.01620,   0.13963,  -0.03721,   0.02582,   0.01007,   0.08185,  -0.00569,   0.06084,   0.05559,  -0.02495,   0.13087,   0.09936,  -0.06522,   0.09936,  -0.03020,   0.05034,  -0.03370,   0.02933,   0.02933,   0.00657,  -0.00919,   0.04333,   0.00657,  -0.03721,   0.01532,  -0.00919,  -0.00744,  -0.03545,  -0.02145,  -0.05822,  -0.07572,  -0.03721,   0.01707,  -0.00044,  -0.02145,   0.03633,  -0.07047,   0.01882,   0.01357,   0.04683,   0.02232,  -0.10199,  -0.02320,  -0.07397,   0.01532,   0.06784,  -0.00569,  -0.02320,   0.00481,   0.05209,   0.00306,   0.00481,  -0.00219,  -0.00744,  -0.03721,  -0.01795,   0.02582,  -0.01444,  -0.01269,  -0.07747,   0.01357,   0.08185,  -0.10023,   0.06084,  -0.05471,  -0.06522,   0.12387,   0.03458,   0.03108,   0.01357,   0.03983,  -0.01269,  -0.00744,  -0.03896,  -0.04421,   0.02407,   0.05909,  -0.03020,   0.06784,  -0.01444,   0.08010,  -0.13875,   0.05209,   0.02933,  -0.03020,   0.01882,   0.01882,  -0.00569,  -0.01269,   0.03983,  -0.05296,   0.05034,  -0.04946,  -0.08973,   0.03458,   0.04333,   0.03808,   0.05209,  -0.00394,  -0.02495,  -0.04946,   0.11161,  -0.10199,  -0.00219,  -0.01269,  -0.00044,   0.05034,  -0.01620,  -0.02495,  -0.02845,   0.00657,  -0.00569,   0.03283,   0.01357,  -0.07747,  -0.03195,  -0.00394,   0.06784,  -0.04771,  -0.04771,   0.06784,   0.04508,   0.03983,  -0.04246,  -0.00044,   0.03633,   0.03283,  -0.04421,   0.02407,   0.06259,   0.02407,  -0.00919,  -0.00219,  -0.00219,  -0.04246,   0.01357,  -0.05471,  -0.03721,   0.00306,  -0.03370,   0.03983,   0.07135,   0.01532,  -0.04946,   0.05384,   0.02232,  -0.00569,   0.00657,  -0.00744,  -0.00219,   0.02582,   0.03808,  -0.05471,  -0.05296,  -0.00919,   0.05384,  -0.02320,   0.00832,   0.06784,   0.03983,   0.06959,  -0.11249,  -0.01094,   0.02757,  -0.01094,   0.01357,  -0.01444,   0.01532,   0.01007,  -0.01444,  -0.00744,  -0.00744,   0.06434,  -0.06347,   0.02757,   0.06959,  -0.01620,   0.02933,  -0.01795,   0.03108,   0.00657,   0.05384,  -0.02670,  -0.00744,   0.03458,   0.04683,  -0.02845,  -0.00219,   0.00657,   0.03633,  -0.03721,   0.00481,  -0.07222,   0.03633,  -0.04071,  -0.05296,  -0.11774,  -0.01444,   0.00306,  -0.00219,   0.02232,  -0.05296,   0.01882,   0.05734,   0.05734,   0.00657,   0.07310,   0.05734,  -0.01444,   0.07835,  -0.01795,   0.01357,  -0.06872,  -0.02145,  -0.02495,   0.09235,  -0.03896,  -0.03370,  -0.06872,   0.01532,  -0.01444,   0.00832,  -0.00569,   0.01357,   0.00131,   0.05559,  -0.02320,   0.02407,   0.03633,   0.02232,   0.05909,   0.08010,  -0.00044,  -0.01094,  -0.00569,   0.05559,  -0.02145,  -0.00919,  -0.05997,   0.06434,   0.00131,   0.05559,  -0.02670,  -0.00919,  -0.02320,   0.03458,  -0.02145,  -0.01094,  -0.01094,   0.04508,   0.01007,  -0.00569,   0.01532,  -0.03545,   0.07835,   0.09936,   0.00832,  -0.00919,   0.03108,  -0.01444,   0.03108,   0.04333,  -0.03195,  -0.02145,  -0.03020,  -0.04421,  -0.00744,   0.00306,  -0.05997,   0.01532,   0.00306,  -0.00219,   0.01007,   0.03458,  -0.01795,   0.05559,   0.02407,   0.01707,  -0.01620,  -0.04946,   0.01007,  -0.04946,  -0.09848,  -0.00919,   0.04158,  -0.05121,   0.02582,   0.06784,   0.04333,  -0.01269,  -0.02845,   0.02407,  -0.07397,  -0.05822,   0.01882,   0.03633,   0.04333,   0.03283,   0.00131,   0.01182,   0.02407,  -0.00744,  -0.03896,  -0.01970,   0.05209,  -0.10374,  -0.07222,   0.02757,  -0.01795,  -0.00219,   0.03983,   0.04508,  -0.02495,   0.05559,   0.03808,  -0.04596,   0.02232,  -0.01269,   0.01357,   0.03808,  -0.07922,   0.04683,  -0.06872,  -0.03370,  -0.00394,  -0.03020,  -0.03721,   0.03458,   0.02407,  -0.00044,   0.01532,  -0.09323,  -0.01620,  -0.06347,   0.00832,  -0.00219,   0.12387,   0.02933,  -0.00394,   0.02232,  -0.04246,  -0.04771,   0.04508,  -0.08973,   0.04683,   0.05209,   0.04508,  -0.00219,   0.08010,  -0.08623,   0.03808,  -0.01970,  -0.04771,   0.01357,   0.05034,   0.03808,  -0.09673,   0.01882,   0.01007,   0.02232,  -0.02670,  -0.03020,   0.08710,  -0.06172,  -0.07222,   0.07485,  -0.03545,   0.01707,   0.00832,  -0.08273,   0.12212,  -0.04246,   0.13262,  -0.05471,  -0.04421,   0.01007,   0.06084,  -0.01795,   0.03283,  -0.01795,  -0.00394,   0.09060,  -0.05646,  -0.01444,   0.01707,   0.05384,  -0.05471,   0.03983,   0.02933,  -0.07222,  -0.00744,   0.03808,   0.00131,  -0.00919,   0.06959,   0.03633,   0.03283,   0.00657,   0.01357,   0.01532,   0.01182,  -0.02320,  -0.01970,  -0.06872,  -0.02495,   0.03808,  -0.01795,   0.02232,  -0.01269,  -0.04246,  -0.10549,   0.04508,  -0.11249,   0.00481,  -0.03545,   0.05384,  -0.00394,  -0.11599,  -0.01444,   0.01882,   0.02757,   0.08885,   0.01007,   0.02057,   0.00306,  -0.02845,   0.01007,  -0.03370,  -0.01795,   0.02933,  -0.03370,   0.06609,   0.01532,   0.03283,   0.00306,   0.07135,   0.08885,   0.06434,  -0.03020,   0.01707,  -0.00044,   0.03458,   0.02933,   0.02933,   0.07310,   0.06084,   0.09761,  -0.04596,  -0.01444,  -0.04071,   0.03633,   0.03983,   0.09411,   0.04858,  -0.00044,  -0.00744,  -0.07222,  -0.01269,  -0.05121,  -0.03195,   0.02757,   0.08885,   0.04158,  -0.01094,  -0.12475,  -0.02145,  -0.03545,  -0.01795,   0.02933,  -0.03370,  -0.04946,   0.02582,   0.00832,  -0.01094,   0.05034,  -0.07747,   0.04858,   0.01532,   0.00481,   0.00306,  -0.05646,   0.02582,  -0.01444,   0.02582,   0.08710,   0.00657,  -0.07397,   0.01532,   0.00306,   0.02232,   0.01707,  -0.01094,   0.04508,  -0.18077,   0.05559,   0.03633,  -0.08623,  -0.03370,   0.02057,  -0.00919,  -0.01795,   0.03808,   0.08885,   0.03108,   0.01532,  -0.00044,   0.01007,   0.03283,  -0.00919,   0.00657,   0.08360,  -0.04946,   0.03458,   0.02232,   0.01882,   0.01007,   0.06784,   0.05559,   0.07485,   0.02407,   0.03458,   0.03283,  -0.01444,  -0.00044,  -0.02845,  -0.04071,   0.00306,  -0.05997,   0.01882,   0.08185,  -0.08098,  -0.04946,  -0.02845,  -0.03020,  -0.09848,  -0.01094,  -0.00219,   0.01182,  -0.00569,  -0.07222,   0.03633,  -0.04071,  -0.00744,  -0.07922,   0.00306,  -0.00044,  -0.04071,   0.01707,  -0.01094,   0.02582,  -0.00744,  -0.03545,  -0.04246,  -0.08973,  -0.04071,   0.03458,  -0.03896,  -0.05997,   0.00832,   0.04683,   0.00131,  -0.05471,   0.09761,   0.02057,   0.05209,  -0.01444,  -0.01795,  -0.03721,  -0.03896,   0.04158,  -0.02495,  -0.03195,  -0.01620,   0.00481,  -0.07397,  -0.04596,   0.01007,   0.07135,   0.00832,   0.03108,   0.07135,   0.02232,   0.00131,  -0.09498,   0.04158,  -0.06347,  -0.09498,  -0.04596,   0.02057,  -0.01269,  -0.06347,   0.01882,   0.00832,  -0.05646,  -0.02320,  -0.00919,   0.06084,  -0.04946,  -0.03195,   0.01532,  -0.04421,   0.00832,  -0.02495,   0.02933,   0.01532,  -0.02495,  -0.00744,  -0.07222,   0.04683,  -0.02320,  -0.03896,   0.02232,  -0.00044,  -0.00044,  -0.06522,   0.00131,   0.13087,  -0.02845,  -0.02670,   0.02757,   0.04683,   0.06609,   0.03983,  -0.03721,  -0.01269,   0.02757,   0.02407,   0.01882,  -0.01444,   0.00481,   0.00832,  -0.08273,  -0.02495,  -0.00744,  -0.00919,   0.02582,  -0.06172,  -0.01795,  -0.03545,   0.02407,   0.02933,  -0.04421,   0.01182,   0.07660,  -0.04246,   0.00832,   0.05034,   0.07310,   0.10286,   0.02582,  -0.01795,   0.02757,   0.03108,   0.14838,  -0.02670,  -0.05121,   0.08360,   0.05909,  -0.04771,  -0.00919,  -0.01970,  -0.00744,  -0.01795,  -0.04596,  -0.00044,   0.08010,  -0.01620,  -0.03896,  -0.00219,   0.04508,   0.03283,  -0.12475,  -0.04421,   0.05559,   0.04858,  -0.04421,  -0.03896,   0.03808,  -0.02845,  -0.04946,   0.01882,  -0.00394,   0.04158,  -0.02320,   0.02757,   0.04858,  -0.07047,  -0.10899,   0.04333,  -0.02845,   0.01357,   0.06259,   0.01532,   0.01007,   0.02407,  -0.02495,   0.02933,   0.06434,   0.00481,  -0.02670,  -0.05296,   0.00481,   0.04683,   0.06959,  -0.01970,   0.07835,  -0.04071,   0.00481,  -0.03545,  -0.11774,  -0.08273,   0.00832,   0.01357,   0.06959,   0.02232,  -0.06522,   0.02757,   0.04508,   0.00131,  -0.01094,   0.02232,  -0.09148,   0.04333,  -0.03195,  -0.00219,   0.04158,   0.07485,   0.05909,  -0.05121,   0.02933,   0.05559,  -0.04946,   0.08535,  -0.02670,  -0.01094,  -0.02845,  -0.03370,   0.08535
  -0.03721,   0.01707,   0.05734,  -0.03195,  -0.01444,   0.04858,   0.04158,  -0.02845,  -0.01620,   0.04158,  -0.05646,  -0.05296,   0.02057,  -0.01620,  -0.02495,  -0.02320,   0.01882,  -0.07747,   0.03283,  -0.00569,  -0.01094,   0.02057,   0.04158,  -0.04771,  -0.03020,  -0.05822,   0.00131,  -0.00219,  -0.05646,   0.03283,   0.00832,   0.03283,   0.03458,   0.01357,  -0.07047,  -0.03020,   0.00657,  -0.03195,  -0.04946,  -0.00569,  -0.00744,  -0.01795,   0.05209,   0.05209,  -0.01795,   0.07485,  -0.01094,   0.02933,  -0.00919,   0.02933,   0.02057,  -0.01269,  -0.01795,  -0.06522,   0.01532,  -0.00394,   0.05559,  -0.02670,   0.07310,   0.00657,  -0.06347,   0.00657,  -0.05296,  -0.02670,   0.06959,  -0.04596,  -0.07397,   0.01532,  -0.02145,   0.05734,   0.03808,  -0.02145,  -0.09498,   0.07835,   0.01532,   0.05559,   0.01007,   0.02757,   0.03808,   0.02933,  -0.03195,  -0.04771,  -0.04946,  -0.06347,   0.02757,  -0.01269,  -0.00394,  -0.05471,   0.02757,   0.06609,   0.02407,   0.03633,   0.05734,  -0.05471,  -0.07047,   0.00657,  -0.03545,  -0.02845,  -0.00044,   0.04858,   0.03108,   0.02407,   0.00131,   0.03108,   0.03283,   0.06784,   0.04683,  -0.01094,  -0.00919,   0.07135,   0.02057,   0.05909,  -0.03896,  -0.00394,  -0.01444,  -0.03370,  -0.09498,  -0.06522,  -0.01620,   0.03983,  -0.01795,  -0.03721,  -0.02320,   0.02757,   0.06084,  -0.08273,   0.01007,  -0.01269,  -0.03545,  -0.01269,   0.04158,  -0.04771,  -0.01269,   0.02582,  -0.03545,   0.11161,   0.05559,  -0.08798,  -0.06347,  -0.00219,   0.03983,  -0.07222,  -0.04946,   0.01707,  -0.00569,   0.01357,   0.03283,  -0.03020,   0.02232,   0.06784,   0.00657,  -0.04071,  -0.07572,  -0.06172,  -0.02845,   0.06084,  -0.07747,  -0.04946,  -0.04946,  -0.05997,  -0.06172,  -0.00569,   0.09235,   0.01007,   0.02582,   0.05734,   0.04333,   0.01182,   0.08185,  -0.00744,   0.00481,   0.00481,   0.04158,   0.07135,  -0.01094,   0.00306,  -0.01970,  -0.03896,  -0.00919,   0.06609,  -0.00044,   0.07310,   0.00306,  -0.09673,  -0.00919,  -0.06522,   0.06784,   0.03458,   0.03108,   0.03633,  -0.00394,  -0.02145,   0.03983,   0.01532,   0.01707,  -0.03545,  -0.00394,  -0.05296,  -0.00569,   0.05384,  -0.06172,  -0.03896,  -0.05822,  -0.05296,   0.00657,   0.02232,  -0.00744,  -0.03195,  -0.00219,  -0.00744,  -0.00394,  -0.01269,   0.03458,  -0.06347,  -0.01970,   0.02057,  -0.01269,  -0.04771,  -0.02320,   0.00832,  -0.07397,  -0.00919,   0.04158,  -0.06172,  -0.02845,  -0.05471,  -0.02145,   0.02582,  -0.01620,   0.00832,   0.01357,   0.02057,   0.01182,  -0.02495,   0.05384,   0.00131,   0.03808,   0.03633,  -0.02145,   0.00481,  -0.03896,   0.02933,  -0.05646,  -0.01970,  -0.09498,  -0.02320,  -0.03896,  -0.10374,  -0.07747,   0.03108,   0.01532,  -0.00044,   0.01532,   0.02407,  -0.04071,  -0.01795,  -0.09673,  -0.07397,  -0.04596,  -0.03721,  -0.04596,  -0.02845,   0.02407,  -0.05471,   0.02757,   0.00306,  -0.01444,   0.00832,  -0.05296,  -0.02845,  -0.02845,   0.00481,   0.07135,  -0.04771,   0.05384,  -0.03545,  -0.00219,  -0.04946,   0.02232,  -0.01620,   0.00481,   0.02933,  -0.06172,   0.02582,  -0.04771,  -0.01094,   0.02933,   0.05209,  -0.01444,   0.02407,  -0.00569,  -0.01970,  -0.00219,   0.02232,   0.00306,  -0.02145,   0.05559,  -0.00744,  -0.01970,  -0.00919,   0.03283,   0.02933,   0.02933,  -0.00394,   0.03108,   0.03108,   0.00481,   0.00832,  -0.01970,  -0.04071,  -0.00919,  -0.01269,  -0.05822,  -0.10724,  -0.07747,  -0.02145,  -0.02845,   0.00306,   0.00832,  -0.00044,  -0.00919,  -0.03370,   0.01532,   0.01357,  -0.05822,   0.02933,  -0.08798,  -0.00044,  -0.06347,  -0.01620,   0.05209,   0.02757,  -0.05997,   0.03108,   0.08360,  -0.07047,   0.00131,   0.08185,  -0.06172,  -0.02670,   0.02057,  -0.07747,   0.06084,  -0.03721,  -0.02670,  -0.04946,   0.03108,  -0.04596,  -0.01444,   0.09060,   0.08360,   0.03808,  -0.06522,   0.00481,  -0.04071,   0.05734,   0.00832,  -0.01795,  -0.03370,   0.03633,  -0.03545,   0.03633,   0.03808,  -0.05296,   0.02232,   0.01707,   0.02232,  -0.04946,   0.03283,  -0.00569,   0.12212,  -0.02145,  -0.03020,  -0.00219,   0.05034,   0.04858,  -0.02495,  -0.07922,  -0.03721,  -0.01970,  -0.05646,   0.01182,   0.09060,   0.04158,   0.00131,   0.02582,  -0.06872,  -0.08273,   0.00306,   0.00481,  -0.02145,  -0.00919,   0.02407,   0.03108,  -0.03195,   0.00832,   0.06609,  -0.02320,   0.03283,  -0.06872,  -0.01795,  -0.05646,  -0.01795,   0.02582,   0.05384,  -0.02670,   0.01357,   0.03458,   0.05559,  -0.00919,  -0.01094,  -0.00394,   0.02232,  -0.10023,   0.03283,  -0.00044,   0.03108,  -0.07397,   0.01357,   0.06084,   0.06609,  -0.07047,   0.10461,  -0.00044,   0.06959,  -0.04771,  -0.03370,  -0.03195,   0.03283,  -0.05471,  -0.00569,   0.06084,  -0.00394,  -0.01444,  -0.03896,  -0.01620,  -0.03545,   0.00832,   0.06609,   0.00832,  -0.00569,   0.05209,  -0.07397,   0.06434,   0.01007,   0.01707,   0.05034,   0.00131,  -0.01620,  -0.02495,  -0.08448,   0.04508,  -0.05471,  -0.04071,  -0.02320,   0.02757,   0.02407,  -0.01269,  -0.01620,   0.00131,   0.06959,   0.01532,   0.02057,   0.00306,   0.05209,   0.07485,  -0.00394,  -0.05296,  -0.01444,  -0.00744,  -0.05121,  -0.08973,   0.09235,   0.00657,   0.05559,   0.00306,   0.09936,  -0.11074,  -0.02145,   0.00306,   0.02582,   0.04333,  -0.08273,   0.01007,   0.01007,  -0.06522,   0.11336,  -0.05646,   0.02933,  -0.00044,   0.04333,  -0.03896,  -0.04596,  -0.02495,  -0.05296,   0.02757,  -0.06172,   0.02232,  -0.02145,  -0.05646,  -0.09848,   0.06259,   0.01707,   0.00657,   0.01007,   0.10111,  -0.02670,  -0.00219,  -0.00919,   0.00306,   0.00832,   0.03983,   0.00481,  -0.02145,  -0.01269,  -0.06522,   0.01007,   0.07135,  -0.00044,   0.03808,  -0.01795,   0.12562,  -0.09323,   0.02057,  -0.00044,  -0.05997,  -0.01444,   0.03808,  -0.03545,  -0.02670,   0.01357,  -0.03721,  -0.06172,   0.03458,  -0.10724,   0.00131,   0.05384,  -0.03195,  -0.07747,   0.03108,   0.01532,   0.01357,   0.02582,   0.01532,   0.01007,  -0.09848,  -0.01444,   0.08010,   0.00832,  -0.01620,   0.00481,  -0.08798,   0.10986,   0.00481,   0.03283,  -0.07922,   0.00481,   0.08535,  -0.09498,   0.06609,  -0.05121,   0.04858,  -0.02145,  -0.01094,  -0.02145,   0.02933,   0.05034,   0.00131,  -0.00044,   0.03108,   0.02407,  -0.03020,  -0.03370,  -0.04246,   0.01882,   0.06259,   0.03633,  -0.01269,   0.10986,   0.00832,  -0.04771,  -0.12650,   0.01707,  -0.03370,   0.05559,   0.01182,  -0.06347,  -0.05296,  -0.01094,   0.03808,   0.01007,  -0.05997,   0.01882,  -0.00044,   0.03458,   0.01707,   0.03108,   0.03983,  -0.00744,  -0.05471,   0.02232,  -0.01970,  -0.01795,  -0.00044,   0.01357,  -0.01620,  -0.05822,  -0.06697,   0.01357,   0.02757,   0.00131,  -0.05121,   0.01007,  -0.04246,  -0.00744,   0.00131,   0.03983,   0.01532,   0.00481,  -0.04421,  -0.01444,   0.06434,  -0.06347,   0.08185,  -0.09323,   0.02232,   0.01882,  -0.02320,  -0.01970,  -0.04946,  -0.00919,   0.09761,   0.00832,   0.09411,   0.05034,  -0.02145,  -0.01094,  -0.05121,   0.04158,   0.02933,  -0.02145,  -0.01094,  -0.05296,   0.06959,   0.00657,  -0.07397,  -0.01094,   0.01882,   0.00306,   0.03808,   0.05384,   0.02407,   0.04858,   0.04508,  -0.03896,   0.10286,   0.02407,   0.00306,   0.02407,  -0.06172,  -0.01620,  -0.01444,   0.05209,   0.02582,  -0.03195,   0.06609,  -0.03195,  -0.06347,  -0.00744,  -0.04946,  -0.02670,  -0.02845,   0.01007,   0.04858,  -0.05646,   0.01707,   0.01357,   0.07135,   0.01007,  -0.00569,  -0.01970,   0.00657,   0.00306,  -0.08623,   0.08535,   0.00481,   0.06784,  -0.04596,   0.00306,  -0.03195,  -0.00919,  -0.02320,   0.03983,  -0.01094,   0.01182,   0.04333,  -0.00919,  -0.01620,  -0.02845,  -0.01620,   0.01182,   0.01182,   0.00832,   0.03283,  -0.05296,  -0.03195,  -0.00219,  -0.04421,  -0.01269,  -0.01269,  -0.02320,  -0.01970,   0.05909,  -0.02145,  -0.00394,   0.03283,   0.03983,  -0.01795,  -0.02495,   0.02057,   0.02757,   0.02232,   0.02757,   0.04508,  -0.02145,  -0.01444,   0.05384,   0.01182,   0.00131,  -0.02495,   0.05034,  -0.03195,  -0.01269,  -0.00394,   0.04858,  -0.00919,  -0.03370,  -0.03020,  -0.01269,   0.05034,   0.01707,   0.03283,   0.00131,   0.04508,  -0.00219,   0.02933,  -0.01970,  -0.07572,   0.01882,  -0.01970,  -0.02845,  -0.05471,  -0.05296,  -0.05471,  -0.04246,   0.01707,  -0.08273,  -0.02670,  -0.05121,  -0.06872,  -0.03896,  -0.07572,   0.02407,  -0.00394,  -0.03721,  -0.02320,  -0.00219,  -0.02145,   0.00832,   0.01357,  -0.01620,  -0.02495,  -0.08623,   0.01007,  -0.05121,   0.01882,  -0.00044,  -0.03195,   0.02232,  -0.04421,   0.02407,  -0.16677,  -0.00219,  -0.07922,   0.04508,  -0.05471,   0.01182,   0.07660,  -0.02320,  -0.06697,   0.05209,  -0.03370,  -0.04246,   0.09235,   0.02407,  -0.00744,  -0.01795,  -0.01620,   0.02407,  -0.00044,   0.00481,  -0.02320,   0.09060,   0.01882,   0.02757,  -0.00919,   0.02232,   0.04683,   0.06609,  -0.02145,  -0.00569,   0.04158,  -0.07747,   0.02057,  -0.08273,   0.00131,   0.00481,  -0.03721,   0.00131,   0.01532,   0.02582,   0.07485,   0.02232,   0.00481,   0.01182,   0.01182,  -0.03721,   0.04683,  -0.03545,  -0.01620,   0.08010,  -0.00044,  -0.03020,   0.00657,   0.06609,   0.02057,  -0.01795,  -0.02670,   0.07135,  -0.00569,   0.03108,   0.01357,   0.00481,  -0.02145,  -0.01970,  -0.03195,   0.00131,  -0.01970,   0.03983,  -0.05121,  -0.05646,   0.02757,  -0.00744,  -0.01094,  -0.03896,   0.03283,  -0.05997,  -0.01444,   0.01357,   0.02057,   0.00481,  -0.00219,   0.03808,  -0.00744,   0.00657,  -0.06522,   0.06784,  -0.01620,  -0.02495,   0.08360,   0.00306,  -0.00394,  -0.00219,   0.10461,  -0.09673,   0.00832,   0.03458,   0.00131,  -0.01269,   0.04508,  -0.02845,   0.05559,  -0.02495,   0.01707,  -0.01970,   0.01182,  -0.00919,   0.03983,  -0.08623,  -0.03896,  -0.10374,   0.04158,  -0.03721,  -0.01970,   0.02407,   0.06434,  -0.03370,   0.02407,   0.00131,  -0.04071,   0.00306,  -0.02845,   0.08360,   0.00306,  -0.05121,  -0.00744,  -0.03370,   0.02057,  -0.05471,   0.02407,  -0.07222,  -0.04246,  -0.01444,  -0.00394,  -0.02670,  -0.03721,  -0.01444,   0.02582,  -0.01620,   0.08360,   0.02057,   0.02757,   0.05734,   0.02232,  -0.05646,   0.03983,   0.06259,  -0.04596,  -0.02670,  -0.04421,  -0.02845,   0.02232,  -0.04071,   0.04858,   0.10111,  -0.01970,  -0.06172,  -0.01269,   0.03108,   0.02057,   0.04333,   0.02232,  -0.02670,   0.00481,  -0.04771,  -0.05997,   0.00657,   0.02757,  -0.07922,   0.03633,  -0.00044,   0.03458,  -0.11249,   0.01707,  -0.00219,  -0.03721,  -0.03195,  -0.10899,  -0.01094,   0.01882,   0.00306,   0.02232,   0.06609,   0.00131,  -0.07572,  -0.02495,  -0.03020,  -0.01970,   0.06084,  -0.01970,   0.00832,  -0.05997,  -0.11424,  -0.07047,  -0.06522,   0.00481,   0.04508,  -0.08098,  -0.06347,  -0.03545,  -0.05646,  -0.01620,  -0.07747,  -0.04596,  -0.01795,  -0.01970,  -0.01795,   0.02757,  -0.07747,  -0.00919,  -0.01970,  -0.00569,  -0.02845,   0.02407,  -0.01795,  -0.03721,   0.03633,   0.00832,  -0.04771,   0.05559,  -0.03195,  -0.05822,   0.14138,   0.03458,  -0.04946,   0.02232,   0.10636,  -0.00219,  -0.03195,   0.08535,   0.02057,   0.03108,   0.07485,  -0.01795,   0.11512,   0.08710,   0.02582,  -0.00569,  -0.00919,  -0.01970,  -0.02320,  -0.05646,   0.09936,   0.01532
   0.05034,  -0.01444,  -0.03545,   0.02407,   0.01882,  -0.05471,  -0.00744,   0.04858,   0.05384,   0.00131,   0.06259,  -0.02320,  -0.02845,   0.02232,   0.05384,  -0.06697,  -0.08798,  -0.05121,  -0.02670,  -0.01970,   0.04158,   0.03983,  -0.04071,   0.03458,  -0.03896,   0.01357,  -0.01620,   0.00306,  -0.00744,  -0.01444,   0.00481,   0.03458,   0.05384,   0.01357,   0.09060,   0.09586,  -0.01269,  -0.03545,   0.08535,  -0.00394,   0.04683,  -0.00394,   0.04158,  -0.03721,   0.03633,   0.00481,   0.03983,   0.00481,  -0.03370,   0.03633,   0.01182,   0.01707,  -0.01094,   0.06959,  -0.02495,   0.05034,   0.03283,  -0.02670,   0.05034,   0.00832,  -0.03896,  -0.00919,   0.02232,   0.01007,   0.01182,  -0.05121,  -0.07747,   0.01007,   0.02757,   0.02232,   0.01532,   0.00481,   0.01532,   0.00832,   0.05209,  -0.00744,   0.04508,  -0.02845,   0.01882,  -0.02845,  -0.03896,  -0.00219,   0.03633,   0.00832,  -0.00044,   0.04858,  -0.05471,   0.02757,   0.04858,  -0.02320,   0.02057,  -0.06697,   0.04508,  -0.00044,   0.01707,  -0.03545,   0.04683,   0.00306,  -0.03721,   0.00131,   0.03633,   0.02232,  -0.03896,  -0.02495,  -0.02495,   0.03283,   0.03983,  -0.04946,  -0.07572,  -0.07047,   0.05734,   0.00657,  -0.03020,   0.06959,   0.07310,  -0.00569,  -0.05997,  -0.00569,   0.03108,   0.01532,   0.02057,   0.03458,  -0.00044,   0.01707,  -0.02495,   0.02933,  -0.01970,  -0.05121,  -0.03020,   0.01357,  -0.01795,  -0.03020,  -0.09323,  -0.00044,  -0.03721,   0.03633,   0.05559,   0.06259,  -0.05471,  -0.00569,   0.03983,  -0.00569,  -0.01795,  -0.01795,  -0.03721,   0.02232,   0.00481,   0.04333,   0.00481,  -0.00044,  -0.00744,  -0.00744,   0.00306,  -0.00044,   0.01882,  -0.03195,  -0.00044,   0.06259,   0.03458,   0.04333,  -0.01094,  -0.01795,   0.02933,   0.00131,  -0.01269,  -0.01444,  -0.00219,   0.03983,   0.04683,  -0.03896,  -0.01094,   0.05034,  -0.02845,   0.01182,  -0.06347,  -0.04246,   0.02057,   0.01532,  -0.02320,  -0.01444,  -0.01970,   0.03808,   0.01357,  -0.03195,   0.05034,  -0.04246,   0.06259,  -0.02145,   0.02057,  -0.00569,  -0.02320,  -0.05646,  -0.06172,   0.03108,  -0.06347,   0.07660,  -0.02145,  -0.00744,   0.01532,  -0.01970,  -0.00744,   0.05559,   0.03808,   0.00481,  -0.03545,   0.03108,   0.02057,  -0.06872,   0.02933,   0.08535,   0.00306,   0.01882,  -0.01970,   0.00832,  -0.01269,  -0.01970,  -0.00919,   0.02232,  -0.02145,  -0.04246,  -0.05121,  -0.00394,   0.02582,   0.00481,  -0.02145,  -0.01269,  -0.00919,  -0.02670,  -0.00044,  -0.03195,  -0.08273,   0.01707,  -0.00044,  -0.03195,   0.00481,   0.01532,   0.03108,   0.03983,  -0.03195,   0.00306,   0.03808,  -0.02845,   0.04508,   0.03633,  -0.00569,   0.03108,  -0.00044,  -0.08098,   0.06259,   0.04158,   0.00131,   0.03983,   0.02757,   0.02232,   0.05909,   0.00131,  -0.04071,  -0.05471,  -0.11599,   0.05559,   0.05559,   0.02232,   0.00306,   0.02057,  -0.03020,  -0.05646,   0.08885,   0.01882,  -0.02320,   0.05909,  -0.05646,   0.09060,  -0.00219,   0.03808,   0.02407,   0.00832,   0.10111,  -0.01444,  -0.03195,  -0.01970,  -0.03721,   0.03283,   0.01357,   0.01532,   0.03633,  -0.07747,   0.00131,   0.01007,   0.04508,  -0.05997,   0.00657,  -0.02145,   0.01357,  -0.06872,   0.06084,   0.03983,  -0.03195,  -0.04771,  -0.02845,  -0.02145,   0.07660,  -0.03370,  -0.03370,   0.08360,   0.00131,  -0.07047,  -0.03370,   0.03283,   0.02407,  -0.04071,  -0.06522,   0.02757,   0.08885,  -0.07747,  -0.04946,   0.01882,  -0.01269,  -0.00394,  -0.02845,   0.02057,  -0.00919,   0.04858,   0.07485,   0.00832,   0.06959,  -0.07572,  -0.03545,   0.05909,  -0.01094,   0.07310,  -0.06522,  -0.00569,  -0.02145,   0.00306,  -0.04071,  -0.03370,   0.05384,   0.05734,   0.07135,   0.02057,  -0.01269,   0.02582,   0.02407,   0.01707,  -0.00394,   0.01532,  -0.02670,  -0.01620,  -0.03020,   0.00481,  -0.02670,  -0.01094,   0.00481,   0.03633,   0.11161,  -0.00569,   0.04158,  -0.05997,  -0.00219,   0.04508,   0.08360,  -0.03545,   0.06434,   0.00657,  -0.01269,   0.06959,   0.01532,  -0.00744,  -0.07397,  -0.02145,  -0.04771,   0.02933,  -0.03370,  -0.05121,   0.00481,  -0.02320,   0.01882,  -0.05121,  -0.03721,  -0.08973,  -0.03370,  -0.06172,  -0.01094,  -0.07922,  -0.04421,  -0.00394,  -0.01444,   0.03983,  -0.05471,   0.07310,  -0.10199,  -0.00394,  -0.00044,  -0.00219,  -0.05471,  -0.03896,  -0.03195,   0.02057,   0.03633,  -0.03370,  -0.01795,  -0.00569,  -0.01269,  -0.08623,  -0.00744,  -0.00394,   0.02582,  -0.01444,  -0.05296,   0.00832,  -0.06872,   0.01357,  -0.03545,  -0.02145,   0.01882,  -0.00569,  -0.02320,  -0.02145,   0.04158,  -0.02495,  -0.03370,  -0.01444,   0.03108,   0.02933,  -0.07047,  -0.00744,   0.01182,  -0.06522,   0.00832,  -0.04071,  -0.01444,   0.03108,   0.02057,   0.02933,  -0.07922,   0.02757,  -0.01269,  -0.00219,   0.03808,   0.02582,  -0.03020,   0.00657,   0.02757,   0.02757,   0.00832,   0.02407,  -0.00744,   0.03108,  -0.04946,  -0.02670,   0.03283,  -0.03896,  -0.04596,   0.07660,  -0.03195,  -0.04596,  -0.03721,  -0.03020,   0.01357,  -0.00044,   0.03808,   0.02933,   0.03108,  -0.05296,  -0.03721,   0.06609,   0.00657,  -0.05471,  -0.00919,  -0.02320,   0.01882,  -0.00569,  -0.00744,  -0.02670,   0.03283,   0.06259,  -0.00219,   0.04683,   0.01007,  -0.03020,  -0.03896,   0.00832,   0.00481,   0.01357,  -0.04596,   0.02407,   0.02933,  -0.04946,  -0.05296,   0.01182,  -0.05471,   0.01007,  -0.02320,  -0.01094,   0.01707,  -0.02320,   0.04508,   0.00481,   0.00306,  -0.08448,  -0.03370,   0.07135,  -0.07572,  -0.01970,   0.03983,   0.06784,  -0.03545,   0.05559,  -0.03545,  -0.02145,  -0.00744,  -0.00044,  -0.08623,  -0.01444,  -0.00219,  -0.03020,  -0.03195,  -0.05296,   0.02057,  -0.05997,  -0.06522,   0.02057,  -0.05296,   0.00131,  -0.01970,  -0.01970,   0.01357,  -0.05296,  -0.01970,   0.00131,  -0.10549,  -0.01444,   0.03808,   0.02757,  -0.01620,  -0.04771,  -0.01444,  -0.01795,  -0.03020,  -0.04071,  -0.06172,   0.05034,  -0.01094,   0.04333,   0.00131,  -0.02670,  -0.02145,   0.08535,  -0.02670,  -0.00044,   0.01357,   0.01532,   0.01007,  -0.02670,  -0.09848,   0.04508,   0.02757,   0.02232,  -0.01269,  -0.02845,  -0.10023,   0.02582,  -0.03545,   0.07310,   0.00131,  -0.03370,   0.01707,   0.00131,  -0.02495,   0.01007,  -0.05296,   0.01532,   0.06084,   0.05209,   0.03283,   0.01182,  -0.01444,  -0.00744,  -0.02320,  -0.04071,  -0.02670,   0.03458,  -0.04071,   0.05209,  -0.09148,  -0.02670,   0.06784,  -0.06872,   0.05384,  -0.01269,   0.02582,  -0.03896,  -0.04946,  -0.00394,   0.00306,  -0.02145,  -0.00044,   0.00657,  -0.03721,  -0.00394,  -0.01444,   0.01182,   0.00481,   0.00481,  -0.01269,   0.04683,  -0.06872,   0.02407,   0.08885,   0.02582,   0.03808,  -0.01620,  -0.01269,   0.03108,  -0.01444,   0.01182,  -0.02845,  -0.03020,  -0.04596,   0.02407,   0.03633,  -0.01444,   0.04858,   0.01882,  -0.02145,  -0.04246,  -0.05822,  -0.03545,  -0.03721,   0.06959,  -0.13700,  -0.03896,   0.04683,  -0.05296,   0.02407,  -0.07047,   0.00306,  -0.06347,   0.03108,   0.01882,   0.07485,   0.03458,   0.06259,  -0.00394,   0.00832,   0.04158,   0.00131,   0.01007,  -0.03896,   0.06959,  -0.02495,   0.04508,  -0.07397,  -0.01970,   0.02057,   0.06784,   0.01882,  -0.05296,  -0.07572,   0.04683,  -0.06347,  -0.10023,  -0.02320,   0.03633,  -0.03370,  -0.03896,  -0.09148,  -0.01444,  -0.01795,   0.02232,  -0.03896,   0.02232,  -0.01269,   0.05384,   0.04333,   0.02057,  -0.08973,  -0.01269,  -0.02845,   0.03808,   0.04858,   0.04858,   0.00832,  -0.01444,   0.04333,   0.00832,  -0.00919,  -0.06522,   0.00131,   0.05909,  -0.02670,   0.02933,  -0.01620,  -0.04421,  -0.00219,   0.07310,  -0.07572,  -0.08273,   0.00481,  -0.01269,  -0.02670,  -0.00569,   0.00131,   0.01882,  -0.03721,   0.03108,   0.00306,  -0.03370,   0.07310,  -0.01094,   0.03283,  -0.01094,  -0.01269,  -0.01269,   0.08185,   0.05909,  -0.06172,   0.00306,   0.02757,   0.06959,  -0.02845,  -0.01795,  -0.03195,   0.06784,  -0.01970,   0.09060,  -0.01269,   0.05209,  -0.01970,   0.01007,   0.00657,  -0.02495,  -0.05296,   0.00481,  -0.00219,   0.00481,  -0.00219,  -0.01970,  -0.03020,  -0.00394,  -0.03721,  -0.04771,  -0.03896,   0.03458,   0.10111,   0.00131,  -0.10724,  -0.04246,  -0.03020,   0.05559,  -0.00044,  -0.05121,  -0.06347,  -0.02320,  -0.00219,  -0.04946,   0.05909,   0.03108,   0.02057,  -0.04596,   0.04333,  -0.00919,  -0.00744,   0.03458,   0.02933,   0.07485,  -0.03721,   0.05559,   0.04683,   0.05209,  -0.00744,  -0.00569,  -0.03545,   0.00657,   0.00657,   0.01707,  -0.01970,  -0.03195,  -0.00569,  -0.02495,   0.03283,  -0.04596,  -0.01444,  -0.01795,   0.04508,   0.02933,   0.00832,   0.06084,  -0.04596,   0.03808,  -0.01970,  -0.00394,   0.02232,  -0.09323,  -0.03545,  -0.09323,   0.05909,  -0.08798,   0.01007,  -0.05471,   0.01357,   0.08185,   0.05734,   0.00481,   0.00832,  -0.05471,  -0.07572,   0.00131,   0.01707,  -0.02145,  -0.03721,   0.05034,  -0.00744,  -0.01094,  -0.02495,   0.06434,   0.08185,  -0.00744,   0.04333,   0.10286,   0.01882,   0.01182,   0.03458,  -0.00219,   0.02582,  -0.00219,   0.03458,  -0.05471,  -0.01795,   0.01007,   0.00306,  -0.04596,  -0.07047,   0.02757,  -0.04946,  -0.04771,  -0.01094,   0.02407,  -0.01094,   0.05734,  -0.06172,  -0.00919,  -0.04946,   0.01357,   0.03983,   0.08360,   0.08185,  -0.02495,  -0.02845,  -0.02320,  -0.05296,  -0.00919,   0.01882,   0.01182,   0.00657,   0.01532,  -0.03721,  -0.00569,   0.03983,   0.01182,   0.01182,   0.04333,  -0.00569,   0.01357,   0.02407,  -0.03195,  -0.03195,  -0.08273,   0.04333,  -0.10374,   0.01182,   0.02407,  -0.00569,   0.02407,  -0.03896,  -0.01795,  -0.00569,   0.05034,   0.03983,  -0.09498,  -0.05121,  -0.00219,   0.00832,  -0.01795,   0.03633,   0.01182,   0.03633,  -0.05296,  -0.04071,   0.03283,  -0.06522,   0.01357,   0.03983,  -0.04946,  -0.02145,   0.00481,   0.08010,  -0.01795,   0.00832,   0.00131,  -0.00569,  -0.00219,   0.16939,   0.05559,   0.00832,   0.05209,   0.05909,  -0.05822,   0.02582,  -0.02145,   0.04683,  -0.00219,   0.02407,  -0.04946,   0.05909,  -0.04246,   0.01707,   0.06609,  -0.01094,   0.05909,   0.01882,   0.03108,   0.03283,   0.03633,  -0.01269,  -0.01444,   0.04858,   0.01007,  -0.01269,   0.03458,  -0.01620,  -0.02670,  -0.03195,  -0.02845,  -0.03020,   0.02057,  -0.01620,  -0.00744,   0.12212,  -0.01444,  -0.00394,   0.08010,  -0.05121,   0.05034,   0.02057,   0.04333,  -0.04246,  -0.04071,   0.01707,   0.00481,  -0.04071,  -0.09673,  -0.01269,   0.02757,   0.10286,  -0.03721,   0.11336,  -0.02145,   0.05559,  -0.06172,  -0.02320,   0.01182,   0.01707,  -0.03370,  -0.01444,   0.05384,   0.01707,  -0.02320,  -0.02670,  -0.03721,   0.07835,   0.04508,   0.02057,  -0.01620,   0.06259,  -0.04421,   0.00657,   0.03458,  -0.01620,  -0.00919,  -0.08623,  -0.04771,  -0.06872,   0.05559,   0.03633,   0.02933,   0.00657,   0.01532,   0.04858,  -0.01620,  -0.07747,   0.05909,  -0.00044,  -0.03020,   0.00306,  -0.03721,  -0.02320,   0.01707,   0.02757,   0.04508,   0.02757,   0.00131,   0.01357,  -0.03721,  -0.00219,  -0.05646,   0.05734,   0.02582,   0.03283,   0.01007,   0.01532,  -0.12475,  -0.04771,   0.02407,  -0.03195,   0.04158,   0.01182,   0.00306,   0.03283,  -0.02845,  -0.02320,   0.06959,  -0.01620,   0.06084
  -0.03896,  -0.01269,   0.00657,  -0.00219,  -0.06172,  -0.02845,  -0.01444,   0.00131,   0.06609,   0.06959,   0.00131,  -0.01444,   0.02057,   0.04858,  -0.00394,   0.01532,   0.00832,  -0.04246,   0.08185,   0.07485,  -0.00919,   0.03108,  -0.05296,  -0.04596,  -0.02845,  -0.02320,   0.05384,   0.02933,  -0.00569,  -0.05296,  -0.07747,   0.05384,  -0.06697,   0.04508,   0.00481,   0.04158,   0.07135,   0.05909,   0.00481,  -0.00569,  -0.00044,  -0.01269,  -0.02495,  -0.01795,   0.06084,  -0.03896,   0.01882,   0.02057,   0.00657,  -0.00394,   0.01882,  -0.03370,   0.07660,   0.06259,  -0.01094,   0.03983,  -0.04246,   0.01882,  -0.02495,  -0.00744,   0.04333,   0.01357,   0.04858,  -0.00569,   0.02057,   0.00306,   0.02933,   0.04333,   0.00306,   0.03983,   0.03283,  -0.00394,   0.04508,  -0.02845,  -0.04071,   0.08885,   0.13963,  -0.07047,   0.03458,   0.05734,  -0.00044,   0.08710,  -0.09498,  -0.05471,  -0.05296,  -0.00219,  -0.07222,  -0.03896,   0.03633,  -0.13700,  -0.03721,   0.00832,   0.01182,  -0.05646,  -0.00569,   0.06609,  -0.04596,  -0.03020,   0.00306,   0.05384,  -0.04596,   0.02407,  -0.00394,   0.05384,   0.01182,  -0.08448,  -0.00919,   0.09060,  -0.07572,  -0.01970,  -0.01094,   0.01532,  -0.01269,  -0.02670,  -0.02670,   0.02232,  -0.04421,  -0.01795,  -0.02495,   0.11687,   0.03458,   0.02933,  -0.02145,  -0.02145,  -0.00044,   0.00306,   0.01532,  -0.05296,   0.06259,  -0.04421,   0.02407,   0.03983,   0.07310,   0.08710,   0.00131,  -0.00919,  -0.02320,  -0.00919,   0.02757,  -0.01795,  -0.05997,   0.04158,   0.12212,   0.07835,   0.00481,  -0.00919,   0.03808,   0.00481,  -0.02320,  -0.00044,   0.15363,  -0.02145,  -0.04421,   0.00306,  -0.03370,   0.04158,   0.00481,   0.01532,   0.02232,  -0.00394,  -0.07047,  -0.03721,   0.06259,   0.01357,   0.02232,  -0.01620,  -0.00569,   0.01882,  -0.00219,  -0.03020,   0.02582,  -0.05296,   0.03283,   0.00832,  -0.05997,  -0.00394,   0.05384,   0.02582,   0.03983,  -0.06872,  -0.02670,  -0.01269,   0.00657,   0.01882,  -0.00044,  -0.00219,  -0.03545,   0.01532,   0.01707,  -0.00744,   0.00657,   0.03808,  -0.07222,  -0.04071,   0.01007,   0.03283,   0.03458,   0.06784,   0.02757,  -0.00569,  -0.01795,  -0.06697,  -0.02670,  -0.00919,  -0.05121,   0.10986,  -0.01970,  -0.00394,   0.05384,   0.00306,   0.06434,  -0.02845,  -0.05646,  -0.00744,   0.09235,   0.00481,  -0.06347,  -0.02845,   0.00832,   0.08185,   0.01532,   0.02757,   0.00306,  -0.06172,   0.02232,   0.02407,  -0.04771,  -0.08273,   0.04858,  -0.00919,   0.02407,   0.02232,  -0.04246,  -0.09848,   0.05034,   0.06959,  -0.04946,   0.01882,   0.02582,  -0.05997,  -0.03370,  -0.02145,   0.00481,   0.00481,  -0.09498,  -0.03896,   0.03108,  -0.01444,   0.00832,   0.00832,  -0.04946,   0.02582,   0.04508,   0.03808,   0.05034,  -0.04596,   0.08885,   0.00131,  -0.01269,  -0.04771,  -0.00919,   0.06259,   0.10461,   0.05384,  -0.00394,  -0.04946,   0.01707,   0.02757,  -0.04246,  -0.03545,   0.02757,   0.00481,  -0.03195,  -0.02145,  -0.02495,  -0.02145,   0.02057,   0.05209,   0.01007,   0.10461,   0.01182,  -0.00569,  -0.03370,   0.02933,  -0.01444,   0.04508,   0.02407,  -0.05822,   0.02057,   0.03808,  -0.03545,   0.05909,   0.03283,   0.02232,  -0.07047,  -0.04596,  -0.00219,  -0.02845,  -0.06522,  -0.03545,  -0.04071,   0.04858,   0.00481,   0.00481,   0.06609,   0.02757,  -0.00219,  -0.02670,   0.02757,   0.08010,  -0.00394,  -0.01620,   0.03458,  -0.00744,   0.00131,   0.06434,  -0.01620,   0.04333,   0.03983,  -0.10724,  -0.02495,   0.08885,   0.05734,  -0.04946,   0.01182,   0.01707,   0.14663,   0.03633,   0.04158,   0.01357,  -0.01970,   0.02757,  -0.02495,   0.05734,   0.00657,   0.03283,  -0.02145,  -0.01269,  -0.10724,   0.07660,   0.01007,  -0.02670,   0.02057,   0.00306,   0.02582,   0.14138,  -0.02495,   0.03108,  -0.11599,  -0.02670,   0.01182,  -0.01269,  -0.00394,   0.06784,   0.09235,   0.03108,   0.04333,  -0.01970,  -0.00744,   0.00131,   0.03633,   0.03108,   0.10286,  -0.06872,  -0.00919,  -0.08098,   0.02232,  -0.03370,   0.02232,   0.05559,   0.01357,  -0.00044,   0.03983,   0.04508,   0.00657,   0.02407,   0.07660,   0.03108,  -0.03545,  -0.01444,  -0.04421,  -0.02145,   0.02232,   0.00306,  -0.04421,   0.03108,   0.03983,   0.01007,   0.02057,  -0.00919,   0.06784,   0.00131,  -0.03020,  -0.01269,   0.01357,  -0.00744,  -0.01620,   0.02933,  -0.04771,   0.06959,   0.02407,   0.07310,   0.07485,   0.06609,  -0.06522,  -0.03195,  -0.03370,   0.06084,   0.00657,  -0.01444,  -0.00219,  -0.01970,  -0.04596,  -0.07047,  -0.01620,  -0.02145,   0.03108,  -0.03545,  -0.04421,   0.02757,   0.08535,   0.02582,  -0.04946,   0.02057,   0.03983,   0.05034,   0.05734,   0.00657,  -0.05121,   0.09235,   0.09936,  -0.05296,   0.02407,   0.04158,  -0.13875,   0.02582,  -0.01094,   0.04508,  -0.01795,  -0.01620,  -0.09148,  -0.01620,  -0.03370,  -0.03896,  -0.09673,   0.02933,  -0.04946,   0.03808,  -0.04596,  -0.04421,   0.00306,   0.03808,   0.01357,   0.02407,  -0.01444,  -0.01444,   0.01532,   0.01357,  -0.03195,  -0.01444,  -0.05121,   0.05909,   0.08010,  -0.02495,   0.01357,   0.04683,  -0.04596,  -0.01269,  -0.01970,   0.01182,   0.13087,   0.08360,  -0.04421,  -0.00044,   0.01357,   0.06259,  -0.00919,  -0.00569,   0.02232,  -0.04071,   0.06259,   0.07135,  -0.02145,   0.06609,   0.01182,  -0.01620,   0.03633,   0.04508,   0.03108,  -0.01970,   0.04158,   0.02057,   0.00657,  -0.01094,  -0.00744,   0.02757,   0.03808,  -0.01094,   0.04508,   0.04333,   0.00657,  -0.07397,  -0.02670,   0.05734,  -0.04946,  -0.00394,   0.05909,   0.09235,   0.02057,   0.01357,   0.01707,   0.06259,   0.04158,   0.09936,   0.03458,  -0.00394,  -0.01970,  -0.03896,  -0.01795,  -0.01795,  -0.02495,  -0.03195,   0.02232,   0.02757,   0.02757,   0.02057,  -0.00044,   0.07835,  -0.01795,  -0.00744,  -0.01269,  -0.03721,  -0.03896,  -0.04596,   0.00657,   0.04683,  -0.01970,   0.01007,  -0.13875,   0.06434,  -0.05121,  -0.01444,  -0.01795,   0.02057,  -0.03721,  -0.06697,   0.05384,  -0.02145,   0.02933,   0.01182,   0.05209,  -0.06172,  -0.03020,  -0.01795,  -0.04596,  -0.05646,   0.03283,   0.01357,  -0.00744,  -0.01795,  -0.00569,  -0.04771,  -0.03195,   0.01707,  -0.08973,   0.01532,  -0.00219,   0.05384,  -0.06872,   0.04858,   0.02582,   0.03633,  -0.01269,  -0.10374,   0.00306,   0.02407,  -0.05296,  -0.08973,   0.05909,   0.06784,   0.06959,   0.00481,  -0.01094,  -0.03370,   0.03633,   0.03108,  -0.00219,  -0.05997,   0.03983,  -0.03370,   0.02582,  -0.02145,   0.08710,   0.06259,  -0.01795,  -0.01620,   0.01707,  -0.01444,   0.03458,  -0.02845,  -0.01795,   0.00131,   0.02757,  -0.04946,   0.01882,   0.08885,   0.02057,  -0.00569,   0.02407,   0.05384,   0.00306,  -0.00394,  -0.12650,   0.04508,   0.03283,   0.01707,   0.03808,   0.04158,  -0.04071,  -0.03195,  -0.04596,  -0.03020,   0.04508,   0.00131,   0.07485,  -0.06522,  -0.00044,   0.01707,   0.04333,  -0.01795,   0.04683,   0.06259,   0.07310,   0.07135,   0.03458,  -0.06697,   0.00657,   0.03808,   0.04158,  -0.02495,  -0.04946,  -0.01269,   0.08360,  -0.08623,  -0.00919,   0.04683,  -0.02670,   0.02057,   0.00481,   0.06084,  -0.01094,   0.00832,  -0.03020,   0.06434,  -0.02145,  -0.06347,   0.06259,   0.02232,   0.01532,  -0.08273,   0.03983,  -0.02145,   0.02933,  -0.02670,  -0.02845,   0.06259,  -0.04946,   0.02232,   0.01007,   0.00481,  -0.06172,  -0.02145,   0.03808,   0.03458,  -0.01970,   0.02057,  -0.01795,  -0.00044,  -0.01444,  -0.04771,  -0.01269,   0.00131,  -0.01269,   0.06434,  -0.00744,   0.01182,  -0.01795,  -0.03195,   0.05734,   0.03808,  -0.01269,  -0.12650,  -0.02845,  -0.02670,  -0.02495,   0.03633,   0.00306,   0.04158,   0.04158,   0.06084,  -0.00919,  -0.00569,  -0.05646,   0.00306,   0.01882,  -0.01620,   0.00131,  -0.05997,  -0.06872,   0.06434,   0.02407,  -0.01970,   0.02232,   0.06259,  -0.02320,  -0.03370,   0.05209,  -0.01269,  -0.08273,  -0.05296,   0.09411,   0.00131,   0.02407,  -0.02670,   0.02933,   0.01182,  -0.00919,  -0.00919,   0.07135,   0.00832,  -0.01620,   0.10111,   0.07660,   0.05034,   0.01182,  -0.08273,   0.03983,   0.03458,  -0.08098,   0.03108,   0.05034,  -0.09148,  -0.05822,   0.05034,   0.00131,   0.03283,   0.09936,  -0.00569,   0.01182,   0.10111,  -0.01094,  -0.04421,  -0.05471,  -0.03896,  -0.01970,  -0.08623,   0.04858,  -0.01269,  -0.04246,  -0.03896,   0.00832,  -0.10023,  -0.00744,   0.02582,  -0.06872,  -0.02495,  -0.00219,  -0.06172,  -0.07747,   0.05559,   0.09060,  -0.08448,   0.07310,   0.02057,  -0.09673,   0.08535,   0.06434,  -0.01094,   0.06609,  -0.05296,   0.07135,  -0.01094,  -0.04596,  -0.02495,  -0.02845,  -0.03896,  -0.02320,   0.00481,   0.00657,   0.05209,  -0.03020,  -0.03195,   0.04158,  -0.00744,  -0.08798,   0.06259,  -0.04071,   0.01532,  -0.01970,   0.00131,  -0.08273,   0.02407,   0.00481,  -0.04771,   0.05909,   0.04683,   0.04858,  -0.01094,  -0.03195,  -0.02320,  -0.05121,   0.02757,  -0.01444,  -0.00569,   0.00657,  -0.05296,  -0.00044,  -0.00219,   0.04333,  -0.06522,  -0.02845,  -0.07922,  -0.00569,   0.15188,  -0.04071,  -0.04246,   0.03633,  -0.04246,   0.02933,   0.01357,   0.03983,  -0.04071,   0.09060,  -0.02670,  -0.02845,  -0.08973,  -0.02845,  -0.05471,   0.03458,   0.01707,  -0.04946,  -0.04771,  -0.03370,  -0.01970,   0.00832,  -0.03195,   0.02407,  -0.03896,  -0.02495,  -0.00919,  -0.05296,   0.03108,  -0.06172,  -0.05296,   0.07485,   0.01882,  -0.03370,  -0.06697,   0.00306,   0.09411,   0.04683,   0.00657,  -0.02670,   0.05209,  -0.01269,   0.06609,  -0.01444,   0.05909,  -0.00744,  -0.05997,  -0.04246,   0.06434,  -0.01620,   0.05909,   0.02582,   0.03458,  -0.05822,  -0.05296,   0.00131,   0.04858,   0.01882,   0.02232,  -0.06697,   0.04683,   0.00306,   0.00657,   0.00306,   0.00657,   0.16764,   0.06959,   0.02582,   0.00306,   0.00131,   0.05909,   0.04508,   0.02407,   0.03633,   0.01532,   0.11336,  -0.03721,   0.02582,   0.06784,   0.03108,   0.04683,  -0.00219,   0.04683,   0.02757,  -0.04771,   0.07135,  -0.01970,  -0.00569,   0.14488,   0.00481,  -0.02145,   0.03808,  -0.01269,   0.01182,   0.03633,   0.03283,  -0.01970,   0.00832,  -0.03896,  -0.01970,   0.01532,  -0.02495,   0.05559,  -0.03896,  -0.00744,  -0.05646,  -0.08448,   0.03283,  -0.05997,  -0.03020,   0.02582,  -0.01970,   0.02232,  -0.11424,   0.03458,  -0.00919,  -0.08448,  -0.04246,   0.00832,   0.04683,   0.00306,   0.06434,   0.00832,   0.06609,  -0.03195,   0.05034,  -0.03195,   0.09411,  -0.09498,   0.02407,   0.01007,   0.00306,   0.05384,  -0.00219,  -0.12475,  -0.00044,  -0.03721,   0.09586,   0.00832,   0.05909,  -0.05121,   0.07485,  -0.00044,   0.06259,   0.04508,   0.03983,  -0.02495,  -0.03896,   0.02582,   0.02057,   0.07310,   0.02582,   0.03283,  -0.01795,  -0.04771,   0.04158,   0.06434,  -0.01094,   0.02582,   0.03808,   0.07485,   0.02232,   0.00306,  -0.00219,   0.08710,   0.03633,  -0.00919,   0.01007,   0.03458,  -0.02145,   0.09060,  -0.00219,  -0.01269,   0.00306,   0.00131,   0.02582,  -0.06522,  -0.01620,  -0.00394,   0.09936,  -0.02145,   0.02933,   0.04858,  -0.02670,   0.03283,  -0.00744,   0.05384,   0.01007,   0.09060,   0.10811,   0.03633,  -0.06172,   0.06259,  -0.02845,  -0.06872,   0.05209,  -0.04771,   0.02057,   0.05034,   0.02933,  -0.00044
   0.04858,  -0.01970,  -0.01795,  -0.00044,   0.00481,   0.00657,   0.03808,   0.00832,  -0.03195,   0.04333,  -0.01094,  -0.04071,  -0.02145,  -0.05646,   0.00657,   0.00131,   0.02757,   0.01707,   0.03108,   0.03983,  -0.07572,   0.03983,  -0.04946,   0.00832,  -0.03896,  -0.06522,   0.02757,  -0.09148,   0.03458,  -0.00394,  -0.02145,  -0.04071,   0.04333,  -0.01444,  -0.10199,  -0.00919,   0.08710,  -0.00394,  -0.00744,  -0.00044,  -0.06697,   0.03633,   0.03283,   0.01532,   0.05909,  -0.02670,   0.05384,  -0.01444,   0.03633,  -0.00569,   0.03108,  -0.01795,   0.05384,  -0.07572,  -0.03370,  -0.00044,  -0.02145,   0.04508,   0.01182,   0.02757,  -0.00744,   0.08885,  -0.01970,   0.07485,  -0.02320,  -0.01620,  -0.01094,  -0.03020,   0.05559,  -0.00044,  -0.00744,   0.01182,  -0.01970,   0.04683,   0.04333,  -0.00219,   0.04683,  -0.02145,   0.00657,  -0.05997,   0.04683,   0.08010,   0.00832,  -0.02845,   0.03983,  -0.01269,  -0.03545,   0.03458,   0.05034,  -0.03721,   0.01182,  -0.02845,  -0.07222,  -0.03896,   0.02757,   0.01532,  -0.02320,  -0.04771,   0.06259,  -0.01970,   0.01532,  -0.03020,  -0.01444,   0.03108,   0.05909,  -0.03545,  -0.05646,  -0.01094,   0.05734,  -0.04421,  -0.01269,  -0.03721,  -0.01795,   0.08885,  -0.10724,  -0.05121,   0.03458,  -0.04596,   0.02757,  -0.01970,  -0.01269,   0.00832,   0.02582,   0.01707,  -0.00394,  -0.01269,  -0.03721,  -0.01795,   0.01357,  -0.05997,   0.03458,  -0.02670,   0.00657,  -0.02320,  -0.06172,  -0.02145,  -0.01795,   0.00657,  -0.07047,  -0.03721,  -0.01094,   0.03633,   0.03283,   0.01182,  -0.03896,  -0.01970,   0.01182,   0.05559,  -0.04246,  -0.01970,   0.03283,  -0.00744,   0.02757,   0.04158,   0.00832,  -0.03721,   0.01532,  -0.00744,  -0.06347,  -0.01795,  -0.07222,   0.04858,   0.00306,  -0.02145,  -0.04771,   0.02582,  -0.07922,   0.01882,  -0.00394,  -0.00219,  -0.01970,  -0.04071,   0.08010,   0.04683,   0.04333,   0.00657,   0.04333,  -0.00394,  -0.06172,  -0.03195,   0.01532,  -0.00394,  -0.00919,   0.05559,   0.03458,  -0.01970,  -0.00744,  -0.04421,  -0.03020,  -0.02495,  -0.00919,   0.06434,  -0.01444,   0.00832,  -0.01970,  -0.00569,  -0.00569,  -0.00394,   0.02057,  -0.00569,   0.07835,  -0.03020,  -0.02320,   0.00131,   0.02757,  -0.00569,   0.02407,  -0.01094,  -0.00044,  -0.03195,  -0.01620,   0.04858,  -0.01269,  -0.01444,  -0.01094,   0.14663,   0.07310,  -0.01795,   0.00832,  -0.00744,   0.01007,  -0.00044,  -0.00744,   0.08185,   0.06084,   0.03458,  -0.03545,  -0.05997,  -0.05471,   0.03108,  -0.01269,  -0.06347,   0.00832,   0.02582,  -0.02670,  -0.03370,   0.00481,  -0.03896,  -0.00219,   0.05034,  -0.03195,   0.01007,   0.06784,  -0.00394,   0.03808,  -0.00044,  -0.02845,   0.02582,  -0.05822,  -0.07222,  -0.04421,  -0.07397,   0.08535,   0.02757,  -0.03195,  -0.04771,  -0.02145,   0.02407,   0.07135,  -0.05997,  -0.03545,  -0.00219,   0.03983,   0.03458,   0.01182,  -0.01094,  -0.01094,  -0.01094,  -0.02320,  -0.01795,  -0.03370,  -0.06697,   0.13963,  -0.04246,   0.02933,  -0.03370,  -0.03020,   0.01182,   0.01357,   0.04158,  -0.05121,  -0.04071,  -0.03545,  -0.05471,   0.04333,   0.02757,  -0.02670,  -0.02495,  -0.03020,  -0.04421,   0.02407,   0.04333,  -0.00919,   0.01532,   0.01007,   0.02232,   0.02582,   0.01182,   0.05734,  -0.00744,  -0.00394,  -0.09323,   0.01357,  -0.01269,   0.05209,  -0.00394,  -0.03195,   0.02232,   0.01182,   0.07310,   0.00481,   0.01532,   0.02582,  -0.01094,   0.05384,   0.05209,   0.02757,   0.02407,   0.08360,  -0.04071,   0.02757,   0.01007,   0.01182,   0.04508,  -0.02495,  -0.03721,  -0.02845,   0.02057,   0.00657,   0.04333,  -0.07222,   0.01707,   0.03458,  -0.07047,  -0.02320,   0.03283,   0.04858,  -0.01970,   0.03633,  -0.03721,   0.03283,  -0.03195,  -0.04246,  -0.02320,  -0.01795,   0.00832,   0.03108,   0.01707,  -0.09673,  -0.04946,   0.04508,  -0.04071,   0.05034,  -0.09148,  -0.00919,   0.01532,   0.01357,   0.02232,  -0.03195,   0.02757,  -0.05121,  -0.02495,   0.01532,  -0.08273,   0.07135,  -0.02495,  -0.02145,   0.00657,   0.07835,   0.06434,   0.00481,   0.07485,   0.04333,   0.05734,  -0.00044,   0.01532,   0.07660,   0.06434,   0.05559,   0.00306,   0.00306,  -0.05121,  -0.00219,   0.03808,  -0.02670,  -0.02845,  -0.02495,   0.00131,  -0.01269,   0.01357,   0.03458,  -0.01970,   0.03633,   0.01707,   0.02757,   0.03458,   0.01882,   0.05209,   0.00306,   0.05384,  -0.03545,   0.04333,  -0.01444,  -0.00394,  -0.06347,   0.02057,  -0.03020,  -0.02845,   0.02057,  -0.02320,   0.05559,   0.03983,  -0.01620,  -0.00044,   0.05559,  -0.02670,   0.01007,  -0.01444,  -0.01620,  -0.00044,  -0.03370,  -0.06347,  -0.05471,   0.00657,   0.01882,   0.02057,  -0.05296,   0.04333,  -0.03370,  -0.00394,  -0.01269,  -0.04246,   0.11336,   0.00832,  -0.01795,  -0.03370,  -0.04596,   0.03108,   0.03283,   0.02582,   0.07835,  -0.05997,  -0.01620,  -0.03370,   0.05909,  -0.10549,  -0.06697,   0.05559,   0.11161,   0.01532,  -0.05822,   0.05384,  -0.04071,   0.09235,  -0.00919,   0.07135,   0.01707,   0.02407,  -0.07572,  -0.01269,  -0.00394,   0.01007,   0.02057,   0.03458,   0.04508,  -0.00044,   0.02057,  -0.02495,  -0.00919,   0.04158,  -0.01620,  -0.06872,   0.01182,  -0.04946,  -0.01620,  -0.04771,   0.05384,  -0.04596,   0.00481,  -0.01444,  -0.07047,  -0.04246,  -0.01620,   0.03633,  -0.02320,  -0.03020,  -0.03896,   0.03633,  -0.02670,   0.02057,   0.00832,   0.04158,   0.06259,  -0.04246,   0.07135,   0.03983,   0.00832,   0.04158,  -0.02145,   0.03108,   0.00306,  -0.09673,   0.05559,  -0.00394,  -0.00219,  -0.01094,   0.04508,  -0.06697,  -0.12475,   0.03458,   0.05209,   0.03458,   0.01882,   0.02407,   0.01357,  -0.07047,  -0.02145,  -0.03545,   0.06259,  -0.01795,  -0.05997,  -0.01269,   0.05384,   0.01007,   0.05734,  -0.01269,   0.05384,   0.02407,   0.01357,  -0.04771,  -0.03545,   0.01007,   0.05384,  -0.01795,  -0.00219,  -0.01444,   0.05559,   0.02757,  -0.01269,  -0.13700,  -0.02495,   0.02057,   0.03458,   0.01707,   0.07835,  -0.10374,  -0.03020,  -0.01094,   0.01007,  -0.03195,  -0.04246,  -0.00219,  -0.01620,  -0.01269,   0.07835,  -0.12124,  -0.05471,  -0.07397,  -0.04246,  -0.02145,   0.05909,  -0.01795,  -0.00394,   0.03633,   0.05909,  -0.00219,   0.00657,   0.00131,   0.07135,  -0.02845,   0.05034,   0.00481,   0.03458,  -0.03370,  -0.02670,  -0.00394,   0.01707,   0.03983,   0.00832,  -0.01795,   0.00481,  -0.02145,   0.01707,  -0.02845,  -0.00919,  -0.02670,  -0.08448,  -0.01444,  -0.00394,   0.05384,   0.03808,  -0.01970,   0.04508,   0.03808,  -0.04596,   0.01357,   0.04158,  -0.03195,  -0.04771,  -0.05296,  -0.01094,   0.00832,  -0.05121,   0.04333,   0.05734,   0.06259,  -0.11424,   0.02232,  -0.01269,  -0.00919,  -0.08973,  -0.00919,  -0.13000,  -0.02320,  -0.09148,  -0.03195,   0.00481,  -0.09848,   0.00832,   0.05734,   0.01007,   0.05734,  -0.01970,  -0.02670,   0.05209,  -0.04596,   0.04508,   0.05909,  -0.06172,   0.01532,  -0.03896,  -0.00744,  -0.03721,  -0.02495,   0.11161,  -0.00569,   0.03283,   0.00306,  -0.07397,   0.04858,  -0.07572,  -0.00919,  -0.04596,   0.05559,   0.01357,  -0.07922,   0.00131,  -0.08448,  -0.02670,  -0.08273,   0.04158,   0.00481,   0.02057,   0.08010,   0.04683,  -0.01620,  -0.03545,   0.02407,  -0.01094,   0.01182,   0.00481,  -0.01970,   0.01007,  -0.00569,   0.02933,  -0.01970,   0.01532,   0.01707,  -0.01795,   0.05034,  -0.01620,  -0.04596,  -0.03195,  -0.06172,  -0.00919,  -0.01094,   0.02232,  -0.01269,  -0.02145,   0.03808,   0.10986,   0.01182,   0.02757,  -0.04071,  -0.01795,   0.06609,  -0.02845,   0.05384,  -0.07397,   0.03808,  -0.03545,  -0.06522,   0.05209,   0.01882,  -0.05822,   0.02232,   0.02407,  -0.01970,   0.01182,   0.03808,  -0.05121,  -0.03195,   0.04158,   0.01882,   0.02757,  -0.03896,   0.06609,   0.04858,  -0.06172,  -0.01970,  -0.06172,   0.02232,   0.00481,  -0.01094,   0.06784,   0.08185,  -0.06872,  -0.02845,  -0.00219,  -0.05121,  -0.02670,  -0.00394,   0.02933,  -0.01970,  -0.00744,  -0.04946,   0.01532,  -0.04596,   0.08185,  -0.01094,  -0.04596,  -0.03020,  -0.02495,   0.00481,   0.04158,  -0.02145,   0.01357,   0.01707,   0.04683,  -0.00919,  -0.00919,   0.00131,   0.02407,   0.03283,  -0.00569,   0.02757,   0.00306,   0.02933,  -0.05997,  -0.01094,   0.06259,  -0.03195,   0.03108,  -0.01620,   0.00657,   0.02757,   0.02232,   0.01357,   0.01882,  -0.01269,   0.00306,  -0.01094,   0.02582,   0.03458,   0.02757,  -0.00044,  -0.01269,  -0.01444,   0.01007,   0.02582,  -0.06172,   0.00481,  -0.05121,   0.02232,  -0.03545,   0.08185,   0.03283,  -0.00394,  -0.01970,  -0.09323,   0.02407,   0.03283,   0.03808,   0.03808,   0.02407,  -0.03195,   0.03983,  -0.02145,  -0.00919,   0.01532,   0.05034,   0.01882,   0.03808,  -0.09848,  -0.05121,  -0.05296,   0.05034,   0.05209,  -0.03721,   0.01007,  -0.01795,   0.02933,  -0.04246,  -0.02145,  -0.02495,  -0.00394,   0.00131,  -0.01094,  -0.07922,   0.04508,   0.01357,   0.06434,   0.00131,  -0.01620,  -0.01620,   0.04333,  -0.00219,   0.01707,  -0.04596,   0.04158,   0.00657,  -0.01620,  -0.01620,  -0.00044,  -0.00394,  -0.00919,   0.01007,  -0.04246,  -0.01444,  -0.05646,  -0.00744,  -0.03020,  -0.00569,   0.06259,  -0.05646,   0.00131,   0.03458,   0.08535,   0.00306,   0.06609,   0.06084,  -0.03370,  -0.00394,   0.00306,  -0.07572,  -0.05296,   0.02057,  -0.05646,   0.07835,   0.07485,   0.01182,  -0.00219,  -0.01444,   0.10986,   0.05909,   0.01532,   0.05734,  -0.08098,  -0.07222,   0.01532,   0.08535,   0.01707,   0.01882,  -0.02670,   0.03458,  -0.01795,  -0.00219,   0.00832,  -0.00219,  -0.07047,  -0.03195,   0.00657,   0.04858,  -0.07222,  -0.00569,   0.02757,   0.00657,  -0.01795,  -0.01269,   0.02582,   0.00306,   0.05034,   0.03283,   0.04333,  -0.06172,  -0.02495,  -0.04771,   0.01182,   0.05209,   0.00481,   0.01182,   0.00657,   0.03458,   0.04683,  -0.04771,  -0.03195,   0.03283,  -0.01269,  -0.05997,  -0.00569,  -0.05822,   0.03283,  -0.03545,   0.04158,  -0.00394,  -0.01444,   0.04158,   0.02232,   0.00832,  -0.03545,   0.01357,   0.00306,  -0.04771,   0.02407,   0.05209,   0.03458,   0.00481,  -0.03721,   0.01182,   0.05909,  -0.00569,   0.00657,  -0.02845,   0.02407,   0.00306,   0.01707,   0.01182,  -0.04946,  -0.03721,  -0.00394,  -0.00044,  -0.02145,   0.03458,   0.01532,  -0.00744,  -0.01970,  -0.00044,  -0.00394,  -0.00394,  -0.00744,  -0.07047,   0.02757,   0.02933,  -0.04596,  -0.06172,   0.00481,   0.06959,  -0.02145,   0.03283,   0.08535,   0.08535,   0.07485,  -0.03370,   0.00481,  -0.04946,  -0.01795,  -0.02145,   0.02232,  -0.07397,   0.02933,   0.02407,   0.02407,  -0.00219,   0.03808,   0.01532,  -0.04946,  -0.02145,  -0.02845,   0.00131,  -0.04421,  -0.04421,  -0.01970,  -0.09323,  -0.06172,  -0.06872,   0.01182,  -0.02145,  -0.08623,   0.06259,   0.01707,  -0.04596,   0.09936,  -0.04246,   0.02933,   0.01182,  -0.00219,  -0.02845,   0.03983,  -0.04421,   0.00481,  -0.01970,   0.04683,   0.03983,  -0.00044,  -0.00569,   0.02407,   0.01532,   0.04683,  -0.01795,   0.03633,   0.02757,  -0.02845,  -0.07572,  -0.01620,   0.01182,   0.03808,  -0.02495,   0.00481,   0.12912,  -0.05296,   0.02232,  -0.03721,  -0.02320,   0.03633,  -0.04771,   0.07835,  -0.01094,   0.04508,   0.00481,   0.01532,  -0.03195,   0.00657,   0.03108,  -0.00044
  -0.01970,   0.10286,  -0.05296,  -0.06522,   0.01882,   0.08010,  -0.02145,  -0.02495,  -0.01094,   0.05909,   0.07485,  -0.04596,  -0.03195,   0.01182,   0.01182,   0.02232,  -0.01795,  -0.04421,   0.03108,   0.02757,  -0.03896,  -0.03020,  -0.06172,  -0.01795,   0.03808,   0.00306,  -0.01795,  -0.02320,   0.07135,   0.00131,  -0.03020,   0.02232,   0.09235,  -0.03195,  -0.02845,  -0.00744,   0.08010,  -0.03545,  -0.07572,   0.03458,  -0.06872,  -0.07572,  -0.05822,  -0.02145,  -0.02495,  -0.04246,   0.00657,   0.01532,  -0.08448,  -0.01620,   0.06259,  -0.07397,  -0.02145,   0.04158,   0.01007,   0.04158,  -0.00744,  -0.02495,   0.01182,  -0.01795,  -0.02670,   0.02757,  -0.00919,   0.01357,   0.03108,   0.05909,  -0.04421,   0.01182,   0.01007,   0.01007,   0.01007,  -0.01970,  -0.00569,  -0.05822,   0.00131,   0.02057,   0.04858,   0.00131,  -0.00919,   0.00657,  -0.02845,  -0.06697,  -0.05296,  -0.03721,   0.02933,  -0.07747,  -0.00219,   0.03283,  -0.02845,  -0.06697,   0.00306,  -0.03545,   0.01357,  -0.01620,   0.01182,   0.00306,   0.01007,  -0.01795,   0.01007,  -0.00394,   0.05559,   0.04858,  -0.02670,  -0.01444,   0.08185,   0.02407,   0.03108,   0.03983,   0.00657,  -0.01620,   0.06434,   0.04683,  -0.02495,  -0.03721,  -0.03370,   0.01007,  -0.00044,  -0.04071,   0.02582,   0.01357,  -0.01094,   0.01182,   0.06784,  -0.01795,  -0.02320,  -0.01094,   0.01532,   0.00657,   0.06959,  -0.00919,  -0.05121,   0.02757,   0.07835,   0.01532,  -0.01620,  -0.06172,   0.01182,   0.01182,  -0.07047,   0.02582,   0.02757,   0.07135,   0.07135,  -0.01795,  -0.05646,   0.00832,   0.00481,  -0.01269,   0.01182,  -0.03195,  -0.02320,   0.02057,  -0.01269,  -0.02495,  -0.02145,  -0.02145,  -0.03020,  -0.04421,  -0.06522,  -0.06172,   0.07660,  -0.01094,  -0.01269,  -0.03370,   0.00306,   0.00832,  -0.08273,   0.01532,   0.01532,  -0.06697,   0.01882,   0.01007,   0.06434,  -0.03370,  -0.02845,   0.03108,   0.10111,   0.03633,   0.03283,  -0.11774,  -0.05822,   0.03283,   0.00657,  -0.00744,  -0.04246,   0.02933,  -0.05121,  -0.00569,  -0.00744,  -0.00044,  -0.02320,   0.08710,   0.00131,  -0.04246,   0.05384,   0.01707,   0.04158,   0.03983,   0.07835,  -0.00919,   0.01007,   0.03808,  -0.00744,   0.05034,   0.04683,  -0.06172,   0.06434,   0.03283,   0.04683,   0.00131,   0.00481,  -0.04596,   0.05209,   0.01007,   0.03983,   0.01882,   0.00481,   0.01707,   0.02232,  -0.04596,   0.03108,  -0.01620,  -0.03721,   0.08710,  -0.08798,   0.01532,   0.06259,  -0.02145,   0.04333,   0.04508,   0.07135,  -0.01795,   0.05734,  -0.04596,  -0.00569,   0.02057,  -0.01094,   0.07485,  -0.02495,   0.01357,   0.01707,  -0.00044,   0.08710,  -0.02495,   0.05384,  -0.00744,   0.03808,  -0.03545,   0.00832,  -0.07572,   0.04683,  -0.01444,   0.01532,   0.05559,  -0.05471,   0.04333,  -0.05121,  -0.01269,  -0.02845,   0.01182,  -0.03545,   0.00481,  -0.03721,   0.00657,  -0.03020,   0.02407,   0.00481,   0.06959,   0.04683,   0.00481,   0.00306,   0.01182,  -0.03896,  -0.00569,   0.06609,  -0.00569,  -0.06697,  -0.05997,  -0.00744,   0.04683,   0.01182,   0.02232,  -0.00569,  -0.00219,  -0.02145,  -0.03195,   0.01182,  -0.01269,  -0.08448,  -0.03721,  -0.04596,   0.02232,   0.01707,  -0.03370,   0.03633,   0.03983,  -0.07747,   0.04858,  -0.01094,   0.01182,   0.04158,   0.05909,  -0.04071,  -0.04246,  -0.07922,   0.00657,  -0.01094,  -0.09148,   0.02933,  -0.08098,  -0.03020,  -0.03195,  -0.00044,  -0.06522,  -0.00394,  -0.03896,   0.01182,   0.00832,  -0.03195,   0.02933,  -0.00394,  -0.05646,   0.00131,   0.03633,  -0.02670,   0.01532,  -0.01094,   0.03283,  -0.01094,  -0.02320,   0.00131,  -0.02320,   0.02232,  -0.05471,  -0.00569,   0.03983,   0.00481,  -0.01269,  -0.02320,   0.02057,   0.08360,   0.03108,  -0.02845,   0.01532,  -0.05822,  -0.00919,   0.11336,   0.00657,   0.09411,   0.00306,  -0.07747,   0.02933,  -0.02845,   0.02232,  -0.00919,  -0.01269,   0.02232,  -0.06172,  -0.02320,  -0.01444,   0.03283,  -0.08448,  -0.01094,   0.00306,   0.03108,  -0.01094,   0.07310,   0.01707,   0.00306,   0.01707,  -0.00744,  -0.04421,  -0.01094,   0.03983,  -0.01795,  -0.01970,   0.03633,  -0.04771,   0.01357,  -0.00394,   0.03808,  -0.09323,   0.03108,   0.00131,   0.04683,   0.01882,   0.00657,   0.05559,   0.04508,  -0.03370,  -0.05296,   0.03283,  -0.03896,  -0.01444,   0.03458,  -0.02670,  -0.01444,   0.03633,   0.02407,   0.06959,  -0.03020,  -0.04596,  -0.03020,  -0.02145,   0.00306,  -0.07397,  -0.03020,  -0.03020,  -0.00744,   0.02582,  -0.00744,   0.01357,  -0.03195,  -0.05997,   0.01532,   0.03283,   0.01007,  -0.02670,   0.01882,  -0.02145,   0.07835,  -0.01094,   0.05209,   0.04858,   0.03808,   0.04508,  -0.03721,  -0.05822,  -0.07222,   0.01882,  -0.02145,  -0.07747,  -0.00044,   0.01882,  -0.03896,  -0.01620,   0.02582,   0.02582,   0.07135,   0.03808,   0.04858,  -0.01795,  -0.00044,   0.10111,  -0.01269,   0.10811,   0.01357,   0.03808,   0.00131,  -0.04946,  -0.04071,  -0.09673,  -0.00569,   0.00481,  -0.01094,   0.02407,   0.01707,  -0.06347,  -0.05471,  -0.05121,   0.01007,   0.04683,   0.04508,  -0.04421,   0.01357,   0.02232,  -0.00394,   0.06259,  -0.04421,   0.01707,   0.07835,  -0.07397,  -0.00569,   0.00657,  -0.07397,  -0.00394,  -0.01269,   0.03808,  -0.03020,   0.03458,  -0.02145,  -0.03370,   0.05734,   0.00306,   0.01707,  -0.01444,  -0.01444,   0.04683,   0.04858,   0.00832,  -0.05646,   0.02757,  -0.00219,  -0.00744,  -0.00744,   0.01532,   0.00481,   0.02757,   0.03983,   0.02407,   0.04858,   0.02582,   0.01007,   0.01357,   0.03108,  -0.07047,   0.06259,   0.03633,   0.00832,   0.01357,  -0.00219,   0.03283,   0.03808,  -0.02495,   0.12212,  -0.03721,   0.04858,  -0.06347,  -0.00569,   0.02582,  -0.00744,  -0.00569,  -0.08623,   0.01707,   0.01882,  -0.00744,   0.00832,   0.04858,   0.04333,   0.09411,  -0.06172,  -0.04246,  -0.10374,  -0.01094,  -0.02320,  -0.00044,   0.04333,  -0.01444,  -0.02845,   0.01707,   0.00131,  -0.04421,  -0.04946,   0.02057,  -0.05822,   0.04683,   0.10811,  -0.05997,  -0.00569,   0.01182,   0.03458,   0.03458,   0.09936,  -0.03896,  -0.04421,   0.00657,   0.05384,   0.02582,   0.02057,  -0.04946,  -0.01970,   0.13788,  -0.05296,  -0.00044,  -0.01269,   0.01882,  -0.07222,  -0.04071,   0.02582,  -0.00569,  -0.02670,  -0.00394,   0.00832,  -0.03370,  -0.07922,  -0.00919,  -0.01094,  -0.01269,  -0.05121,  -0.03195,   0.09936,   0.07835,  -0.04771,   0.01707,   0.06609,  -0.04421,   0.04683,  -0.07222,  -0.02145,   0.02582,   0.01882,   0.06434,   0.01532,   0.02232,   0.03283,   0.02407,  -0.00044,   0.04508,   0.03983,  -0.04946,   0.04158,  -0.00219,   0.07660,  -0.03195,  -0.02320,  -0.03020,  -0.02845,  -0.02320,   0.04158,   0.02407,   0.01882,  -0.05296,   0.01532,  -0.04771,   0.01532,   0.02057,  -0.05822,  -0.01620,  -0.03370,  -0.00394,  -0.07047,   0.04508,   0.05209,  -0.00744,  -0.04071,   0.01007,   0.01882,  -0.02145,  -0.05822,  -0.00744,  -0.00744,   0.08185,   0.04858,   0.05384,  -0.06522,  -0.01795,   0.03283,  -0.03721,  -0.07572,   0.00306,   0.05034,  -0.03370,  -0.03195,  -0.02145,  -0.01269,  -0.01444,   0.06259,  -0.01269,  -0.01970,   0.03108,   0.03633,  -0.03721,  -0.09848,  -0.00744,  -0.01444,   0.10461,   0.00832,   0.02057,  -0.10549,  -0.01620,   0.06259,   0.02582,  -0.05471,  -0.02670,   0.01532,   0.03458,  -0.05822,  -0.04946,   0.01532,  -0.00569,  -0.00919,  -0.03370,  -0.08623,   0.00657,  -0.06872,  -0.00919,  -0.01970,  -0.01795,   0.00131,  -0.05121,  -0.01620,  -0.01094,  -0.02670,   0.03808,  -0.02495,  -0.03896,   0.01532,  -0.00569,  -0.03370,   0.00306,  -0.05822,  -0.00044,  -0.05296,   0.07485,   0.01007,  -0.01269,  -0.00919,   0.03283,  -0.02320,  -0.01094,  -0.00044,   0.06959,  -0.03020,   0.01182,   0.02057,  -0.08623,   0.02407,  -0.03020,  -0.04946,  -0.00394,   0.01532,  -0.00219,  -0.01269,  -0.05471,   0.01707,   0.00131,  -0.07222,   0.03983,  -0.02320,   0.01882,   0.01182,  -0.07922,   0.00481,   0.07310,  -0.00569,   0.07485,   0.01007,  -0.03020,   0.06434,   0.05559,  -0.00569,  -0.04246,  -0.07572,   0.05909,   0.03633,   0.00306,   0.03633,   0.02057,   0.02057,  -0.01620,   0.04858,   0.00481,  -0.04246,   0.00657,  -0.11424,   0.05909,  -0.02670,   0.01182,   0.03983,  -0.00219,   0.03283,  -0.06522,  -0.01620,  -0.04071,  -0.00569,  -0.01970,   0.01532,   0.06609,  -0.00219,   0.02057,   0.01532,  -0.02845,  -0.04246,   0.04683,  -0.04771,  -0.02320,   0.00657,  -0.04071,   0.05034,  -0.07922,   0.04683,   0.03458,   0.08535,   0.06434,  -0.00744,  -0.10724,  -0.01795,  -0.04246,  -0.02670,   0.01007,  -0.05471,  -0.01094,   0.07660,  -0.05471,  -0.00394,  -0.02670,  -0.06347,  -0.02495,  -0.01795,   0.05209,  -0.03370,   0.06084,  -0.01795,  -0.02845,   0.00306,  -0.00919,  -0.02495,  -0.03020,   0.03808,   0.02757,  -0.01620,   0.01882,   0.01007,  -0.04246,  -0.02495,   0.03108,  -0.02845,  -0.04946,  -0.04246,   0.02933,   0.00832,  -0.00394,   0.04683,  -0.02320,  -0.02845,  -0.01620,   0.00481,  -0.02320,   0.03633,  -0.00919,   0.01882,  -0.00394,  -0.00569,  -0.00394,  -0.04946,  -0.03721,   0.02757,  -0.01094,   0.06609,  -0.04246,   0.02407,  -0.07397,  -0.00219,   0.07835,  -0.01620,   0.02232,   0.07835,  -0.04246,  -0.02495,  -0.03721,  -0.00044,  -0.00919,  -0.07222,  -0.05822,   0.00481,  -0.00394,  -0.02495,   0.09060,   0.00306,  -0.06697,  -0.05296,   0.01532,   0.05384,   0.07485,  -0.00569,   0.01007,   0.00832,   0.01182,  -0.02320,   0.00657,   0.03458,  -0.00219,  -0.01970,  -0.00394,  -0.04771,   0.09235,  -0.00569,  -0.01444,  -0.05646,   0.09411,   0.07135,   0.02407,  -0.05646,   0.02232,  -0.04946,   0.01357,   0.05384,   0.01357,  -0.01444,   0.00832,   0.02757,   0.02757,   0.03108,  -0.12124,   0.04333,  -0.05646,   0.00131,  -0.08448,   0.10111,  -0.02145,   0.02933,  -0.05471,   0.03283,   0.00657,   0.00657,  -0.03896,  -0.00219,  -0.02320,   0.01357,  -0.04421,  -0.00744,  -0.00044,  -0.04246,   0.00481,  -0.00919,   0.08885,   0.00131,   0.01532,   0.02582,   0.02057,  -0.03020,  -0.04596,   0.02582,  -0.02145,  -0.09848,  -0.01620,   0.02933,  -0.07222,  -0.04946,  -0.06697,   0.01707,   0.01532,   0.05734,   0.05384,   0.02057,  -0.00569,  -0.03195,  -0.04071,   0.05909,  -0.01620,   0.06084,   0.04158,   0.02057,  -0.03721,  -0.04246,  -0.05997,   0.01357,   0.04683,   0.07660,  -0.06522,   0.00481,  -0.01620,  -0.03896,  -0.01970,  -0.01269,   0.00131,   0.00131,   0.04683,  -0.03370,  -0.03020,   0.01532,   0.01532,   0.00832,  -0.04421,  -0.01970,   0.02407,  -0.00044,  -0.06172,  -0.00744,  -0.00044,  -0.03545,  -0.01094,  -0.00394,  -0.00569,   0.00131,   0.01357,  -0.01269,  -0.01620,  -0.02320,  -0.07047,  -0.06347,   0.09235,  -0.01094,   0.05034,   0.03458,  -0.03896,   0.01882,  -0.02670,  -0.03020,   0.08010,  -0.04771,  -0.03195,   0.00832,   0.04858,   0.03983,  -0.01795,   0.04333,   0.00832,  -0.09498,   0.01532,  -0.07397,  -0.01620,  -0.03896,   0.00481,   0.02407,  -0.02320,  -0.02670,  -0.01094,   0.01707,   0.00832,   0.04333,   0.02757,  -0.05822,   0.00306,   0.03983,  -0.00919,   0.02933,  -0.04596,   0.02757,   0.04683,   0.04508,  -0.01970,   0.03458,   0.05209,  -0.04946,  -0.03020,  -0.03370,   0.00657,   0.03458,  -0.02145,  -0.01795,  -0.02495,  -0.01795,  -0.05822
   0.01357,   0.01357,   0.02057,  -0.09848,   0.03458,  -0.08973,   0.02407,  -0.00044,  -0.02320,  -0.02320,  -0.01269,  -0.03195,   0.00131,   0.04858,   0.00657,  -0.05121,   0.01707,   0.01882,   0.02757,  -0.02495,  -0.04771,   0.00832,   0.05559,   0.02057,   0.01357,   0.04858,   0.01532,  -0.11249,   0.00306,  -0.01970,   0.03458,  -0.00219,  -0.06697,  -0.04071,  -0.05646,  -0.05121,   0.01357,   0.01357,  -0.02670,   0.02057,   0.00832,  -0.03020,   0.05209,   0.01882,  -0.00044,  -0.00744,   0.05209,  -0.02495,   0.01882,   0.00306,  -0.01094,   0.07135,   0.02582,   0.12912,  -0.04246,   0.07660,  -0.00394,   0.03108,  -0.02670,   0.01707,  -0.11424,   0.09060,  -0.03195,  -0.04246,   0.07485,   0.07660,   0.03808,   0.07485,   0.01882,   0.03808,   0.01357,  -0.04421,  -0.00394,  -0.03545,   0.01707,   0.01882,  -0.03896,   0.02933,  -0.08098,   0.01882,   0.03108,  -0.00919,  -0.06172,   0.01532,  -0.10199,  -0.04071,  -0.03545,  -0.05646,  -0.02495,  -0.03545,   0.01532,  -0.01795,   0.01007,   0.00131,  -0.01620,  -0.02670,  -0.00744,  -0.03020,  -0.06522,  -0.00044,  -0.09498,   0.02407,  -0.06347,   0.01532,  -0.00044,   0.03283,  -0.05822,   0.10986,   0.02933,   0.04858,   0.03633,  -0.06697,   0.01882,   0.02232,  -0.07572,  -0.04596,  -0.05121,  -0.01094,   0.05034,   0.07485,   0.01357,  -0.02845,   0.04333,   0.05734,  -0.06172,  -0.01094,   0.03808,   0.05734,   0.04158,  -0.01444,   0.03283,   0.02232,   0.02057,   0.03633,   0.01007,  -0.06172,   0.06609,   0.01007,   0.02407,   0.01532,  -0.01094,  -0.07397,   0.00306,  -0.02845,   0.01357,  -0.00569,   0.03283,  -0.04246,   0.07660,  -0.06172,   0.01707,  -0.02145,  -0.00044,   0.02232,   0.02757,   0.02407,   0.05734,   0.00131,  -0.01444,  -0.00569,  -0.03545,  -0.08623,   0.03983,   0.01007,  -0.01444,   0.01882,   0.00657,   0.00306,   0.02582,  -0.01444,   0.02232,  -0.04246,   0.01182,   0.05209,  -0.04421,   0.02757,  -0.00394,   0.01532,  -0.05997,  -0.00744,  -0.06872,   0.01007,   0.01357,   0.00306,   0.02582,   0.04508,   0.04683,  -0.03896,  -0.00219,   0.01882,   0.02582,  -0.01970,   0.03983,   0.04858,  -0.01094,   0.05559,   0.06259,   0.01532,   0.06959,   0.01532,   0.03283,  -0.06172,   0.01882,  -0.01444,   0.02232,   0.13437,  -0.00394,   0.09235,  -0.04946,  -0.02845,   0.01007,   0.00306,  -0.04246,   0.01357,  -0.06872,  -0.01269,   0.03633,  -0.03195,   0.02757,  -0.05121,   0.00131,   0.00131,  -0.00219,  -0.03195,   0.03808,  -0.01094,  -0.01444,  -0.07222,  -0.03896,  -0.04771,  -0.05296,  -0.01620,  -0.03370,   0.02057,   0.01357,  -0.03020,  -0.01269,   0.06259,   0.01357,   0.00131,  -0.02320,   0.02057,   0.01182,   0.02232,  -0.01795,  -0.08623,   0.02057,  -0.04946,   0.00832,   0.01357,   0.03983,  -0.00219,   0.01007,   0.01882,  -0.03545,  -0.03896,  -0.06522,   0.01182,  -0.02145,  -0.08273,   0.06609,   0.02407,  -0.03020,   0.00657,  -0.03370,  -0.01970,  -0.04071,   0.05734,   0.01707,  -0.09148,   0.03633,  -0.03721,   0.00657,   0.03108,   0.01532,  -0.00394,  -0.02845,  -0.01094,  -0.02320,   0.10286,   0.05384,  -0.01269,   0.05384,  -0.00919,  -0.02845,  -0.02845,  -0.00744,   0.00481,   0.02057,  -0.00744,  -0.03370,  -0.02145,   0.01007,   0.03808,   0.01007,  -0.00744,  -0.01269,  -0.04596,  -0.07047,  -0.04771,  -0.01970,  -0.00044,   0.02057,  -0.01269,  -0.01620,   0.10986,  -0.03896,  -0.07922,   0.04683,  -0.03721,   0.01357,   0.00306,  -0.00044,  -0.00044,   0.03983,   0.01882,  -0.05646,  -0.05646,   0.02757,  -0.00394,   0.01007,  -0.00744,  -0.02145,  -0.00744,  -0.01269,   0.03633,  -0.00569,   0.03808,  -0.00569,  -0.04246,   0.02232,  -0.02495,   0.01882,   0.05034,   0.04158,  -0.03020,  -0.03195,  -0.03020,   0.06084,   0.00657,   0.07835,   0.00481,  -0.02670,  -0.01094,   0.07135,  -0.03195,  -0.01620,   0.09411,   0.05734,  -0.02320,   0.00481,   0.05384,  -0.05822,  -0.00219,   0.07310,   0.04508,  -0.01620,  -0.03370,   0.07310,   0.01182,  -0.06172,   0.00131,  -0.00569,   0.00306,   0.01357,   0.04158,  -0.01269,  -0.05296,  -0.01795,  -0.05296,  -0.05822,  -0.02145,  -0.01269,   0.11687,   0.02757,  -0.04246,  -0.00919,  -0.11599,  -0.02320,  -0.04071,  -0.02670,  -0.01620,  -0.04596,   0.00131,   0.02232,   0.04858,   0.02933,   0.01707,   0.05909,   0.03808,  -0.02145,  -0.01444,   0.04333,  -0.10023,   0.02582,   0.04858,   0.07310,   0.04683,  -0.02145,   0.04683,  -0.03370,   0.02232,   0.11336,   0.04333,  -0.00569,  -0.07047,  -0.12825,   0.02582,   0.07835,  -0.04946,   0.00306,  -0.03545,  -0.00219,   0.01532,   0.00832,   0.01007,  -0.01444,   0.03808,   0.05909,  -0.03545,   0.01357,   0.00832,  -0.03545,  -0.00219,   0.05034,   0.03458,  -0.06172,  -0.01269,  -0.06172,   0.05034,  -0.04421,   0.02757,   0.03458,  -0.11949,  -0.02495,  -0.06872,  -0.00394,  -0.02495,  -0.00919,   0.05909,  -0.02145,  -0.00569,   0.01532,  -0.00569,   0.01707,   0.00306,  -0.03370,   0.05559,  -0.05822,   0.06609,   0.08535,  -0.00044,   0.10811,  -0.06872,   0.00481,   0.09936,   0.00306,  -0.01795,   0.07835,  -0.09148,  -0.07222,  -0.02145,   0.03283,   0.00306,  -0.01620,   0.04158,  -0.02320,  -0.02495,   0.02757,  -0.04421,   0.02232,   0.01357,   0.03808,   0.01882,  -0.00919,  -0.04421,  -0.03896,  -0.00744,  -0.06697,  -0.00044,   0.01182,  -0.00744,  -0.04421,   0.09586,  -0.02845,   0.02057,   0.01182,  -0.02845,   0.01007,  -0.01094,   0.02232,  -0.02845,  -0.01970,  -0.02320,   0.09060,   0.05034,  -0.00044,   0.04333,   0.03458,   0.08885,   0.00131,  -0.02670,  -0.01094,   0.09411,   0.00131,   0.00832,  -0.05296,   0.00131,  -0.04421,   0.02933,  -0.01970,   0.00657,  -0.04596,  -0.04596,  -0.00569,   0.02407,   0.00481,   0.03108,   0.01532,  -0.06347,  -0.00919,  -0.02845,  -0.01094,   0.02582,  -0.05646,  -0.00044,   0.04158,   0.05734,   0.08010,  -0.03896,   0.01357,   0.01707,  -0.01094,  -0.00219,   0.05209,  -0.04421,  -0.06872,  -0.00744,  -0.03370,  -0.01970,   0.03983,   0.01357,  -0.02495,   0.03633,   0.02933,   0.02232,  -0.03721,  -0.07047,   0.01532,  -0.02495,  -0.00044,   0.02757,   0.01357,  -0.03721,  -0.01444,  -0.03545,   0.06609,   0.02757,   0.03458,  -0.06872,   0.00832,  -0.01444,  -0.01094,  -0.01620,  -0.01970,   0.09235,  -0.00394,   0.02582,  -0.03195,   0.02407,   0.02232,  -0.06522,  -0.04596,  -0.00744,   0.01707,  -0.01269,  -0.03896,   0.00832,  -0.00394,   0.02057,  -0.01970,  -0.00569,  -0.03896,  -0.03721,   0.02232,   0.05034,  -0.01094,   0.01357,  -0.01795,  -0.06697,   0.03458,  -0.03195,   0.00481,   0.08535,  -0.00569,  -0.06347,   0.01357,  -0.00394,   0.02582,  -0.08448,  -0.12124,  -0.01620,   0.01707,   0.04333,   0.02232,  -0.03545,   0.03283,  -0.02670,   0.01707,  -0.00569,   0.01357,  -0.08798,  -0.04771,   0.02757,   0.05559,  -0.05121,  -0.02495,   0.05734,   0.02407,  -0.03370,  -0.05997,  -0.00569,  -0.03896,  -0.04246,   0.00832,  -0.00919,  -0.00744,   0.01182,   0.06959,  -0.12650,  -0.02845,   0.02582,   0.03458,   0.07310,  -0.00744,   0.03283,  -0.02845,   0.01707,   0.00657,  -0.06872,   0.02933,  -0.00394,  -0.04596,  -0.00569,  -0.03721,  -0.03721,   0.01532,   0.01357,  -0.07047,   0.01707,   0.02933,   0.04333,   0.05559,  -0.00219,  -0.01094,  -0.05121,  -0.00569,  -0.07747,   0.01882,   0.01532,  -0.04246,  -0.01795,  -0.01269,  -0.01970,   0.06784,   0.00832,  -0.00394,   0.05209,   0.01532,  -0.03020,  -0.04421,  -0.02495,   0.01707,  -0.05296,   0.04333,   0.05034,   0.04333,   0.00657,  -0.04421,  -0.05997,   0.00131,  -0.04596,  -0.09323,   0.02757,   0.01707,   0.02057,   0.00306,  -0.03896,   0.01707,   0.01707,  -0.06347,  -0.03370,   0.01182,  -0.00744,  -0.05121,   0.06259,   0.03458,  -0.01620,  -0.05296,   0.02757,   0.01182,   0.07310,  -0.04946,   0.05734,  -0.00744,  -0.00919,   0.07835,  -0.02670,  -0.01795,   0.00481,   0.01707,   0.02933,  -0.02495,  -0.00744,   0.01182,  -0.01970,   0.05734,  -0.08098,   0.02057,   0.02057,  -0.03195,   0.04158,  -0.04771,  -0.01970,   0.05209,  -0.01970,   0.06259,  -0.06872,   0.02232,   0.05384,   0.05559,  -0.01444,  -0.03545,  -0.02670,  -0.04246,   0.01357,  -0.05997,  -0.04246,   0.01357,   0.02057,  -0.06522,  -0.04421,   0.05734,   0.04683,  -0.00219,  -0.03370,   0.02582,   0.05384,   0.06434,  -0.02145,  -0.02845,  -0.01620,  -0.01620,  -0.07222,   0.01707,   0.01532,  -0.02845,  -0.02320,  -0.08273,  -0.05822,   0.00306,  -0.00569,  -0.03195,   0.08360,  -0.00394,  -0.05822,   0.02057,  -0.07047,  -0.03896,  -0.01269,  -0.02145,   0.02933,  -0.01620,  -0.05471,  -0.00219,  -0.01795,   0.09761,  -0.01620,   0.06434,  -0.00744,  -0.02845,   0.01007,   0.04333,   0.03108,   0.04333,  -0.02145,   0.10286,   0.06259,   0.06784,  -0.07047,  -0.03020,  -0.00569,   0.05209,  -0.05471,  -0.02845,  -0.03195,   0.02407,   0.01182,   0.00131,   0.01182,  -0.01795,   0.00832,   0.06609,   0.00481,   0.02757,   0.00131,   0.00481,   0.03108,   0.06259,  -0.02145,   0.05909,   0.04333,   0.00657,  -0.00919,   0.03633,  -0.00394,  -0.03020,   0.01007,  -0.01970,   0.04508,   0.12037,   0.02407,  -0.03721,   0.03458,  -0.01795,   0.02057,   0.02407,  -0.06697,   0.00657,  -0.05646,   0.02757,   0.02407,   0.03983,   0.03983,   0.04858,   0.03458,  -0.06522,  -0.02845,  -0.01970,   0.00832,   0.01007,   0.10986,   0.03983,  -0.00219,  -0.02145,  -0.05296,  -0.08448,   0.02582,  -0.04421,  -0.02145,  -0.00044,   0.06609,   0.06259,   0.03283,   0.01882,  -0.05646,  -0.00744,   0.04508,  -0.02145,   0.01357,   0.02407,   0.00131,  -0.01620,  -0.05471,   0.03458,   0.01182,   0.05909,  -0.00919,  -0.03721,   0.01007,  -0.04946,   0.01882,  -0.03370,  -0.02495,  -0.07222,   0.05034,   0.02933,  -0.02320,  -0.04421,  -0.00919,  -0.03721,  -0.00394,   0.03808,   0.00131,   0.02757,  -0.00744,  -0.02845,   0.05034,  -0.01094,  -0.03896,  -0.08973,   0.03108,  -0.01269,   0.01357,   0.00481,   0.03283,  -0.08448,  -0.03370,   0.01007,   0.04158,  -0.05296,   0.03283,  -0.04596,  -0.05296,   0.07485,   0.05034,  -0.10023,  -0.01970,   0.02407,  -0.00219,   0.05384,  -0.02845,  -0.01444,  -0.00569,  -0.04071,   0.05734,  -0.04421,  -0.09148,   0.04158,  -0.05121,   0.04858,   0.07310,   0.01532,   0.04508,   0.00481,  -0.00744,   0.06434,   0.01532,  -0.01620,  -0.00744,   0.02933,  -0.03896,   0.01357,  -0.08448,   0.01707,   0.01532,   0.07485,  -0.04421,   0.04858,   0.00131,   0.02407,   0.03283,   0.00481,  -0.00744,   0.02933,  -0.02320,  -0.02845,   0.04333,  -0.03370,   0.02057,   0.01882,  -0.03020,  -0.01269,  -0.01269,  -0.03896,   0.04683,  -0.04946,  -0.02845,   0.02407,   0.01007,   0.03633,  -0.02495,   0.01182,   0.06084,  -0.08273,  -0.00394,   0.05384,  -0.01444,   0.06434,  -0.04071,  -0.01269,  -0.00219,   0.02582,   0.02057,   0.03283,   0.00306,   0.08185,   0.00481,  -0.04771,   0.03458,   0.01182,   0.03108,   0.02407,  -0.01269,   0.00306,  -0.03020,  -0.02670,   0.03108,   0.01182,  -0.06172,   0.01882,   0.03633,  -0.03896,   0.01357,  -0.00219,  -0.02495,   0.03983,  -0.02845,   0.07835,  -0.00044,  -0.03195,  -0.02670,   0.05384,   0.11687,   0.06784,  -0.01094,  -0.00744,  -0.02845,   0.05034,  -0.03896,  -0.03896,  -0.03370,  -0.00219,  -0.06697,  -0.08098,  -0.01269,  -0.05997,   0.01357,  -0.06697,   0.00832,   0.01707,  -0.08098,  -0.01269,  -0.03896
   0.03808,  -0.03721,  -0.03896,  -0.04596,   0.02933,  -0.01094,   0.03283,  -0.06872,   0.02232,   0.06084,   0.02933,  -0.01795,   0.03458,  -0.02670,   0.10461,   0.03633,  -0.04421,   0.01182,   0.07835,  -0.00744,   0.00657,  -0.01269,   0.00481,   0.01182,   0.03633,   0.08185,   0.02057,  -0.00744,   0.02582,   0.02057,   0.05909,   0.02933,  -0.00919,   0.00657,   0.01707,  -0.00219,  -0.01970,   0.06959,  -0.02845,  -0.00744,  -0.02320,  -0.04421,  -0.01620,   0.05209,   0.03108,   0.06959,  -0.07922,  -0.03545,   0.03633,  -0.03896,  -0.04946,  -0.04771,  -0.00744,  -0.04071,   0.02407,   0.03633,  -0.01444,  -0.05296,  -0.01444,   0.02407,  -0.09148,   0.03458,  -0.00744,  -0.02845,  -0.06172,   0.03808,   0.05384,  -0.04071,   0.01532,   0.09936,   0.11161,  -0.03721,  -0.06347,   0.02407,  -0.03896,   0.03808,  -0.01269,  -0.01094,  -0.01620,  -0.12475,  -0.00919,  -0.03721,  -0.06697,  -0.08448,  -0.03896,   0.00832,  -0.12124,  -0.03370,  -0.02495,   0.08185,   0.05734,   0.04858,  -0.00044,  -0.02670,  -0.04771,   0.07310,  -0.03896,   0.05909,  -0.03721,   0.05559,   0.00481,  -0.03370,  -0.02145,   0.03108,   0.00481,   0.01707,   0.00481,  -0.03896,  -0.01094,  -0.03721,   0.02757,  -0.08798,  -0.02845,  -0.00044,   0.00131,   0.01357,   0.09235,  -0.06522,   0.02582,  -0.00919,  -0.01795,   0.08010,   0.04508,   0.08185,   0.07660,  -0.01970,   0.03633,  -0.05471,   0.02407,  -0.00394,   0.02933,  -0.01269,  -0.02495,  -0.05121,  -0.07397,   0.07485,   0.03633,   0.00306,  -0.06697,   0.03633,  -0.00394,   0.03283,   0.04333,   0.00481,  -0.02145,  -0.00044,  -0.03896,  -0.00919,  -0.03370,   0.00832,   0.04158,   0.01357,  -0.03195,   0.09411,  -0.05471,   0.00481,   0.03633,  -0.04946,  -0.04771,   0.00832,  -0.02845,  -0.01269,   0.09411,   0.04683,   0.04683,   0.01532,   0.03108,  -0.00919,   0.02232,  -0.12124,  -0.00919,   0.04158,   0.04158,   0.05034,   0.04683,   0.01532,  -0.00919,  -0.00044,  -0.01795,  -0.05121,   0.03108,  -0.00044,  -0.02145,  -0.02670,  -0.09323,   0.00832,   0.10111,   0.00832,   0.00131,   0.02232,   0.00657,   0.02582,  -0.00044,  -0.05121,  -0.07747,   0.00832,  -0.00744,  -0.04071,  -0.08973,  -0.02320,  -0.00919,   0.01882,   0.08360,  -0.03370,  -0.01094,  -0.05296,  -0.00394,   0.02057,   0.08360,   0.00306,  -0.00044,  -0.06347,  -0.01970,   0.00131,   0.00481,  -0.03020,  -0.03545,   0.03283,  -0.02495,  -0.04596,   0.05384,  -0.02845,  -0.01094,   0.01357,   0.02407,   0.04508,  -0.01795,   0.08185,   0.01357,   0.01357,   0.00306,  -0.06697,   0.00832,  -0.03020,  -0.02145,  -0.14751,  -0.03721,  -0.02495,  -0.03020,  -0.08098,  -0.01795,  -0.04596,   0.01357,  -0.08273,   0.00657,  -0.03721,   0.01532,  -0.00044,   0.00657,   0.01357,   0.02057,  -0.12475,  -0.05471,  -0.02495,  -0.01094,  -0.03545,  -0.07572,   0.00481,   0.07135,  -0.01269,  -0.01269,   0.00657,  -0.05997,  -0.00744,   0.05209,   0.00306,  -0.03195,  -0.06522,  -0.09323,   0.02582,  -0.04246,  -0.04946,  -0.06697,   0.08535,   0.00131,  -0.01970,   0.00131,  -0.01094,   0.02757,  -0.01094,   0.00481,  -0.01620,   0.01357,  -0.05471,   0.02757,  -0.03545,  -0.03195,   0.12212,   0.06434,  -0.02320,   0.00657,   0.02057,   0.00481,  -0.00569,   0.04683,   0.00832,   0.02057,  -0.06697,  -0.03020,   0.01532,   0.00832,  -0.01094,  -0.03195,  -0.00744,   0.03808,   0.01707,   0.00306,   0.00481,  -0.05471,  -0.02320,  -0.02320,   0.06084,   0.02232,   0.00131,   0.04858,  -0.03721,   0.03983,   0.02232,  -0.01620,  -0.04246,  -0.04421,  -0.03195,  -0.02670,   0.03458,   0.04858,   0.04683,  -0.02845,  -0.00219,  -0.00394,   0.03808,  -0.03195,  -0.01620,  -0.06172,   0.00481,   0.01007,   0.03633,   0.08010,  -0.03721,  -0.01269,   0.03808,  -0.03370,  -0.00394,   0.03283,  -0.03370,  -0.04596,  -0.13175,   0.00306,  -0.01970,  -0.07397,  -0.00569,  -0.03721,  -0.05471,   0.00131,  -0.03020,  -0.05296,   0.02057,  -0.03370,  -0.04596,  -0.05646,   0.03808,  -0.00219,   0.01007,  -0.11249,  -0.00919,   0.05909,   0.00131,   0.00657,   0.03458,  -0.06872,  -0.04246,  -0.03545,  -0.00219,   0.05384,  -0.00919,  -0.00044,   0.01707,   0.02582,   0.06434,   0.01007,  -0.06522,   0.09235,   0.02232,  -0.10374,  -0.05997,  -0.01269,  -0.11424,  -0.01620,  -0.02145,  -0.07222,   0.01532,  -0.00394,  -0.01970,   0.00131,   0.02582,   0.05559,  -0.02670,  -0.00919,  -0.04421,  -0.00919,  -0.06347,  -0.01620,  -0.08798,  -0.00569,   0.00657,   0.02582,   0.02057,   0.04158,  -0.08098,   0.02757,   0.01707,  -0.02670,   0.08185,  -0.02845,   0.04158,  -0.02495,   0.02757,   0.01357,   0.02582,   0.04858,   0.07485,   0.03108,   0.02933,  -0.00219,  -0.03020,   0.01882,  -0.12825,   0.02933,   0.08535,   0.08010,  -0.07047,   0.10461,  -0.02495,   0.03458,   0.05734,   0.02407,  -0.01444,   0.01182,  -0.00394,   0.03808,  -0.10023,   0.06084,   0.03808,  -0.01795,  -0.03370,   0.04158,   0.03633,  -0.09498,  -0.01620,   0.08535,  -0.02845,  -0.10023,  -0.03370,  -0.08798,  -0.00744,   0.05734,   0.02232,   0.06084,  -0.03545,  -0.03721,  -0.03896,  -0.04771,  -0.00044,  -0.03721,   0.01532,   0.03458,   0.02407,   0.04683,   0.08885,  -0.03195,  -0.03721,  -0.03370,  -0.01970,  -0.02320,  -0.05471,   0.09411,   0.03283,   0.07310,   0.12912,   0.08185,  -0.04421,  -0.04771,  -0.00569,  -0.02670,   0.03983,  -0.00744,  -0.07397,   0.01532,  -0.04071,  -0.01620,  -0.06522,  -0.03545,  -0.03721,  -0.03020,  -0.00219,   0.03283,  -0.04246,  -0.00744,  -0.03195,   0.03983,  -0.07922,  -0.01620,  -0.02320,  -0.03370,  -0.05121,  -0.02320,   0.00131,  -0.04596,  -0.02670,  -0.01795,   0.01007,  -0.02495,   0.00131,   0.11161,   0.02933,  -0.01444,  -0.03545,  -0.03545,   0.02232,  -0.06697,  -0.00744,  -0.01620,   0.06259,  -0.03896,  -0.06872,   0.02757,   0.02407,   0.01882,  -0.03195,   0.00657,   0.04683,  -0.04071,  -0.01094,  -0.01970,  -0.03195,   0.03283,   0.10636,  -0.06697,   0.04858,  -0.04946,  -0.03545,  -0.04421,  -0.02145,   0.04683,  -0.11424,   0.01882,  -0.02495,   0.01882,   0.02757,   0.01357,  -0.05121,  -0.05296,  -0.06172,  -0.05822,   0.05734,   0.02757,   0.02057,  -0.05471,  -0.00919,   0.08010,  -0.02495,   0.03283,   0.02407,  -0.07222,  -0.03896,  -0.04246,   0.05559,   0.08885,  -0.00569,   0.02057,  -0.01970,   0.07310,   0.02933,   0.03633,  -0.04946,   0.05034,  -0.01444,  -0.05822,  -0.04071,   0.02933,  -0.00394,   0.01182,  -0.08623,   0.02582,   0.08710,   0.09235,  -0.01269,  -0.04246,  -0.11949,  -0.03020,  -0.01094,   0.03808,   0.01007,  -0.08448,   0.03283,   0.03283,  -0.00569,  -0.06872,  -0.00744,   0.06434,   0.03458,   0.04508,   0.01707,  -0.10549,   0.03633,  -0.04421,  -0.00394,   0.03808,  -0.01970,   0.00131,   0.05384,  -0.07397,  -0.01094,   0.02407,  -0.01094,   0.06259,   0.01357,  -0.05121,   0.00481,   0.05384,  -0.04596,  -0.05646,  -0.02320,   0.08885,  -0.04946,  -0.00919,   0.01007,   0.08535,  -0.00569,   0.06259,  -0.04246,  -0.04246,   0.01532,   0.09235,   0.00306,   0.08535,   0.06959,   0.08710,   0.01182,   0.08885,  -0.00744,   0.04858,   0.11862,  -0.04596,  -0.07397,   0.09235,   0.00832,  -0.01444,   0.04683,   0.04333,  -0.05646,  -0.03896,   0.07485,  -0.04946,  -0.02145,   0.02582,  -0.03896,   0.01532,   0.01007,  -0.03370,   0.01707,  -0.03370,   0.01182,   0.03283,   0.01357,   0.01707,   0.07660,  -0.01620,  -0.02320,  -0.00744,   0.03633,   0.03633,  -0.07572,  -0.02495,   0.02933,   0.06434,  -0.08973,  -0.10023,   0.00832,  -0.03195,   0.03633,   0.08710,   0.03983,   0.00657,  -0.00744,  -0.06872,   0.01182,   0.02582,   0.04158,  -0.05296,  -0.01620,  -0.02145,   0.01007,   0.01707,   0.01707,  -0.05296,  -0.04596,  -0.00569,  -0.01970,  -0.06347,  -0.00394,  -0.03545,   0.05559,   0.05734,  -0.00919,  -0.13700,   0.03458,  -0.01444,   0.01007,   0.01882,  -0.01620,  -0.00919,  -0.09323,  -0.00044,  -0.07047,   0.00306,   0.00306,   0.00832,   0.05734,   0.04508,   0.10811,   0.03108,  -0.01269,   0.05734,   0.00481,  -0.01970,  -0.01444,  -0.04946,   0.01182,   0.02232,   0.05559,  -0.01269,  -0.03721,  -0.01620,  -0.01620,   0.00657,   0.00306,   0.01182,   0.02407,   0.05384,  -0.00744,  -0.07747,   0.09235,   0.04508,   0.01882,   0.08885,  -0.00394,   0.02232,   0.01707,   0.08885,  -0.05646,   0.00481,  -0.00044,  -0.08098,   0.03283,   0.01182,  -0.05646,  -0.02845,  -0.02320,  -0.00569,   0.02057,   0.00657,   0.08710,   0.06434,   0.05209,  -0.04946,  -0.02670,  -0.01970,   0.05209,   0.00306,   0.01182,  -0.05822,  -0.06172,  -0.04246,   0.04333,   0.04508,  -0.03545,  -0.02495,  -0.07572,  -0.00394,   0.03108,  -0.01620,   0.04158,   0.05034,   0.05384,   0.08010,   0.06609,  -0.03721,  -0.09673,  -0.04246,  -0.03721,   0.03108,   0.02933,  -0.09148,   0.01357,  -0.02145,  -0.09673,  -0.02145,   0.02582,  -0.08273,  -0.05822,  -0.00919,   0.05559,   0.02232,   0.01707,  -0.01269,  -0.02320,  -0.01094,   0.09936,  -0.02845,  -0.00219,  -0.03896,  -0.03020,   0.01532,  -0.05646,   0.01882,   0.03808,  -0.03370,  -0.02845,   0.07835,   0.02232,   0.02407,   0.00832,  -0.07047,  -0.00919,   0.02057,   0.03983,   0.07660,   0.05384,  -0.00219,  -0.03020,   0.02057,   0.01532,   0.05209,   0.05209,   0.05734,  -0.05471,  -0.02145,   0.02582,   0.05384,  -0.07572,  -0.01795,   0.00832,  -0.08623,   0.00657,   0.01182,  -0.00569,   0.08185,   0.01532,   0.04508,   0.01182,   0.01182,   0.02232,  -0.03370,  -0.01970,  -0.00919,   0.00481,   0.11862,   0.01532,   0.05559,  -0.04421,   0.02757,   0.05734,  -0.02145,   0.04158,   0.06259,   0.01707,   0.00481,  -0.05646,   0.01532,   0.03633,  -0.05296,  -0.03370,   0.05034,  -0.04246,  -0.00219,  -0.02845,  -0.04071,   0.04508,   0.03633,  -0.00044,   0.08885,  -0.00919,  -0.01620,  -0.02495,  -0.02145,   0.04858,  -0.07222,   0.05384,  -0.09323,  -0.05646,  -0.08273,   0.03283,   0.01882,  -0.03545,  -0.00219,   0.03633,  -0.07922,  -0.01620,   0.03283,  -0.01795,   0.00481,  -0.06347,   0.06434,   0.01357,   0.00131,   0.01182,   0.05034,   0.03458,   0.03283,  -0.07747,  -0.01970,  -0.09673,  -0.01970,  -0.03020,  -0.00044,  -0.02320,   0.05384,  -0.03370,  -0.03020,   0.01882,  -0.00219,  -0.05471,  -0.02145,  -0.00394,  -0.09148,   0.07310,  -0.01269,  -0.00219,   0.02757,  -0.00394,   0.01357,   0.00657,  -0.01444,  -0.05646,   0.03633,  -0.01795,   0.00131,   0.05384,   0.03458,   0.09586,   0.02933,   0.04158,  -0.01444,  -0.00394,  -0.02495,   0.01182,   0.01182,  -0.00569,   0.01532,  -0.00744,  -0.04071,  -0.03195,   0.01707,  -0.00044,   0.00481,  -0.03896,  -0.01444,  -0.04246,   0.08710,   0.08710,   0.01882,  -0.03370,  -0.00394,  -0.10023,   0.04158,   0.02582,  -0.00394,   0.07660,   0.10986,   0.02757,  -0.02670,  -0.04421,   0.05734,   0.03108,  -0.09148,  -0.00744,  -0.01795,  -0.03721,  -0.00919,  -0.01094,  -0.00044,  -0.06347,   0.02232,  -0.01444,  -0.00919,   0.01707,  -0.00219,  -0.08623,   0.01357,   0.03108,   0.06784,   0.03983,  -0.00569,   0.03983,  -0.01620,  -0.00569,  -0.03020,   0.00481,  -0.03545,  -0.01620,  -0.00394,   0.08885,  -0.01269,  -0.04596,   0.03633,   0.06959,   0.00131,   0.03808,   0.05909,  -0.01970,  -0.00394,  -0.08098,   0.06434,  -0.05471,  -0.01620,   0.01532,   0.04683,   0.09411,  -0.02320,  -0.01620,   0.01707,   0.02582,   0.04683,  -0.01795
  -0.05471,  -0.03896,  -0.03896,   0.01707,  -0.06522,  -0.09673,   0.02582,   0.06434,  -0.01094,  -0.04246,  -0.04071,   0.02057,   0.03983,  -0.01444,   0.01707,  -0.06697,   0.06084,  -0.06522,  -0.02320,  -0.03721,  -0.03545,  -0.03545,   0.01707,  -0.01269,  -0.00569,  -0.01795,   0.02232,  -0.02145,  -0.00919,   0.00306,  -0.00744,   0.01007,  -0.03020,  -0.02495,   0.00306,   0.03283,  -0.05471,  -0.01970,  -0.01620,   0.03808,   0.02582,  -0.06347,  -0.02495,   0.00306,  -0.00569,   0.02407,   0.01882,   0.00306,   0.01182,  -0.03020,  -0.01620,  -0.03721,   0.02232,  -0.05997,   0.05209,  -0.02670,  -0.00219,  -0.10199,   0.00657,   0.01707,  -0.00569,  -0.03370,  -0.14576,  -0.01970,  -0.07572,  -0.05121,  -0.04246,  -0.06347,   0.02407,  -0.01094,  -0.03020,   0.03808,   0.03983,   0.08360,   0.01882,   0.04858,   0.02582,  -0.03896,  -0.04946,  -0.00044,   0.01182,  -0.00394,   0.04683,  -0.04246,  -0.02320,   0.01357,   0.08535,  -0.03195,  -0.03195,   0.05034,  -0.01444,   0.00657,   0.00832,  -0.01795,  -0.06347,   0.01007,   0.02582,  -0.01269,   0.08010,   0.03983,   0.03458,   0.05909,  -0.02845,  -0.02495,   0.02582,   0.02057,  -0.00044,  -0.01795,   0.03108,   0.02232,   0.00306,   0.04683,   0.02057,  -0.04946,  -0.00044,   0.00131,  -0.09323,   0.04683,   0.03633,   0.02757,  -0.01094,   0.04158,  -0.04946,  -0.03195,   0.01882,   0.01007,   0.02757,   0.01882,  -0.06872,  -0.05997,  -0.00219,  -0.01269,   0.00481,   0.09060,  -0.01795,   0.04508,   0.04333,  -0.04596,  -0.07222,  -0.01795,  -0.01970,   0.09936,   0.03633,   0.09761,  -0.03721,   0.06434,   0.01707,   0.01182,   0.03983,   0.01882,   0.02407,   0.04508,  -0.03370,  -0.01620,  -0.06347,  -0.04771,  -0.03195,   0.03283,   0.06434,   0.00832,   0.00481,  -0.01444,  -0.00394,  -0.06172,  -0.00919,   0.05209,  -0.00744,  -0.01620,  -0.02145,   0.06784,  -0.06872,  -0.00394,   0.00306,  -0.00569,   0.01182,  -0.05121,  -0.00044,   0.02407,   0.01007,  -0.00394,   0.01007,   0.00832,  -0.03195,  -0.03721,   0.09411,   0.03458,  -0.04071,  -0.00744,   0.03283,   0.00481,  -0.08973,  -0.01970,   0.05384,  -0.01444,  -0.08098,  -0.01269,  -0.06347,  -0.02145,  -0.01970,  -0.03721,  -0.03195,  -0.04946,  -0.02845,   0.05034,   0.04858,  -0.09848,  -0.07397,   0.02582,   0.11862,  -0.04421,   0.00131,   0.03983,   0.01882,   0.00481,  -0.06347,   0.01707,  -0.01795,  -0.03370,  -0.07047,   0.06959,  -0.07047,   0.04158,   0.02933,  -0.05296,   0.01007,  -0.00569,  -0.03020,   0.01182,   0.03283,   0.02232,   0.07835,  -0.05646,  -0.00044,   0.02933,  -0.06522,   0.03283,  -0.00394,   0.00657,  -0.02670,   0.06259,  -0.04946,   0.04158,   0.01357,  -0.00569,   0.03283,   0.04683,   0.03633,  -0.13875,   0.02057,   0.03808,   0.04508,  -0.03721,   0.02232,   0.04683,  -0.09848,  -0.05646,  -0.02320,   0.02582,   0.02232,   0.01707,   0.00481,   0.01182,  -0.08448,  -0.07572,  -0.02145,  -0.01094,   0.01007,  -0.03370,   0.03108,   0.02057,   0.00131,  -0.00044,   0.04683,  -0.05646,  -0.03896,   0.06434,  -0.00744,  -0.05646,  -0.02845,   0.02232,  -0.05471,  -0.02145,   0.00306,   0.05734,  -0.05646,   0.01882,   0.08710,   0.05384,   0.07485,  -0.03896,   0.05034,   0.02933,  -0.02670,   0.00306,   0.01532,  -0.01269,  -0.00919,  -0.09848,   0.01357,   0.02057,   0.04158,  -0.02320,  -0.01094,   0.03458,   0.06434,   0.04858,   0.03458,  -0.04946,   0.03983,   0.06084,  -0.02670,   0.01532,   0.02582,  -0.00569,  -0.09498,  -0.01094,  -0.01094,  -0.01970,   0.04683,  -0.00569,  -0.06522,   0.04158,   0.04683,  -0.02145,  -0.01269,   0.02407,  -0.00394,  -0.02495,  -0.02845,   0.05734,  -0.09323,  -0.01094,  -0.03370,  -0.01970,   0.01882,  -0.01269,   0.02757,   0.00131,   0.01707,  -0.01970,   0.03633,  -0.01795,   0.02232,   0.00306,  -0.01620,  -0.07222,   0.01707,  -0.03020,   0.08010,  -0.09323,  -0.01970,   0.01532,   0.08885,  -0.08448,   0.07485,   0.02757,  -0.00394,   0.00832,  -0.01444,  -0.04771,   0.01882,  -0.05822,  -0.05296,   0.00131,   0.14138,  -0.05471,  -0.03370,  -0.01795,  -0.00394,  -0.01620,   0.01707,  -0.00744,   0.02232,  -0.06347,  -0.01795,  -0.00569,   0.00306,   0.01182,   0.02407,   0.04683,   0.00481,  -0.04946,   0.02933,  -0.04071,  -0.00394,  -0.06522,   0.06784,   0.06259,   0.04158,  -0.00219,   0.05559,  -0.07747,  -0.03370,  -0.02845,  -0.01970,   0.02407,   0.07135,   0.01707,  -0.10374,   0.05209,  -0.04421,  -0.07047,   0.03108,   0.01182,   0.02057,   0.00306,   0.02757,  -0.06697,   0.03108,   0.01532,  -0.02495,   0.03283,  -0.00919,   0.03283,  -0.05471,  -0.11599,  -0.08098,   0.04508,   0.02407,   0.02407,   0.04158,   0.04333,   0.03808,   0.04333,  -0.01795,   0.00657,  -0.00919,   0.03633,  -0.06347,  -0.04596,   0.07660,   0.04333,  -0.02495,  -0.07222,   0.03283,   0.01357,   0.02057,  -0.04071,  -0.01269,  -0.01269,  -0.03896,   0.03108,   0.00657,  -0.01094,  -0.07222,  -0.02845,  -0.02495,   0.07135,   0.05559,  -0.07397,  -0.00219,   0.03458,   0.06084,  -0.03020,  -0.02670,   0.02407,   0.04858,   0.00481,  -0.00569,   0.01707,  -0.06172,  -0.01970,  -0.01094,  -0.01620,  -0.01444,  -0.00744,  -0.02845,   0.02933,  -0.01970,  -0.05471,   0.01007,   0.00131,   0.04858,   0.01182,   0.01882,   0.02057,   0.04158,   0.01007,  -0.03020,  -0.05646,   0.03983,   0.03983,   0.01182,  -0.00569,  -0.04246,  -0.02845,  -0.03020,  -0.03545,   0.04683,   0.06609,  -0.04946,   0.01707,   0.07485,   0.07835,   0.02057,  -0.03370,   0.03808,   0.08535,  -0.01970,  -0.01795,   0.11862,  -0.01094,   0.03808,  -0.01620,   0.07835,  -0.00044,  -0.02670,   0.00131,  -0.08098,  -0.05296,  -0.00044,   0.01357,   0.06259,   0.00481,  -0.00219,  -0.00919,  -0.10549,  -0.03896,   0.04683,  -0.03545,  -0.00744,   0.02232,   0.01182,  -0.01094,   0.04158,  -0.01094,  -0.05997,  -0.03020,   0.03808,  -0.04246,  -0.04246,  -0.05296,  -0.11949,   0.05034,  -0.04771,  -0.05121,   0.07135,  -0.00919,  -0.01620,   0.01707,   0.02582,   0.02582,  -0.01970,  -0.03545,  -0.01970,  -0.01444,  -0.10199,   0.02933,   0.02407,  -0.03545,  -0.03545,  -0.03721,   0.02057,   0.06259,  -0.01795,  -0.04596,   0.02232,  -0.02670,  -0.05471,   0.03983,   0.02757,  -0.04421,  -0.02670,  -0.01094,   0.06959,   0.09586,   0.01182,  -0.01094,   0.03108,   0.04508,  -0.05822,   0.05559,  -0.05121,  -0.05646,   0.04508,  -0.02670,   0.08710,  -0.07747,   0.01357,   0.01007,  -0.02845,  -0.02145,  -0.00919,  -0.00744,   0.01882,  -0.05121,   0.02582,  -0.02320,  -0.02495,  -0.02495,   0.01357,  -0.08098,   0.02232,  -0.06872,  -0.03195,  -0.00219,   0.01007,   0.09586,   0.02757,  -0.11074,   0.01707,   0.02057,  -0.01444,  -0.08798,   0.04158,  -0.00919,   0.02933,  -0.03896,  -0.00219,   0.00306,  -0.03370,  -0.00044,   0.03458,  -0.01444,  -0.01094,   0.01532,  -0.07047,  -0.01620,  -0.00744,   0.02757,  -0.05822,  -0.02145,   0.02582,   0.02057,  -0.00219,   0.02757,   0.06434,   0.04858,   0.00832,  -0.03020,  -0.06522,  -0.01970,  -0.05822,   0.04858,  -0.00394,  -0.01269,   0.01182,  -0.04071,  -0.05296,   0.03983,   0.02057,  -0.04071,   0.05909,  -0.00219,  -0.00394,   0.06084,   0.00306,   0.04858,   0.06084,  -0.05471,  -0.04071,  -0.01795,   0.04508,  -0.04946,   0.06084,   0.07135,   0.01532,   0.01707,  -0.00569,   0.04858,  -0.03545,   0.03983,  -0.01970,   0.00832,  -0.01795,   0.06259,  -0.02320,  -0.00394,  -0.01444,  -0.00394,  -0.09673,  -0.00919,   0.03108,  -0.05296,  -0.09148,   0.00832,  -0.00744,  -0.03370,   0.02232,   0.06084,  -0.00919,  -0.03721,   0.04858,   0.02407,   0.00306,  -0.01795,  -0.00569,  -0.00919,  -0.00569,  -0.03721,  -0.03195,  -0.04596,  -0.05121,   0.07835,  -0.07047,  -0.02495,  -0.01269,   0.03983,  -0.00219,  -0.01795,  -0.02670,   0.05909,   0.02057,  -0.01094,  -0.05121,  -0.00919,   0.01357,  -0.05822,  -0.02495,  -0.03721,  -0.00044,   0.06084,   0.06784,  -0.05997,  -0.01795,  -0.01094,   0.03983,  -0.00219,   0.00306,   0.00481,   0.01532,  -0.04596,  -0.06347,   0.00832,   0.03458,  -0.01269,  -0.02495,  -0.03195,  -0.09148,   0.02757,   0.00832,  -0.12300,   0.01007,  -0.03020,  -0.06172,   0.03108,   0.01007,  -0.03896,   0.00832,   0.01357,   0.04858,   0.03458,  -0.04246,   0.02933,  -0.01444,   0.04333,  -0.01444,  -0.06347,  -0.04596,   0.01007,  -0.01094,  -0.03370,  -0.00744,   0.10461,  -0.02845,   0.00657,  -0.00919,  -0.03370,  -0.10549,  -0.07047,  -0.00919,   0.04333,   0.04858,  -0.00919,   0.05034,  -0.00394,  -0.06172,   0.02407,  -0.00744,  -0.00919,   0.01007,  -0.03370,   0.04158,   0.00832,   0.03458,   0.01007,  -0.02845,  -0.07922,   0.06434,  -0.06522,  -0.01795,  -0.04246,   0.03808,   0.03808,   0.01007,   0.04683,   0.06084,  -0.00569,   0.03808,   0.02933,  -0.04071,  -0.08098,  -0.00569,   0.01007,   0.02757,  -0.01269,   0.06609,   0.04858,  -0.02495,   0.00481,   0.01882,   0.02407,  -0.09498,   0.01182,   0.00481,  -0.03195,   0.08535,  -0.05997,  -0.00569,  -0.04946,   0.00306,   0.00131,  -0.01970,   0.00131,   0.01532,  -0.03370,  -0.03195,  -0.01094,  -0.00744,  -0.00044,  -0.00394,   0.01882,   0.05559,   0.04333,   0.00306,   0.08010,  -0.05822,   0.00306,   0.07660,   0.01707,  -0.00044,   0.00131,  -0.06172,   0.11512,  -0.07222,  -0.01970,  -0.03020,   0.02757,   0.00832,  -0.01444,   0.05734,   0.01357,  -0.05121,  -0.01620,   0.04683,  -0.02495,  -0.06872,   0.00481,   0.05034,  -0.00569,   0.04333,  -0.04771,  -0.03370,  -0.05646,  -0.01620,   0.07660,  -0.05121,   0.04508,  -0.01620,   0.02232,  -0.03545,  -0.08623,   0.02582,  -0.03721,   0.01182,   0.01532,  -0.00919,   0.02582,  -0.03545,   0.01007,  -0.00219,   0.01357,   0.00832,   0.01357,   0.01182,   0.03108,  -0.04071,   0.06784,  -0.04421,   0.02757,  -0.00394,   0.00832,  -0.08098,   0.01182,  -0.04071,  -0.01795,   0.00832,  -0.03721,  -0.03020,  -0.00919,  -0.05471,  -0.02320,   0.01357,   0.06259,   0.02232,  -0.00219,   0.00832,   0.04683,  -0.05121,   0.03283,   0.03283,  -0.02670,   0.04333,  -0.05997,  -0.02145,  -0.01444,  -0.04246,  -0.00744,   0.02582,   0.01007,   0.03633,  -0.04071,   0.00306,  -0.02320,  -0.03195,  -0.05646,   0.00657,   0.00481,  -0.01094,  -0.08448,   0.02232,  -0.01094,  -0.01444,  -0.03020,  -0.02670,  -0.01795,  -0.02320,   0.02407,  -0.01620,   0.07835,  -0.02320,  -0.01970,   0.02582,   0.03808,  -0.00569,  -0.00744,  -0.09148,  -0.05646,   0.04333,   0.03983,   0.00832,   0.01182,   0.00481,   0.01357,  -0.02320,  -0.05121,  -0.03896,  -0.05471,   0.10986,  -0.03896,  -0.01970,  -0.02495,  -0.05471,  -0.00744,   0.04683,  -0.04771,  -0.01795,   0.02407,   0.02582,   0.05384,  -0.04071,  -0.00569,   0.02232,  -0.03721,  -0.05121,  -0.06522,  -0.00744,   0.00657,  -0.04246,  -0.06522,  -0.02320,  -0.08098,   0.03808,   0.00481,   0.00131,  -0.03020,  -0.04946,   0.00657,  -0.03195,  -0.03721,   0.02232,   0.00131,   0.04333,   0.04683,   0.00657,  -0.02145,   0.04858,   0.02407,  -0.04246,   0.00481,   0.02933,   0.03808,  -0.01444,  -0.06522,   0.04508,   0.01532,   0.02407,  -0.03370,  -0.01970,   0.05384,   0.02232,  -0.03195,  -0.00219,   0.08185,  -0.00919,   0.00657,  -0.02845,  -0.06172,  -0.01620,  -0.01094,   0.02582,  -0.01094,   0.00657,  -0.01620,   0.02757,   0.06084,   0.00832,   0.01357,   0.04858,   0.07135,   0.00657,   0.05384,   0.02407,  -0.00744
   0.05909,  -0.00744,   0.01357,  -0.04946,  -0.07572,   0.01882,  -0.01269,   0.02582,   0.05209,  -0.04946,  -0.03370,  -0.00219,  -0.02845,   0.02757,   0.05034,  -0.02845,  -0.03370,   0.01357,  -0.01970,  -0.00219,   0.03983,  -0.06697,   0.01532,   0.01007,  -0.00044,   0.03808,  -0.02145,  -0.03195,   0.00481,   0.01182,  -0.04771,  -0.00044,  -0.02145,  -0.00569,  -0.00744,  -0.02495,  -0.04771,  -0.04246,  -0.00219,   0.02057,  -0.01970,   0.01007,  -0.03370,   0.03458,   0.02933,   0.11336,  -0.01620,  -0.00044,   0.02232,  -0.00219,   0.10461,  -0.00219,   0.02582,   0.03283,  -0.01795,  -0.04246,  -0.05471,   0.00657,  -0.03370,  -0.06347,   0.01007,   0.06784,  -0.03195,   0.03633,  -0.00919,   0.08185,  -0.00219,   0.02057,  -0.01970,   0.03108,   0.02057,  -0.07922,   0.05034,   0.03808,   0.02232,  -0.06347,  -0.03370,  -0.00919,  -0.00044,  -0.02495,  -0.03020,   0.02232,   0.00306,   0.02933,   0.01357,  -0.00919,  -0.02145,   0.02232,   0.00657,   0.01882,  -0.03370,   0.03108,  -0.02845,  -0.06172,  -0.01795,   0.01182,   0.04333,  -0.03896,   0.05559,   0.08535,  -0.01094,  -0.03370,  -0.03545,   0.00657,   0.04683,  -0.02495,  -0.03545,   0.04683,   0.07835,  -0.05822,   0.02757,   0.03108,  -0.03896,   0.03633,   0.00657,  -0.07222,  -0.00044,   0.01182,  -0.01094,   0.01532,   0.09235,   0.03983,  -0.03195,  -0.07222,  -0.04246,  -0.00044,  -0.00569,   0.00131,   0.00481,  -0.00569,  -0.02495,   0.01707,  -0.03195,  -0.09148,  -0.02320,  -0.04071,  -0.00744,   0.12912,   0.04158,  -0.00569,  -0.00919,  -0.04946,   0.00832,  -0.06697,   0.03283,  -0.03020,  -0.05471,   0.00832,  -0.01269,  -0.02145,   0.01007,   0.03983,   0.00481,   0.04158,  -0.02845,  -0.01795,   0.05384,   0.03633,   0.04858,   0.00306,  -0.05822,  -0.01620,   0.00131,  -0.03020,  -0.06697,   0.01182,  -0.00394,  -0.09848,   0.02582,  -0.00569,  -0.00394,   0.08710,  -0.06347,   0.01182,   0.04508,   0.03283,   0.02232,  -0.03020,  -0.05296,   0.01882,  -0.05822,   0.00657,  -0.06522,   0.02407,   0.09761,  -0.02145,  -0.03195,   0.00131,  -0.05471,   0.00832,   0.10811,  -0.00044,  -0.05997,  -0.03370,  -0.02670,  -0.09498,  -0.07222,   0.03808,   0.00657,   0.04333,  -0.01269,   0.02582,  -0.07222,  -0.01269,  -0.10199,  -0.02670,  -0.00219,  -0.04596,  -0.04071,  -0.00744,  -0.06172,  -0.00919,   0.04858,  -0.11774,   0.00306,   0.06784,   0.01532,   0.03458,   0.01707,  -0.02320,  -0.06172,   0.02933,  -0.00744,   0.00306,  -0.07572,  -0.00744,  -0.03020,   0.06959,  -0.01094,  -0.05997,  -0.04071,   0.06609,   0.00657,  -0.08973,   0.05384,  -0.00569,  -0.04071,   0.04158,  -0.02320,   0.02757,  -0.05121,  -0.00744,  -0.00219,   0.00131,   0.01882,   0.01357,   0.01707,   0.05559,   0.05559,  -0.01795,  -0.06872,   0.05209,   0.00306,  -0.01970,   0.03808,   0.00657,   0.03458,   0.02757,  -0.07572,   0.05209,  -0.08973,  -0.02495,   0.07835,  -0.04596,   0.04158,   0.01007,  -0.05471,   0.04683,   0.05209,  -0.03545,  -0.01970,   0.03283,  -0.01094,  -0.01094,  -0.02670,   0.03983,   0.01182,   0.05909,   0.11687,   0.05909,  -0.04421,  -0.05997,  -0.09148,  -0.01269,   0.05734,  -0.03721,   0.00306,  -0.07747,  -0.00044,   0.01707,  -0.15101,   0.07485,   0.08535,   0.00481,  -0.02845,   0.04158,   0.01532,  -0.01094,  -0.03896,  -0.00044,   0.05034,  -0.00919,  -0.02320,   0.01007,  -0.08098,  -0.00919,  -0.00394,   0.05559,   0.06784,   0.02582,  -0.01795,  -0.03545,   0.02407,  -0.02320,   0.03283,  -0.00919,   0.04508,  -0.03020,   0.02057,  -0.03195,   0.01357,   0.05734,  -0.06347,   0.05034,  -0.01970,   0.03633,  -0.04771,  -0.01795,  -0.03020,  -0.05646,  -0.01269,   0.06784,   0.01532,  -0.00219,  -0.01970,  -0.02495,  -0.05296,   0.01007,  -0.01620,   0.02582,  -0.05121,   0.07660,   0.01182,   0.04858,  -0.05646,   0.03808,  -0.05997,  -0.08098,  -0.04596,  -0.10899,  -0.00919,  -0.05646,  -0.05646,  -0.01269,   0.08885,   0.00657,   0.02057,   0.03283,  -0.02845,   0.03283,   0.05734,   0.04683,  -0.02320,   0.08185,   0.00131,  -0.00394,   0.01882,   0.01707,   0.06784,   0.05034,   0.05034,  -0.00919,  -0.00744,   0.05559,  -0.04946,   0.08185,  -0.03896,   0.02757,   0.02232,  -0.04596,  -0.07222,  -0.04421,  -0.02670,   0.05034,  -0.07922,  -0.01620,  -0.00394,   0.06784,   0.11161,   0.08885,  -0.05997,  -0.04246,  -0.02670,   0.02933,  -0.02670,  -0.02320,  -0.07047,   0.00481,   0.02057,   0.02582,   0.05909,  -0.02495,  -0.01970,   0.08185,   0.00481,  -0.01094,   0.03983,  -0.04946,   0.06784,   0.03633,  -0.01444,  -0.06347,  -0.01795,   0.02057,  -0.02145,   0.01882,  -0.03545,  -0.02670,  -0.01970,  -0.01795,   0.03283,  -0.08273,   0.03633,   0.10636,   0.02757,  -0.01795,  -0.01444,   0.03633,   0.07835,  -0.09148,  -0.01795,   0.07835,   0.00131,  -0.09848,  -0.04946,  -0.01094,   0.03983,  -0.02495,  -0.07222,  -0.00044,   0.12212,  -0.01269,  -0.00044,  -0.01094,  -0.08273,   0.01007,  -0.00569,   0.01882,   0.00131,   0.05909,  -0.04596,   0.01707,  -0.03896,   0.07485,  -0.01795,  -0.05997,  -0.03721,   0.07660,   0.02582,   0.05909,   0.02757,   0.02407,   0.01532,  -0.00744,   0.07310,  -0.00919,   0.00657,  -0.05121,   0.03108,  -0.00919,  -0.04771,  -0.03195,   0.03983,   0.06259,  -0.05296,   0.04333,  -0.00044,  -0.01795,   0.03458,   0.03808,   0.02582,   0.06084,   0.00832,  -0.03370,   0.04158,  -0.02320,  -0.04071,   0.00832,  -0.03195,   0.04683,  -0.02845,   0.04858,   0.02933,   0.04333,   0.05209,   0.01182,   0.08710,  -0.03545,   0.03633,  -0.04071,   0.05734,   0.01882,  -0.05646,  -0.03370,   0.03108,   0.02757,  -0.01269,   0.02407,   0.01707,   0.01882,  -0.03545,  -0.01620,   0.00657,   0.04333,   0.06609,   0.09936,  -0.05471,  -0.03721,  -0.01094,  -0.02145,  -0.03721,   0.02757,  -0.04246,   0.01357,  -0.05121,  -0.02845,  -0.06347,  -0.01970,   0.02933,  -0.01094,  -0.06172,   0.01007,   0.03458,  -0.00569,   0.01707,  -0.00219,   0.07135,  -0.03896,  -0.01970,   0.06259,   0.02057,   0.04683,  -0.06172,  -0.01620,   0.02757,  -0.06172,   0.05034,   0.03283,   0.02407,   0.07660,   0.06084,   0.02232,  -0.00044,   0.03808,   0.08885,  -0.04246,   0.08535,   0.14313,  -0.01269,   0.02757,   0.01707,  -0.00919,  -0.02145,   0.00657,  -0.01620,  -0.03896,  -0.02495,  -0.03545,   0.03983,  -0.03195,   0.03983,   0.03108,  -0.06872,   0.06609,   0.02582,  -0.02320,   0.01707,   0.02232,   0.02057,   0.00131,   0.02057,  -0.02145,  -0.02845,   0.04683,   0.05559,   0.06259,  -0.03195,  -0.01094,  -0.11599,   0.01532,   0.00131,  -0.01795,  -0.00919,  -0.03545,  -0.03370,   0.06259,   0.05559,   0.10461,  -0.03896,   0.03108,  -0.02845,  -0.00044,   0.00306,  -0.07222,   0.02057,   0.02232,  -0.05997,   0.07135,   0.05209,   0.04858,   0.00131,  -0.01795,  -0.04071,   0.01707,   0.10111,  -0.04246,   0.03983,   0.07485,   0.01007,   0.04508,   0.13262,   0.01532,   0.01007,   0.03633,   0.03458,  -0.04071,  -0.04596,  -0.01620,   0.02057,  -0.02320,  -0.02495,  -0.02145,   0.02933,  -0.05121,   0.03108,  -0.00919,   0.06259,   0.00131,   0.01882,   0.02757,  -0.03721,  -0.03370,   0.00832,  -0.07397,   0.13437,   0.06784,  -0.00744,   0.01007,  -0.04071,  -0.01620,   0.03808,  -0.01970,  -0.00744,   0.03458,  -0.00919,  -0.00219,  -0.00219,   0.04683,  -0.05822,  -0.03545,   0.01882,   0.01007,  -0.08448,  -0.01094,   0.00481,   0.02232,  -0.03896,   0.01532,  -0.04246,  -0.01444,   0.07485,  -0.00569,   0.01182,   0.01707,  -0.02845,   0.04858,  -0.01620,  -0.04071,   0.02933,  -0.02845,   0.13087,   0.02757,   0.02057,  -0.10899,   0.06784,   0.00657,  -0.01269,  -0.00044,   0.02232,   0.02933,  -0.04596,   0.06259,   0.00481,   0.01532,  -0.07747,  -0.00394,   0.08010,  -0.01620,   0.07835,  -0.01795,  -0.00919,   0.01532,   0.02933,   0.00131,  -0.01094,  -0.02320,  -0.04596,   0.00481,   0.01882,  -0.02495,  -0.04421,  -0.00744,  -0.03721,   0.10286,   0.00657,   0.03808,  -0.05822,  -0.06172,   0.05209,  -0.06347,   0.06259,   0.02407,   0.00131,  -0.02320,  -0.03370,  -0.05822,   0.01357,  -0.03020,  -0.03545,  -0.02320,  -0.02145,   0.07310,  -0.10549,  -0.00394,   0.00131,   0.03983,  -0.02495,  -0.01269,   0.00832,   0.01532,  -0.01795,   0.01182,  -0.00044,  -0.04946,   0.05734,  -0.01620,  -0.02495,  -0.04246,  -0.00044,  -0.03545,  -0.04421,  -0.04071,  -0.04596,  -0.05997,   0.00832,  -0.08973,   0.04158,  -0.02845,   0.01182,  -0.00219,  -0.08448,  -0.04071,   0.03458,   0.02057,  -0.05296,   0.00657,  -0.05121,   0.01707,   0.04158,   0.01707,   0.02582,  -0.01444,   0.00131,  -0.08798,   0.04158,   0.04158,  -0.05997,   0.00131,   0.04683,  -0.01620,   0.07660,   0.02582,   0.05384,  -0.07222,   0.06609,  -0.04246,   0.02757,  -0.04771,  -0.04421,   0.05559,  -0.00044,   0.07835,   0.00306,  -0.00044,   0.01182,  -0.05121,  -0.02320,  -0.00919,   0.05384,  -0.02670,   0.03283,   0.02407,   0.03808,  -0.07572,  -0.01795,   0.02582,   0.03108,   0.07660,   0.00832,   0.13262,  -0.04771,   0.02232,  -0.03721,  -0.01094,  -0.04596,  -0.02495,   0.00832,  -0.02495,  -0.08798,   0.08535,   0.03633,   0.00131,  -0.01094,   0.01532,  -0.01269,   0.01882,   0.03458,  -0.03545,   0.04858,   0.00657,  -0.03195,   0.03633,  -0.00394,   0.07485,  -0.04771,  -0.07047,  -0.05471,  -0.05296,  -0.05822,   0.04158,   0.00131,  -0.09498,   0.00131,  -0.06172,  -0.04946,   0.09586,   0.02757,  -0.05997,   0.01882,  -0.07922,  -0.00044,   0.10286,  -0.04596,   0.02933,  -0.01795,   0.05734,  -0.05121,   0.05209,   0.01532,   0.02232,   0.05209,   0.02582,  -0.06347,   0.03458,   0.04683,   0.04333,  -0.03195,  -0.00394,   0.02582,  -0.06697,  -0.02495,  -0.10023,  -0.03545,  -0.01970,   0.03633,  -0.00394,  -0.04946,  -0.02845,   0.06434,  -0.00569,  -0.04071,  -0.02495,   0.00481,  -0.06697,  -0.02670,   0.02057,  -0.01094,  -0.00044,   0.03458,   0.01357,   0.02582,  -0.06172,  -0.04421,  -0.06522,   0.02232,   0.03108,  -0.00744,  -0.02495,  -0.04596,  -0.04071,   0.06609,   0.02407,   0.08710,  -0.01795,  -0.01269,   0.01182,  -0.02845,  -0.08098,  -0.05822,   0.11336,   0.01882,   0.00832,   0.00306,   0.08535,   0.02232,  -0.07572,  -0.04771,  -0.07222,   0.00306,   0.04858,  -0.03370,   0.06784,  -0.08623,   0.04508,  -0.04771,  -0.01970,  -0.02845,  -0.02145,   0.02757,  -0.06522,  -0.02495,   0.08885,   0.01882,  -0.03370,  -0.01970,   0.02232,   0.00657,  -0.00569,   0.02057,  -0.02670,   0.04683,  -0.02320,   0.02582,  -0.03896,  -0.00044,  -0.01269,   0.01357,   0.01532,   0.02582,   0.06959,  -0.06172,   0.06784,  -0.05471,   0.02757,   0.03283,  -0.07397,   0.00832,  -0.00569,   0.01532,  -0.02670,   0.15188,  -0.05646,   0.00657,   0.04683,   0.06959,   0.05734,   0.06609,  -0.02320,  -0.03020,   0.00131,   0.02232,   0.03983,   0.01182,   0.06784,  -0.07047,  -0.04246,   0.01182,  -0.13000,   0.00657,   0.07485,   0.01707,   0.03108,   0.04683,  -0.00919,  -0.03195,   0.06084,  -0.04246,  -0.06172,   0.05559,  -0.04421,   0.00481,   0.03108,  -0.10899,   0.03108,   0.00832,   0.01882,   0.00657,  -0.03896,  -0.01795,  -0.05121,  -0.02320,  -0.01094,   0.00306,   0.01707,  -0.03545,   0.04508,  -0.00044,  -0.07922,  -0.02320,  -0.00744,  -0.03020,   0.07660,  -0.02845,   0.03808,  -0.04071,  -0.00044,  -0.08098,   0.09586,   0.00306,   0.00131,  -0.03195,  -0.06872,  -0.04596,   0.01707
  -0.04946,   0.03108,   0.06609,  -0.01795,   0.04158,  -0.04946,   0.02407,  -0.04946,   0.02933,  -0.01094,  -0.08098,  -0.00569,   0.08185,  -0.03721,   0.03108,   0.03983,   0.01007,  -0.11774,  -0.02670,   0.03108,  -0.03545,  -0.01970,   0.00481,  -0.00219,   0.06784,  -0.02845,   0.07485,  -0.02845,  -0.06347,  -0.01094,  -0.05997,  -0.03020,   0.03108,   0.08185,   0.10111,   0.03808,   0.04858,   0.03108,   0.05209,   0.08535,   0.01357,  -0.11424,   0.07485,   0.00832,  -0.03020,  -0.00044,   0.03633,   0.04333,  -0.04421,  -0.03020,   0.05384,   0.03458,   0.04158,   0.06434,  -0.08098,   0.05559,  -0.02145,  -0.01620,   0.06609,  -0.05121,  -0.06172,   0.02933,  -0.00919,  -0.00744,   0.02407,   0.05209,   0.04333,   0.00481,  -0.11599,   0.03983,  -0.03370,   0.02757,   0.06259,  -0.05822,   0.02582,   0.01357,  -0.01094,   0.02232,   0.00832,   0.01182,   0.02582,   0.03633,   0.05559,   0.07485,  -0.03896,  -0.06172,  -0.04246,   0.01182,  -0.07047,  -0.05471,  -0.00919,  -0.00044,   0.02407,   0.01357,  -0.04946,   0.04683,  -0.05997,   0.00131,   0.00832,  -0.02145,  -0.03370,  -0.00219,   0.01532,   0.08010,  -0.02320,   0.10111,   0.04333,   0.03283,  -0.10374,  -0.05997,  -0.02845,   0.02757,   0.06609,  -0.02670,  -0.04246,  -0.08623,   0.03458,   0.03283,   0.06609,  -0.03195,  -0.03020,   0.02582,  -0.04421,  -0.00394,   0.00481,  -0.02495,  -0.03721,   0.04333,   0.03633,   0.02057,  -0.03195,  -0.07747,  -0.04421,   0.02232,   0.04333,   0.07485,   0.02933,  -0.06522,  -0.08448,  -0.01269,  -0.02670,  -0.03545,  -0.01444,   0.01532,   0.03458,   0.03108,   0.02582,   0.01532,  -0.03721,  -0.04071,  -0.05471,   0.03633,  -0.00394,  -0.02845,  -0.04071,  -0.00044,   0.03108,   0.02407,  -0.01269,   0.01182,   0.03283,   0.00306,  -0.02145,   0.00306,   0.06434,   0.09060,  -0.03195,  -0.03195,   0.03983,   0.06259,   0.00131,  -0.03020,  -0.02845,  -0.01269,  -0.02495,  -0.03020,   0.02933,   0.02582,  -0.04946,   0.00306,  -0.09498,  -0.00744,  -0.07047,  -0.04246,   0.03808,   0.02057,  -0.04246,  -0.04771,  -0.00919,  -0.02495,  -0.01620,   0.01007,  -0.01094,   0.02582,  -0.04771,   0.06259,  -0.02495,  -0.02320,  -0.00744,   0.04683,  -0.06172,  -0.05646,  -0.03370,  -0.03020,   0.02582,  -0.01620,  -0.09848,  -0.02845,   0.01182,  -0.07747,   0.04333,  -0.04421,  -0.14225,  -0.01970,   0.03808,  -0.06697,   0.01707,   0.03808,  -0.01269,   0.02582,  -0.09148,   0.00832,  -0.05471,   0.00832,   0.04683,  -0.03370,   0.02057,  -0.01795,  -0.00394,  -0.00919,   0.05559,   0.00306,  -0.00569,  -0.00569,  -0.00044,  -0.06872,   0.00306,   0.04858,   0.00481,   0.05034,   0.02407,   0.01707,  -0.01795,  -0.07047,  -0.03195,   0.02757,  -0.03545,   0.10286,   0.05909,  -0.04771,   0.07310,   0.06259,  -0.03370,   0.01532,   0.04333,   0.01357,   0.02057,  -0.01795,  -0.02145,  -0.07222,  -0.01620,  -0.00919,  -0.01094,  -0.07222,  -0.01269,   0.00131,  -0.00744,  -0.08098,   0.04858,  -0.03370,  -0.06697,  -0.01620,   0.06259,   0.02057,   0.02933,   0.02757,   0.00657,   0.02407,   0.05909,   0.07835,   0.09761,  -0.04946,  -0.07222,   0.04333,   0.06259,  -0.00219,  -0.08623,   0.02232,  -0.05646,   0.05034,  -0.00219,   0.03458,  -0.00919,  -0.03195,  -0.07747,   0.03283,  -0.10199,  -0.01795,   0.01707,  -0.02670,  -0.02495,   0.02057,   0.07835,   0.07135,   0.06434,   0.00657,   0.02407,   0.00481,   0.02933,   0.00481,  -0.00744,   0.03808,  -0.01269,   0.01532,  -0.02495,   0.02933,  -0.00919,  -0.04771,  -0.01269,   0.01007,   0.02757,   0.00306,   0.00657,  -0.02145,   0.04333,   0.00657,  -0.08448,  -0.05471,   0.03983,  -0.06697,  -0.08098,  -0.06697,  -0.02145,   0.07485,   0.01882,  -0.01269,   0.00657,  -0.01970,  -0.00219,  -0.00919,   0.07135,  -0.05997,   0.00131,   0.03108,  -0.01094,  -0.10724,  -0.03020,  -0.02845,   0.06259,  -0.01094,   0.05909,   0.05559,  -0.02845,  -0.01444,   0.09060,  -0.01094,   0.02933,  -0.06347,  -0.08623,   0.09235,  -0.00919,  -0.08098,  -0.08448,   0.01357,   0.02232,  -0.07922,   0.04158,   0.03283,  -0.01444,  -0.06172,   0.07485,   0.06259,  -0.02845,   0.02407,   0.00832,  -0.05646,   0.07310,   0.00657,  -0.04071,  -0.03545,   0.01532,  -0.02320,  -0.03545,   0.01357,   0.03808,  -0.04596,   0.04333,  -0.09323,   0.02933,   0.04158,  -0.01795,  -0.06347,   0.03458,  -0.04771,  -0.01269,   0.01007,   0.00657,  -0.05822,   0.02582,   0.01707,   0.02232,  -0.03896,  -0.01970,   0.02057,  -0.02495,  -0.03721,   0.00832,   0.01357,   0.00481,   0.05909,   0.02057,  -0.08448,   0.07310,   0.02232,   0.00306,  -0.04771,  -0.01444,   0.02232,  -0.01795,  -0.08273,  -0.02495,  -0.03721,  -0.01795,   0.13087,  -0.03545,  -0.03370,   0.04158,  -0.00394,   0.11161,  -0.01094,   0.06784,   0.02407,   0.02057,   0.07310,  -0.02845,  -0.00569,  -0.08273,  -0.03370,  -0.00219,  -0.03896,  -0.00744,   0.09586,   0.00832,  -0.04421,   0.03108,  -0.02845,   0.02057,   0.01007,  -0.03721,   0.03108,   0.02933,  -0.06172,  -0.00919,   0.02933,  -0.03195,  -0.01620,  -0.06172,  -0.04596,   0.01357,  -0.06872,   0.07135,   0.03108,  -0.02320,  -0.10199,  -0.00219,   0.04158,  -0.00569,  -0.04246,  -0.00044,   0.04333,   0.01532,   0.04858,  -0.03896,   0.05034,  -0.02845,   0.02757,  -0.00919,  -0.01444,   0.03283,  -0.01795,  -0.08623,   0.04333,  -0.00219,  -0.01269,   0.06959,   0.01532,   0.07660,   0.09060,  -0.10374,  -0.04946,   0.09411,   0.05034,   0.09586,   0.05384,   0.04333,   0.07310,  -0.03896,  -0.05646,   0.00306,   0.03283,   0.02057,   0.00481,   0.05909,  -0.01094,  -0.05121,   0.09586,  -0.04771,  -0.03370,  -0.07222,   0.05909,  -0.03020,   0.04683,  -0.03370,  -0.06872,   0.03283,   0.00131,   0.01532,  -0.04596,   0.07660,  -0.01269,  -0.01444,   0.03983,  -0.04596,   0.00306,  -0.00569,  -0.01620,  -0.01269,   0.09060,   0.02057,  -0.01620,  -0.03896,  -0.00394,   0.01182,  -0.00919,  -0.07397,   0.10111,   0.03983,  -0.04771,   0.10811,   0.00832,   0.04858,  -0.04946,   0.03458,  -0.05822,  -0.00569,  -0.05822,   0.02582,   0.02232,  -0.05997,  -0.09498,  -0.01269,   0.01532,  -0.01094,   0.01532,  -0.10899,  -0.09673,   0.01182,  -0.03020,   0.01007,   0.03633,  -0.03545,   0.06259,  -0.00919,   0.11862,  -0.00044,  -0.07397,   0.02757,   0.02933,  -0.02145,   0.04683,  -0.00569,   0.01182,  -0.00044,   0.02057,  -0.10023,   0.08360,  -0.01094,  -0.02320,   0.06959,  -0.00919,  -0.00044,   0.07135,  -0.05121,  -0.01094,  -0.00744,   0.01882,   0.01357,  -0.04246,  -0.07047,   0.01357,  -0.04071,   0.06259,  -0.00569,   0.03108,   0.00832,   0.10111,   0.02757,  -0.07222,   0.07135,  -0.00394,   0.03108,   0.00657,   0.06609,   0.03283,  -0.05646,   0.02933,   0.02057,   0.01182,  -0.00569,   0.03633,  -0.04246,   0.02757,   0.00481,   0.05209,   0.03983,   0.05559,   0.01882,   0.03108,   0.03283,   0.04508,   0.01007,  -0.04421,   0.02933,  -0.02495,  -0.01795,   0.03983,  -0.05997,   0.02232,   0.03108,  -0.04771,  -0.04946,   0.13262,   0.06609,  -0.00044,  -0.01444,  -0.02670,   0.00832,   0.05034,  -0.04071,  -0.05997,  -0.08448,   0.01007,   0.02582,   0.01007,   0.04333,  -0.03721,  -0.04596,  -0.05121,   0.00832,   0.01532,   0.04333,  -0.00044,  -0.01444,  -0.01795,   0.01357,   0.02057,  -0.03195,   0.08710,  -0.06697,   0.01882,   0.03108,   0.02057,   0.13788,   0.05034,  -0.09673,   0.00481,   0.14488,  -0.04596,  -0.07222,   0.01882,   0.07660,   0.03808,  -0.00394,  -0.03195,   0.01532,   0.03283,  -0.02320,   0.07485,  -0.04421,  -0.06697,  -0.01269,  -0.01795,  -0.08623,  -0.04596,   0.01357,  -0.01269,  -0.00744,  -0.07047,   0.04858,  -0.07222,  -0.02320,  -0.04771,   0.00481,   0.01882,   0.05734,  -0.01620,   0.06084,  -0.00919,   0.00657,  -0.01970,  -0.12124,   0.04508,   0.11687,   0.01532,   0.04158,  -0.03020,   0.07835,  -0.08448,   0.03808,   0.01882,  -0.06347,  -0.02845,   0.02582,   0.01357,   0.02232,  -0.01444,   0.02232,  -0.07047,   0.04683,   0.05734,   0.02757,  -0.00744,  -0.02845,  -0.03370,   0.00832,  -0.08798,   0.00131,   0.11512,  -0.02145,  -0.05997,  -0.01094,  -0.02495,  -0.05471,  -0.05121,   0.07835,  -0.05822,  -0.00744,   0.02933,  -0.05997,   0.02232,  -0.02495,  -0.01094,   0.06084,  -0.00394,   0.02407,   0.02933,   0.02232,   0.00481,   0.05209,  -0.03545,  -0.02145,   0.02232,  -0.02320,   0.01882,   0.02057,   0.04858,  -0.00919,  -0.02670,  -0.01795,  -0.02670,  -0.02320,   0.00131,  -0.04246,  -0.00744,   0.03283,   0.05209,  -0.04771,  -0.01269,  -0.11074,   0.00657,  -0.01795,   0.01182,  -0.07397,  -0.01620,   0.05209,  -0.00219,  -0.07047,  -0.04771,   0.04158,  -0.01444,   0.04508,   0.03108,   0.02232,   0.01007,  -0.01269,  -0.02845,   0.07485,   0.03458,  -0.04071,  -0.00744,   0.05384,   0.01707,  -0.04246,   0.09235,  -0.03195,   0.00306,  -0.01620,  -0.02145,  -0.03020,   0.03983,   0.01182,  -0.00744,  -0.10724,   0.01007,   0.03283,  -0.04421,   0.10111,  -0.00044,  -0.03020,   0.05909,   0.02933,  -0.01795,   0.02232,  -0.01444,  -0.02145,  -0.02320,  -0.04246,   0.06259,   0.07310,  -0.03896,   0.05209,  -0.01444,  -0.03721,   0.00832,  -0.00044,   0.01007,  -0.08973,  -0.03545,  -0.02495,   0.10286,   0.00481,   0.03458,  -0.01795,   0.05909,  -0.02495,  -0.00394,  -0.01795,   0.01882,  -0.02320,   0.01357,  -0.05471,  -0.03896,   0.01357,   0.11862,   0.02407,  -0.03370,   0.05909,  -0.01094,   0.02582,   0.00481,   0.05209,   0.02057,  -0.03721,   0.03808,   0.02057,   0.02933,   0.00657,   0.02057,  -0.00394,   0.05384,   0.04683,  -0.00569,  -0.02145,   0.05209,   0.04508,  -0.03370,  -0.04596,   0.03108,  -0.00394,  -0.04421,   0.07135,  -0.04071,   0.01882,   0.00131,   0.01007,   0.05384,   0.07310,   0.00481,   0.05734,  -0.07222,  -0.00044,  -0.02320,   0.15889,   0.01882,   0.00832,  -0.01795,  -0.07397,   0.05559,  -0.03020,  -0.00919,   0.02232,  -0.00219,  -0.02145,  -0.00044,   0.00306,  -0.01094,  -0.00394,   0.04158,  -0.00394,  -0.02845,   0.07660,   0.04333,   0.00131,  -0.09498,  -0.04071,   0.00657,   0.05734,  -0.05121,  -0.06522,  -0.07047,  -0.00044,   0.07485,   0.04508,  -0.01795,  -0.05296,  -0.07222,   0.02757,  -0.03370,   0.04158,   0.05384,  -0.00044,  -0.04071,  -0.00919,  -0.01970,   0.00481,  -0.04596,   0.03808,  -0.00219,  -0.03195,   0.04508,  -0.01620,  -0.04421,  -0.00219,   0.02232,   0.00832,   0.04333,   0.00481,   0.01882,  -0.07397,  -0.00919,  -0.02670,   0.01707,  -0.04071,   0.02057,   0.04683,  -0.07572,  -0.02145,   0.06959,   0.01882,  -0.02320,   0.05384,   0.04508,  -0.01795,  -0.00569,  -0.05646,   0.04508,   0.08185,  -0.04596,  -0.01269,  -0.12124,  -0.02320,  -0.11074,   0.03108,  -0.03896,   0.07660,   0.07485,   0.00131,   0.07135,   0.02757,   0.00306,  -0.02845,   0.00832,  -0.12124,  -0.01269,  -0.06872,   0.03108,  -0.00569,  -0.05822,  -0.03195,   0.02232,  -0.03195,   0.04508,   0.01882,  -0.07047,  -0.07747,  -0.07397,   0.00131,  -0.08798,   0.02057,  -0.02320,   0.01007,   0.01882,  -0.00394,  -0.03020,  -0.05296,  -0.02495,  -0.05822,   0.04858,   0.01707,   0.01882,   0.00306,  -0.01094,   0.00131,  -0.01094,  -0.00919,  -0.11599,   0.06609,   0.04158,  -0.07572,  -0.05296,   0.03633,  -0.04246,   0.02933,  -0.05646,  -0.04246,   0.05559,   0.02057,  -0.01795,  -0.05296,  -0.04771,  -0.03896,  -0.00394,   0.08710,  -0.08798
  -0.03896,  -0.04596,   0.06784,   0.04858,   0.00306,   0.03983,  -0.02145,  -0.02845,  -0.06347,   0.03283,  -0.02495,  -0.06172,   0.09761,   0.03108,  -0.00219,   0.04333,   0.00832,  -0.02845,  -0.04246,  -0.01970,  -0.00569,  -0.00569,   0.01532,   0.05209,  -0.00919,   0.02582,  -0.07222,  -0.04596,   0.00832,   0.01357,   0.01007,   0.12212,   0.06434,   0.01532,  -0.01094,  -0.09148,  -0.03896,   0.02757,   0.01007,  -0.05121,   0.02757,  -0.00044,  -0.00044,   0.11336,  -0.03896,  -0.04596,   0.04683,   0.02057,  -0.03896,  -0.02145,  -0.03545,   0.06084,   0.06609,  -0.08273,   0.02582,  -0.03195,  -0.04771,  -0.00394,   0.01182,   0.02933,  -0.02320,  -0.04246,   0.09235,   0.02933,   0.08535,  -0.01269,  -0.00569,  -0.07572,  -0.04771,  -0.05296,   0.01707,   0.06959,  -0.04771,  -0.12650,  -0.01970,  -0.01444,   0.01182,   0.01182,   0.03808,  -0.00919,   0.02232,   0.04683,  -0.00569,   0.00481,   0.05734,  -0.00394,  -0.04771,   0.01707,   0.02057,   0.02407,   0.08360,  -0.06522,   0.01357,  -0.06522,   0.00657,   0.01182,   0.00481,  -0.04771,   0.03458,  -0.00744,  -0.04421,  -0.02320,  -0.05646,   0.05034,   0.08360,   0.01532,  -0.01795,   0.03458,  -0.00744,   0.05909,  -0.04771,   0.00131,  -0.03545,   0.05384,  -0.00219,   0.00832,  -0.01269,  -0.04771,   0.03458,   0.05734,   0.02757,  -0.04421,   0.07835,   0.04683,   0.02757,   0.09411,   0.06434,  -0.04946,  -0.07047,  -0.04246,  -0.00569,  -0.04071,   0.06609,  -0.02320,  -0.05121,  -0.01620,   0.02933,  -0.05296,  -0.01970,  -0.03721,  -0.01620,   0.00481,  -0.01970,   0.08360,  -0.01970,  -0.01795,   0.02582,  -0.03370,   0.07485,   0.04683,   0.01532,  -0.05296,  -0.00744,  -0.08973,  -0.07747,  -0.04771,   0.03458,  -0.04246,  -0.00569,  -0.02495,  -0.01444,   0.03633,   0.01007,   0.03283,  -0.00744,  -0.03370,   0.02757,  -0.01620,   0.03633,  -0.03195,   0.00131,   0.01007,  -0.04246,   0.02057,  -0.07047,   0.02232,  -0.02845,   0.07485,  -0.01970,   0.07835,  -0.00569,  -0.01620,  -0.03020,   0.03983,   0.07135,  -0.00569,  -0.00219,   0.01007,   0.01357,  -0.00919,   0.01707,   0.01357,   0.04333,  -0.00044,  -0.06697,  -0.01970,  -0.02320,  -0.05822,   0.00131,  -0.00044,  -0.03721,  -0.03020,  -0.00919,  -0.01795,  -0.02145,   0.02232,  -0.03545,   0.03983,   0.11687,  -0.04246,  -0.00219,  -0.03721,  -0.03370,  -0.01970,   0.02933,   0.01182,  -0.01444,   0.02757,  -0.08098,  -0.01795,  -0.08098,   0.01182,   0.07310,  -0.04246,   0.00131,  -0.01444,  -0.02320,  -0.07572,   0.01882,   0.00832,  -0.04596,  -0.01094,  -0.01970,  -0.01094,  -0.02145,  -0.02145,   0.03808,  -0.01269,   0.02232,   0.02933,  -0.01795,  -0.02845,  -0.07747,   0.04683,  -0.00044,  -0.03370,   0.04158,  -0.05121,  -0.02845,   0.05384,   0.02057,   0.00657,  -0.03545,   0.06609,  -0.04421,  -0.01620,   0.04158,  -0.03370,  -0.07222,   0.00657,   0.02582,   0.03983,   0.02933,  -0.02845,  -0.06872,   0.06609,  -0.01970,  -0.02845,   0.03808,  -0.01094,  -0.01269,  -0.04246,  -0.06522,  -0.00044,   0.00657,  -0.07572,  -0.01269,   0.03983,  -0.09323,   0.11161,  -0.05471,  -0.01795,   0.03108,   0.02757,  -0.01620,  -0.01269,   0.06259,  -0.02145,  -0.05471,  -0.05121,   0.00481,   0.07310,  -0.03020,   0.02757,  -0.01094,   0.07485,   0.00832,   0.03283,  -0.02145,  -0.05646,  -0.00044,  -0.05296,   0.00832,  -0.06872,  -0.06172,   0.08010,   0.05384,  -0.05471,  -0.03545,  -0.03545,   0.06959,  -0.03545,  -0.03020,   0.03983,   0.00131,   0.03108,   0.00481,  -0.00219,   0.02057,   0.01007,  -0.04071,   0.00306,  -0.13000,   0.02057,  -0.05296,  -0.02845,   0.09936,   0.01532,  -0.01795,  -0.00394,  -0.03545,   0.12912,   0.00131,  -0.01094,  -0.00744,  -0.01269,   0.03108,  -0.02845,  -0.07222,  -0.00569,   0.01882,   0.02757,   0.10636,   0.00306,   0.10636,   0.00657,  -0.02145,  -0.07222,   0.02057,   0.03458,  -0.07047,   0.03808,   0.01882,  -0.04596,   0.02057,  -0.00744,   0.03458,  -0.01795,   0.00306,  -0.07222,  -0.00219,  -0.02845,  -0.03721,  -0.05296,   0.01007,   0.02933,   0.04683,  -0.02320,  -0.05471,   0.05559,  -0.00394,  -0.03896,  -0.03896,  -0.01970,  -0.05822,  -0.00394,  -0.01094,  -0.07572,  -0.01795,   0.00306,   0.01532,   0.05559,   0.02757,  -0.02495,  -0.06872,  -0.01444,  -0.02320,  -0.00919,  -0.00919,   0.06609,  -0.03545,   0.08535,   0.08010,   0.04508,  -0.00569,   0.05209,   0.03458,  -0.01620,  -0.03020,   0.03283,   0.01357,   0.02232,   0.03108,   0.01182,   0.01357,  -0.03721,  -0.11249,  -0.00569,   0.07485,  -0.01094,   0.04858,   0.04858,   0.05034,  -0.00919,  -0.06522,  -0.04071,   0.02933,  -0.01620,  -0.01620,   0.00657,  -0.04071,  -0.03545,   0.02933,   0.02232,  -0.03020,   0.05734,   0.05209,   0.00832,  -0.04946,   0.08185,   0.03808,  -0.04596,   0.02582,  -0.03020,  -0.00569,  -0.02670,   0.01532,  -0.01795,   0.02933,  -0.04071,  -0.01094,   0.04858,  -0.07397,  -0.05296,   0.01182,   0.01707,  -0.00569,   0.02582,   0.04333,  -0.07047,   0.07310,   0.05384,  -0.11249,  -0.04946,  -0.00219,  -0.00044,  -0.01795,  -0.01444,  -0.03370,   0.00306,   0.06434,  -0.02845,  -0.00744,  -0.09148,  -0.04421,  -0.03896,   0.00657,  -0.05296,   0.05384,   0.04858,   0.11862,  -0.08448,  -0.01269,   0.05209,  -0.09848,  -0.08623,   0.05384,   0.02757,  -0.01795,  -0.01444,  -0.03545,   0.00657,  -0.00219,   0.02057,  -0.04596,   0.04333,   0.06609,   0.00657,  -0.05997,   0.02582,   0.03808,  -0.06697,   0.08360,  -0.03195,   0.04508,  -0.00044,   0.00481,   0.03633,   0.01707,  -0.00744,  -0.04071,   0.08885,   0.06084,  -0.00394,  -0.01795,   0.06259,   0.06784,   0.07485,   0.00657,   0.06609,   0.07135,  -0.01970,  -0.01444,  -0.00744,   0.01882,  -0.05296,   0.05209,  -0.00744,   0.00832,   0.02232,  -0.04596,  -0.00919,   0.08360,   0.12037,   0.06959,   0.01182,   0.00657,   0.07660,  -0.02145,   0.03808,   0.03458,   0.02757,  -0.00919,  -0.08273,  -0.10199,  -0.02320,  -0.00219,  -0.01094,   0.01007,  -0.00044,  -0.02495,   0.02757,   0.02407,   0.02582,  -0.06697,  -0.01970,   0.01357,  -0.00919,   0.05734,  -0.06872,  -0.02495,   0.02232,  -0.01094,   0.01007,   0.00131,  -0.00044,  -0.05997,   0.03808,  -0.01795,  -0.02495,  -0.00919,   0.10811,  -0.00919,   0.01182,   0.01707,  -0.01620,   0.03633,  -0.03370,  -0.10199,  -0.05121,  -0.01094,   0.04158,  -0.03896,  -0.02845,  -0.05296,   0.09235,   0.01007,  -0.02670,   0.04858,  -0.05997,   0.01357,  -0.01795,   0.05384,   0.01007,  -0.02320,  -0.00744,  -0.00219,  -0.00394,   0.02757,  -0.03195,  -0.08448,   0.02407,   0.00481,  -0.03545,  -0.03545,   0.03108,   0.04683,  -0.07222,   0.08360,  -0.00569,  -0.04421,  -0.04246,  -0.00919,  -0.03721,  -0.02845,  -0.05997,  -0.03721,  -0.02145,  -0.04596,  -0.03370,   0.00832,   0.02057,   0.06784,   0.08710,  -0.03896,   0.02232,  -0.04596,  -0.04771,   0.07135,  -0.00569,  -0.00394,   0.12387,  -0.02145,  -0.00569,   0.01707,   0.01707,   0.02232,  -0.01094,   0.05559,   0.01007,  -0.00569,   0.02407,   0.03108,   0.00306,   0.01707,  -0.00394,  -0.04946,   0.02057,  -0.05121,  -0.04596,   0.03283,   0.02933,  -0.01269,   0.05734,   0.04683,  -0.02320,  -0.01444,   0.02933,   0.06259,   0.03983,   0.01882,  -0.00044,   0.03108,   0.04333,  -0.03370,   0.12037,   0.00832,  -0.04771,   0.04508,  -0.05997,  -0.00219,  -0.06522,  -0.00044,  -0.00919,  -0.05471,  -0.00394,  -0.04071,  -0.01795,  -0.03370,   0.00131,   0.02057,  -0.02145,  -0.00744,  -0.03721,  -0.08273,   0.00306,   0.00131,  -0.01620,   0.02407,  -0.00394,   0.01182,  -0.00744,   0.02582,  -0.00044,   0.06259,   0.00131,  -0.05646,   0.00306,   0.01357,   0.00832,   0.02057,   0.04158,  -0.00219,  -0.04771,  -0.06347,   0.10111,  -0.02320,   0.00131,   0.00481,   0.04158,   0.02757,   0.09936,  -0.00394,  -0.03545,   0.04333,  -0.04246,   0.07485,  -0.11074,   0.03808,   0.00131,   0.06959,   0.05559,   0.00481,   0.05034,   0.01182,  -0.00744,   0.00131,  -0.01269,  -0.09323,  -0.00919,   0.01707,   0.03108,   0.06609,   0.07135,  -0.00744,  -0.01094,  -0.00919,  -0.00744,  -0.05471,  -0.04596,  -0.03545,  -0.09498,   0.03108,  -0.01444,   0.01182,  -0.01970,  -0.05471,  -0.02145,   0.02757,  -0.03195,  -0.01094,  -0.02670,  -0.01620,  -0.05121,   0.02757,  -0.02670,   0.03633,   0.03108,   0.00131,   0.02933,   0.05559,  -0.05296,  -0.00394,   0.00832,   0.03808,   0.08885,   0.00306,  -0.00044,  -0.07047,   0.02407,   0.08010,   0.00481,  -0.07747,   0.09411,  -0.02320,  -0.06347,   0.04333,  -0.03195,   0.01707,  -0.01620,  -0.06697,  -0.03195,   0.00306,   0.00306,  -0.03370,  -0.06172,  -0.03195,   0.01882,   0.02232,  -0.00044,  -0.02320,   0.03983,  -0.02145,   0.04333,  -0.07222,  -0.02320,   0.03983,   0.01007,   0.06084,  -0.00919,   0.00131,  -0.03545,   0.00657,   0.01707,   0.06084,   0.04508,  -0.00044,   0.01182,   0.00832,   0.01882,  -0.04246,  -0.02145,   0.01882,   0.03808,  -0.04246,  -0.00219,  -0.01094,  -0.12300,   0.02582,  -0.07047,  -0.08623,   0.03983,   0.01532,  -0.03896,  -0.06697,   0.02582,  -0.02145,  -0.03545,   0.01707,   0.06084,  -0.00219,   0.00306,  -0.02145,   0.04508,   0.04683,  -0.02670,  -0.02845,   0.05909,   0.08185,  -0.01444,   0.05034,   0.02407,   0.10811,  -0.00044,   0.06434,  -0.04071,  -0.03195,   0.05734,   0.16064,   0.07135,  -0.00919,  -0.03020,  -0.01620,   0.00131,  -0.00569,   0.00306,  -0.05471,   0.04158,   0.11512,  -0.02670,   0.00306,  -0.00394,   0.03808,   0.05559,   0.05559,   0.03458,   0.02933,   0.00657,   0.06259,   0.02582,   0.03633,  -0.09848,   0.01532,   0.00306,  -0.02845,  -0.07397,   0.03283,  -0.05121,   0.07660,   0.00306,   0.03108,   0.02933,   0.00657,   0.02582,   0.00131,  -0.01094,   0.06259,  -0.07747,  -0.09323,   0.05034,  -0.00744,  -0.07572,   0.01882,  -0.04946,  -0.03896,  -0.04421,   0.06434,  -0.03370,  -0.02670,   0.07660,  -0.00044,  -0.09323,   0.11512,   0.00481,   0.01357,  -0.04421,   0.03633,   0.00306,  -0.03896,   0.03633,   0.02757,  -0.01795,  -0.03370,   0.03808,   0.04858,   0.03633,   0.05384,   0.02582,   0.05559,  -0.03721,  -0.04596,  -0.03370,  -0.01094,  -0.01620,  -0.05997,  -0.05646,   0.02933,  -0.00919,  -0.04946,   0.01882,  -0.01970,   0.05559,   0.10986,   0.03108,  -0.00569,  -0.03020,  -0.02845,  -0.05997,   0.08185,  -0.00394,   0.01532,   0.04858,  -0.02495,  -0.05646,   0.08535,  -0.01970,  -0.04771,   0.00306,  -0.02320,  -0.01269,  -0.02670,   0.03983,   0.01357,  -0.01444,   0.05034,  -0.00569,   0.01882,  -0.02145,  -0.06872,   0.07485,  -0.03195,  -0.02670,  -0.07747,   0.03983,  -0.00919,   0.01532,  -0.03370,  -0.03370,   0.01007,  -0.01795,   0.01532,   0.01532,   0.03808,  -0.03721,   0.02232,  -0.01620,  -0.05822,  -0.02320,   0.00481,  -0.01970,   0.03633,  -0.03370,   0.03283,  -0.03020,  -0.02845,  -0.00219,  -0.04246,   0.00832,  -0.00044,   0.01707,   0.00481,   0.03983,   0.02057,   0.08360,   0.06959,   0.03458,   0.10636,  -0.01970,   0.06434,   0.05209,  -0.11249,  -0.01094,   0.04508,  -0.04596,  -0.01269,  -0.03721,   0.01182,   0.01882,   0.06084,  -0.02145,   0.01182,   0.04333,   0.08710,  -0.02145,   0.02582,   0.02933,   0.05559,  -0.03370,  -0.08973,  -0.02670,   0.05909,   0.09586,  -0.01269,  -0.00219,   0.06434,   0.04333,   0.01882,   0.03983,   0.02757,  -0.02145,   0.05384,  -0.00569,  -0.04771,   0.07485
   0.03108,   0.02057,  -0.02845,   0.00306,   0.02057,   0.02232,   0.02057,  -0.01269,   0.03633,  -0.01620,  -0.06697,  -0.07397,   0.00306,   0.04508,  -0.01094,  -0.07047,   0.00481,   0.10461,  -0.05997,  -0.09673,   0.13262,  -0.01795,  -0.07922,   0.03283,  -0.03195,   0.04508,  -0.07572,  -0.02495,   0.01532,   0.06259,  -0.04071,   0.02582,  -0.01970,   0.11687,  -0.01269,  -0.00569,   0.02232,   0.00832,   0.01182,   0.03108,   0.03808,   0.03108,   0.07835,   0.05209,   0.03633,  -0.03545,   0.13613,   0.00657,   0.03108,  -0.12475,  -0.06172,  -0.02495,   0.06784,  -0.01269,  -0.03020,  -0.03370,  -0.01620,   0.00306,  -0.06697,   0.01707,   0.10636,  -0.01795,   0.02933,   0.00131,   0.02407,  -0.00394,  -0.04246,  -0.06697,   0.03983,   0.03808,   0.04683,   0.02407,   0.02057,  -0.02145,   0.03283,  -0.02670,   0.02933,   0.02057,  -0.04071,   0.00481,   0.00832,  -0.01795,  -0.04946,   0.05034,  -0.00569,  -0.03370,   0.00832,  -0.04771,  -0.04946,   0.04333,   0.03458,  -0.00219,  -0.01970,   0.02407,  -0.05822,  -0.10023,  -0.00744,   0.04158,  -0.03370,   0.01532,  -0.02845,  -0.04071,  -0.04596,   0.00481,  -0.06697,  -0.05997,  -0.00569,  -0.02145,   0.00131,  -0.00919,   0.02582,   0.00832,   0.02582,  -0.06522,   0.08885,  -0.02145,   0.12037,   0.00481,   0.01707,  -0.01094,   0.01532,  -0.05822,  -0.02670,  -0.08448,  -0.00744,   0.13437,  -0.05296,  -0.00569,  -0.03020,   0.05209,   0.00657,   0.02232,   0.01707,  -0.01094,   0.05734,   0.02057,   0.02757,   0.06259,  -0.03195,  -0.05121,  -0.02320,  -0.00219,  -0.00394,  -0.00394,   0.05209,   0.07485,   0.01182,  -0.01620,   0.00657,  -0.01620,  -0.01094,  -0.02145,   0.02232,   0.01007,   0.05559,  -0.00044,  -0.01269,   0.00481,   0.09060,  -0.04421,  -0.01620,   0.02933,   0.00832,   0.01882,  -0.05822,   0.03808,  -0.10199,   0.02057,   0.01182,   0.03108,  -0.08798,  -0.01094,  -0.01970,   0.00657,  -0.06522,  -0.00744,  -0.00569,   0.02232,   0.00131,   0.03633,  -0.00219,   0.04158,  -0.09498,   0.03458,   0.06259,   0.01882,  -0.03721,  -0.08973,  -0.01094,   0.03633,  -0.05471,  -0.00919,  -0.06872,  -0.03195,  -0.00919,   0.02407,  -0.05471,  -0.03370,  -0.08973,  -0.00394,  -0.01970,   0.07660,   0.05734,  -0.07222,   0.02232,  -0.01620,   0.05384,   0.02407,   0.00657,  -0.02670,   0.05034,  -0.04596,  -0.02320,  -0.07747,   0.05559,  -0.07572,   0.03633,  -0.01970,  -0.00394,   0.03633,   0.09060,  -0.04071,  -0.06172,   0.04333,  -0.03370,  -0.02320,  -0.05296,   0.02407,   0.05559,   0.01882,  -0.02670,   0.00832,  -0.05822,  -0.00919,  -0.04771,   0.03983,   0.07835,  -0.03545,   0.03108,  -0.02145,   0.03808,   0.01182,  -0.03721,  -0.04946,   0.01357,   0.01007,   0.05034,  -0.05296,   0.08885,   0.09586,  -0.00219,   0.05559,  -0.00744,   0.05384,   0.05559,   0.06434,  -0.05296,   0.06609,  -0.11774,  -0.06697,  -0.04771,   0.02757,  -0.00394,  -0.12300,  -0.01094,   0.08535,  -0.03721,  -0.05471,  -0.00919,  -0.01269,   0.07835,   0.01007,   0.05909,  -0.03545,  -0.01620,   0.06959,  -0.02495,  -0.03545,  -0.04596,   0.02582,   0.04158,  -0.01970,   0.02582,   0.00131,   0.02232,  -0.01094,   0.05384,   0.02582,   0.04158,   0.05034,   0.04508,   0.02582,   0.04683,  -0.00394,   0.03808,  -0.01970,  -0.01620,  -0.02670,  -0.01094,   0.04333,   0.02933,   0.00481,   0.00657,   0.04683,  -0.00569,   0.03458,  -0.03545,  -0.02495,  -0.10549,  -0.02845,   0.02933,  -0.01094,  -0.06347,  -0.03370,  -0.00569,   0.04858,   0.06084,   0.00657,   0.05734,   0.06259,   0.08185,  -0.07922,  -0.01269,   0.11336,  -0.03545,  -0.00219,   0.03283,  -0.00569,  -0.00919,   0.11512,  -0.06522,  -0.02670,   0.00481,   0.08885,  -0.01269,   0.06434,  -0.01970,  -0.02845,   0.00832,   0.05034,   0.03983,  -0.04771,  -0.03195,   0.00481,  -0.03020,   0.06084,  -0.03195,   0.03108,  -0.04071,   0.00481,  -0.04771,  -0.16677,   0.11336,   0.09761,   0.00306,   0.09060,   0.13788,  -0.00744,  -0.05296,   0.03108,   0.02933,   0.00657,   0.06434,   0.04333,  -0.03195,   0.08185,  -0.00919,   0.01707,  -0.02320,  -0.03020,  -0.07222,   0.00657,  -0.06872,   0.00481,  -0.10549,   0.09235,  -0.07572,   0.01007,   0.04683,   0.02933,  -0.03545,  -0.04421,  -0.01970,  -0.03721,  -0.04946,   0.08360,  -0.00744,   0.08535,  -0.03020,  -0.00569,   0.06609,   0.06434,  -0.05296,  -0.01094,  -0.04071,  -0.01269,  -0.04421,  -0.05822,  -0.03020,   0.00306,   0.04158,  -0.07397,  -0.06697,  -0.01094,   0.01532,   0.00832,  -0.00919,  -0.02145,  -0.03896,   0.04508,  -0.00569,  -0.02495,  -0.02145,   0.08185,   0.05909,   0.08710,   0.06784,   0.08885,   0.05909,   0.06959,  -0.04246,   0.03458,  -0.03370,  -0.00919,   0.03283,  -0.05646,   0.10461,   0.03108,   0.01007,   0.02057,  -0.02320,   0.05734,   0.05734,  -0.04071,   0.05384,  -0.03545,  -0.09848,  -0.04596,   0.09936,  -0.04071,   0.05384,  -0.01444,  -0.00744,  -0.05646,   0.01882,  -0.07222,  -0.07047,   0.01707,  -0.05296,   0.02933,   0.04683,  -0.01269,  -0.03545,  -0.07397,  -0.08273,   0.06084,   0.00657,  -0.01970,  -0.03545,  -0.04421,   0.01532,  -0.09148,  -0.03721,  -0.07222,  -0.01269,  -0.08973,   0.03633,  -0.08448,  -0.01795,   0.05909,   0.02407,  -0.13525,  -0.02145,  -0.03896,   0.02057,   0.01182,  -0.12650,   0.04683,   0.00131,  -0.04421,   0.00306,  -0.03020,  -0.01444,  -0.04596,   0.02407,  -0.01620,  -0.01620,   0.00131,   0.04158,  -0.01269,  -0.00394,   0.05034,  -0.03721,  -0.07572,  -0.03545,   0.05384,  -0.03721,   0.02057,  -0.01444,   0.07310,   0.07135,  -0.10023,  -0.00744,  -0.00394,  -0.02670,   0.03283,  -0.01620,  -0.04246,  -0.07922,  -0.02495,  -0.08973,  -0.03896,  -0.00744,   0.05034,   0.01182,   0.04158,   0.02582,   0.04333,   0.01007,  -0.06872,  -0.00919,   0.11512,  -0.02670,  -0.03545,  -0.02670,   0.01182,   0.04858,   0.00306,  -0.00394,   0.02933,   0.06084,   0.00306,  -0.13700,  -0.00394,   0.01532,   0.01707,   0.01707,   0.03633,   0.10111,   0.06259,  -0.03721,   0.00306,   0.01532,  -0.02320,  -0.06522,  -0.00219,   0.00832,  -0.05997,  -0.01094,   0.04683,   0.01182,  -0.00394,  -0.06172,  -0.00044,   0.02582,   0.13437,   0.02757,  -0.02320,  -0.04771,   0.05384,   0.00657,   0.01357,   0.00657,  -0.02495,   0.05734,  -0.00569,  -0.08273,   0.06959,  -0.03721,  -0.00219,   0.07135,   0.02407,  -0.04771,  -0.03721,   0.01532,   0.03458,  -0.05822,  -0.09323,   0.04858,  -0.03195,  -0.00744,   0.01182,  -0.04771,  -0.00569,   0.08535,   0.02407,   0.03108,   0.15363,  -0.02320,  -0.04071,   0.01882,   0.03808,  -0.01094,  -0.03545,   0.04508,  -0.05646,  -0.00919,  -0.02320,   0.02232,  -0.00919,  -0.06172,  -0.01094,   0.01532,  -0.01269,   0.03458,  -0.05822,   0.12387,   0.01707,   0.02757,  -0.01094,  -0.02495,  -0.02670,  -0.03896,   0.01357,   0.01357,  -0.03020,  -0.07222,  -0.00219,  -0.01094,   0.11512,   0.13437,   0.07485,  -0.00394,  -0.00744,   0.04333,  -0.02670,  -0.06347,  -0.04246,   0.05909,   0.03458,  -0.01620,  -0.01795,  -0.00219,  -0.05646,  -0.07572,   0.04158,   0.01882,   0.06959,   0.06959,  -0.08448,  -0.02845,   0.09235,   0.02407,   0.05209,  -0.04946,   0.05209,   0.00306,   0.01007,   0.00481,   0.01007,  -0.02145,   0.05559,  -0.02320,  -0.02145,   0.04683,   0.00481,   0.01707,  -0.00744,  -0.04246,  -0.00744,  -0.10374,   0.01357,  -0.01620,   0.10286,  -0.04421,  -0.04771,  -0.01795,  -0.09323,   0.02057,  -0.03896,  -0.02495,  -0.01444,  -0.07222,  -0.01269,   0.03458,  -0.10549,   0.00131,   0.13613,  -0.04596,  -0.02495,   0.07485,  -0.01444,   0.05034,   0.13613,  -0.02845,   0.01707,   0.07310,  -0.04246,   0.03808,  -0.06347,   0.02582,  -0.04596,  -0.02145,  -0.02145,  -0.04071,   0.08010,   0.05909,   0.00832,   0.05034,  -0.04946,   0.02057,  -0.01970,  -0.07922,   0.02232,  -0.00219,  -0.00044,   0.01182,  -0.12825,  -0.03896,  -0.04421,  -0.04946,  -0.01269,  -0.02670,   0.10111,   0.09411,   0.06959,   0.03633,  -0.03195,   0.04333,   0.04158,  -0.07397,  -0.06697,  -0.12124,   0.05209,  -0.01444,  -0.03195,  -0.00569,   0.05034,  -0.10199,  -0.02670,  -0.03896,  -0.00219,  -0.04771,   0.02232,  -0.02495,   0.01182,  -0.05646,  -0.01269,  -0.04421,  -0.03721,  -0.00044,  -0.01444,  -0.04421,   0.01007,   0.05909,   0.03283,   0.01532,  -0.07922,  -0.03721,   0.02407,   0.12737,  -0.07397,   0.03808,   0.04333,   0.04158,  -0.05997,  -0.03721,   0.03283,   0.09761,  -0.00394,   0.05559,  -0.00744,   0.03633,  -0.02145,  -0.03020,  -0.00919,   0.10986,  -0.02845,  -0.04071,   0.01532,   0.01532,   0.00481,   0.03458,   0.03808,  -0.06872,   0.09235,   0.07310,  -0.00219,   0.02757,   0.05384,  -0.03020,  -0.03195,   0.07310,   0.03808,   0.02232,   0.04508,   0.02933,  -0.01795,  -0.04946,  -0.00044,  -0.03020,  -0.01620,   0.09235,   0.02407,   0.03283,  -0.07572,   0.02582,   0.06959,   0.01357,  -0.02145,   0.13087,   0.04508,  -0.04071,  -0.11599,   0.04158,   0.00832,  -0.04596,   0.04683,   0.01182,   0.00306,   0.01357,   0.04508,   0.01182,   0.00832,   0.12212,   0.01707,  -0.01795,   0.01182,  -0.00394,   0.04858,  -0.05646,   0.02407,   0.00306,  -0.03020,   0.00657,   0.03458,   0.03633,  -0.00044,  -0.00219,   0.03633,   0.02757,  -0.02320,  -0.00744,   0.02757,  -0.01795,   0.03983,  -0.04946,  -0.04071,   0.10636,  -0.01444,   0.00131,   0.00306,  -0.01795,   0.03108,   0.04333,  -0.00219,  -0.04421,  -0.03896,  -0.03721,   0.01007,  -0.00569,   0.04333,   0.04683,  -0.07922,   0.06084,  -0.05471,  -0.01795,   0.05384,   0.03458,   0.00131,   0.06784,  -0.00919,  -0.03020,   0.03808,   0.06084,   0.03283,   0.08360,  -0.00569,   0.08885,   0.04858,  -0.11249,   0.05559,  -0.03020,  -0.01444,   0.06784,  -0.02495,   0.04858,   0.01707,  -0.00394,   0.05034,  -0.05121,  -0.04421,   0.06609,   0.01357,   0.03983,  -0.03020,  -0.01094,  -0.02145,   0.01882,  -0.05997,  -0.11774,  -0.05121,  -0.11249,  -0.03721,   0.06434,  -0.01269,  -0.01620,   0.15013,   0.04333,  -0.01795,  -0.01094,  -0.01970,  -0.05471,   0.04508,   0.04683,  -0.01620,   0.06434,  -0.06697,   0.04858,   0.03633,  -0.00394,   0.04508,   0.04158,  -0.01970,   0.03633,  -0.08448,   0.00657,   0.07835,   0.06434,   0.03108,  -0.02845,   0.01707,  -0.03545,   0.10111,  -0.01269,  -0.00569,  -0.04771,   0.01357,   0.02757,  -0.00044,   0.01182,   0.00306,  -0.00569,  -0.01444,   0.03108,   0.03283,   0.03808,   0.01882,  -0.04771,   0.00832,  -0.01970,   0.09761,  -0.03545,  -0.03020,  -0.00044,   0.07485,  -0.04421,  -0.02495,  -0.01444,   0.02407,  -0.03020,  -0.07747,  -0.00044,  -0.00044,   0.09761,  -0.04946,  -0.00919,   0.04508,  -0.02145,  -0.03545,  -0.06697,  -0.02670,  -0.01620,  -0.01795,   0.04508,  -0.00394,  -0.00919,   0.00657,   0.06784,   0.06784,  -0.00919,  -0.04421,   0.06084,  -0.01795,  -0.04946,   0.03108,   0.00832,   0.05034,   0.00131,   0.01357,  -0.06172,  -0.03195,   0.12912,   0.01882,  -0.01269,   0.03633,  -0.01620,  -0.04596,   0.05209,   0.01882,   0.04158,  -0.01094,  -0.01094,   0.09060,  -0.04771,  -0.03020,  -0.01970,  -0.02495,   0.08885,   0.05734,   0.02057,   0.02407,   0.03108,  -0.01444,  -0.02670,   0.06259,  -0.02320,  -0.00219,  -0.03545,   0.06259,   0.01182,   0.07660,  -0.04246,  -0.11074,   0.01357,   0.02933,  -0.01970,  -0.01269,  -0.09323,  -0.03896,   0.00306,  -0.00569,  -0.03721,  -0.09673
  -0.01795,   0.02057,  -0.07222,   0.03633,   0.00657,   0.00832,   0.02582,   0.01882,   0.01007,   0.04333,   0.04858,  -0.02320,   0.02757,   0.02407,   0.03283,  -0.00919,   0.00657,  -0.01970,  -0.00219,  -0.00569,  -0.01444,  -0.00044,  -0.04246,   0.04508,  -0.04596,   0.00832,   0.03458,   0.05384,   0.02933,   0.02933,  -0.01444,   0.02933,   0.04333,   0.02933,  -0.05822,  -0.00569,  -0.03896,  -0.07047,  -0.00219,  -0.05997,  -0.03195,   0.01357,   0.02407,  -0.04596,  -0.00219,   0.00657,   0.01707,   0.06084,  -0.01444,   0.02407,  -0.04071,  -0.00394,   0.03108,   0.03283,   0.06784,   0.12387,   0.04508,   0.10286,   0.01007,  -0.00219,  -0.03020,  -0.01444,   0.00131,  -0.02845,   0.02933,  -0.00394,  -0.00744,  -0.01620,  -0.02670,  -0.01444,  -0.06172,   0.01882,  -0.04246,   0.05034,  -0.03195,  -0.05646,  -0.00744,   0.01007,  -0.00394,  -0.08798,   0.00131,  -0.06522,  -0.01094,   0.06259,   0.00131,   0.00131,  -0.00569,   0.00657,   0.01182,   0.00481,   0.05384,  -0.00044,   0.01007,  -0.07572,   0.01007,  -0.00569,  -0.01620,   0.02933,   0.04333,   0.02407,  -0.00569,   0.03458,   0.00131,   0.00832,   0.00131,   0.02057,   0.04508,   0.01357,  -0.08973,  -0.06872,   0.02582,  -0.00394,  -0.02845,   0.00481,  -0.05997,  -0.03195,   0.04508,   0.00657,   0.00131,   0.01357,  -0.04421,  -0.10724,   0.01532,  -0.01970,  -0.01269,  -0.08098,  -0.00219,  -0.07222,  -0.02145,  -0.03721,   0.03458,   0.04158,  -0.06522,  -0.02495,   0.02232,   0.01532,  -0.04771,   0.07310,  -0.03896,   0.01882,   0.04333,  -0.03020,   0.01707,  -0.01970,  -0.02845,   0.02582,   0.02232,  -0.03370,   0.03283,   0.05559,  -0.00569,  -0.03721,   0.00481,  -0.06172,  -0.00569,   0.02057,  -0.00044,  -0.06522,   0.04158,  -0.00044,   0.06084,   0.06959,   0.04683,  -0.01795,   0.04158,  -0.03020,  -0.02320,   0.01357,  -0.03195,  -0.01970,   0.01357,  -0.03896,  -0.01269,  -0.05296,  -0.02845,  -0.07222,  -0.01620,  -0.03721,  -0.00744,  -0.02145,  -0.04071,  -0.02845,   0.03808,  -0.07222,  -0.00569,   0.03458,   0.03633,  -0.04421,  -0.03721,  -0.09498,  -0.05646,   0.06784,   0.01532,  -0.00569,   0.05209,  -0.00569,  -0.05471,   0.06959,  -0.04771,  -0.01795,  -0.02145,   0.02232,   0.00131,   0.06084,  -0.09673,   0.06959,   0.04683,   0.01532,  -0.00919,   0.00481,  -0.02495,  -0.04071,   0.04683,   0.01357,   0.09586,   0.00832,   0.03108,   0.05384,   0.01532,  -0.05121,   0.03458,  -0.02495,   0.02407,   0.00306,  -0.05121,   0.05209,   0.04333,  -0.01620,   0.02582,   0.04333,   0.02757,  -0.00219,   0.08360,   0.06434,   0.02057,   0.08360,  -0.03545,   0.03458,  -0.03545,  -0.01094,   0.00832,   0.01532,  -0.00569,  -0.03370,  -0.03020,  -0.01269,   0.02582,  -0.02845,  -0.01269,   0.02582,   0.01357,  -0.02495,   0.02407,   0.01182,  -0.07222,   0.06259,   0.09586,   0.01882,  -0.00744,   0.03458,   0.05034,   0.02407,   0.04158,   0.01007,   0.05209,  -0.01094,  -0.01970,   0.04158,   0.02757,   0.03983,   0.02057,   0.05034,  -0.07572,   0.02407,   0.08360,   0.00481,  -0.02670,   0.00481,  -0.00569,   0.00832,  -0.05296,   0.07135,   0.01182,   0.02757,  -0.00044,   0.01532,  -0.03370,   0.07135,   0.04683,   0.05384,  -0.03020,  -0.01269,  -0.01795,   0.01532,   0.08535,   0.00306,  -0.05997,  -0.08273,  -0.00219,   0.00131,   0.00657,   0.01882,  -0.01620,  -0.01970,   0.01182,  -0.01094,  -0.02845,  -0.00569,   0.02407,  -0.02320,  -0.07047,  -0.02495,  -0.01620,   0.01007,  -0.04246,  -0.03721,   0.04858,   0.09936,  -0.05646,  -0.03020,  -0.01269,   0.04858,   0.00306,  -0.01269,   0.05384,   0.11862,  -0.04071,   0.03633,  -0.00044,  -0.08623,  -0.00044,  -0.02145,   0.01707,   0.02757,  -0.00569,  -0.03370,  -0.00919,  -0.02670,   0.01007,  -0.01620,   0.08360,  -0.02495,  -0.02320,   0.04683,  -0.03896,   0.07835,  -0.00394,   0.00481,   0.02057,   0.03808,   0.05209,  -0.02495,  -0.01795,   0.02757,   0.05384,  -0.05471,   0.03458,   0.02057,  -0.03020,   0.03633,   0.02232,  -0.01269,  -0.06172,  -0.03195,   0.05209,   0.00306,   0.03633,   0.00657,  -0.04596,  -0.00744,   0.03108,  -0.00219,  -0.03020,   0.01532,  -0.00919,   0.05209,   0.04683,  -0.08098,   0.00481,   0.07310,  -0.01269,  -0.00569,  -0.03545,  -0.03721,   0.09060,  -0.06697,   0.01532,   0.01532,   0.02933,   0.01357,   0.00657,  -0.00569,   0.05034,   0.05909,   0.04683,   0.02407,   0.04333,   0.01007,   0.00131,  -0.00044,   0.08185,  -0.04946,   0.04683,  -0.04771,   0.08535,   0.06259,   0.03108,  -0.01444,  -0.01094,   0.00131,  -0.00394,   0.01357,   0.02933,  -0.00219,  -0.01269,   0.00481,  -0.09498,   0.07310,  -0.02495,   0.10636,   0.02407,   0.02933,  -0.00219,   0.02933,   0.00657,  -0.01269,  -0.04946,  -0.03545,  -0.06172,   0.03108,   0.00832,  -0.03195,   0.00832,  -0.02845,   0.01882,   0.03108,  -0.03195,   0.01882,  -0.00044,   0.02407,   0.04333,  -0.04071,  -0.00394,   0.02582,   0.02582,   0.01182,  -0.02845,  -0.03020,  -0.03020,  -0.04596,   0.00306,  -0.03195,  -0.01094,   0.06084,   0.00481,  -0.03020,   0.01357,   0.01357,  -0.00569,  -0.00919,  -0.00219,   0.01532,   0.08535,  -0.07572,   0.00481,  -0.01620,  -0.01094,   0.00481,  -0.01795,  -0.07747,  -0.00394,   0.03283,  -0.01795,  -0.00394,   0.02933,   0.04158,   0.01532,  -0.01269,   0.07485,  -0.02670,   0.00481,  -0.05296,  -0.03195,   0.03983,   0.08535,   0.00481,   0.01357,   0.01007,  -0.02495,  -0.04071,  -0.04421,  -0.01795,   0.04158,  -0.05997,   0.02232,  -0.03020,   0.03633,   0.03808,  -0.00219,  -0.00919,  -0.08098,  -0.03020,   0.02057,  -0.07047,   0.00481,   0.02933,   0.01532,   0.02757,   0.05209,  -0.02495,  -0.00919,   0.05209,   0.02057,  -0.03195,   0.10461,  -0.05471,   0.02232,  -0.00219,  -0.01269,  -0.01094,   0.03283,  -0.00219,  -0.05121,   0.02057,   0.02232,   0.02757,  -0.00744,  -0.00744,   0.02582,   0.02407,  -0.02320,  -0.05997,  -0.00394,  -0.00744,  -0.00219,   0.01532,   0.02232,   0.01707,  -0.00569,  -0.02670,  -0.03195,   0.01707,  -0.02495,  -0.07047,  -0.03020,  -0.00919,   0.01357,  -0.00219,  -0.04071,   0.00832,   0.07310,  -0.04421,   0.04158,  -0.01795,   0.05909,   0.02407,   0.05034,   0.03808,  -0.05471,  -0.04596,   0.00832,   0.10286,   0.01707,  -0.00919,   0.00832,  -0.01094,   0.05909,   0.04158,   0.03108,   0.01357,   0.03983,  -0.02145,  -0.08273,  -0.00919,  -0.04421,  -0.02145,   0.01532,  -0.03020,   0.01707,  -0.05646,   0.05734,  -0.04946,  -0.00919,  -0.00744,  -0.00744,  -0.08448,  -0.00394,  -0.01795,   0.01357,  -0.08273,   0.02582,  -0.01094,  -0.05121,  -0.09498,  -0.04071,   0.04508,  -0.01269,   0.02933,  -0.05646,  -0.03020,  -0.03020,   0.01532,  -0.01094,   0.04683,   0.00832,   0.00832,  -0.00744,   0.03283,   0.01532,  -0.03896,   0.01182,  -0.05997,  -0.05997,  -0.04771,   0.04858,   0.02582,  -0.02670,   0.01007,   0.00481,   0.03458,  -0.07047,  -0.02845,  -0.00744,  -0.01444,  -0.03195,   0.04683,  -0.02845,   0.02057,   0.01532,  -0.01269,   0.02757,  -0.05997,   0.03808,  -0.05296,   0.01007,  -0.02145,   0.06259,   0.01882,   0.12387,   0.06959,  -0.01970,  -0.01269,   0.04508,  -0.06347,  -0.00919,   0.01182,  -0.00569,   0.01707,   0.03983,  -0.04421,  -0.01970,  -0.05121,  -0.03721,  -0.02145,   0.04508,  -0.00219,  -0.00744,   0.00657,  -0.05471,  -0.05296,  -0.05296,   0.05034,   0.01357,  -0.01795,  -0.08098,  -0.05121,  -0.03195,  -0.00394,   0.00131,   0.02582,  -0.08973,   0.01532,  -0.01620,   0.01882,  -0.00919,  -0.01444,   0.02057,  -0.03020,   0.00481,   0.05209,   0.00306,   0.06609,  -0.00919,   0.03633,  -0.01795,  -0.03195,  -0.02670,   0.01182,  -0.04246,  -0.03195,  -0.03721,  -0.03896,  -0.06172,   0.02582,   0.01532,   0.02757,  -0.05997,  -0.04246,  -0.01444,   0.03458,  -0.04771,  -0.03896,  -0.01970,  -0.02320,  -0.07572,   0.01007,   0.05559,   0.02582,   0.03808,   0.03108,   0.00657,  -0.00744,  -0.05646,  -0.03545,   0.01357,   0.01532,  -0.04771,   0.02057,  -0.03195,  -0.01620,  -0.01094,   0.01357,   0.03108,  -0.03370,   0.01007,  -0.06872,  -0.06522,  -0.03896,   0.04333,   0.05559,   0.02582,   0.04508,  -0.04071,  -0.04596,   0.00832,  -0.06347,   0.04508,   0.00306,  -0.02670,   0.04858,   0.05909,  -0.00219,   0.01182,  -0.04596,   0.02057,   0.07835,   0.01532,  -0.01269,  -0.03020,   0.02757,  -0.02845,   0.00657,   0.01357,   0.00657,   0.02407,  -0.00219,  -0.03195,  -0.00744,   0.01182,  -0.09323,   0.01707,  -0.00044,  -0.04771,   0.02057,  -0.06172,  -0.02145,   0.01882,   0.00481,   0.02933,   0.07135,   0.00832,   0.03633,   0.00481,  -0.00569,  -0.04596,  -0.03896,   0.03108,  -0.05997,   0.05559,  -0.07397,   0.03108,   0.03983,  -0.01795,  -0.03721,   0.01007,  -0.06347,  -0.03545,  -0.02670,  -0.05646,  -0.03370,   0.05909,   0.02582,   0.00131,  -0.05822,   0.03283,  -0.01444,  -0.06172,  -0.00219,   0.06609,   0.00481,  -0.07922,   0.05909,   0.01882,  -0.04596,  -0.02670,  -0.01094,  -0.06172,  -0.01444,  -0.02495,   0.08010,   0.00481,   0.01182,  -0.09148,   0.02057,  -0.00744,   0.03108,   0.04508,   0.01882,   0.04158,  -0.03896,   0.00306,  -0.04771,  -0.06697,  -0.03896,  -0.00569,  -0.05296,   0.04158,  -0.03020,  -0.03545,  -0.00569,  -0.01795,  -0.07397,   0.00306,   0.02057,   0.03108,  -0.01444,   0.01007,  -0.07047,  -0.02845,   0.01532,  -0.00569,   0.00481,  -0.04946,  -0.05121,   0.02407,  -0.00394,   0.02582,   0.03808,  -0.00569,  -0.04946,   0.01532,  -0.05121,   0.01007,  -0.05822,  -0.00394,  -0.00044,  -0.05296,  -0.00219,  -0.02145,  -0.04071,  -0.07572,  -0.04421,   0.01007,   0.03108,   0.02582,   0.01532,   0.00832,  -0.05822,  -0.01269,  -0.01620,   0.04158,   0.01707,  -0.01094,   0.05034,   0.07835,  -0.01970,   0.04508,   0.03108,  -0.05997,  -0.02495,  -0.04771,  -0.08973,  -0.06872,   0.02933,  -0.08273,  -0.00569,  -0.02845,   0.03633,   0.00131,  -0.01094,  -0.01620,  -0.03545,   0.02757,   0.01357,   0.04858,  -0.01444,  -0.01620,   0.04858,  -0.03020,   0.04508,   0.02933,   0.01532,   0.06434,   0.01882,   0.04858,   0.04858,  -0.01094,  -0.00394,  -0.02145,  -0.02145,  -0.06172,  -0.03545,  -0.00744,   0.01182,   0.05909,   0.05209,   0.00657,   0.01182,   0.02407,  -0.01795,   0.00131,  -0.03370,  -0.04771,   0.05034,   0.02757,   0.05734,  -0.02320,  -0.00394,  -0.04771,   0.04333,  -0.01970,  -0.05471,  -0.01444,  -0.03020,  -0.06347,  -0.00219,   0.03983,  -0.06172,   0.02407,  -0.00219,  -0.07922,   0.00481,  -0.00394,   0.04158,  -0.02320,   0.00832,   0.02757,  -0.01269,  -0.03370,  -0.01620,   0.03808,  -0.04071,   0.03983,   0.00657,  -0.00044,  -0.04771,  -0.01970,  -0.04596,   0.03633,  -0.04421,  -0.08448,  -0.05646,   0.03283,   0.01532,   0.00832,   0.06434,  -0.01444,   0.02933,  -0.02670,  -0.03545,  -0.01269,   0.01532,   0.02232,   0.04858,  -0.01970,   0.06784,   0.03283,   0.00306,   0.07135,   0.08010,  -0.05997,  -0.00919,   0.02232,  -0.00569,   0.00306,  -0.02320,   0.00131,   0.01707,  -0.02145,   0.01182,  -0.03195,   0.00306,   0.01357,   0.01357,   0.02407,   0.00306,  -0.04771,  -0.02320,   0.04508,   0.01882,  -0.02145,   0.02582,   0.02582,  -0.02495,   0.02582,   0.01532,   0.06084,  -0.04071,  -0.00044,  -0.05997,   0.01882,  -0.04771,   0.01532,  -0.02495,  -0.04071,  -0.02320,  -0.06697,   0.01707,   0.03633,  -0.02845,  -0.04946,   0.01007,  -0.05121,  -0.04771
   0.05909,   0.04158,   0.06259,  -0.00569,   0.07135,   0.08710,  -0.01795,  -0.01970,   0.06434,   0.03283,   0.01007,  -0.03370,  -0.03545,  -0.03020,   0.01182,  -0.00394,   0.04683,  -0.00919,   0.05384,  -0.00744,  -0.06522,  -0.06872,  -0.01269,  -0.01269,   0.06609,   0.01182,  -0.04946,  -0.05997,  -0.01094,   0.01357,  -0.07397,  -0.01620,  -0.01269,  -0.05471,  -0.02495,   0.06784,  -0.03195,   0.07660,  -0.04246,  -0.04596,   0.02582,   0.01707,  -0.03370,  -0.00394,  -0.05121,  -0.01620,   0.05384,  -0.02495,  -0.00744,   0.03108,   0.03108,   0.07485,  -0.05646,  -0.03896,  -0.02495,  -0.02670,  -0.01970,  -0.06872,  -0.02320,   0.00481,  -0.03370,   0.04333,   0.09235,  -0.02845,  -0.00744,   0.07660,  -0.06347,   0.06084,  -0.01970,   0.02232,  -0.01094,   0.00481,  -0.00394,   0.03458,  -0.07222,  -0.05646,   0.04508,   0.01007,  -0.04596,  -0.05646,  -0.03195,   0.04158,   0.04683,  -0.00044,   0.01882,  -0.05997,   0.01007,  -0.06522,   0.00657,   0.02582,   0.04858,   0.06784,   0.01882,  -0.04246,   0.11336,  -0.01444,  -0.06872,   0.04683,   0.03983,  -0.05296,   0.03458,  -0.00744,   0.00306,   0.02757,   0.01007,  -0.03195,   0.07485,  -0.02845,   0.04858,   0.01882,  -0.00394,   0.00131,  -0.03721,  -0.03721,  -0.03370,   0.03633,   0.09936,  -0.03896,   0.08710,  -0.04771,   0.02757,   0.04333,   0.00657,  -0.03020,  -0.12650,   0.07660,   0.03983,  -0.03020,   0.04858,   0.00131,   0.08010,   0.02057,   0.01182,  -0.01620,  -0.00044,  -0.04946,   0.03458,   0.00306,  -0.09498,  -0.04071,   0.00481,   0.03283,   0.06609,   0.03633,   0.01882,  -0.00919,  -0.00044,  -0.06872,   0.01182,   0.09060,  -0.00044,   0.04683,  -0.08623,  -0.01444,  -0.01970,   0.05034,   0.00481,  -0.00394,   0.02232,  -0.05121,   0.01707,  -0.02670,   0.04858,   0.01532,   0.04333,   0.03283,   0.06784,   0.06084,  -0.01444,  -0.01094,  -0.07747,   0.02933,   0.02057,  -0.03896,  -0.02670,  -0.06347,  -0.02495,   0.01707,  -0.04596,  -0.08273,   0.04333,  -0.01269,   0.05384,   0.08010,  -0.00394,  -0.01444,  -0.06872,   0.04158,   0.03633,  -0.02495,   0.00657,  -0.04596,   0.02757,   0.05734,  -0.07922,  -0.00919,  -0.01094,  -0.03195,  -0.06697,   0.01182,  -0.04596,  -0.03020,   0.00131,   0.06784,   0.00832,   0.03108,  -0.04771,   0.10286,   0.01532,  -0.00569,   0.03983,  -0.03370,   0.05034,   0.03633,   0.01007,   0.04508,  -0.04596,   0.03283,   0.04858,  -0.03721,  -0.00394,   0.00481,   0.07485,  -0.01795,   0.06084,  -0.01094,   0.02582,  -0.02320,  -0.01094,   0.00657,   0.03983,   0.04158,   0.02582,  -0.03545,   0.02057,  -0.07222,  -0.03195,  -0.02495,   0.06434,  -0.04071,   0.00306,  -0.05646,  -0.01795,   0.00306,   0.02057,   0.00832,   0.02407,   0.07660,   0.02582,   0.01707,  -0.01970,  -0.10023,  -0.03020,  -0.01795,   0.03983,   0.06259,   0.05384,   0.04333,  -0.03195,   0.01182,   0.06784,   0.02057,  -0.04946,   0.04333,  -0.00219,  -0.03020,  -0.01094,   0.04683,   0.07135,  -0.02145,  -0.00569,   0.01707,   0.02407,   0.07485,   0.03633,   0.01532,   0.07135,   0.08010,   0.02232,  -0.02145,   0.00832,   0.13788,   0.08010,  -0.04596,  -0.00744,   0.11161,   0.03983,   0.03808,  -0.08798,  -0.05296,   0.03983,   0.04683,   0.00131,  -0.00919,   0.06259,  -0.09323,   0.02933,  -0.00919,   0.03283,   0.00306,  -0.03896,   0.01007,   0.02933,  -0.01795,   0.02057,  -0.03195,   0.01532,  -0.04946,  -0.07747,  -0.00569,   0.05384,   0.00306,  -0.04596,   0.03283,  -0.02145,  -0.02145,  -0.01970,   0.02582,   0.02407,   0.05209,  -0.03370,  -0.02320,   0.00657,   0.07835,  -0.01094,   0.01182,   0.01357,   0.07660,   0.01182,   0.03633,  -0.06172,   0.05034,  -0.03896,  -0.00219,  -0.03370,  -0.01970,   0.06609,  -0.05997,  -0.01620,   0.05559,   0.00657,   0.02057,   0.13963,   0.05384,   0.06084,   0.00306,   0.09060,  -0.02845,  -0.01795,   0.00481,   0.06609,   0.01007,  -0.00394,   0.03283,   0.01882,  -0.01620,  -0.06347,  -0.04421,   0.05909,   0.08535,   0.13613,   0.06609,  -0.02495,   0.03633,   0.03633,  -0.03545,   0.01182,   0.03108,  -0.00744,   0.00481,  -0.00219,  -0.01269,  -0.08098,  -0.00219,  -0.02845,  -0.04071,   0.02057,   0.03458,  -0.08273,  -0.03195,   0.01882,  -0.06872,  -0.11249,  -0.08448,   0.01882,   0.04333,   0.01007,   0.01882,  -0.01444,   0.05384,   0.03283,   0.02757,  -0.08973,   0.02933,  -0.00044,  -0.00219,   0.05559,  -0.01444,   0.08885,   0.03983,   0.04333,   0.02757,  -0.04246,   0.01532,   0.01532,  -0.03195,  -0.04596,  -0.00744,  -0.00744,   0.02232,   0.07135,   0.02933,   0.00131,   0.03983,   0.00131,  -0.00044,  -0.03370,   0.05209,   0.04333,   0.02582,   0.03808,   0.05559,  -0.04596,  -0.06347,  -0.04421,  -0.04596,  -0.03195,   0.06434,   0.03283,   0.04683,   0.02933,  -0.05296,  -0.03721,   0.03458,   0.03458,   0.04858,   0.02757,   0.08010,   0.00481,   0.02757,  -0.02845,  -0.00394,   0.01882,  -0.03896,  -0.00744,   0.00832,   0.01007,   0.00657,   0.00481,   0.01532,   0.00657,  -0.04071,  -0.02495,  -0.00569,  -0.01269,  -0.00219,   0.03808,  -0.03020,   0.02407,  -0.04246,  -0.01094,  -0.01620,   0.10461,   0.02582,   0.05209,   0.04508,  -0.03721,  -0.03020,  -0.02320,  -0.00219,   0.00306,  -0.06172,   0.03808,   0.00657,   0.02933,  -0.06347,   0.07310,  -0.08273,   0.04683,  -0.02845,   0.01007,  -0.01620,   0.02933,   0.01882,  -0.04596,  -0.04771,   0.01707,   0.02757,  -0.01094,  -0.00044,  -0.00744,  -0.02845,  -0.05471,  -0.01970,  -0.11949,   0.02582,   0.03283,   0.02933,   0.06959,   0.03108,   0.03633,  -0.00569,   0.07660,   0.04858,   0.00481,  -0.06697,  -0.01970,  -0.03020,   0.03108,  -0.00394,   0.04333,  -0.03896,   0.00832,   0.02933,   0.09060,  -0.01970,  -0.01795,   0.03808,  -0.02495,   0.06959,   0.08360,  -0.05997,  -0.02320,   0.00131,   0.08535,  -0.00394,  -0.00569,   0.00657,   0.00832,  -0.02320,   0.01532,  -0.03896,  -0.00569,  -0.01795,  -0.00744,   0.01532,   0.03808,  -0.00919,   0.01532,  -0.00394,   0.06609,   0.01882,   0.02057,   0.01532,  -0.04771,   0.01707,   0.03108,  -0.00044,  -0.02845,  -0.06347,  -0.03020,   0.01182,   0.03808,   0.03283,   0.06609,  -0.04946,  -0.03020,   0.04858,  -0.03721,   0.01532,   0.05559,   0.01707,   0.00481,   0.00306,   0.01007,   0.01357,  -0.05471,  -0.02670,  -0.05646,   0.03108,  -0.04246,   0.04158,   0.06084,  -0.05822,  -0.01620,  -0.04771,   0.02057,  -0.05296,   0.06259,   0.01182,  -0.00919,  -0.02145,   0.02933,  -0.08273,  -0.00044,  -0.03020,  -0.02495,   0.03108,   0.03983,   0.01532,  -0.01970,  -0.01620,  -0.00394,  -0.04596,   0.01882,  -0.04421,   0.05559,   0.07310,   0.02407,  -0.04596,  -0.05471,   0.00131,   0.02057,   0.02057,  -0.00044,  -0.06522,  -0.00219,   0.07485,  -0.02845,  -0.00919,  -0.00569,   0.01882,  -0.00744,  -0.01620,  -0.03020,  -0.01269,  -0.03020,   0.04158,  -0.07572,   0.03808,   0.00657,  -0.03370,   0.04508,   0.01007,   0.01357,  -0.00569,   0.00306,   0.01007,   0.09060,   0.01707,   0.00306,   0.10111,   0.02232,   0.03108,  -0.04421,  -0.02670,   0.01532,  -0.01970,  -0.09498,  -0.00569,   0.03458,  -0.07397,   0.02232,   0.00657,   0.06609,  -0.01795,  -0.01620,   0.03808,  -0.00569,   0.02232,   0.01182,   0.00657,   0.04858,  -0.01094,   0.02582,  -0.01269,   0.09060,  -0.01795,  -0.03545,   0.03983,  -0.00044,   0.03458,  -0.04071,  -0.00394,   0.01532,   0.01882,   0.00131,   0.00131,   0.00832,  -0.07047,   0.03283,  -0.06347,  -0.01970,  -0.01795,   0.02407,  -0.04071,  -0.00394,  -0.01970,  -0.06872,   0.03808,   0.03983,  -0.04946,  -0.00919,  -0.03721,  -0.01444,  -0.02670,   0.01532,  -0.01094,  -0.01269,  -0.03370,   0.01182,  -0.02320,  -0.02495,   0.05209,  -0.00044,   0.06084,  -0.05997,   0.03983,  -0.01094,  -0.07747,  -0.01970,   0.09586,  -0.03545,  -0.09148,  -0.01444,   0.01532,  -0.07047,  -0.01444,  -0.01620,  -0.00569,   0.08010,  -0.04071,  -0.01970,  -0.03370,  -0.05121,  -0.03195,  -0.01620,   0.07310,  -0.05471,  -0.00569,   0.01357,  -0.02495,   0.01182,  -0.01795,  -0.00219,  -0.00744,   0.02407,   0.04333,   0.03108,   0.05559,  -0.04771,  -0.04421,  -0.00394,   0.07485,  -0.00394,  -0.03020,  -0.02320,  -0.03896,  -0.00919,   0.03283,   0.03283,  -0.03020,   0.08885,   0.02057,   0.02582,   0.00131,  -0.01094,   0.06434,  -0.05997,   0.03983,   0.03108,  -0.03195,  -0.01269,  -0.02845,  -0.00919,  -0.05471,   0.04858,   0.01707,  -0.00219,  -0.00569,   0.07485,   0.04683,  -0.01269,   0.02582,  -0.01795,  -0.02145,  -0.05296,   0.02232,  -0.03020,  -0.01970,   0.04158,  -0.05646,   0.06259,  -0.04421,  -0.08798,   0.01532,   0.03458,  -0.00919,  -0.02320,   0.06434,   0.02933,   0.03458,   0.05559,  -0.01795,   0.00832,   0.04508,  -0.04246,   0.02582,  -0.02320,   0.04508,   0.04333,   0.05734,   0.08010,   0.01182,  -0.07922,  -0.06872,   0.10111,   0.04333,  -0.00569,   0.01532,   0.05034,   0.07660,  -0.01970,  -0.03370,   0.00306,  -0.01444,  -0.03721,   0.03983,  -0.00219,   0.03983,   0.01532,   0.05034,  -0.01444,  -0.00744,  -0.00744,  -0.00044,   0.07485,   0.03283,  -0.01094,   0.07485,  -0.05822,  -0.05822,  -0.03020,  -0.03896,  -0.07747,  -0.06347,  -0.03020,  -0.00919,  -0.00219,  -0.11249,  -0.03721,   0.04158,   0.03108,  -0.02495,  -0.02670,   0.06959,   0.06959,  -0.06872,   0.04333,  -0.06522,  -0.00044,  -0.05121,  -0.04771,   0.07135,  -0.01444,   0.01532,  -0.01094,   0.08360,  -0.00044,   0.00832,   0.03633,   0.00481,  -0.02145,   0.04158,  -0.01269,   0.11161,  -0.02845,   0.03458,  -0.00219,  -0.01620,   0.01882,  -0.07222,   0.05034,  -0.00044,   0.01357,  -0.02320,  -0.01444,  -0.04421,   0.04158,   0.02933,   0.00131,   0.00306,   0.01707,   0.04858,  -0.01620,   0.06434,   0.01707,  -0.03545,   0.01007,  -0.00919,   0.03808,  -0.04946,  -0.03721,   0.04508,  -0.05471,  -0.01269,   0.03633,   0.05034,   0.02057,   0.00832,   0.00481,  -0.00569,   0.01882,   0.03983,   0.01532,   0.08710,   0.11161,   0.01357,  -0.01269,   0.03983,  -0.03545,  -0.02670,  -0.00394,  -0.03721,  -0.01094,  -0.00744,  -0.00394,   0.01182,  -0.00744,  -0.00919,  -0.03721,  -0.01269,  -0.00394,   0.03108,   0.03283,   0.00306,  -0.05471,  -0.04946,  -0.03896,  -0.00219,  -0.02845,  -0.05121,  -0.01444,  -0.03020,  -0.00394,   0.05209,   0.02407,   0.04683,   0.04858,  -0.08973,  -0.01444,   0.00832,   0.00832,   0.04508,   0.00131,   0.05909,   0.01882,  -0.08273,   0.08885,  -0.02670,   0.04158,   0.00832,  -0.00219,  -0.05646,  -0.08098,  -0.03195,   0.06434,  -0.03896,  -0.02845,  -0.07222,   0.03983,  -0.10549,   0.00131,   0.05209,   0.02232,   0.04158,   0.03108,  -0.02845,   0.00481,  -0.02145,  -0.01444,  -0.07397,   0.05559,   0.07310,  -0.08973,  -0.04771,   0.01357,   0.05384,   0.03983,  -0.03896,  -0.02145,   0.05734,   0.10286,  -0.05121,   0.01707,   0.02407,   0.00131,  -0.00919,   0.05909,   0.01532,  -0.02145,  -0.09673,   0.03458,   0.00131,   0.01532,  -0.03545,  -0.01269,   0.07835,  -0.03721,   0.03283,  -0.03195,   0.01182,  -0.01444,  -0.03896,   0.06434,   0.03808,   0.02057,   0.05034,   0.02057,   0.03633,  -0.04246,  -0.06697,   0.00832,  -0.03896,   0.09586,   0.02232,   0.03458,  -0.00744,   0.05734,  -0.05822,   0.02232,  -0.08273,   0.00131,  -0.03896,   0.00657,  -0.02145,   0.09411,   0.08535,   0.04333,   0.03458,  -0.04246,   0.00832,  -0.03020,   0.05384
   0.09411,   0.02232,  -0.04421,  -0.00044,  -0.01970,   0.01357,   0.03983,  -0.00919,   0.02407,  -0.00744,   0.03458,  -0.07222,  -0.01620,  -0.07047,   0.04158,   0.00131,  -0.00394,  -0.03721,   0.01007,  -0.02145,  -0.01269,   0.02057,  -0.01970,  -0.00394,   0.03108,  -0.07922,  -0.00744,   0.05734,  -0.01970,  -0.03370,  -0.03195,   0.11512,   0.02407,  -0.05121,  -0.02670,   0.00481,   0.04333,  -0.00569,  -0.06872,   0.01357,  -0.04946,   0.04333,  -0.03020,   0.01007,   0.01707,   0.02582,   0.05734,  -0.01094,  -0.04421,  -0.00219,  -0.01620,  -0.05646,  -0.04071,   0.04508,  -0.03545,   0.00306,   0.01357,  -0.01444,   0.05559,  -0.03721,  -0.02320,  -0.01795,  -0.06872,  -0.06872,  -0.08448,  -0.02320,  -0.04071,  -0.04596,   0.01182,  -0.00394,  -0.04771,  -0.01444,   0.01532,   0.05734,   0.04858,   0.01357,   0.07310,   0.04683,  -0.04071,   0.02232,   0.10461,   0.00832,  -0.00919,   0.02757,   0.04858,   0.06434,  -0.03721,  -0.06347,   0.06434,   0.02407,  -0.05646,  -0.01269,   0.05909,  -0.00044,   0.01357,  -0.06522,   0.02407,   0.04683,  -0.02670,   0.01532,   0.02933,   0.03283,   0.02057,  -0.08273,   0.05209,   0.03633,   0.01007,   0.01182,   0.03108,  -0.00394,  -0.01444,   0.01007,  -0.00044,   0.06784,  -0.01620,  -0.09673,   0.05209,   0.06784,  -0.01269,  -0.01620,   0.00481,   0.02232,   0.09936,  -0.03020,  -0.08798,  -0.00744,  -0.02845,  -0.04071,   0.00306,   0.07135,  -0.02670,   0.03633,  -0.01620,   0.06609,  -0.01444,  -0.03370,  -0.07747,  -0.04246,  -0.02145,   0.02232,   0.01007,   0.02933,   0.05909,   0.03108,  -0.07572,   0.03108,  -0.03545,  -0.06697,   0.07135,   0.06959,   0.00481,   0.03633,   0.03108,  -0.01795,  -0.05822,  -0.02670,  -0.08098,   0.03808,   0.02407,  -0.01269,  -0.02145,  -0.03896,   0.05034,  -0.00044,  -0.01444,   0.01882,  -0.03020,   0.00306,   0.02407,  -0.03020,  -0.01269,  -0.01795,  -0.06522,   0.00832,  -0.03020,  -0.03896,  -0.03020,  -0.04071,  -0.03896,  -0.07222,   0.01357,  -0.03896,   0.07835,   0.09586,   0.02582,  -0.05646,   0.03808,  -0.05296,  -0.03370,  -0.05997,  -0.02320,   0.05734,  -0.07222,  -0.00394,   0.01182,   0.01532,  -0.01795,  -0.08798,   0.00306,  -0.02670,   0.03633,   0.09235,   0.02057,   0.05384,   0.04683,   0.02232,  -0.05296,   0.04508,  -0.03020,  -0.02495,  -0.00569,   0.02407,  -0.01970,   0.04683,  -0.01094,  -0.00219,  -0.10549,   0.02582,  -0.11774,   0.01532,  -0.02145,   0.01532,   0.00657,   0.09936,  -0.00219,   0.00306,  -0.03721,   0.04683,   0.00657,  -0.02495,   0.09411,   0.03808,   0.00306,   0.04158,  -0.07397,   0.03283,  -0.06522,  -0.02320,  -0.01094,  -0.02495,   0.05734,   0.00306,  -0.10199,  -0.03370,   0.00832,   0.02232,  -0.01444,   0.00481,   0.01357,  -0.01795,  -0.01444,  -0.01094,  -0.00394,  -0.03020,  -0.00044,  -0.01094,  -0.08098,   0.06084,  -0.00394,   0.08010,  -0.01269,   0.01182,   0.01357,   0.02232,  -0.01970,  -0.01620,  -0.00219,  -0.01795,  -0.05121,   0.02933,   0.00131,   0.02757,  -0.04421,   0.01707,  -0.05822,  -0.01269,  -0.02495,  -0.04246,  -0.04246,   0.00481,  -0.04071,  -0.05471,  -0.04246,  -0.01269,  -0.01970,  -0.02320,  -0.00394,   0.05734,  -0.03370,  -0.01269,   0.04508,  -0.03721,   0.06784,  -0.06347,  -0.00569,   0.04683,  -0.03896,   0.05909,  -0.00044,   0.10286,  -0.04946,  -0.04071,   0.00131,   0.06434,  -0.01444,   0.06959,   0.00306,  -0.07922,  -0.02495,  -0.09498,  -0.02145,  -0.01970,   0.00481,  -0.01444,   0.05034,  -0.01444,  -0.01444,  -0.04596,  -0.03721,   0.04333,  -0.00569,  -0.01269,  -0.03721,  -0.04071,  -0.01094,  -0.02495,   0.00306,   0.09235,   0.02407,  -0.00919,   0.04508,  -0.02320,   0.01007,  -0.03195,  -0.10199,   0.01182,   0.04158,   0.00131,  -0.00219,  -0.07397,  -0.04771,  -0.05822,  -0.03721,  -0.00394,   0.06959,   0.03283,   0.01007,   0.01182,  -0.06872,   0.01182,   0.05559,   0.07660,  -0.03896,  -0.01970,   0.08185,  -0.03020,  -0.03545,   0.00832,   0.10286,   0.02407,  -0.03545,   0.02933,  -0.00394,  -0.05296,   0.00481,  -0.00219,  -0.05471,   0.01182,   0.05209,   0.04333,   0.03983,  -0.04771,   0.00657,   0.01357,   0.03808,   0.03458,   0.01182,   0.01182,  -0.03721,   0.00832,  -0.01795,  -0.04246,   0.00657,  -0.00044,   0.07660,   0.06259,  -0.05121,  -0.03545,   0.02232,  -0.00569,  -0.00044,   0.04858,   0.06959,  -0.01795,  -0.01444,  -0.04071,   0.06959,   0.03458,   0.10461,   0.01182,   0.00832,   0.02057,   0.04858,  -0.04946,   0.02232,  -0.01269,   0.09060,   0.00832,  -0.06347,   0.05384,   0.03808,   0.01882,   0.01532,   0.02582,   0.05209,   0.01532,  -0.03195,   0.06259,  -0.01795,  -0.00044,   0.01707,  -0.00569,   0.00131,   0.01357,  -0.01444,  -0.03195,   0.01007,   0.08535,  -0.01970,  -0.01269,   0.05734,  -0.09848,   0.00832,   0.03808,   0.04858,  -0.06697,   0.02057,   0.03808,   0.01357,  -0.03545,  -0.03721,  -0.05822,   0.01532,   0.03108,   0.12212,  -0.04071,   0.02232,   0.02582,  -0.00744,   0.06434,   0.06084,  -0.01795,  -0.06347,  -0.08448,  -0.04596,   0.01357,  -0.08973,  -0.07222,   0.04683,   0.03633,   0.02057,  -0.01444,   0.00657,   0.01007,  -0.00219,   0.05734,  -0.01795,   0.07135,   0.04158,   0.01882,  -0.06347,   0.11336,   0.04858,  -0.00569,   0.10636,   0.04508,   0.03633,   0.05734,   0.02407,   0.00306,   0.06784,  -0.02495,   0.00306,   0.05384,   0.01707,   0.03108,  -0.08623,   0.02933,  -0.01970,   0.06784,  -0.02670,   0.02407,  -0.00569,   0.02582,  -0.01094,   0.03633,  -0.02320,  -0.04421,   0.08185,   0.03283,   0.04158,  -0.00919,   0.03633,  -0.00219,  -0.01269,  -0.02845,  -0.02320,  -0.07222,  -0.03721,  -0.00744,   0.01357,  -0.00569,  -0.08448,   0.03108,   0.08010,  -0.00744,  -0.05471,  -0.00394,   0.01532,  -0.05646,   0.05209,   0.01357,  -0.02320,   0.02057,   0.01532,  -0.03370,  -0.07397,  -0.01444,   0.01707,  -0.07047,  -0.05997,   0.09235,  -0.02670,   0.01532,   0.06784,  -0.00744,   0.04683,  -0.10899,  -0.02145,  -0.03195,   0.00131,  -0.02670,  -0.01094,   0.01182,  -0.00919,  -0.05646,   0.06084,  -0.00044,   0.03458,  -0.01094,  -0.03020,  -0.01094,  -0.03020,  -0.06347,   0.02933,   0.03458,  -0.03545,  -0.04596,   0.04158,  -0.05296,   0.06609,   0.01532,   0.05909,   0.04858,  -0.04421,   0.00481,   0.01007,   0.01882,  -0.13350,  -0.00919,  -0.03370,  -0.04596,   0.01007,  -0.06872,   0.08185,   0.07135,  -0.01970,   0.07135,  -0.02145,  -0.04771,   0.01532,   0.03633,   0.04858,   0.09936,   0.02933,  -0.00569,   0.03458,   0.01182,  -0.03370,  -0.05471,  -0.00569,  -0.05121,  -0.04946,  -0.04071,   0.02757,  -0.07572,  -0.03370,  -0.01970,   0.02582,   0.04158,  -0.06697,   0.01007,   0.10811,   0.01357,   0.02582,  -0.01094,  -0.00219,   0.03808,  -0.05822,  -0.08798,   0.00131,  -0.01094,  -0.00569,   0.02407,   0.07660,   0.02057,  -0.03545,   0.00481,   0.10286,   0.03108,   0.01707,  -0.03721,   0.00657,  -0.03020,  -0.05646,   0.04858,  -0.00744,   0.03458,   0.07485,  -0.11424,   0.03283,   0.02582,  -0.00919,  -0.05471,   0.02933,   0.00657,   0.00481,   0.01532,   0.04683,   0.00131,   0.02057,   0.01182,  -0.01444,  -0.07572,   0.01007,   0.02232,   0.01707,  -0.03020,   0.04508,  -0.02495,   0.02933,   0.06784,  -0.03370,  -0.06872,   0.01532,   0.03458,   0.07135,   0.02232,  -0.00744,   0.00131,  -0.00919,   0.03633,   0.05384,  -0.00044,  -0.04246,  -0.00219,  -0.05646,  -0.03195,  -0.01970,  -0.00569,  -0.03370,   0.05559,  -0.09323,   0.00657,   0.04858,   0.04333,   0.02582,   0.05909,  -0.02670,   0.01007,   0.03108,  -0.04946,   0.03983,   0.03108,  -0.05296,  -0.02670,   0.01882,  -0.07922,   0.05909,  -0.05822,  -0.02845,   0.09586,  -0.01444,  -0.01269,   0.05559,   0.06434,  -0.02670,  -0.13700,   0.02057,   0.01182,  -0.08798,  -0.04771,  -0.02495,  -0.02145,   0.05909,   0.10986,  -0.03195,   0.08885,  -0.00394,   0.01532,  -0.03896,  -0.05121,  -0.03896,  -0.00919,   0.06259,  -0.05646,   0.03633,  -0.00569,   0.02933,  -0.02845,   0.01882,  -0.07922,   0.06434,  -0.01444,   0.01882,  -0.00394,   0.01007,   0.02757,   0.05734,  -0.04246,  -0.00219,   0.02232,  -0.04596,   0.05909,  -0.06872,   0.04158,   0.04333,   0.03808,   0.10986,   0.02407,  -0.07572,  -0.03195,   0.09235,  -0.02320,  -0.00044,  -0.03020,  -0.03370,  -0.04421,  -0.00744,   0.00657,  -0.03020,  -0.02845,  -0.03195,  -0.02145,   0.01707,   0.01182,   0.01882,   0.01707,  -0.01444,   0.06784,   0.01007,   0.03108,  -0.03721,   0.00481,   0.01007,   0.03283,   0.06784,   0.00832,   0.02232,   0.06084,  -0.06172,   0.01007,   0.04683,   0.09586,  -0.03370,  -0.01970,  -0.01795,   0.05909,  -0.09498,   0.00131,  -0.07047,   0.00657,  -0.08273,   0.03633,   0.01357,   0.15363,   0.00832,   0.00131,  -0.05822,  -0.05822,  -0.07922,   0.03458,  -0.09673,   0.01707,  -0.00919,  -0.02670,  -0.01269,  -0.00044,   0.02757,  -0.03370,  -0.01970,  -0.03896,   0.09761,  -0.03896,  -0.07572,   0.05209,  -0.01269,   0.01357,   0.01357,  -0.04771,  -0.03896,  -0.05296,  -0.03370,  -0.03370,   0.01532,   0.04858,   0.03983,   0.00131,   0.04508,  -0.02145,  -0.04421,  -0.05121,   0.09411,  -0.04946,  -0.00044,   0.01532,   0.10111,   0.00306,  -0.03195,   0.06084,   0.03108,  -0.00744,  -0.06522,   0.04508,  -0.03195,   0.04508,   0.00481,   0.03808,  -0.00919,   0.03458,   0.04333,  -0.00219,  -0.03195,   0.02757,   0.05909,   0.03983,   0.05209,   0.01357,  -0.01970,   0.03108,   0.01707,  -0.01094,   0.03108,   0.07310,   0.03983,  -0.01620,  -0.01444,  -0.02845,  -0.00219,  -0.02320,   0.04508,  -0.03195,  -0.04946,  -0.02495,   0.01007,   0.00657,  -0.01444,  -0.08448,   0.03983,   0.02757,   0.06959,   0.05734,  -0.00569,  -0.00569,  -0.08973,  -0.03195,   0.02057,  -0.05997,   0.01007,   0.02933,   0.09235,  -0.04771,  -0.08273,  -0.00919,   0.05384,  -0.01269,  -0.02845,   0.03808,   0.07660,   0.03983,   0.01532,  -0.08623,   0.03983,  -0.03896,   0.01182,  -0.01444,  -0.01970,   0.00131,  -0.01094,   0.00481,  -0.02320,  -0.02495,   0.02057,   0.01532,  -0.00919,   0.02057,  -0.00044,  -0.04421,  -0.02320,  -0.03896,   0.10286,   0.00481,   0.02582,  -0.05822,   0.01882,   0.07835,  -0.01444,  -0.02495,  -0.00044,  -0.02145,   0.01882,  -0.02145,   0.00481,  -0.03545,  -0.00219,  -0.05296,  -0.02145,   0.05559,   0.00832,   0.04333,   0.00832,  -0.08973,  -0.02320,  -0.00744,   0.01707,  -0.03020,  -0.07747,   0.04333,   0.02232,   0.08010,  -0.00219,   0.02057,  -0.04421,   0.02057,  -0.06697,   0.04508,  -0.03545,   0.01357,   0.05034,   0.01357,  -0.08098,  -0.03896,   0.00481,   0.03108,  -0.03545,   0.02407,  -0.01094,  -0.08448,  -0.04946,  -0.04071,   0.07135,  -0.11599,  -0.01444,   0.01882,   0.02582,   0.12212,  -0.01269,  -0.01620,   0.05384,   0.02057,  -0.01970,   0.09060,  -0.06697,  -0.00569,   0.02757,  -0.00919,  -0.00919,  -0.05121,  -0.02320,   0.00306,  -0.02495,   0.06959,  -0.03896,   0.10636,   0.02232,   0.07835,  -0.04071,  -0.05997,   0.04683,   0.02933,  -0.00569,   0.06259,   0.06784,  -0.03020,   0.09235,   0.03283,  -0.06872,  -0.06172,   0.00306,  -0.00044,  -0.01094,   0.03458,   0.05559,  -0.02670,  -0.01444,   0.01532,   0.07135,  -0.05296,   0.05209,   0.00306,   0.07835,   0.00306,   0.02582,   0.03808,  -0.03721,   0.01182,   0.03633,  -0.03195,   0.00832,  -0.00394,   0.01882,  -0.08448,   0.01707,   0.04158
   0.04683,   0.03808,  -0.02670,  -0.03195,  -0.03195,   0.00306,   0.03108,   0.00657,   0.05559,   0.02933,  -0.02845,  -0.00219,  -0.01269,  -0.04946,  -0.04421,   0.02232,  -0.04421,  -0.01269,   0.02582,  -0.03721,  -0.00394,   0.04858,   0.07660,  -0.03721,  -0.00394,  -0.07397,   0.05734,   0.00306,  -0.03020,   0.01707,   0.00306,  -0.00919,   0.01007,   0.00832,  -0.05646,  -0.06522,   0.07310,   0.01182,   0.03808,   0.04683,   0.00306,   0.03633,   0.05034,  -0.02670,  -0.00919,  -0.01444,  -0.03545,   0.03633,   0.03983,   0.04158,   0.10811,   0.02757,   0.03283,   0.01882,   0.01707,  -0.05646,   0.05734,  -0.06697,  -0.00569,  -0.02845,   0.04683,   0.07485,   0.03283,  -0.03370,  -0.03195,   0.04683,   0.02407,  -0.03896,  -0.00569,  -0.02495,  -0.03896,  -0.08448,   0.00657,   0.03633,  -0.02320,   0.00657,   0.05034,  -0.06872,  -0.01269,   0.05559,  -0.04071,  -0.02845,  -0.01444,   0.03983,   0.00306,   0.02407,  -0.04071,   0.09060,   0.00481,   0.01532,  -0.02145,   0.06259,  -0.01269,   0.02933,   0.02407,   0.00657,   0.03983,  -0.01970,  -0.00044,   0.02232,  -0.02845,   0.02057,   0.05034,   0.03633,  -0.03545,  -0.07747,  -0.08273,  -0.09323,  -0.06347,   0.03458,   0.00832,  -0.00044,   0.02582,  -0.01620,   0.02757,   0.01707,  -0.02145,  -0.03370,  -0.03545,  -0.04421,   0.00657,   0.02407,  -0.04946,  -0.01795,   0.05209,  -0.03545,  -0.01269,  -0.06172,   0.01532,   0.01357,   0.00481,  -0.05471,   0.07135,  -0.06172,   0.04858,  -0.01620,  -0.02495,  -0.01970,  -0.06172,   0.02057,  -0.00219,   0.01007,   0.01182,  -0.01269,  -0.00219,  -0.01620,  -0.14400,   0.05909,  -0.04946,   0.00481,  -0.02495,   0.05209,   0.02407,  -0.04946,   0.00131,  -0.00219,   0.08010,   0.01007,   0.00481,   0.03458,   0.06784,   0.03983,   0.03633,   0.10461,  -0.05997,  -0.04421,  -0.02670,   0.00306,   0.00657,  -0.07747,  -0.02845,  -0.08623,  -0.07922,  -0.01269,  -0.04246,  -0.04946,   0.01007,   0.03808,  -0.04946,   0.05209,  -0.03195,  -0.08973,   0.06784,  -0.02495,   0.08885,  -0.03020,   0.03458,   0.00657,  -0.07222,  -0.04071,   0.03983,  -0.06347,   0.01532,   0.01707,   0.02232,  -0.06697,   0.05734,   0.06259,  -0.03195,   0.00131,  -0.06347,  -0.00919,  -0.04596,   0.07835,  -0.01444,  -0.01620,   0.03283,   0.02757,   0.00131,  -0.02145,  -0.07397,   0.03983,   0.07835,   0.00832,  -0.06347,  -0.01094,  -0.03370,   0.01357,   0.08535,  -0.01795,  -0.01094,  -0.03370,  -0.00219,   0.01882,  -0.06347,  -0.06872,   0.00481,  -0.01269,   0.02582,  -0.04596,   0.03283,  -0.06872,   0.10811,  -0.03195,  -0.03195,   0.00832,  -0.07747,  -0.02145,  -0.04946,   0.02232,  -0.06697,  -0.03020,   0.10111,   0.01532,  -0.02320,  -0.00044,  -0.05121,   0.01007,  -0.01444,  -0.01970,  -0.00394,   0.02407,  -0.05822,  -0.02145,   0.10636,   0.05209,   0.01182,  -0.01795,  -0.09673,   0.02232,  -0.04771,   0.01707,  -0.01795,  -0.00394,  -0.04946,   0.05734,  -0.06872,  -0.08623,  -0.02845,   0.04508,  -0.05296,  -0.02145,   0.00832,  -0.01970,   0.03808,   0.01707,   0.00481,   0.01357,   0.01532,  -0.00219,   0.02757,  -0.01444,   0.03808,   0.03108,   0.03283,  -0.06522,   0.05909,  -0.07397,   0.03808,  -0.01795,  -0.04421,  -0.01094,   0.03283,   0.02407,  -0.01269,   0.00306,   0.00657,  -0.00219,  -0.04596,  -0.07222,   0.06434,   0.01707,  -0.01970,  -0.01620,  -0.00044,  -0.01970,   0.03458,  -0.00394,  -0.04771,  -0.02495,   0.01882,  -0.00044,  -0.02495,   0.04683,  -0.02145,  -0.03545,   0.00832,   0.12387,   0.01007,   0.00481,   0.03283,   0.04158,   0.01882,   0.01532,  -0.01795,  -0.01094,  -0.15626,   0.12037,   0.04158,  -0.03195,   0.04858,  -0.01444,  -0.04246,  -0.06172,  -0.01269,   0.01882,  -0.08098,  -0.06172,  -0.05121,  -0.04596,   0.02232,  -0.03195,   0.02407,  -0.01444,  -0.09323,  -0.01620,   0.01357,  -0.05646,  -0.03370,  -0.06522,   0.00131,   0.00657,  -0.10023,  -0.00744,  -0.08273,   0.02407,   0.06959,   0.01182,   0.06434,  -0.03545,   0.00131,  -0.05296,  -0.04771,  -0.03721,   0.01007,   0.01532,  -0.03020,  -0.01269,   0.01707,   0.02232,   0.01182,   0.00832,  -0.00919,   0.00131,   0.06609,  -0.04946,   0.05384,   0.06609,   0.04158,  -0.01795,   0.04683,  -0.04596,  -0.03020,  -0.01094,  -0.06697,  -0.00569,   0.10636,  -0.02320,  -0.01094,  -0.08798,  -0.05471,   0.01357,  -0.00394,  -0.10374,  -0.00744,   0.05559,  -0.05296,   0.03283,   0.03283,   0.03108,   0.01882,  -0.01094,  -0.05997,   0.01882,  -0.02320,   0.02057,  -0.01795,   0.04683,   0.00832,   0.02757,  -0.02670,  -0.05997,  -0.01620,   0.02757,  -0.04071,  -0.10374,   0.00832,  -0.04071,   0.06259,  -0.01269,   0.05209,  -0.07572,  -0.04071,  -0.02495,  -0.00919,  -0.03020,  -0.05997,  -0.02495,   0.01532,  -0.06522,   0.09060,  -0.02495,  -0.10374,  -0.02495,   0.00481,  -0.00919,   0.02757,  -0.05296,   0.00657,   0.00832,   0.01007,  -0.07047,   0.10286,   0.08360,  -0.02495,  -0.03370,   0.01182,  -0.01795,  -0.01094,  -0.03195,   0.05384,  -0.01094,  -0.05296,  -0.05471,  -0.02320,   0.08010,   0.00481,   0.02407,  -0.01444,   0.00832,   0.03458,   0.04158,  -0.00919,  -0.03020,   0.02057,   0.01007,   0.08885,  -0.02495,  -0.03545,   0.01882,   0.03283,  -0.02495,  -0.02495,   0.03108,   0.01007,   0.03283,   0.00832,  -0.00919,  -0.02845,  -0.00569,  -0.02845,   0.00131,  -0.07222,  -0.06347,  -0.01094,  -0.01970,   0.06084,  -0.04246,   0.02057,  -0.05997,  -0.06172,  -0.00044,  -0.04246,   0.08010,   0.04333,  -0.01094,  -0.01094,  -0.01795,  -0.03195,  -0.01620,  -0.03721,  -0.05121,   0.03808,   0.05384,   0.01882,  -0.08098,   0.02582,   0.03458,  -0.05997,  -0.02145,  -0.01269,  -0.05997,  -0.01795,  -0.02145,   0.00481,   0.08885,  -0.02145,  -0.03721,   0.05909,  -0.03721,   0.01182,   0.06434,  -0.00919,  -0.00394,  -0.05997,  -0.03195,   0.01532,   0.01182,   0.02933,   0.05384,   0.04858,  -0.04246,   0.02057,  -0.08623,   0.05384,  -0.05997,   0.08710,   0.06959,   0.03633,  -0.01444,   0.04333,  -0.00744,  -0.01795,  -0.01094,   0.02057,   0.08885,   0.07310,   0.04683,   0.08185,  -0.00919,   0.07135,  -0.05997,   0.02757,  -0.00394,   0.02757,  -0.03896,   0.04858,   0.00657,  -0.07922,   0.00131,   0.04858,   0.01007,  -0.02320,  -0.09148,   0.08360,  -0.01795,  -0.01620,  -0.04596,  -0.00919,  -0.04596,  -0.00919,   0.02582,  -0.07047,   0.03633,  -0.02495,   0.01707,   0.09060,   0.03108,  -0.00394,  -0.02145,   0.02057,   0.01357,  -0.00044,   0.02232,  -0.03370,   0.06084,   0.05034,  -0.01620,  -0.01795,  -0.01094,   0.05909,  -0.01269,  -0.11774,   0.00131,  -0.06347,   0.03983,  -0.02495,   0.04158,  -0.02670,   0.00657,  -0.05646,   0.05034,   0.00306,  -0.01620,  -0.02320,   0.00306,   0.04508,   0.01357,   0.00832,   0.00306,  -0.05296,   0.00832,  -0.04596,   0.02407,   0.06259,   0.02757,   0.05909,  -0.04246,  -0.01094,  -0.04246,   0.00832,  -0.03896,  -0.03020,  -0.04596,  -0.00744,   0.00306,  -0.02670,  -0.04596,  -0.04946,  -0.07572,  -0.03195,   0.00832,   0.01882,   0.02407,  -0.02320,   0.01707,   0.01532,  -0.04246,  -0.12300,   0.05034,  -0.05822,   0.00657,   0.05734,  -0.03896,  -0.02495,  -0.01620,   0.02232,   0.02757,  -0.02495,   0.05034,   0.00306,   0.05209,  -0.04421,  -0.03721,  -0.00044,  -0.01620,  -0.01970,   0.04683,  -0.00394,   0.06084,   0.08535,  -0.05296,  -0.06172,  -0.05822,  -0.02845,  -0.02495,  -0.00744,  -0.00394,  -0.02320,   0.02933,  -0.01444,   0.00481,  -0.00744,   0.02057,  -0.02670,  -0.00219,   0.02582,   0.01007,  -0.00744,   0.00832,  -0.01094,  -0.04246,  -0.03545,  -0.11424,  -0.03545,   0.01357,  -0.01620,   0.08185,  -0.04421,  -0.04946,  -0.07397,  -0.03370,  -0.01620,  -0.07747,  -0.00919,  -0.08973,   0.08185,   0.00657,  -0.01970,  -0.00219,   0.02232,   0.02057,  -0.05997,  -0.00044,   0.04858,   0.02933,  -0.05121,   0.02057,   0.06084,   0.01532,  -0.00569,  -0.02145,  -0.04771,  -0.00569,  -0.05646,  -0.04421,   0.06084,  -0.03370,   0.01882,  -0.03195,   0.06784,   0.01707,   0.03108,  -0.03195,  -0.01269,   0.01007,   0.07835,   0.06259,   0.00832,  -0.01269,  -0.03370,  -0.05822,   0.00832,   0.03283,  -0.02145,  -0.00394,   0.01182,   0.04333,  -0.04071,   0.02407,   0.00131,   0.04508,   0.01707,  -0.02845,   0.03808,  -0.01269,   0.01882,  -0.00044,   0.02232,   0.01182,  -0.03721,  -0.03370,  -0.01094,   0.01882,   0.02757,  -0.02145,   0.03458,  -0.01970,   0.06609,   0.04858,  -0.05997,   0.04508,   0.03633,   0.07485,  -0.00569,   0.02407,   0.09411,  -0.01795,  -0.01620,  -0.05471,   0.05909,  -0.01620,  -0.02495,   0.02232,  -0.06522,   0.00306,  -0.05296,   0.00832,  -0.01269,  -0.01444,   0.04508,   0.01532,   0.02582,   0.01182,   0.03633,   0.02582,  -0.01620,  -0.01269,  -0.00919,   0.00131,  -0.03896,  -0.01444,   0.02232,  -0.04421,  -0.11774,  -0.05296,   0.03108,   0.07310,   0.03633,   0.03283,   0.05209,  -0.02320,  -0.01269,  -0.02495,  -0.00044,   0.00481,   0.03808,   0.01707,   0.00306,  -0.00394,   0.02757,   0.09936,   0.02933,   0.01882,   0.01882,  -0.03545,  -0.01269,   0.02407,  -0.00219,   0.00306,   0.02582,   0.04508,   0.04333,   0.03983,   0.02933,   0.02407,   0.03283,  -0.02845,   0.05559,  -0.05471,  -0.04421,  -0.00044,   0.00832,  -0.06697,  -0.00044,  -0.03195,  -0.01620,   0.02057,  -0.04596,   0.05034,   0.04333,  -0.07047,  -0.02320,   0.02757,   0.02232,   0.06784,   0.07135,   0.02582,  -0.01094,   0.02933,   0.01707,   0.06434,  -0.03896,  -0.00394,   0.06959,   0.01357,  -0.05997,   0.02933,   0.06959,  -0.03721,   0.01532,  -0.09323,   0.00306,  -0.00219,   0.03283,   0.01357,  -0.03721,   0.06259,  -0.07922,   0.07660,   0.06259,   0.04683,   0.07485,  -0.10899,   0.00832,   0.06434,  -0.00919,   0.05034,   0.00657,  -0.00394,  -0.00219,   0.00131,  -0.06347,  -0.07047,   0.00306,  -0.05296,   0.01882,  -0.00569,  -0.06347,  -0.03721,  -0.04771,  -0.06522,   0.02582,   0.02757,   0.04858,   0.07660,   0.04683,   0.04683,  -0.01269,   0.03283,  -0.00569,   0.02933,  -0.00394,   0.04508,   0.02582,   0.00657,   0.01007,  -0.03545,  -0.01094,   0.02757,  -0.01269,   0.06084,   0.07135,   0.03633,   0.02582,  -0.02670,  -0.03896,  -0.02670,  -0.00744,  -0.02845,   0.03808,   0.07310,  -0.00394,  -0.04246,   0.02232,   0.03808,   0.01532,  -0.05997,   0.03633,   0.02933,  -0.03896,   0.04858,   0.00306,  -0.07747,  -0.00569,  -0.01444,  -0.05471,   0.00306,   0.04508,  -0.04421,  -0.01620,  -0.00919,  -0.00394,   0.00306,   0.04858,  -0.01444,  -0.05471,   0.07485,   0.07135,  -0.04246,   0.06084,   0.00306,  -0.01444,  -0.02145,   0.00306,   0.00481,   0.02757,   0.08360,   0.02582,  -0.01795,  -0.07047,  -0.02845,  -0.03896,   0.00657,   0.00657,  -0.03195,  -0.02845,   0.05559,  -0.00044,  -0.02145,  -0.08273,   0.03283,  -0.01094,   0.00481,   0.03283,  -0.06697,  -0.03195,   0.02757,  -0.08098,   0.05209,   0.00481,  -0.01269,   0.00657,  -0.02495,   0.00657,   0.02582,  -0.04421,  -0.01970,  -0.13875,  -0.05121,   0.02407,  -0.00044,   0.01882,  -0.07572,   0.12562,  -0.03896,  -0.01094,   0.02582,  -0.05646,  -0.04596,  -0.01620,   0.03983,  -0.00569,  -0.03195,  -0.00919,  -0.00219,   0.07485,   0.06959,  -0.05822,   0.08710,   0.04683,  -0.05646,  -0.01795,   0.03108,   0.00657,   0.01882,   0.01707,  -0.00744,  -0.04771,   0.03633,  -0.01094,   0.03808,   0.03633,  -0.00219
  -0.01094,   0.00131,  -0.00044,  -0.01970,   0.02933,  -0.05997,   0.04508,   0.04333,   0.01532,   0.03458,   0.02232,   0.09060,   0.05209,   0.04858,   0.05209,   0.00306,   0.02933,   0.03283,  -0.00569,  -0.00744,   0.07310,  -0.08273,   0.04508,   0.06784,   0.01882,   0.04508,  -0.03721,  -0.00919,  -0.00219,   0.00131,  -0.00569,   0.05734,   0.10111,   0.01882,  -0.05646,  -0.07047,   0.01882,  -0.02320,   0.04158,  -0.01444,  -0.04946,   0.04333,   0.03808,   0.00657,   0.04508,   0.00481,  -0.01094,   0.04858,   0.01357,   0.02057,  -0.02320,  -0.03370,   0.00657,  -0.03545,   0.01882,   0.06959,   0.00832,  -0.00394,   0.00306,   0.00657,   0.03808,   0.06084,  -0.02145,   0.03808,   0.02232,   0.01707,  -0.00744,   0.05209,   0.03983,   0.04158,   0.07135,  -0.06172,  -0.04596,   0.03633,   0.03633,   0.08710,   0.01182,  -0.03370,  -0.00919,  -0.08448,  -0.07047,  -0.03020,  -0.14050,   0.03458,   0.00306,   0.09761,   0.01707,  -0.03195,   0.01707,   0.02232,  -0.03896,   0.05209,   0.02582,   0.04333,  -0.06172,  -0.01970,   0.10111,   0.03283,  -0.00219,   0.03283,  -0.00919,  -0.07747,   0.06959,  -0.01795,   0.06959,   0.04858,  -0.00219,  -0.05997,  -0.00569,  -0.05121,   0.08535,  -0.04071,   0.02757,   0.02582,  -0.02145,   0.06084,   0.00306,   0.01182,   0.00306,  -0.01795,  -0.02670,   0.02232,   0.05209,   0.02933,  -0.00044,  -0.02845,   0.01007,  -0.00044,   0.05734,  -0.08798,   0.04683,   0.01882,  -0.00919,   0.02582,  -0.00219,   0.07310,   0.00306,  -0.00744,   0.06434,   0.09235,   0.04333,   0.00481,   0.00832,   0.02933,  -0.00744,   0.00832,  -0.00744,  -0.02845,   0.02407,  -0.05121,  -0.01970,   0.03108,  -0.06697,   0.02933,   0.03108,   0.00481,   0.01007,  -0.03545,   0.02407,   0.02757,   0.02407,  -0.00044,   0.01532,  -0.00044,   0.03633,   0.07485,   0.00131,   0.01182,   0.06609,  -0.07747,  -0.01620,   0.04158,   0.01882,  -0.03370,  -0.00219,  -0.02320,  -0.06872,   0.04508,   0.03458,   0.00832,  -0.04596,  -0.03370,   0.03633,  -0.05296,  -0.07222,   0.02232,   0.00481,  -0.05121,   0.05209,   0.05034,  -0.04946,  -0.06172,  -0.01620,   0.05384,  -0.04946,  -0.00044,   0.06434,   0.01707,  -0.07222,   0.03283,  -0.01094,  -0.01094,  -0.00044,  -0.03545,  -0.00919,  -0.00919,   0.02232,  -0.01094,   0.07660,  -0.01970,   0.02933,  -0.01970,   0.05909,   0.03808,   0.05734,   0.02232,   0.07310,   0.06434,   0.01007,   0.00657,   0.06084,   0.03633,   0.06959,  -0.01970,  -0.03370,   0.00657,   0.03808,   0.00306,   0.00131,   0.04683,   0.04333,  -0.02320,   0.01357,   0.00657,   0.02933,   0.01007,   0.03633,  -0.00744,  -0.00569,   0.03633,   0.05909,  -0.01795,   0.01182,  -0.01620,  -0.06872,   0.02057,  -0.02495,   0.01182,  -0.02495,   0.05034,   0.00832,  -0.04771,  -0.03545,  -0.00219,   0.00306,  -0.03195,  -0.01620,   0.04333,  -0.00044,   0.01707,   0.05034,   0.04858,   0.00481,   0.09411,  -0.08448,  -0.02670,   0.04158,   0.00657,   0.03458,   0.03633,  -0.06347,   0.06259,   0.06959,  -0.05997,  -0.09848,   0.00481,   0.08885,  -0.02495,  -0.02495,   0.00657,  -0.04246,   0.05034,   0.00832,  -0.06872,  -0.05471,  -0.07397,  -0.03195,   0.05384,  -0.01094,   0.00481,  -0.00044,  -0.05121,  -0.00394,  -0.03545,  -0.01094,  -0.00744,   0.02582,  -0.01970,  -0.00044,   0.03458,   0.06084,   0.02933,  -0.04071,  -0.05822,   0.03983,  -0.00569,  -0.06347,   0.00131,   0.00131,   0.01357,  -0.04071,   0.01007,   0.02232,  -0.09498,   0.05734,   0.07135,   0.00306,   0.03983,   0.01007,  -0.04596,  -0.05121,   0.01357,  -0.09848,   0.01532,   0.03283,  -0.00044,  -0.04071,   0.03108,  -0.07047,  -0.04421,  -0.03370,  -0.03896,   0.05734,  -0.01094,  -0.03020,   0.07485,  -0.02495,   0.01532,  -0.00219,   0.02407,  -0.00394,  -0.04246,   0.02757,   0.07310,  -0.00744,  -0.01620,   0.00657,  -0.03721,   0.04858,   0.10111,  -0.03020,   0.01882,  -0.00394,  -0.03721,  -0.01094,   0.06084,  -0.00744,   0.02232,   0.05384,   0.03283,   0.00832,  -0.05646,   0.02407,   0.03108,   0.10111,  -0.00569,  -0.03721,   0.02933,  -0.00569,  -0.03370,  -0.06522,  -0.02320,   0.00481,   0.01707,  -0.07747,  -0.05296,  -0.03896,  -0.01795,   0.04858,   0.00657,  -0.11074,  -0.08798,  -0.01269,   0.02232,   0.00306,  -0.13175,   0.05734,  -0.00919,   0.02757,   0.00306,   0.06784,  -0.04421,  -0.01444,   0.06784,  -0.00919,   0.00832,   0.00657,   0.01882,   0.02232,   0.06434,   0.05034,   0.03108,  -0.00044,  -0.05646,   0.07310,   0.02757,  -0.00569,  -0.05997,   0.03808,   0.00832,   0.03983,   0.05384,   0.05384,   0.01357,  -0.01620,  -0.02670,  -0.04246,  -0.03195,   0.05559,   0.00481,   0.04158,  -0.04071,   0.02933,  -0.02145,  -0.03195,  -0.05822,  -0.02670,  -0.02495,  -0.05121,  -0.08623,  -0.00219,  -0.05121,  -0.02670,   0.00657,   0.04333,  -0.01970,  -0.01094,  -0.03896,  -0.03721,   0.01882,   0.03458,   0.02757,  -0.01269,   0.06434,   0.00306,   0.00481,   0.00481,  -0.03545,   0.01882,  -0.06347,  -0.00919,   0.01707,   0.00306,   0.03458,  -0.01444,  -0.06347,  -0.01795,  -0.09673,   0.02582,  -0.00744,   0.01357,  -0.00044,  -0.03020,   0.03283,   0.00306,  -0.00044,  -0.00919,  -0.03545,  -0.04771,  -0.04946,  -0.00044,   0.05559,   0.02057,  -0.03545,  -0.04771,   0.00306,   0.01007,  -0.00744,  -0.03370,   0.01357,   0.02582,  -0.05646,  -0.04771,  -0.04771,   0.01707,   0.01532,  -0.01094,   0.01707,  -0.02145,   0.02407,  -0.00394,  -0.00044,   0.04508,  -0.01620,  -0.00744,  -0.03195,  -0.01795,   0.02057,   0.02582,  -0.01269,   0.02582,   0.05384,   0.02232,  -0.05471,   0.01182,   0.00306,  -0.08273,   0.09586,  -0.10023,  -0.04771,   0.00832,  -0.05296,   0.16064,   0.01357,  -0.00044,   0.00481,   0.06084,  -0.07047,  -0.02145,  -0.01094,   0.00832,   0.00481,  -0.02320,   0.02232,  -0.02495,  -0.05296,   0.02057,   0.00657,  -0.01620,   0.05384,  -0.02845,  -0.03195,  -0.03896,   0.01882,   0.01882,  -0.02320,   0.02582,  -0.08273,  -0.04246,  -0.03370,  -0.03545,  -0.05471,   0.02232,   0.04508,  -0.00219,  -0.02320,   0.07660,   0.00481,   0.06259,  -0.02320,  -0.03370,  -0.01444,   0.01357,   0.03458,   0.05559,  -0.04246,   0.01182,   0.01532,  -0.02495,  -0.03721,   0.00481,   0.02933,  -0.02495,   0.05559,   0.01532,  -0.00219,   0.02582,   0.06259,  -0.00569,   0.15363,  -0.01970,   0.02407,  -0.04071,  -0.03545,   0.12212,   0.03458,   0.10111,  -0.04071,  -0.02495,   0.04683,   0.05034,   0.00832,  -0.01444,   0.06784,  -0.04771,  -0.00044,   0.00306,   0.02757,  -0.05997,  -0.03896,   0.04683,   0.02582,   0.00481,  -0.07922,  -0.05471,   0.02232,  -0.05296,  -0.05471,   0.03283,  -0.08273,  -0.02320,   0.05384,   0.06784,   0.01532,   0.07310,   0.02232,  -0.01444,  -0.00744,  -0.04771,   0.01532,   0.01357,  -0.00919,  -0.00219,  -0.07222,  -0.02670,  -0.01444,   0.03283,  -0.11249,  -0.02845,   0.00131,  -0.00219,  -0.07047,  -0.04946,  -0.04071,  -0.04071,   0.01007,  -0.05121,   0.09060,   0.01882,  -0.04421,   0.01707,   0.02232,  -0.08448,   0.01182,  -0.03896,   0.02582,   0.00131,   0.01532,   0.05209,   0.02407,   0.01182,   0.03458,  -0.00394,   0.00832,   0.04333,   0.06259,   0.03808,   0.08710,  -0.03020,  -0.00569,   0.03283,  -0.07047,   0.01007,  -0.05822,   0.03633,  -0.04071,  -0.03545,   0.00832,   0.01707,  -0.02670,   0.01707,   0.01182,  -0.05121,   0.02757,   0.03633,   0.01707,  -0.07922,  -0.02320,  -0.07047,  -0.00044,  -0.11599,   0.00832,  -0.09498,   0.00306,  -0.03721,  -0.08098,   0.00131,  -0.01795,  -0.00044,  -0.09498,   0.03458,   0.04683,   0.04683,   0.04858,   0.04683,  -0.01444,  -0.07047,   0.00481,  -0.02495,   0.07835,   0.00306,  -0.09673,   0.03633,  -0.00044,  -0.01795,  -0.02145,   0.01182,  -0.02495,   0.02232,   0.01357,  -0.00394,  -0.01795,  -0.03721,  -0.03896,   0.05034,  -0.00044,   0.03108,   0.02232,   0.00832,   0.01357,  -0.00394,   0.00481,   0.02057,  -0.01444,   0.03108,  -0.06172,   0.07310,  -0.06522,  -0.00219,   0.01707,   0.03458,   0.01182,   0.06434,  -0.01444,   0.01532,   0.02757,  -0.00219,  -0.02845,   0.09411,  -0.03721,   0.12737,   0.03633,  -0.03020,   0.00657,  -0.09148,  -0.00569,   0.06084,   0.00481,  -0.05296,   0.01882,  -0.03721,  -0.02845,   0.04333,   0.07835,  -0.03195,  -0.02670,   0.00832,  -0.03370,  -0.03721,   0.00131,  -0.01094,   0.00832,  -0.05471,   0.02757,   0.10286,  -0.00219,  -0.02495,  -0.05121,  -0.08798,  -0.01970,   0.07135,   0.00481,  -0.03195,  -0.02320,  -0.03721,   0.02407,  -0.03020,  -0.08098,   0.02232,   0.00657,  -0.00219,  -0.00919,   0.02407,   0.04158,   0.02232,   0.00306,  -0.07222,   0.05384,   0.03983,  -0.00569,   0.02757,   0.05034,   0.01182,  -0.04071,  -0.03020,   0.02582,   0.04858,   0.04508,  -0.05121,  -0.02145,   0.12212,  -0.04946,   0.05034,  -0.02495,   0.02933,   0.05034,  -0.01269,   0.03458,  -0.00044,   0.05384,  -0.07047,   0.06959,  -0.03020,   0.00306,  -0.04071,   0.02582,  -0.05822,   0.05209,   0.01532,  -0.06697,  -0.03195,  -0.03370,   0.07135,   0.00131,   0.01007,  -0.02670,  -0.05997,   0.02757,   0.06609,   0.02757,   0.03283,   0.01007,   0.01707,  -0.04071,   0.00481,   0.03983,  -0.04771,  -0.00219,   0.00657,   0.04683,  -0.05296,  -0.04071,   0.05034,   0.01532,   0.00306,   0.03808,   0.02582,  -0.00394,  -0.03370,   0.06259,   0.00832,   0.01007,   0.01882,   0.07660,   0.03633,   0.03283,  -0.02320,   0.03808,   0.02582,   0.05909,  -0.05296,   0.02057,   0.05559,  -0.02670,  -0.01444,  -0.04596,   0.02407,   0.05559,  -0.01094,   0.02933,   0.03983,   0.00306,  -0.00919,   0.03808,  -0.00219,  -0.01269,  -0.04946,   0.00832,  -0.00394,   0.03633,   0.02407,   0.07660,   0.03633,   0.02582,   0.01882,   0.00131,  -0.01970,   0.05034,   0.03458,   0.03283,   0.03108,  -0.08623,  -0.01970,  -0.08798,  -0.04071,   0.03108,  -0.00744,  -0.00744,   0.00657,   0.01707,  -0.08273,  -0.06172,   0.03458,   0.09586,   0.01007,   0.01882,   0.04333,  -0.04421,  -0.02495,  -0.01970,   0.05909,   0.01707,   0.03108,   0.00131,   0.04683,   0.01007,   0.03633,  -0.07922,   0.05909,  -0.00744,  -0.04946,  -0.03195,   0.01182,  -0.03370,   0.07310,  -0.04946,  -0.01795,   0.03283,  -0.03020,   0.02933,   0.07485,   0.01882,  -0.06697,   0.00481,  -0.04771,   0.04683,  -0.06172,  -0.01795,   0.03458,   0.00306,   0.00306,  -0.02670,  -0.00044,  -0.00394,   0.06084,  -0.04596,  -0.02670,  -0.05471,  -0.00744,  -0.03545,  -0.04946,  -0.02845,  -0.01094,   0.05559,  -0.01444,   0.01532,   0.00131,  -0.04771,  -0.00219,  -0.03896,   0.01357,   0.01007,   0.01357,   0.06259,   0.01357,  -0.06522,  -0.00919,  -0.01970,   0.05384,   0.01357,  -0.00394,   0.05559,   0.06784,   0.02057,   0.04333,  -0.00044,  -0.03195,   0.02057,   0.06609,  -0.06347,   0.05384,   0.02933,  -0.00744,   0.03633,  -0.01795,   0.01357,  -0.04596,  -0.02845,   0.00306,   0.06959,  -0.00044,   0.00657,   0.01882,   0.02057,   0.02582,   0.00306,  -0.00744,   0.07835,  -0.03020,  -0.03545,   0.05384,  -0.00569,  -0.03545,  -0.01620,   0.01357,   0.01532,  -0.08798,   0.02757,   0.00657,  -0.01620,   0.01007,   0.01882,  -0.04246,   0.08535,   0.01007,   0.01357,   0.04683,   0.00306,  -0.02145,   0.01882,  -0.01795,  -0.02320,  -0.04421,  -0.01269,  -0.01444,   0.01532,   0.05734,  -0.01094,  -0.00744,   0.10636,   0.00657,   0.00657,  -0.03545,  -0.01269
  -0.01620,  -0.02845,   0.04508,  -0.03020,  -0.06697,  -0.02145,   0.02933,   0.06959,  -0.00919,   0.00832,  -0.00919,   0.05209,  -0.03370,  -0.00219,  -0.00044,   0.03808,   0.04858,  -0.00744,  -0.04071,  -0.05822,   0.01707,   0.03283,  -0.04421,  -0.08623,  -0.07222,  -0.03896,  -0.00044,  -0.04071,   0.03983,   0.03283,   0.04683,  -0.03721,  -0.02845,   0.00657,   0.03283,  -0.00569,  -0.02145,   0.05034,  -0.02145,  -0.04596,   0.03808,   0.05209,  -0.09848,   0.01532,   0.09411,  -0.01444,  -0.02495,  -0.00044,  -0.05471,   0.06609,  -0.00744,  -0.01970,  -0.03195,   0.02407,  -0.05471,   0.03633,   0.02933,   0.03633,   0.09761,   0.12387,   0.02757,   0.11862,  -0.02845,   0.04333,  -0.00044,  -0.00744,   0.04333,  -0.04246,  -0.03370,  -0.06522,  -0.04246,   0.03283,  -0.01269,  -0.01444,  -0.03721,  -0.01444,   0.03983,   0.03808,   0.04683,  -0.00394,  -0.06697,  -0.03721,   0.02057,  -0.03370,  -0.02670,   0.06959,  -0.01444,   0.06259,  -0.02495,  -0.02320,  -0.03896,  -0.09848,   0.01707,   0.02407,  -0.00219,   0.06959,   0.06084,  -0.02845,   0.00306,   0.05209,   0.00832,   0.02057,  -0.04771,   0.00657,  -0.05997,  -0.04771,  -0.08973,  -0.05296,   0.00657,  -0.10549,   0.05034,   0.02407,  -0.03896,   0.00131,   0.04158,   0.09060,  -0.03370,   0.00306,  -0.00919,  -0.02495,  -0.01970,  -0.00044,   0.01182,   0.03108,  -0.04771,   0.08535,   0.01007,  -0.03370,   0.04508,   0.03458,  -0.02495,  -0.01094,   0.01007,  -0.02145,  -0.03370,   0.00481,   0.00832,  -0.02845,   0.02407,   0.03458,  -0.06347,  -0.01444,   0.00832,   0.00832,   0.02407,  -0.00394,  -0.02670,   0.01707,  -0.06347,  -0.06872,   0.02232,   0.02407,  -0.02495,  -0.00219,  -0.01444,   0.01882,  -0.03545,   0.03808,   0.00306,  -0.02670,   0.00481,   0.03108,   0.01707,  -0.05121,   0.03808,   0.02933,   0.05734,   0.07835,  -0.04421,  -0.09848,   0.13437,   0.02407,   0.05384,   0.00131,  -0.06872,  -0.04771,   0.02232,  -0.00394,  -0.00219,   0.07310,   0.08185,   0.00657,  -0.07922,  -0.08623,  -0.03195,   0.00131,   0.04858,   0.02757,  -0.01269,  -0.04596,   0.06609,  -0.08098,   0.06084,  -0.04246,  -0.02670,   0.07310,  -0.02845,  -0.01444,   0.09411,   0.02057,   0.03283,  -0.05471,   0.00481,   0.00657,   0.01357,  -0.01970,   0.04683,   0.02407,  -0.00394,  -0.03195,   0.03808,  -0.02320,   0.06959,   0.00481,   0.00481,   0.03108,  -0.03370,   0.06084,  -0.02320,   0.00657,  -0.08098,  -0.03896,  -0.07572,  -0.01970,   0.05559,  -0.02670,  -0.11424,  -0.00394,  -0.06872,  -0.06522,  -0.03195,   0.01882,   0.08710,   0.05909,   0.02933,   0.02582,  -0.01970,  -0.00219,  -0.01269,  -0.00044,   0.00832,  -0.04421,   0.09586,   0.06259,  -0.00394,   0.05734,   0.01882,  -0.01094,  -0.01795,   0.11161,   0.00657,   0.06784,  -0.03370,  -0.07222,  -0.03020,   0.01707,   0.01357,   0.02232,  -0.07222,   0.06084,  -0.01795,  -0.04421,   0.10111,   0.07135,  -0.01620,  -0.00394,   0.02933,  -0.07572,  -0.03896,   0.01532,   0.02933,   0.02933,  -0.07222,  -0.04071,  -0.04946,   0.05209,  -0.04771,  -0.03020,  -0.00044,  -0.00744,  -0.07222,  -0.04946,   0.02933,   0.04508,   0.06609,  -0.06522,  -0.02495,  -0.03721,   0.02582,  -0.02495,   0.03108,   0.01532,   0.02407,   0.02407,  -0.01094,  -0.11074,   0.06609,   0.06959,  -0.02320,   0.03108,  -0.04421,  -0.02145,   0.11512,   0.03808,  -0.03195,   0.07310,  -0.04421,   0.07310,   0.00657,  -0.03020,   0.08360,  -0.03721,   0.15188,  -0.07222,   0.02057,  -0.00394,   0.00657,   0.00657,   0.11512,   0.00131,   0.03808,  -0.08798,   0.01182,  -0.03195,  -0.03896,   0.01882,   0.01007,  -0.00744,  -0.04246,   0.02057,  -0.00044,  -0.00744,   0.01707,  -0.01795,  -0.05296,   0.01532,  -0.01444,   0.00657,  -0.00569,  -0.06522,  -0.00044,  -0.09673,   0.07310,  -0.04246,   0.05909,   0.12212,  -0.02145,   0.01532,   0.00481,  -0.04946,  -0.00744,   0.07135,  -0.03545,   0.05734,   0.01532,   0.07310,  -0.04071,   0.02057,  -0.08623,  -0.03020,   0.02933,  -0.07397,   0.09060,  -0.03896,  -0.03195,   0.06084,  -0.04071,   0.01882,  -0.03195,   0.06784,   0.00832,   0.01182,   0.08885,   0.00306,  -0.02495,  -0.03020,   0.03633,  -0.02320,   0.02232,   0.02232,   0.08360,  -0.04246,  -0.03545,  -0.00044,  -0.04771,   0.05209,   0.03633,   0.04333,   0.06084,  -0.01444,  -0.05822,  -0.01795,  -0.01094,   0.05559,   0.03983,   0.02407,  -0.00569,  -0.06347,  -0.07047,  -0.04071,   0.00832,   0.01357,   0.15363,   0.06784,   0.01007,  -0.04771,   0.02757,  -0.06347,  -0.08448,   0.05734,  -0.05296,   0.02232,   0.04683,  -0.00044,   0.02933,  -0.03545,   0.03633,  -0.00394,   0.06784,   0.00306,  -0.04071,  -0.00744,  -0.03370,  -0.04246,  -0.04071,   0.03458,   0.01357,  -0.03020,  -0.01444,   0.01707,  -0.05471,  -0.03195,   0.03983,   0.01357,  -0.03721,  -0.02320,   0.10111,  -0.06522,   0.00131,  -0.06522,  -0.04596,  -0.05646,  -0.00569,  -0.00569,   0.00832,  -0.00219,   0.06784,  -0.00394,   0.03808,   0.02933,   0.05209,   0.09936,   0.00481,  -0.01620,  -0.02320,  -0.02320,   0.01532,  -0.04946,   0.06784,   0.11161,  -0.05471,   0.03983,   0.00306,  -0.04596,  -0.04771,  -0.01970,   0.00131,  -0.01620,  -0.05822,   0.10111,  -0.04596,   0.07485,   0.02407,  -0.04946,   0.01182,   0.01357,   0.02757,   0.05734,   0.00306,   0.07835,  -0.02145,  -0.00744,  -0.02670,  -0.02320,  -0.02495,   0.03633,   0.02933,  -0.01269,   0.06084,  -0.03020,  -0.05121,  -0.10023,  -0.01620,  -0.03896,   0.00832,  -0.01269,  -0.04421,   0.02582,  -0.00744,  -0.02320,   0.02232,  -0.04071,  -0.03370,  -0.04246,   0.07835,   0.06609,   0.01357,   0.07835,   0.00131,  -0.10549,  -0.02495,  -0.04946,  -0.01269,   0.04158,   0.02757,  -0.04771,  -0.01970,   0.03808,  -0.03370,  -0.00919,  -0.01795,   0.01707,  -0.04421,   0.00481,  -0.02145,   0.00481,   0.03808,  -0.03545,   0.01882,  -0.00394,  -0.05822,   0.00832,   0.01007,  -0.02320,  -0.09498,   0.00131,  -0.02845,   0.02407,  -0.00394,  -0.10023,  -0.03721,  -0.02845,   0.02757,   0.08710,   0.03633,  -0.03721,  -0.03020,  -0.00394,   0.03108,   0.02057,  -0.06172,   0.03458,   0.02057,  -0.03896,   0.03633,   0.01182,   0.09936,  -0.04246,  -0.06522,  -0.00919,  -0.02845,  -0.01094,  -0.03721,   0.06959,  -0.02320,  -0.05471,  -0.03896,  -0.00219,  -0.03721,  -0.01620,  -0.05822,  -0.01620,  -0.00744,  -0.03020,  -0.03020,  -0.02145,   0.03458,   0.03458,  -0.01444,  -0.02495,   0.00657,   0.05734,  -0.03195,  -0.01094,  -0.03370,  -0.03545,   0.05209,  -0.03195,   0.05559,  -0.03195,  -0.02845,  -0.00394,  -0.02320,  -0.03370,   0.03108,  -0.00919,  -0.00394,   0.01882,  -0.04071,  -0.00919,   0.02582,  -0.05121,   0.02232,  -0.06172,   0.01357,   0.03808,  -0.02845,  -0.05296,   0.03458,   0.09060,   0.06609,   0.03458,   0.06609,   0.02232,  -0.00919,   0.07135,  -0.10374,  -0.03721,   0.08360,   0.03108,   0.08535,   0.04158,   0.05559,  -0.04596,   0.02933,   0.00657,  -0.07047,  -0.08273,  -0.02145,   0.00306,   0.02582,   0.05559,   0.01357,   0.00832,   0.09060,  -0.07747,   0.00306,   0.00306,   0.03458,   0.06259,   0.01357,  -0.05471,   0.07835,   0.01707,   0.01357,   0.00306,  -0.03896,  -0.01620,   0.02582,  -0.01444,  -0.04246,  -0.01620,   0.06259,   0.04333,   0.08010,   0.02933,  -0.05822,   0.00832,   0.01007,  -0.05471,   0.05909,  -0.00044,   0.03633,  -0.00394,  -0.07922,  -0.05471,   0.02933,   0.00832,   0.03283,   0.01882,  -0.05822,  -0.03195,   0.02407,   0.06959,  -0.07397,   0.08710,  -0.05471,  -0.01795,   0.00832,   0.01357,  -0.01444,   0.02407,   0.04333,   0.05209,  -0.02320,   0.06084,   0.02232,   0.01882,  -0.01795,  -0.09148,  -0.01795,  -0.05471,   0.02407,  -0.05822,   0.01007,  -0.01094,  -0.00569,  -0.04771,   0.05734,   0.05734,   0.03983,  -0.09148,   0.04158,  -0.00569,   0.05909,  -0.03020,   0.01182,  -0.02495,   0.00306,   0.03283,  -0.03545,   0.02757,   0.10111,   0.06434,   0.01707,   0.00657,   0.03633,  -0.06347,  -0.11774,  -0.11074,   0.02407,   0.05034,   0.05559,   0.01707,   0.03633,  -0.01269,  -0.03721,   0.02057,  -0.04946,   0.01357,  -0.06522,  -0.01970,   0.04858,   0.00131,   0.12562,   0.06259,  -0.03370,  -0.00744,   0.01532,   0.02057,  -0.03545,  -0.05646,  -0.05822,   0.00481,  -0.01094,   0.00832,   0.05734,  -0.03370,   0.05209,   0.07135,  -0.03370,  -0.05646,  -0.04771,  -0.00044,   0.01357,   0.06609,  -0.06172,   0.00657,  -0.10023,   0.01882,  -0.02670,   0.01007,  -0.00219,   0.00481,  -0.03721,  -0.02320,   0.10111,  -0.04071,  -0.00919,  -0.04771,   0.09060,   0.03458,  -0.02845,   0.02407,   0.03808,  -0.03721,  -0.01795,   0.07310,  -0.10199,  -0.01620,  -0.00394,   0.02232,   0.00657,   0.02407,  -0.01620,  -0.03545,  -0.02670,  -0.03545,   0.06609,   0.05034,   0.02757,  -0.01094,   0.07660,  -0.00744,  -0.07572,   0.03633,  -0.03545,   0.04333,   0.03458,  -0.02845,   0.03108,   0.01007,  -0.03195,   0.02057,   0.03808,  -0.01094,   0.04158,  -0.01970,  -0.04421,  -0.02145,  -0.01795,   0.03808,   0.01882,   0.08010,   0.00481,   0.02757,   0.12212,   0.03458,   0.06084,   0.03983,   0.03808,  -0.09498,  -0.03545,   0.03808,   0.13437,   0.03458,   0.02232,   0.01882,   0.00481,   0.01532,  -0.06522,  -0.07397,   0.02407,  -0.05646,   0.01182,  -0.03020,   0.09761,   0.04683,   0.04508,   0.01007,  -0.00044,  -0.06347,  -0.00394,  -0.05997,  -0.02320,  -0.02145,  -0.07922,   0.06084,  -0.02320,  -0.00219,  -0.01444,   0.01007,   0.03808,  -0.00569,  -0.04071,  -0.02145,   0.05034,  -0.00569,  -0.04771,  -0.01269,   0.03633,   0.02057,   0.01182,  -0.00919,  -0.02320,  -0.01795,   0.01357,   0.01707,  -0.02670,  -0.02320,   0.03808,   0.01357,   0.01882,   0.12387,   0.05559,  -0.04596,   0.01707,  -0.02845,   0.04858,   0.03283,   0.02757,   0.04508,  -0.05646,   0.03808,   0.02232,   0.00832,  -0.01269,   0.01357,  -0.02320,   0.08885,  -0.08098,   0.07135,   0.00131,   0.00306,  -0.06872,   0.03283,   0.01357,   0.02232,  -0.05822,   0.02232,  -0.04071,  -0.00394,  -0.00744,  -0.04071,   0.00832,   0.04858,   0.00657,   0.00832,  -0.02845,  -0.00919,   0.05384,   0.01357,  -0.02145,  -0.06347,  -0.01094,  -0.04246,   0.00306,  -0.06522,   0.02057,   0.02933,  -0.02495,  -0.01269,   0.08710,   0.09761,   0.02757,  -0.02845,  -0.04246,  -0.01795,   0.05559,   0.01882,   0.03983,  -0.01094,  -0.00919,  -0.05822,  -0.00394,   0.06784,   0.03983,   0.01882,  -0.02495,   0.00306,   0.04158,   0.00481,  -0.09848,  -0.00394,  -0.00394,   0.02232,  -0.04071,   0.01707,  -0.04946,  -0.04071,   0.03108,  -0.01620,   0.03108,   0.00832,  -0.01094,  -0.05822,   0.03108,  -0.04771,  -0.01795,   0.06259,  -0.04421,  -0.00044,  -0.06347,   0.06259,   0.08185,  -0.01620,  -0.04946,  -0.05296,  -0.07572,  -0.03896,   0.05384,  -0.05822,  -0.04771,   0.01532,  -0.01094,   0.01707,  -0.03370,  -0.05997,  -0.05296,  -0.03195,   0.02407,  -0.01269,  -0.03545,   0.06084,  -0.00044,  -0.01444,  -0.05997,   0.02933,   0.03808,  -0.01269,   0.02232,  -0.08273,   0.04333,  -0.02845,  -0.05296,  -0.01444,   0.01707,   0.00481,   0.01357,  -0.03370,   0.04508,   0.00832,   0.03458,   0.05734,  -0.04246,   0.03983,  -0.01620,   0.00657,  -0.03020,  -0.00219,   0.03633,   0.02582,   0.01532,  -0.01269,  -0.04071,  -0.02320,  -0.04071,   0.02582,   0.07835,   0.06959,  -0.05822,  -0.02145,   0.04858,  -0.02845
  -0.02670,   0.06084,   0.05734,   0.02582,   0.05559,   0.16764,   0.00481,   0.00481,  -0.03020,   0.01357,  -0.02845,   0.03108,  -0.01970,   0.07310,  -0.02495,  -0.11599,   0.02582,  -0.01444,   0.00131,  -0.05296,   0.03808,   0.02232,   0.02057,  -0.06697,   0.10986,  -0.04421,  -0.00569,   0.02582,   0.00481,  -0.03545,   0.06084,   0.02057,   0.00832,  -0.06872,   0.11862,  -0.07922,   0.00481,  -0.02145,  -0.11249,   0.00306,   0.01707,   0.03808,  -0.07747,   0.00131,  -0.05121,   0.03283,   0.01532,  -0.01269,  -0.04596,  -0.05997,   0.02057,  -0.05121,   0.00657,  -0.04246,  -0.06522,   0.01182,   0.01007,  -0.03370,   0.00832,   0.10811,   0.10811,   0.06084,  -0.10023,  -0.05822,   0.03458,   0.09761,  -0.04946,   0.03983,   0.06084,   0.06609,   0.01532,  -0.00569,   0.03458,  -0.02670,  -0.06172,  -0.03370,  -0.07922,   0.00481,   0.09761,  -0.01444,   0.07485,   0.01357,   0.03108,   0.01882,  -0.08973,  -0.04946,   0.04683,  -0.00744,  -0.01444,  -0.04071,   0.00481,  -0.09323,  -0.07922,   0.05909,   0.00481,   0.06609,   0.06784,   0.02582,  -0.02670,  -0.02320,   0.00481,   0.00306,   0.00306,  -0.01269,   0.07835,   0.00657,  -0.04946,   0.04858,   0.00306,   0.00481,  -0.00394,  -0.00569,  -0.01094,  -0.00919,  -0.02845,  -0.03896,  -0.07922,   0.07660,   0.01882,   0.09235,  -0.00044,  -0.03721,   0.08010,  -0.03721,   0.04858,   0.02933,   0.01357,   0.10286,  -0.02845,   0.02582,   0.03983,   0.03283,   0.04158,  -0.08973,   0.01882,   0.01532,   0.04158,  -0.02845,  -0.00394,   0.03108,   0.04858,   0.02582,  -0.08098,  -0.00394,   0.02757,   0.02757,  -0.01094,  -0.04596,   0.01182,   0.01357,   0.05384,  -0.01094,   0.02057,  -0.10724,   0.02582,  -0.03020,  -0.08098,   0.01882,  -0.05646,  -0.09673,   0.02232,   0.00832,  -0.13175,  -0.02845,  -0.03545,  -0.03370,   0.00657,  -0.05471,  -0.00394,  -0.09673,   0.03983,  -0.05121,   0.02582,  -0.01970,  -0.00919,   0.03108,  -0.03896,   0.07485,   0.14138,  -0.00219,   0.02757,  -0.13525,  -0.02320,  -0.12124,  -0.04246,   0.01007,   0.06434,   0.04683,   0.02757,  -0.05296,  -0.02320,   0.01357,  -0.03896,  -0.00219,   0.03458,   0.01882,  -0.05296,  -0.03195,   0.03983,   0.02757,   0.01182,  -0.01094,   0.01882,   0.02582,   0.02933,   0.03808,   0.00481,   0.03283,   0.00832,   0.01007,  -0.04596,   0.01007,   0.03108,  -0.08798,   0.02933,   0.02232,  -0.02845,  -0.01970,   0.00832,   0.00657,   0.01357,   0.01182,  -0.02670,  -0.05822,   0.07660,   0.00832,   0.02757,  -0.01620,   0.03283,   0.03458,  -0.01269,   0.09586,   0.00657,  -0.04071,  -0.03896,  -0.00744,   0.07135,   0.03633,  -0.01795,   0.08535,   0.02582,   0.01707,  -0.03020,   0.00131,  -0.00394,  -0.02670,   0.05034,  -0.05121,   0.00832,  -0.07747,   0.04508,   0.03108,  -0.00744,   0.02232,  -0.00044,  -0.00919,   0.05734,   0.01532,  -0.05296,   0.09235,  -0.00219,  -0.01970,   0.00832,   0.06084,   0.08885,   0.00481,   0.02933,   0.04333,   0.00832,   0.01882,   0.03983,  -0.05296,  -0.01620,   0.07835,  -0.02495,   0.03108,  -0.05296,  -0.00219,   0.01357,  -0.10199,   0.03983,   0.02407,   0.05034,   0.06959,   0.03458,  -0.05997,   0.02757,   0.11161,  -0.04946,  -0.04421,   0.05384,  -0.01269,   0.01707,   0.00832,  -0.01094,   0.01007,  -0.00394,   0.06259,  -0.01094,  -0.01795,  -0.03370,   0.08885,   0.02057,  -0.06172,  -0.04946,   0.06434,   0.03808,  -0.06347,   0.13262,   0.01182,  -0.07222,  -0.03195,  -0.06522,  -0.05646,  -0.00569,  -0.01970,   0.06084,   0.04683,  -0.01094,  -0.04246,   0.04508,   0.03983,  -0.02845,  -0.01269,  -0.10023,  -0.01444,  -0.07222,   0.02757,  -0.02670,  -0.04071,  -0.06347,   0.02057,   0.01357,   0.05559,  -0.03896,   0.00306,  -0.00219,   0.00657,  -0.01620,  -0.02320,  -0.01444,  -0.00394,   0.03283,   0.00306,  -0.01795,  -0.02845,  -0.00919,  -0.01094,  -0.05471,  -0.05471,  -0.04071,   0.01532,   0.11862,  -0.00219,  -0.07747,   0.02407,   0.02407,   0.02232,   0.01007,  -0.00744,   0.01007,  -0.03370,   0.03458,   0.11862,  -0.02845,  -0.07397,   0.07135,   0.05384,   0.01007,  -0.01795,   0.01357,   0.00481,   0.01707,   0.12562,  -0.02670,  -0.04771,   0.04858,   0.00832,   0.04858,   0.02582,   0.05209,   0.00832,  -0.01444,   0.01007,   0.03283,   0.01532,   0.03983,  -0.02320,  -0.02670,  -0.00744,  -0.03195,  -0.03896,   0.05034,  -0.05296,  -0.01795,  -0.01094,   0.01532,  -0.04596,   0.00306,  -0.01094,   0.01182,  -0.02145,   0.00131,  -0.03721,   0.04333,  -0.00919,  -0.07222,  -0.00744,   0.00306,   0.05734,   0.01707,   0.02933,   0.09235,  -0.01795,  -0.01970,   0.06959,  -0.06347,   0.05734,  -0.05121,  -0.07397,   0.01882,  -0.10199,   0.03283,   0.01357,   0.00657,  -0.02320,  -0.01970,   0.02933,  -0.06697,   0.01357,   0.00131,  -0.08798,  -0.05646,   0.04858,  -0.01620,   0.00832,  -0.12124,   0.04158,  -0.06697,   0.02582,  -0.00394,   0.03808,  -0.06347,   0.05209,  -0.05471,  -0.04246,  -0.00219,   0.06434,   0.00131,  -0.03020,  -0.06347,  -0.01795,  -0.07397,  -0.06697,  -0.00919,   0.04158,   0.00306,  -0.02320,   0.04508,   0.01007,   0.06259,  -0.06872,   0.03108,  -0.04071,   0.02757,   0.11336,  -0.01444,   0.00131,  -0.02145,   0.04333,  -0.04946,  -0.10549,   0.05384,  -0.00919,   0.05209,   0.05909,  -0.02845,  -0.01444,   0.00832,   0.00657,  -0.00569,  -0.01444,  -0.05997,   0.06259,   0.01882,  -0.05471,   0.16414,   0.01007,   0.03633,  -0.02670,   0.08360,   0.00131,  -0.02145,   0.02933,   0.03283,   0.08710,  -0.04946,  -0.06697,   0.04158,  -0.04946,   0.08185,  -0.04246,   0.08535,   0.03108,  -0.07047,   0.02933,  -0.06872,   0.00832,   0.06434,   0.05559,   0.11161,   0.03458,   0.02232,   0.01707,   0.00481,   0.03108,  -0.04771,  -0.05296,  -0.01269,  -0.05822,  -0.02145,   0.02057,   0.03108,   0.12037,  -0.08798,   0.03808,   0.01882,  -0.01444,   0.01707,   0.01882,   0.00306,  -0.06522,   0.07660,  -0.12124,  -0.07922,  -0.02145,  -0.03195,  -0.04421,   0.05034,   0.01882,   0.00131,   0.07485,  -0.03721,   0.06784,  -0.03370,   0.03983,   0.05034,   0.03108,  -0.12300,  -0.01970,  -0.02845,  -0.07747,  -0.00219,  -0.07747,   0.01707,  -0.08623,  -0.00219,   0.01882,   0.08010,   0.06084,   0.04683,   0.00657,   0.00306,  -0.00394,  -0.00919,   0.03458,   0.02933,   0.05384,  -0.03545,  -0.02320,  -0.00919,  -0.06172,   0.03458,   0.02232,  -0.03545,   0.00832,  -0.02845,   0.00657,   0.03983,  -0.04946,  -0.01970,  -0.01795,  -0.04071,   0.03458,   0.03108,   0.01532,   0.05559,   0.06084,  -0.03195,  -0.00394,   0.00306,   0.02232,   0.05734,   0.00481,  -0.01795,  -0.00394,   0.00832,   0.01707,   0.02057,  -0.00744,  -0.01795,   0.01007,  -0.10023,   0.03983,  -0.01620,   0.04158,   0.03283,   0.00481,   0.01357,  -0.00044,   0.00832,   0.00657,   0.04858,   0.03283,   0.00306,  -0.06172,   0.01532,   0.12037,  -0.04946,  -0.05646,  -0.01094,  -0.05646,   0.01357,   0.03108,   0.08185,  -0.02320,   0.01532,  -0.00044,   0.06784,  -0.06697,  -0.02670,  -0.01795,  -0.07922,   0.01007,  -0.08273,  -0.01795,   0.01007,  -0.03020,  -0.03721,   0.08010,   0.00306,   0.09060,  -0.04771,  -0.01620,  -0.09673,  -0.03020,   0.05384,   0.08360,   0.01357,  -0.00394,  -0.00569,   0.01882,  -0.00919,   0.02407,  -0.06872,   0.02407,  -0.03020,  -0.00919,  -0.09498,   0.03108,   0.02757,  -0.01620,   0.01532,   0.00657,   0.02407,   0.07485,   0.02582,  -0.01269,   0.05209,   0.04683,  -0.05997,  -0.02670,   0.00481,  -0.04246,  -0.00919,   0.03633,   0.06434,  -0.05121,   0.01707,  -0.04771,   0.02933,  -0.05646,  -0.03545,   0.04508,   0.05384,  -0.04071,   0.06259,   0.02582,   0.06259,   0.00832,   0.01007,   0.02582,  -0.01620,  -0.00744,   0.02407,   0.01532,  -0.03370,   0.06259,   0.00481,  -0.02145,   0.07310,   0.00306,  -0.06697,   0.01707,   0.02057,  -0.01795,   0.10286,  -0.01970,   0.06959,  -0.05296,  -0.01620,  -0.03545,  -0.05121,  -0.09498,   0.00832,  -0.03370,  -0.04596,   0.03983,   0.02582,  -0.04071,  -0.03020,   0.01182,  -0.04246,   0.03458,   0.00131,  -0.04071,  -0.07922,  -0.00569,   0.02757,  -0.03896,   0.00481,  -0.05646,  -0.10549,  -0.02145,   0.02057,  -0.05646,  -0.01444,   0.00306,   0.07135,  -0.01970,   0.02933,  -0.05646,   0.03633,   0.01882,  -0.05121,  -0.01970,  -0.04246,   0.01182,   0.06959,   0.04858,  -0.04596,  -0.00569,  -0.05997,  -0.08448,   0.03633,  -0.01970,  -0.05296,  -0.07397,  -0.10374,  -0.01620,   0.01882,  -0.05471,  -0.02145,   0.09411,  -0.01444,   0.00832,  -0.04246,  -0.04771,   0.02933,  -0.05997,   0.08010,  -0.01620,   0.04508,   0.02232,  -0.11424,  -0.03370,  -0.08273,   0.01532,   0.03108,  -0.02495,   0.00657,   0.03458,  -0.02845,   0.05384,   0.02232,  -0.01444,   0.00657,   0.01532,   0.03283,  -0.03545,  -0.01444,  -0.02145,   0.00832,   0.00131,   0.05384,  -0.10724,  -0.02320,   0.00131,   0.06084,   0.06259,   0.02232,  -0.05296,   0.06259,   0.01882,   0.00657,   0.05909,  -0.01094,  -0.00919,   0.03983,   0.06959,  -0.01094,   0.07135,   0.00131,  -0.00394,  -0.03020,  -0.00744,  -0.00044,  -0.09323,  -0.07397,   0.05734,   0.00131,   0.02757,   0.00832,  -0.02145,  -0.04071,   0.02232,  -0.04071,  -0.02495,   0.09936,  -0.04946,  -0.03370,   0.00832,  -0.00919,  -0.03896,  -0.06172,   0.04508,   0.01882,   0.00832,   0.02933,   0.06609,  -0.00219,   0.02232,  -0.01269,   0.05559,  -0.02495,  -0.01094,  -0.01444,   0.04508,   0.06434,   0.00481,  -0.01795,   0.03808,   0.04508,   0.02582,   0.00657,  -0.03545,   0.02582,  -0.00219,   0.03808,   0.01707,  -0.00219,   0.02933,   0.00306,  -0.00744,  -0.00744,   0.08185,   0.04683,  -0.02145,  -0.12825,  -0.04246,  -0.01094,   0.03808,   0.01007,   0.02407,   0.01182,   0.03108,  -0.00744,   0.08710,  -0.01269,   0.01707,   0.12737,   0.07660,   0.02757,  -0.02320,  -0.00219,  -0.05822,  -0.02670,   0.00306,   0.00131,  -0.01269,  -0.03721,  -0.03370,  -0.02845,   0.02057,  -0.00394,   0.00131,  -0.04771,  -0.02145,   0.00657,  -0.01970,  -0.03020,  -0.02670,  -0.01970,  -0.07047,  -0.00744,   0.00306,   0.01182,   0.00832,  -0.03721,  -0.00219,  -0.00744,   0.02232,  -0.01795,  -0.03020,   0.04858,   0.02407,  -0.03195,  -0.01620,  -0.03545,  -0.00394,   0.04858,  -0.02495,   0.04683,  -0.04421,   0.03983,   0.02232,  -0.06697,   0.02057,   0.07310,  -0.03545,   0.02057,  -0.02845,  -0.02670,  -0.00919,  -0.06172,  -0.05822,   0.01182,  -0.00744,   0.04858,  -0.01970,   0.06259,  -0.03195,   0.03808,  -0.10374,  -0.00044,   0.09060,  -0.05646,   0.07135,   0.01007,  -0.03020,   0.07310,  -0.00569,  -0.03545,  -0.02845,   0.06259,   0.00657,  -0.04246,   0.00131,   0.04508,   0.05209,  -0.08623,   0.11862,  -0.00394,  -0.06522,  -0.04946,  -0.01269,   0.03808,   0.04333,  -0.00219,  -0.02670,   0.03108,   0.04333,  -0.00919,  -0.04246,  -0.00044,  -0.09148,   0.00657,  -0.07922,  -0.02670,   0.03108,   0.03633,  -0.00569,   0.01357,   0.00832,   0.04158,  -0.04246,   0.04858,   0.03458,  -0.02670,  -0.06697,  -0.00744,   0.09060,  -0.00219,   0.02232,   0.10811,  -0.03020,   0.06259,   0.00131,   0.08710,  -0.01094,   0.03808,   0.03633,   0.01182,   0.01882,  -0.01094,   0.01357,  -0.06872,   0.01882,  -0.01094,   0.04683,   0.01532,  -0.00569,  -0.02845,   0.01882,  -0.05296,  -0.01795,   0.01882,  -0.06172,   0.00481,  -0.07747,  -0.00744,   0.03283,   0.02582,   0.03108
  -0.02670,  -0.05296,  -0.03545,  -0.03721,  -0.00919,   0.03458,   0.02057,   0.00657,   0.06259,  -0.03545,  -0.02845,   0.01007,  -0.02320,   0.00131,   0.04508,   0.00306,  -0.06522,   0.01182,   0.01182,  -0.01444,   0.07310,   0.01182,   0.06259,  -0.02670,  -0.01269,   0.03633,  -0.01620,  -0.07747,  -0.04771,   0.07485,  -0.03896,   0.05034,   0.02407,  -0.01269,   0.01007,  -0.01970,  -0.03370,  -0.07572,  -0.00394,   0.02057,  -0.12650,   0.00832,  -0.04421,  -0.01970,   0.02933,   0.08710,   0.00306,  -0.01970,  -0.05646,   0.03283,  -0.00919,  -0.03545,  -0.08623,   0.05909,   0.02582,   0.05034,   0.00481,  -0.05121,   0.01707,  -0.03721,   0.04683,   0.01182,   0.00306,   0.02757,   0.01182,  -0.00394,   0.05034,  -0.05646,  -0.02670,  -0.00219,   0.04858,   0.06084,  -0.06347,   0.00306,   0.01007,  -0.01620,   0.00131,   0.00131,   0.03458,   0.02407,   0.10811,  -0.08973,  -0.01970,  -0.08273,  -0.00394,  -0.00919,  -0.00219,  -0.04246,   0.08010,   0.01532,  -0.01094,   0.03808,   0.06084,   0.08010,  -0.00044,   0.01182,   0.02232,   0.00657,   0.01182,   0.04158,  -0.01269,   0.01182,  -0.06172,  -0.07222,  -0.02145,   0.08535,   0.02933,   0.00832,   0.03808,  -0.05296,  -0.01970,  -0.09323,   0.02757,   0.00481,  -0.01620,   0.02933,   0.01707,   0.02933,   0.01357,  -0.12825,   0.06609,   0.00131,   0.03108,   0.01707,   0.02757,  -0.01620,   0.00657,   0.01882,  -0.07047,  -0.00394,  -0.05471,   0.07660,  -0.04946,   0.01707,  -0.06872,   0.00657,  -0.02845,   0.01182,   0.01007,  -0.05471,  -0.01444,  -0.00919,  -0.02145,  -0.03195,  -0.05997,   0.03108,  -0.01444,  -0.00744,  -0.03020,  -0.00744,  -0.02145,  -0.02495,  -0.01620,   0.06259,  -0.00044,   0.00481,  -0.04246,  -0.06522,  -0.02145,  -0.10899,  -0.05121,   0.03983,   0.13613,   0.01007,  -0.01620,   0.00481,  -0.07747,  -0.02495,   0.04333,  -0.00744,  -0.04421,  -0.06697,  -0.00919,   0.01882,  -0.08448,  -0.01094,   0.03983,   0.04858,  -0.03896,   0.02933,   0.00481,  -0.05121,  -0.04946,  -0.07747,   0.02057,  -0.01970,   0.06084,   0.00657,   0.03283,  -0.03721,   0.05559,   0.04683,   0.04508,   0.02582,   0.02232,  -0.00744,   0.06784,  -0.03896,  -0.01094,  -0.00919,  -0.00744,  -0.08973,  -0.07747,  -0.00219,   0.01182,  -0.01970,  -0.03721,   0.02933,  -0.00569,  -0.03370,  -0.01269,  -0.03545,   0.03458,   0.02582,   0.03633,  -0.01444,  -0.01795,   0.04158,   0.02232,   0.02407,   0.01707,   0.10461,  -0.10549,   0.04158,  -0.10724,   0.01007,  -0.01269,   0.06959,   0.03808,   0.02407,   0.01357,  -0.04596,   0.05384,  -0.05822,  -0.02495,   0.03108,  -0.04246,  -0.01444,  -0.01620,   0.00657,   0.02582,   0.09411,  -0.02320,  -0.01970,   0.03633,   0.02582,  -0.06347,  -0.02845,  -0.02320,  -0.04071,   0.00131,   0.02933,   0.02933,   0.05909,  -0.03195,   0.03983,   0.00306,   0.03633,  -0.07397,   0.02232,  -0.04946,  -0.03370,  -0.02495,  -0.03195,  -0.03195,  -0.03545,  -0.08623,  -0.05471,  -0.03721,   0.04508,   0.03108,  -0.03370,   0.02407,   0.04333,  -0.02320,   0.09761,   0.03108,  -0.06347,  -0.06172,  -0.03020,  -0.00394,  -0.01094,  -0.03896,  -0.01269,  -0.04946,   0.01182,  -0.01094,   0.08885,   0.04508,  -0.03896,  -0.02495,  -0.08448,   0.07485,  -0.01970,  -0.01970,   0.02057,  -0.01269,   0.04858,  -0.01620,   0.07135,  -0.03195,  -0.07397,   0.01882,  -0.00219,  -0.02495,  -0.02845,  -0.01094,  -0.01269,  -0.00394,   0.02232,   0.05559,  -0.01970,   0.03458,   0.03458,   0.06959,   0.00131,   0.01007,  -0.00394,  -0.00744,  -0.04246,   0.05209,   0.01007,   0.03458,  -0.03020,   0.04508,   0.01182,   0.01532,  -0.11949,  -0.01444,  -0.02145,   0.05384,  -0.05121,   0.03808,  -0.06172,   0.00306,   0.07660,  -0.04946,   0.00832,  -0.01094,   0.01532,   0.02057,   0.02933,  -0.01444,  -0.00044,  -0.01444,  -0.00919,   0.00481,  -0.03545,  -0.00394,  -0.04071,  -0.00394,  -0.03545,  -0.04771,  -0.08798,   0.00832,   0.04333,   0.03108,  -0.03721,  -0.00044,   0.03458,   0.06609,  -0.02495,   0.02933,  -0.06347,   0.10811,   0.01007,   0.08885,  -0.04246,   0.04158,   0.00306,   0.02582,   0.03458,  -0.05121,   0.00131,  -0.01094,   0.08535,  -0.02670,  -0.02845,  -0.05121,  -0.03721,  -0.02670,  -0.06522,  -0.08448,  -0.03020,  -0.05646,   0.04508,  -0.05296,  -0.01094,  -0.01444,  -0.08098,  -0.07397,   0.08710,  -0.05471,  -0.00219,   0.06259,  -0.04246,   0.01182,  -0.02145,   0.01007,   0.02057,   0.02407,  -0.01094,  -0.02670,  -0.00744,   0.08710,  -0.05646,   0.01882,   0.01707,  -0.06522,  -0.08448,   0.01882,  -0.08798,  -0.02670,  -0.08448,  -0.03896,   0.00131,  -0.04596,   0.05034,   0.01882,  -0.02670,   0.06609,  -0.06522,  -0.00569,   0.05734,   0.05559,   0.01532,  -0.05822,  -0.02670,   0.03633,  -0.05822,   0.04683,  -0.06172,  -0.00044,   0.02232,   0.05559,  -0.01269,  -0.01094,  -0.00394,  -0.08973,   0.06259,   0.10286,  -0.00219,   0.03808,  -0.05296,  -0.00394,   0.04158,  -0.01269,   0.01882,  -0.02320,   0.00657,   0.15188,  -0.07047,  -0.04596,   0.02232,  -0.04246,  -0.07047,  -0.02495,   0.02933,  -0.02845,   0.06259,   0.04683,  -0.05822,  -0.07047,   0.00306,  -0.01620,  -0.04596,   0.04858,  -0.03896,  -0.04421,   0.01532,  -0.04771,  -0.05822,   0.01882,  -0.10724,   0.00481,   0.03108,   0.04508,   0.05034,   0.02057,  -0.02145,   0.00832,  -0.01444,   0.05734,  -0.02320,  -0.01094,   0.06084,   0.02057,   0.03808,  -0.05296,  -0.04246,  -0.09498,   0.02232,  -0.01795,  -0.09323,  -0.05121,   0.02582,  -0.07397,  -0.00919,  -0.03721,  -0.02320,  -0.01970,   0.01007,  -0.04596,  -0.06347,   0.00131,   0.02057,  -0.03020,   0.00306,  -0.04421,  -0.03545,  -0.09848,   0.05034,   0.01182,  -0.07922,  -0.00919,   0.06609,   0.03808,   0.06784,  -0.00744,  -0.06522,  -0.02670,   0.01357,  -0.03896,   0.00657,  -0.06172,   0.04333,  -0.02845,   0.08710,   0.05559,  -0.03370,  -0.05646,   0.03283,  -0.06347,  -0.05471,   0.02933,  -0.03020,  -0.01795,   0.00481,   0.01182,   0.01707,   0.01707,   0.01007,  -0.03370,   0.00832,  -0.02670,  -0.02495,   0.00306,   0.03633,  -0.05296,   0.06959,  -0.00219,   0.11336,   0.00131,  -0.02320,   0.04508,   0.05384,  -0.01269,   0.01357,   0.01182,  -0.01444,   0.03108,   0.11512,   0.11687,  -0.03020,  -0.02670,  -0.02845,  -0.00394,  -0.01094,   0.01882,  -0.01444,   0.04333,   0.00832,  -0.04596,  -0.06697,  -0.01269,   0.08885,  -0.01970,  -0.02845,  -0.04246,  -0.00219,   0.02757,  -0.01970,  -0.06172,   0.08535,   0.04333,   0.03983,  -0.01795,  -0.01795,  -0.01795,  -0.05997,  -0.01620,  -0.01094,  -0.09323,  -0.06172,   0.05559,  -0.02845,  -0.04946,  -0.01269,  -0.02670,   0.04158,   0.04683,   0.06959,  -0.01094,  -0.06697,   0.03633,  -0.06172,   0.01182,   0.05559,  -0.01094,  -0.03896,   0.01532,  -0.00044,   0.07485,   0.06784,   0.00131,   0.07485,   0.04158,  -0.04771,   0.11687,  -0.02845,  -0.05646,   0.10636,  -0.02845,  -0.00394,  -0.00044,   0.01532,   0.03283,  -0.04771,  -0.02670,  -0.00219,  -0.04421,  -0.05121,   0.06434,  -0.04246,   0.04333,  -0.01620,  -0.06172,  -0.03545,   0.04158,   0.01707,  -0.03721,   0.03283,  -0.07922,   0.00306,   0.03983,   0.01007,  -0.03370,  -0.04596,  -0.00394,   0.05559,   0.00657,  -0.10374,  -0.04771,   0.04333,  -0.00744,   0.00481,  -0.03545,   0.01532,  -0.11424,  -0.01795,   0.11687,   0.05559,   0.04333,  -0.04946,  -0.04596,   0.01182,   0.04508,   0.03808,   0.01357,   0.00657,  -0.03721,  -0.02495,  -0.07747,   0.08885,  -0.03896,   0.03283,   0.09411,   0.02057,  -0.01620,   0.00306,  -0.06697,   0.11336,  -0.03195,  -0.01970,  -0.03020,  -0.06172,  -0.00044,  -0.05121,   0.03808,  -0.04596,   0.08710,  -0.01444,  -0.02670,   0.02057,   0.02757,   0.02933,   0.00481,  -0.04421,  -0.00744,  -0.00569,   0.02232,   0.02933,   0.01707,   0.01357,   0.08710,   0.07660,   0.03808,   0.02057,   0.02582,  -0.01970,  -0.01795,   0.04158,  -0.04246,  -0.03545,   0.10986,   0.00657,  -0.01795,  -0.03370,   0.04858,   0.09060,   0.02407,  -0.07222,   0.04858,  -0.03896,   0.03108,  -0.07572,   0.09060,   0.04333,   0.11161,   0.08885,  -0.06347,  -0.01620,   0.01182,   0.01707,  -0.00569,   0.03633,   0.07660,   0.02582,   0.00481,  -0.02145,   0.11862,  -0.03721,  -0.03545,  -0.05646,  -0.07222,   0.00306,  -0.02845,   0.02232,  -0.00044,  -0.03020,  -0.03020,   0.01532,   0.03633,  -0.00044,   0.01182,  -0.00044,  -0.06172,  -0.04071,   0.04858,  -0.00744,   0.02057,   0.01007,  -0.09848,   0.00131,   0.06609,  -0.01094,   0.13262,  -0.02670,  -0.02495,   0.03458,   0.02057,  -0.04421,  -0.06522,   0.05034,  -0.00219,   0.03108,   0.00306,  -0.03721,  -0.04596,   0.01882,   0.12037,  -0.04421,  -0.03020,   0.00481,   0.02407,   0.05209,   0.04158,  -0.03721,  -0.06172,  -0.01094,  -0.02670,   0.00306,   0.02582,  -0.00044,   0.03458,  -0.04771,  -0.05471,   0.05034,  -0.04071,   0.06259,   0.05734,   0.03458,  -0.00219,  -0.02670,  -0.01795,  -0.08623,   0.02933,  -0.00219,  -0.03545,  -0.02145,  -0.04946,  -0.07047,   0.01357,   0.04158,  -0.02495,  -0.04596,  -0.08973,   0.00832,   0.03983,   0.00657,  -0.03370,  -0.00744,   0.03983,   0.10111,   0.05909,  -0.02495,   0.02407,   0.03983,  -0.09323,  -0.03370,  -0.11424,  -0.06522,  -0.02145,  -0.00044,  -0.00744,  -0.00394,  -0.00044,  -0.03545,  -0.07222,  -0.00744,   0.07135,  -0.05646,  -0.04596,  -0.02845,  -0.03195,  -0.02845,   0.07485,  -0.05822,  -0.02670,  -0.01620,   0.00832,   0.01532,  -0.08623,   0.09936,  -0.03020,  -0.01795,  -0.06347,   0.02407,  -0.02495,   0.01707,   0.03983,  -0.05471,   0.02232,   0.06259,   0.01882,  -0.01970,  -0.01795,  -0.01269,   0.04683,  -0.02845,   0.03283,  -0.01094,  -0.06347,  -0.06522,   0.02757,   0.00306,  -0.01970,   0.05559,  -0.02845,   0.11161,  -0.08273,  -0.02145,  -0.08273,  -0.04596,  -0.06347,   0.04333,   0.09060,   0.04158,  -0.03545,  -0.03020,  -0.04071,   0.05209,   0.05909,  -0.10023,   0.01357,   0.05559,   0.06084,  -0.03721,  -0.01620,   0.06959,  -0.03896,   0.05209,   0.10636,  -0.02845,  -0.02320,  -0.00394,  -0.05121,   0.06959,   0.02057,   0.09235,  -0.03545,   0.05734,   0.03983,   0.04333,  -0.01795,  -0.01970,  -0.01970,  -0.00044,  -0.01269,  -0.08448,  -0.01970,   0.02933,   0.02057,  -0.07397,  -0.06172,   0.02407,  -0.04246,   0.05559,   0.12562,   0.05209,  -0.02845,   0.04333,  -0.04771,   0.02757,  -0.04246,   0.04333,  -0.04071,   0.06434,   0.00481,   0.04683,  -0.06172,  -0.03195,  -0.02320,   0.01182,  -0.03370,   0.05209,   0.01707,   0.02757,  -0.00744,  -0.01970,  -0.13000,   0.00481,   0.09235,   0.04508,   0.02057,  -0.03020,  -0.04246,   0.00481,   0.06609,  -0.09323,  -0.03545,  -0.02145,  -0.00919,  -0.05997,   0.00657,   0.00481,  -0.05822,  -0.05121,   0.01707,   0.03283,   0.03283,   0.02757,  -0.00744,  -0.06872,  -0.06697,  -0.00569,  -0.04071,   0.00131,   0.02582,   0.05034,   0.00306,   0.00657,  -0.01795,  -0.03020,   0.03808,   0.01532,  -0.00569,  -0.00219,   0.06259,  -0.00219,   0.09060,   0.05034,  -0.03545,   0.09411,   0.02232,  -0.07397,  -0.05646,  -0.03896,  -0.04596,   0.02232,   0.00481,  -0.07222,   0.09235,   0.04158,  -0.10374,  -0.00919,  -0.01620,  -0.07397,  -0.02145,   0.05034,   0.00832,  -0.01269,   0.04508,   0.07660,  -0.07747,   0.05909,   0.01882,   0.04158,  -0.02670,  -0.02845,  -0.04071,   0.07485,   0.00306,  -0.03195
  -0.01094,  -0.02320,   0.00306,   0.04158,  -0.02145,  -0.01444,   0.02933,  -0.04596,   0.06609,   0.07135,   0.01007,  -0.11599,   0.05734,  -0.02145,   0.02407,  -0.04421,  -0.04246,  -0.02320,  -0.07572,  -0.07747,   0.04858,   0.05034,   0.02582,  -0.01444,  -0.01094,   0.07135,   0.00657,   0.02582,  -0.01094,   0.02933,  -0.00569,   0.03808,   0.02582,  -0.00569,  -0.01795,  -0.07222,  -0.00219,   0.02757,   0.06259,  -0.05997,  -0.00744,   0.01182,   0.06784,  -0.00919,  -0.01444,   0.06609,  -0.03020,   0.06259,  -0.04596,  -0.00219,  -0.02145,  -0.03721,   0.03808,  -0.02145,   0.02757,   0.08710,  -0.00919,   0.08185,   0.00131,  -0.01094,  -0.00044,  -0.05121,   0.03808,   0.01357,  -0.08798,   0.00306,   0.03983,   0.06259,  -0.06522,  -0.01970,  -0.10724,  -0.05121,  -0.01444,   0.00657,  -0.07747,   0.03983,   0.06259,  -0.03545,   0.06784,  -0.03020,  -0.00919,   0.01007,   0.01182,   0.08885,   0.00481,  -0.00044,   0.02407,  -0.01970,   0.05909,  -0.08623,  -0.04771,  -0.01444,  -0.04071,   0.01007,  -0.02670,   0.01882,   0.03283,   0.04158,   0.04858,   0.02933,  -0.02495,  -0.02845,   0.03983,  -0.06172,  -0.00569,   0.03983,   0.04508,  -0.01620,   0.01182,   0.00832,  -0.00919,   0.02757,   0.09411,  -0.00219,   0.01182,   0.01532,  -0.02320,   0.03108,   0.01182,  -0.02495,  -0.03721,   0.06084,   0.01007,   0.01707,   0.03808,   0.01357,  -0.01620,   0.02757,  -0.03370,  -0.05822,   0.04333,   0.03108,   0.08010,   0.02933,   0.03283,  -0.04771,   0.00131,  -0.02670,  -0.10199,   0.07310,   0.03108,   0.01182,   0.08010,   0.00481,  -0.03195,   0.00657,   0.05734,   0.00832,  -0.03545,  -0.04071,   0.06959,  -0.05121,  -0.05822,   0.01532,  -0.02320,   0.02407,   0.07660,  -0.01970,   0.00306,   0.02057,   0.02057,   0.05209,   0.08185,  -0.02320,   0.03458,  -0.00044,   0.05034,  -0.04596,   0.02057,  -0.03545,   0.05034,  -0.03370,   0.01532,  -0.00919,  -0.02670,  -0.02845,  -0.01795,  -0.01444,   0.00657,   0.02407,  -0.03370,   0.01357,   0.00131,   0.00481,   0.01882,   0.00131,   0.01007,  -0.05471,  -0.03721,   0.00131,  -0.01795,  -0.05646,   0.08185,  -0.04071,   0.05384,   0.01707,   0.00657,   0.01357,  -0.01795,  -0.07047,   0.02757,   0.01707,  -0.00569,  -0.00919,   0.02407,   0.02582,   0.08360,  -0.05646,   0.03458,  -0.00219,   0.02407,  -0.07397,   0.03458,  -0.06522,   0.00131,   0.04158,   0.04158,   0.00131,   0.01532,   0.04683,  -0.03896,  -0.01970,  -0.04596,  -0.06522,  -0.06522,  -0.00394,   0.03458,  -0.02495,  -0.01269,   0.06084,  -0.01094,   0.00481,   0.06259,  -0.02845,  -0.03721,  -0.00044,  -0.04421,  -0.06697,   0.01532,   0.00131,   0.00131,  -0.01094,  -0.00569,  -0.03545,  -0.03545,  -0.02320,  -0.10549,   0.04508,   0.02757,  -0.03370,  -0.04071,   0.01707,  -0.02145,  -0.01795,  -0.04946,  -0.03896,  -0.10023,   0.06434,  -0.00569,   0.03633,   0.02057,  -0.00569,   0.00131,   0.00657,   0.07310,  -0.04246,   0.04858,  -0.00219,   0.03983,   0.00657,  -0.03370,   0.05384,   0.02407,  -0.04596,   0.01882,  -0.01620,   0.02757,   0.01182,   0.05909,   0.04683,   0.05209,   0.03983,  -0.01795,  -0.04596,  -0.03721,   0.02582,   0.02757,   0.02057,   0.00481,  -0.02495,   0.02757,  -0.07222,  -0.00044,  -0.00394,  -0.07922,   0.05734,   0.08185,   0.07485,   0.05559,   0.06959,   0.06784,   0.02757,  -0.01269,  -0.02320,   0.00832,  -0.03896,   0.00481,   0.00832,  -0.00219,   0.02933,  -0.05121,   0.01182,   0.01707,   0.01882,  -0.01620,  -0.02495,  -0.05822,   0.03458,  -0.00569,  -0.05121,  -0.01795,   0.05209,   0.01532,   0.03808,  -0.00044,  -0.04246,   0.03983,   0.09411,  -0.00569,  -0.02320,   0.00481,  -0.00744,  -0.00394,  -0.02845,   0.03983,  -0.04421,  -0.00569,  -0.02145,  -0.05646,  -0.00394,   0.02933,   0.07310,   0.02582,   0.08010,  -0.04946,  -0.03195,   0.06434,   0.04683,   0.02582,   0.05209,   0.00306,  -0.02670,  -0.00744,  -0.02320,   0.05559,  -0.00919,  -0.03721,   0.05734,   0.01007,   0.03808,  -0.03545,  -0.05296,  -0.02320,   0.00832,   0.02582,  -0.00394,  -0.02495,  -0.02320,   0.00832,   0.00306,  -0.01795,  -0.04246,  -0.01970,  -0.00919,  -0.09323,  -0.05646,  -0.01795,   0.02933,  -0.09148,   0.04333,  -0.04596,  -0.00394,  -0.05822,  -0.01269,  -0.02845,  -0.03195,   0.04158,   0.08535,  -0.03370,  -0.05471,   0.00481,   0.02407,   0.02057,  -0.05471,  -0.01269,   0.07835,   0.01182,   0.04158,  -0.03545,   0.08885,   0.00481,  -0.03370,  -0.05471,   0.01182,  -0.00744,   0.02407,   0.03283,   0.03808,  -0.01444,  -0.04071,   0.02582,  -0.00044,   0.09235,   0.02933,  -0.01620,  -0.03896,  -0.02320,  -0.00569,  -0.02320,   0.08360,   0.05734,   0.03633,   0.10111,  -0.03896,   0.02232,  -0.05296,   0.02582,  -0.04771,   0.05734,  -0.00744,   0.02232,  -0.02320,  -0.01269,   0.00657,  -0.08448,   0.03983,   0.00832,  -0.04771,   0.00131,   0.02057,   0.02582,  -0.04071,  -0.01269,  -0.01620,  -0.01444,   0.01882,   0.00657,  -0.00219,  -0.03721,   0.01882,  -0.01444,   0.01007,   0.01007,  -0.00219,  -0.05121,  -0.04246,  -0.09323,  -0.01094,  -0.02145,   0.04683,   0.06434,   0.00306,   0.04333,   0.00657,   0.00657,   0.03983,   0.02407,  -0.00569,  -0.03721,  -0.00044,  -0.07397,   0.07310,   0.04333,   0.02232,  -0.02495,   0.04508,  -0.00919,   0.02582,   0.04683,   0.02057,  -0.04596,  -0.06872,   0.01007,  -0.00044,   0.04508,  -0.05646,  -0.07047,  -0.02320,   0.03108,  -0.07047,   0.02757,  -0.02845,  -0.01094,   0.01532,  -0.03545,  -0.02845,   0.00657,   0.05384,   0.00481,  -0.03370,   0.07135,  -0.01620,  -0.01970,  -0.03370,  -0.01094,  -0.04071,   0.04508,   0.03633,  -0.02495,  -0.04946,   0.04858,  -0.00219,   0.06434,   0.01007,   0.01707,   0.03808,   0.11161,  -0.01444,  -0.01620,   0.06259,  -0.00219,   0.06609,  -0.00044,   0.02757,   0.04858,  -0.00569,  -0.00744,   0.05384,  -0.00569,   0.08185,  -0.02145,   0.02232,  -0.00919,  -0.04946,  -0.03545,  -0.08798,   0.02407,   0.00306,  -0.02320,  -0.02670,   0.00832,   0.00481,   0.05209,  -0.03896,   0.04683,  -0.02845,   0.06084,  -0.02320,   0.02232,   0.01007,  -0.03721,  -0.03020,   0.02933,   0.02057,   0.01532,   0.07310,   0.04858,  -0.04071,  -0.02845,  -0.04596,  -0.08623,  -0.01444,   0.01882,   0.00131,   0.06084,  -0.03545,  -0.06347,   0.05909,  -0.04771,  -0.04946,  -0.03195,   0.00131,  -0.03370,  -0.03896,  -0.08798,  -0.01620,   0.04683,   0.00131,  -0.00744,   0.00481,  -0.05997,   0.00832,  -0.00569,   0.02232,   0.03458,  -0.03721,   0.00481,   0.08185,  -0.00394,   0.01182,  -0.03195,  -0.01094,   0.01882,   0.00306,   0.01532,   0.00306,   0.04508,   0.03108,  -0.00219,   0.08010,   0.05559,   0.07660,   0.03808,   0.01707,   0.00481,  -0.04421,  -0.02845,   0.02582,  -0.03896,  -0.01094,  -0.01094,  -0.09323,   0.00481,   0.00481,  -0.00044,   0.01532,   0.05209,   0.02757,   0.01707,   0.04333,   0.04683,   0.05209,  -0.00219,   0.06609,   0.01882,   0.04508,   0.01357,  -0.06872,   0.08535,  -0.05997,   0.01007,  -0.02845,   0.01882,   0.02757,   0.02232,  -0.02845,   0.01007,  -0.00044,  -0.07047,   0.01357,   0.00131,   0.00832,  -0.06522,   0.03108,  -0.00219,   0.01707,   0.02407,   0.06609,  -0.04771,   0.01532,  -0.05471,  -0.04421,  -0.09323,  -0.03020,  -0.00919,   0.02057,  -0.01795,  -0.00744,   0.00131,   0.01707,  -0.02320,  -0.00569,   0.04508,  -0.07572,  -0.02145,  -0.04246,   0.04333,   0.00306,   0.07135,   0.00131,  -0.01094,  -0.00394,  -0.05997,   0.05734,  -0.06522,  -0.04946,   0.02232,  -0.01094,  -0.00394,   0.00832,  -0.07222,  -0.00744,  -0.01795,   0.00832,   0.03633,  -0.02145,  -0.00744,   0.03633,   0.00306,  -0.02845,   0.01882,   0.03808,  -0.01444,  -0.07222,   0.06784,  -0.08448,  -0.00044,   0.01007,   0.02757,   0.04508,   0.06434,   0.05559,  -0.00394,  -0.03370,   0.01007,   0.03458,  -0.03896,  -0.04071,   0.02232,   0.07835,   0.07310,   0.01182,  -0.07572,   0.00306,  -0.02495,  -0.01970,  -0.03721,  -0.00044,  -0.04771,  -0.04771,  -0.07222,  -0.01269,   0.00481,  -0.07397,  -0.04771,  -0.04596,   0.01707,  -0.04946,   0.00832,  -0.06522,   0.00832,   0.06259,  -0.03896,  -0.01269,   0.02232,  -0.05646,  -0.03370,   0.00306,   0.01707,   0.01532,  -0.01269,   0.08885,   0.00131,   0.01532,   0.02582,  -0.00744,  -0.04421,  -0.05121,   0.01357,  -0.07222,  -0.02670,   0.02582,  -0.02670,   0.02407,  -0.01795,  -0.02145,  -0.03370,  -0.00044,  -0.03020,  -0.03721,  -0.00394,  -0.05471,   0.00657,   0.02757,  -0.03370,   0.00481,  -0.04596,   0.04333,  -0.02845,  -0.02495,  -0.00219,   0.04508,   0.04683,  -0.00744,   0.01357,  -0.00044,  -0.03896,  -0.03545,  -0.03370,  -0.01269,  -0.01094,  -0.04246,   0.01007,  -0.04071,  -0.00744,  -0.04421,  -0.01094,   0.03808,  -0.01795,  -0.00394,  -0.00219,   0.02232,   0.05384,  -0.00569,  -0.03721,   0.05734,   0.04683,  -0.00219,   0.06434,   0.08010,   0.03983,  -0.04771,  -0.01970,   0.06784,  -0.01795,   0.04158,   0.01707,  -0.02145,  -0.02320,  -0.00569,   0.00832,   0.03108,   0.01532,  -0.07572,   0.06959,   0.00832,  -0.05997,  -0.01269,  -0.02495,   0.00306,   0.04508,   0.01882,  -0.00044,  -0.00219,  -0.01620,   0.04333,  -0.08798,   0.06259,   0.04158,  -0.01444,  -0.01970,  -0.01444,   0.01707,  -0.01444,  -0.03896,  -0.00394,  -0.01970,  -0.01620,   0.05209,  -0.07922,  -0.00919,   0.02407,  -0.03545,  -0.01970,   0.03458,  -0.03195,  -0.03721,   0.05209,  -0.02320,   0.01882,  -0.08798,  -0.00919,   0.05734,   0.01882,   0.02232,   0.03108,  -0.04421,   0.06784,  -0.05997,   0.04683,   0.00306,   0.00306,  -0.12300,  -0.00044,  -0.04421,  -0.01444,  -0.00744,  -0.01269,   0.04683,   0.01007,  -0.00919,  -0.00044,   0.01357,  -0.03721,   0.01007,  -0.02320,  -0.03195,  -0.00569,  -0.05646,   0.01182,   0.00657,  -0.04071,   0.00481,  -0.03370,   0.07485,  -0.02145,   0.00657,  -0.04596,  -0.03370,   0.02232,  -0.00569,   0.00657,  -0.01269,  -0.11424,  -0.01094,  -0.02670,  -0.06697,  -0.07922,  -0.04421,   0.00657,   0.08535,  -0.03370,   0.02757,   0.01182,   0.01007,   0.08185,  -0.00394,  -0.01970,  -0.05997,   0.02757,  -0.04246,   0.03633,   0.04158,  -0.03721,   0.01357,  -0.05296,  -0.03020,  -0.06347,   0.03808,  -0.00744,   0.05734,   0.05034,   0.03808,  -0.05296,  -0.04421,   0.02407,   0.01532,  -0.03020,   0.02057,  -0.04071,  -0.00569,  -0.00044,  -0.04246,  -0.03545,  -0.00569,  -0.00569,  -0.03721,  -0.04946,   0.01182,   0.00832,   0.00657,  -0.00394,   0.01357,  -0.04421,  -0.02145,   0.07310,   0.02232,  -0.10023,  -0.01970,  -0.01795,  -0.05471,   0.01532,   0.00832,   0.03983,   0.03108,  -0.03020,  -0.00044,   0.00306,  -0.00569,   0.00657,  -0.03370,  -0.09148,   0.06434,   0.02232,   0.03108,   0.01357,  -0.02845,   0.03283,  -0.04421,   0.02232,   0.03283,   0.00657,  -0.11249,   0.01357,   0.03983,  -0.03020,  -0.03195,  -0.02495,   0.03458,   0.02232,  -0.04421,  -0.05121,  -0.04421,   0.01007,  -0.05646,  -0.02670,   0.00481,  -0.00569,  -0.04421,  -0.02320,  -0.02670,   0.03983,  -0.01795,   0.01707,   0.00657,   0.00131,   0.00832,  -0.01970,   0.03283,  -0.05296,   0.01707,   0.02407,   0.02407,   0.00481,  -0.01970,   0.01007,  -0.03195,   0.04683,  -0.01269,  -0.04246,  -0.00919,   0.01707,  -0.01444,  -0.00744,  -0.03195,  -0.02670,   0.02407,   0.04158,   0.05909,   0.02407,  -0.07397,  -0.02670,  -0.02495,   0.00131
   0.01882,  -0.04596,  -0.01620,  -0.00569,   0.01357,  -0.05471,   0.03633,   0.02232,  -0.01094,  -0.07047,   0.08885,  -0.04946,  -0.02670,   0.09411,   0.06609,  -0.02145,  -0.04071,  -0.07222,   0.06784,   0.03108,  -0.02320,   0.00306,  -0.07922,  -0.01269,  -0.03545,   0.09411,   0.02582,   0.04158,   0.08185,  -0.03020,   0.07135,   0.04683,  -0.01269,   0.04508,   0.03283,  -0.01094,   0.03458,   0.04683,  -0.02670,  -0.06872,   0.05559,   0.05209,   0.07835,  -0.01620,  -0.05121,  -0.01444,  -0.07047,  -0.00219,  -0.03195,  -0.05121,   0.02407,   0.00481,  -0.03020,   0.00131,   0.14138,  -0.00394,  -0.10023,   0.11336,  -0.03721,   0.00832,   0.06434,  -0.03896,  -0.03195,  -0.02320,  -0.03370,  -0.04771,  -0.00044,   0.01357,   0.02757,   0.10461,   0.04508,  -0.08798,   0.03983,   0.03108,   0.03983,   0.00131,  -0.02145,   0.00481,  -0.03896,  -0.02320,   0.03108,  -0.01795,   0.03633,   0.00306,  -0.01094,  -0.01444,  -0.05822,   0.02757,  -0.03896,  -0.05822,   0.04858,   0.02582,   0.03108,   0.06084,  -0.03020,   0.05209,  -0.02495,  -0.04946,   0.01007,  -0.01795,   0.03808,   0.01182,   0.07310,   0.01532,   0.00832,   0.04683,  -0.01970,  -0.01094,  -0.02495,   0.02582,  -0.01970,  -0.06172,   0.03633,   0.05034,   0.04333,  -0.03195,   0.02757,  -0.05296,   0.00832,   0.02232,  -0.00744,  -0.05121,  -0.03545,  -0.02320,  -0.00394,   0.02407,   0.05384,   0.00481,   0.00481,  -0.04421,  -0.08973,   0.00832,  -0.05822,  -0.00394,   0.02757,  -0.02670,  -0.04771,   0.00131,   0.00657,   0.04858,  -0.02670,   0.02407,   0.06434,   0.00832,  -0.03195,  -0.04596,   0.05384,  -0.12650,   0.02407,   0.01532,   0.05384,  -0.05296,  -0.09673,   0.08535,   0.05734,  -0.00394,   0.01532,  -0.04596,  -0.05822,   0.06434,  -0.01970,   0.05034,  -0.00394,  -0.00744,   0.04158,   0.10286,  -0.04246,  -0.02495,   0.01707,  -0.00569,   0.03983,   0.09936,   0.00832,  -0.00044,  -0.07922,  -0.02495,   0.01532,   0.00832,   0.08710,  -0.05121,  -0.02320,  -0.02320,   0.02757,   0.02057,  -0.03545,  -0.08098,  -0.04946,  -0.03195,  -0.00394,  -0.09148,  -0.00044,   0.00657,  -0.04071,  -0.00569,   0.02232,   0.01532,   0.03108,   0.01707,   0.00481,  -0.11074,  -0.05296,   0.03283,  -0.00569,   0.01882,  -0.04246,  -0.01795,   0.02757,  -0.00044,  -0.00569,  -0.00569,  -0.04246,  -0.10199,   0.00657,   0.00306,   0.04508,   0.04158,   0.07135,   0.08885,  -0.01970,  -0.02320,   0.07135,  -0.01795,   0.06434,   0.08185,   0.07660,  -0.01094,   0.02757,  -0.05296,  -0.00219,  -0.02495,   0.01182,  -0.03896,   0.04158,   0.00832,  -0.06697,  -0.01795,   0.01007,   0.01182,   0.01532,  -0.02495,  -0.00919,  -0.00219,  -0.00744,  -0.01094,   0.00832,  -0.01269,  -0.00919,  -0.01795,   0.03458,   0.00306,  -0.04246,   0.01007,   0.02582,   0.00657,  -0.01620,  -0.07572,  -0.01795,   0.00481,   0.02757,   0.03633,  -0.05646,   0.01882,   0.01882,   0.06784,   0.02757,  -0.00044,   0.03808,   0.05734,  -0.04946,   0.07310,   0.01532,   0.00131,   0.00481,  -0.00569,  -0.00394,  -0.03020,  -0.00919,   0.02582,   0.01357,   0.03283,   0.00306,   0.03458,  -0.08273,  -0.04421,  -0.04596,   0.02933,   0.02757,   0.00306,   0.00306,   0.03283,  -0.04771,   0.01882,  -0.06172,   0.09060,   0.05209,   0.06434,  -0.01269,  -0.01269,  -0.00744,  -0.00569,   0.06434,  -0.03195,   0.01182,   0.01707,   0.06084,   0.06084,   0.00481,  -0.03545,  -0.02320,   0.05209,   0.01882,   0.01532,  -0.05822,  -0.07397,   0.00481,  -0.03370,  -0.05296,  -0.04071,  -0.06697,  -0.00919,  -0.02670,   0.01707,   0.02933,   0.00832,   0.00481,  -0.00044,  -0.08448,   0.03108,  -0.05296,  -0.06522,   0.01707,  -0.05471,   0.04158,   0.05209,   0.00832,  -0.05997,   0.06259,  -0.01444,   0.02757,   0.00481,   0.05909,  -0.05997,   0.05034,   0.01357,   0.01182,  -0.02145,   0.00832,   0.00832,  -0.01269,   0.02232,  -0.00919,   0.10286,   0.03458,   0.05384,   0.03108,  -0.08098,  -0.04071,  -0.00044,   0.04683,   0.03108,  -0.01269,   0.05559,  -0.04596,  -0.02845,   0.11512,   0.01707,   0.00131,   0.04333,  -0.02845,  -0.00569,  -0.07922,  -0.02145,  -0.00044,   0.00832,  -0.05471,   0.00131,   0.02057,   0.02933,   0.08360,   0.06959,  -0.00919,  -0.02670,  -0.01620,  -0.03896,   0.02582,  -0.06172,  -0.00394,  -0.06697,  -0.01620,  -0.00044,  -0.06347,   0.04158,   0.03808,  -0.04771,   0.02933,  -0.05997,  -0.01269,  -0.01970,  -0.03721,  -0.08098,   0.06784,   0.04158,  -0.08273,  -0.02145,  -0.03195,  -0.09323,   0.03633,   0.00832,  -0.08273,  -0.05296,   0.02582,  -0.00919,  -0.00394,   0.12387,   0.03808,  -0.02845,  -0.07397,  -0.01444,  -0.00044,  -0.02670,   0.03633,   0.02057,  -0.00219,  -0.00744,  -0.10374,   0.06434,  -0.00569,   0.00131,   0.01707,  -0.08448,   0.01357,  -0.04071,   0.07835,   0.13613,  -0.03195,   0.05559,  -0.00744,   0.02232,   0.08185,  -0.04946,   0.03808,   0.00131,   0.01007,  -0.06347,   0.01182,   0.01182,  -0.03195,  -0.00394,   0.03283,  -0.03545,  -0.01444,  -0.01094,   0.00832,   0.06084,  -0.04596,  -0.04946,  -0.00219,  -0.02670,  -0.02320,   0.05559,   0.01357,   0.01707,  -0.04596,   0.02933,  -0.03545,   0.01532,   0.02582,   0.04508,  -0.02145,  -0.04771,   0.04858,   0.02757,  -0.05822,  -0.00569,  -0.03721,  -0.02320,   0.09586,  -0.04246,   0.04508,   0.03633,   0.03983,   0.08885,  -0.01620,   0.01182,   0.00657,   0.06609,   0.07485,  -0.02845,   0.04333,   0.04508,  -0.01620,   0.03283,   0.05384,   0.02232,   0.03283,   0.06259,   0.03283,  -0.04246,  -0.08973,   0.00131,  -0.00044,   0.02582,  -0.02495,  -0.05121,  -0.01444,   0.09586,  -0.04246,   0.04508,  -0.07747,   0.00657,   0.09235,  -0.01620,  -0.00044,   0.01182,  -0.01269,  -0.01444,  -0.06697,   0.05034,  -0.03370,  -0.03195,  -0.00919,  -0.02145,   0.02582,   0.04158,  -0.05121,   0.02933,   0.00481,   0.04508,   0.02582,  -0.02320,   0.02407,  -0.03721,  -0.00219,   0.01707,   0.03283,  -0.00744,  -0.05296,   0.01707,  -0.00569,  -0.06872,  -0.09848,  -0.03195,   0.02057,  -0.03896,   0.07310,  -0.02495,  -0.01269,   0.01707,  -0.00744,   0.06959,  -0.05121,  -0.04071,  -0.00219,  -0.04946,   0.05209,  -0.02495,  -0.09148,   0.01007,  -0.00919,  -0.08098,  -0.05121,   0.05734,  -0.02320,  -0.00044,  -0.01269,  -0.02845,  -0.07222,  -0.01970,  -0.04771,   0.03633,  -0.02495,  -0.03896,  -0.03896,  -0.05471,  -0.00919,   0.07310,  -0.03896,   0.01357,   0.01532,   0.07835,   0.00832,   0.01532,  -0.05121,   0.07135,   0.00306,  -0.04071,  -0.02670,   0.00657,   0.05384,  -0.02320,  -0.10724,  -0.03721,  -0.07747,   0.03108,   0.05209,  -0.04421,   0.06959,  -0.00219,  -0.00569,  -0.03545,  -0.08273,  -0.04071,  -0.09323,  -0.00569,  -0.04071,   0.04683,   0.01182,   0.01007,  -0.04071,  -0.05997,   0.01707,   0.01007,   0.00657,   0.01357,  -0.04071,  -0.10549,  -0.00394,  -0.00394,   0.06259,  -0.06697,  -0.00044,   0.01707,   0.07135,  -0.02845,  -0.07397,   0.01357,   0.01707,   0.04508,  -0.03721,  -0.01444,   0.03108,  -0.00044,  -0.11599,  -0.06697,   0.00657,   0.07135,  -0.05822,  -0.05296,   0.04333,  -0.02495,   0.02933,  -0.00569,   0.01182,  -0.03020,   0.03633,   0.02407,  -0.04946,  -0.03370,   0.04683,   0.00657,   0.01182,  -0.02845,   0.04683,   0.01357,   0.07835,  -0.10023,  -0.02495,  -0.06872,   0.02232,  -0.03545,   0.00306,   0.03283,   0.02057,   0.01882,  -0.05121,  -0.06697,  -0.03020,  -0.00394,  -0.04246,   0.05909,  -0.00919,   0.06084,   0.03283,  -0.04246,   0.05559,  -0.02670,  -0.01269,  -0.09323,  -0.00744,  -0.01970,  -0.04246,   0.00832,   0.01357,   0.02057,  -0.01970,  -0.02670,  -0.03545,  -0.02670,  -0.03896,  -0.00744,  -0.01620,  -0.04071,   0.03108,   0.04858,   0.00657,   0.05384,   0.00481,   0.07485,  -0.04946,   0.03108,  -0.06697,   0.01182,  -0.09673,   0.03458,  -0.04596,  -0.00919,  -0.01795,  -0.02845,   0.02757,   0.06434,  -0.02845,  -0.04071,  -0.06522,  -0.00744,  -0.00744,  -0.05646,   0.10461,   0.04158,  -0.05296,   0.06959,   0.07835,  -0.01094,  -0.02670,   0.00657,  -0.01094,   0.04683,   0.08360,  -0.05646,   0.02757,   0.03808,  -0.05646,  -0.00569,  -0.01444,  -0.03370,   0.04858,  -0.07747,  -0.02845,  -0.07397,   0.04683,  -0.05296,   0.04683,  -0.04246,   0.15013,   0.00481,   0.03983,   0.01182,   0.10286,   0.00306,   0.12387,  -0.03721,  -0.00569,  -0.04946,  -0.05121,  -0.04071,  -0.00219,   0.03458,   0.00306,  -0.01970,  -0.06347,  -0.01620,   0.05209,   0.00131,  -0.00744,   0.02582,  -0.04071,  -0.02670,  -0.00569,  -0.03721,  -0.01795,   0.02057,   0.05734,  -0.00394,   0.01532,  -0.01970,   0.02757,  -0.01094,  -0.09498,  -0.04946,   0.00306,  -0.00569,  -0.05121,   0.04508,   0.03983,  -0.03896,  -0.03370,  -0.05822,  -0.00219,   0.01357,   0.00131,   0.00306,   0.01007,  -0.03195,   0.07660,  -0.07222,  -0.05471,   0.05734,  -0.00219,  -0.04246,   0.00657,   0.03108,   0.02232,   0.04158,  -0.03896,   0.05909,  -0.02670,   0.05209,  -0.10199,  -0.01620,   0.00131,   0.01532,  -0.02495,  -0.00044,  -0.05121,   0.02407,   0.02933,   0.07310,  -0.00044,  -0.01620,  -0.01094,  -0.00044,  -0.01795,   0.01357,  -0.07922,   0.03108,   0.00832,   0.01882,  -0.08273,  -0.03721,  -0.02145,   0.06084,   0.03458,  -0.04596,  -0.04771,   0.02407,   0.05384,  -0.01970,   0.04333,  -0.01269,   0.01532,   0.02933,   0.01882,   0.00832,   0.08010,   0.04158,  -0.03896,   0.03808,  -0.01620,   0.04158,   0.04508,   0.00657,  -0.04421,  -0.02145,   0.02582,   0.06259,   0.01532,   0.02057,   0.07485,  -0.03721,  -0.04771,  -0.04771,   0.01532,  -0.05296,  -0.00919,   0.00481,  -0.02145,  -0.02495,   0.10811,   0.05034,   0.06959,  -0.00394,   0.02407,   0.05559,   0.02232,  -0.02845,  -0.04946,  -0.03896,  -0.01620,   0.02057,  -0.07922,  -0.07222,   0.03108,  -0.02145,  -0.06347,  -0.00744,   0.00481,   0.03108,  -0.00919,  -0.05997,   0.01532,  -0.00219,   0.05559,  -0.06872,   0.01182,   0.05209,  -0.00044,  -0.06172,   0.01882,   0.07835,   0.01707,   0.04683,   0.05559,  -0.04071,   0.08360,  -0.02495,   0.00306,  -0.04596,   0.01882,   0.00481,  -0.05822,  -0.10724,   0.08535,   0.03283,   0.04158,  -0.09148,  -0.01269,   0.04333,   0.07485,  -0.06172,   0.01357,  -0.06347,   0.02407,  -0.01970,   0.02407,  -0.00394,  -0.00919,   0.03458,  -0.00394,   0.11862,  -0.01620,   0.01007,  -0.09148,  -0.03020,  -0.02845,  -0.03721,   0.04858,  -0.07047,  -0.00919,  -0.03545,  -0.00569,   0.02057,   0.01532,  -0.00919,   0.03458,   0.01882,   0.02057,  -0.04421,   0.00131,  -0.00919,  -0.00394,  -0.02670,   0.00131,  -0.02845,  -0.10724,  -0.00044,  -0.05471,  -0.00744,   0.02232,   0.04508,  -0.07747,   0.05559,  -0.04946,   0.11687,  -0.05296,   0.03983,   0.05209,  -0.03545,  -0.00569,   0.07485,   0.02582,   0.02407,   0.01007,  -0.01620,  -0.01094,   0.08185,  -0.06522,  -0.00394,   0.08360,  -0.03896,  -0.05121,  -0.02495,   0.03808,  -0.00219,  -0.05296,   0.02757,   0.00131,   0.00657,   0.02582,   0.00481,  -0.01444,   0.00657,   0.03108,   0.03633,  -0.01620,   0.04333,  -0.02320,  -0.00919,  -0.04596,  -0.06522,   0.11862,   0.00306,   0.05209,   0.02582,  -0.04071,  -0.12124,  -0.01970,  -0.00219,  -0.04946,   0.00131,  -0.03721,   0.00657,   0.02933,  -0.01094,   0.02232,   0.02232,   0.07310,  -0.00919,  -0.05121,  -0.02320,  -0.01269,   0.04508,   0.05909,   0.01707,  -0.00744,   0.05734
   0.08010,  -0.06872,   0.01707,  -0.00219,  -0.02495,  -0.06872,  -0.03020,  -0.03370,   0.05734,   0.05209,   0.02757,  -0.05121,  -0.00744,  -0.02320,   0.07485,   0.05384,   0.05909,  -0.04771,  -0.09673,  -0.04946,   0.06959,   0.01882,  -0.04771,   0.02582,   0.01707,  -0.02670,  -0.00394,   0.02757,  -0.03545,   0.02757,   0.01182,  -0.03020,   0.01357,   0.02407,   0.05034,  -0.02670,  -0.01269,   0.02057,   0.02232,   0.02232,   0.06784,  -0.00394,  -0.00044,   0.09761,  -0.01444,  -0.02320,  -0.02145,  -0.01269,  -0.00919,  -0.03020,  -0.00394,  -0.01970,  -0.02320,  -0.01620,   0.00832,   0.00657,   0.05034,   0.02232,  -0.05646,   0.02582,  -0.07047,  -0.01795,  -0.00919,   0.01532,   0.00131,   0.02582,   0.06609,  -0.02495,   0.00657,   0.00481,  -0.01444,  -0.03020,  -0.04421,   0.01707,   0.00832,   0.05909,  -0.01269,  -0.08798,  -0.01269,   0.03808,  -0.09323,   0.01357,   0.01007,   0.02757,  -0.01795,  -0.02845,  -0.01795,  -0.03195,   0.04158,   0.00657,   0.00657,   0.08360,   0.02757,   0.00131,   0.00131,  -0.06872,   0.00131,   0.00657,  -0.00919,   0.09060,   0.00481,   0.01882,   0.03983,  -0.03545,  -0.04421,  -0.01444,  -0.00394,  -0.02670,  -0.04421,  -0.05997,   0.08010,  -0.02845,  -0.01269,   0.08885,  -0.04421,  -0.01269,   0.10636,   0.04158,   0.00131,   0.04683,  -0.01620,   0.00481,   0.03808,  -0.00919,  -0.03370,   0.02407,   0.02232,  -0.00744,   0.03283,  -0.01970,  -0.04946,  -0.03370,   0.01007,  -0.00744,  -0.03721,  -0.01970,  -0.02495,   0.00131,  -0.05997,   0.02933,   0.04508,   0.00306,  -0.01620,   0.00306,  -0.07922,  -0.02670,  -0.03370,  -0.06872,   0.05909,   0.04683,   0.10286,  -0.03020,   0.00481,  -0.03545,  -0.03545,  -0.02670,   0.03808,   0.00832,  -0.06172,   0.06434,   0.01882,  -0.04071,   0.01182,  -0.03721,   0.02933,   0.02933,   0.00131,   0.03458,  -0.02320,  -0.08448,  -0.05997,  -0.05997,  -0.05646,  -0.01970,   0.01182,   0.00832,  -0.00394,   0.00832,  -0.00919,  -0.04596,   0.03458,  -0.03896,   0.02057,  -0.08798,  -0.02495,   0.00131,   0.01182,  -0.01444,  -0.04946,   0.01532,   0.04508,   0.01532,  -0.04596,  -0.06872,  -0.07047,  -0.03896,   0.00131,  -0.03370,   0.03808,   0.02582,   0.05384,   0.03808,   0.01007,  -0.01970,  -0.01269,  -0.12475,  -0.08098,  -0.04421,   0.01532,   0.04683,  -0.01970,   0.06609,  -0.06697,   0.06434,   0.01882,  -0.06172,   0.07835,   0.03633,  -0.07747,   0.02757,   0.03458,   0.03108,  -0.01269,  -0.02145,  -0.05471,  -0.04071,   0.02057,  -0.08448,   0.01182,   0.00306,   0.05034,   0.02232,   0.02582,  -0.03020,   0.05559,  -0.04596,   0.04158,  -0.03896,  -0.01970,   0.00131,   0.02582,  -0.00394,  -0.00219,  -0.01795,  -0.04771,  -0.11774,  -0.02320,   0.03808,  -0.07572,  -0.01620,   0.05734,  -0.04771,   0.05209,   0.00832,  -0.00394,   0.06784,   0.05384,   0.02757,  -0.01795,  -0.03896,  -0.03370,   0.00832,  -0.07922,  -0.00569,   0.01007,  -0.00744,  -0.04421,  -0.03195,  -0.00044,   0.06784,  -0.01094,   0.01182,   0.04158,   0.04508,   0.02232,  -0.00394,  -0.01094,   0.09235,   0.00657,  -0.04246,   0.00131,   0.00481,   0.03808,  -0.05822,  -0.00044,   0.05384,   0.04333,   0.03983,   0.04508,   0.00481,   0.01882,  -0.03195,  -0.04246,  -0.01094,  -0.01970,   0.02757,   0.08360,  -0.10023,   0.03633,   0.00657,   0.09586,  -0.03721,  -0.02670,  -0.06172,   0.06434,  -0.03195,   0.05559,   0.06434,  -0.04771,  -0.07397,  -0.04596,   0.05559,  -0.05646,  -0.07047,   0.01532,   0.04158,  -0.02495,  -0.01269,   0.00832,  -0.03195,   0.02582,   0.06084,   0.03108,  -0.01970,   0.02407,  -0.01620,   0.02057,  -0.05296,   0.02232,  -0.00569,  -0.06522,  -0.03545,   0.05209,  -0.00394,   0.10811,   0.02407,  -0.02670,  -0.03195,  -0.01269,  -0.03721,  -0.03020,   0.00131,   0.02232,   0.03983,  -0.04421,  -0.05121,  -0.05997,   0.05559,  -0.01795,   0.04333,  -0.06872,  -0.09673,   0.00306,  -0.15451,  -0.00044,   0.01882,   0.02582,   0.03983,   0.01357,  -0.04596,  -0.01795,  -0.01620,  -0.02495,  -0.01269,   0.03108,  -0.03195,  -0.04946,   0.01357,  -0.03370,  -0.02845,   0.03283,  -0.03721,   0.08710,  -0.02145,  -0.01444,   0.03108,   0.04158,   0.01182,  -0.03370,   0.00306,   0.08710,   0.00657,  -0.02495,  -0.02495,   0.08360,   0.02757,  -0.06872,   0.02582,   0.00832,  -0.00569,   0.02933,   0.03633,  -0.02495,  -0.02495,   0.02757,  -0.05822,   0.05384,   0.00131,  -0.00919,   0.03458,  -0.04596,  -0.00569,   0.01707,  -0.06172,  -0.03896,  -0.00569,  -0.04946,  -0.06522,   0.04158,  -0.02495,   0.07310,   0.01357,  -0.02845,   0.03108,  -0.10199,   0.01882,  -0.01094,  -0.03545,  -0.01620,   0.05559,   0.10811,  -0.02145,   0.02232,  -0.01094,  -0.01094,  -0.02495,  -0.02320,   0.06084,   0.05559,  -0.10199,   0.05384,  -0.05822,   0.00481,   0.02232,   0.03458,   0.04858,   0.00481,   0.04858,  -0.04946,   0.04858,  -0.01094,   0.00481,   0.03808,   0.05559,  -0.01970,  -0.01444,   0.05209,   0.00131,   0.01707,   0.07660,   0.06084,  -0.02845,   0.02933,   0.02407,  -0.00219,   0.03808,  -0.00044,   0.01182,  -0.05471,   0.03458,  -0.01795,  -0.08623,  -0.00219,  -0.00919,   0.00481,   0.02407,  -0.00219,   0.05559,   0.04683,  -0.02145,  -0.02145,   0.02933,  -0.02145,  -0.03545,  -0.03020,  -0.00044,  -0.03195,  -0.04246,   0.05209,   0.01707,   0.02582,  -0.05997,  -0.01269,  -0.05121,  -0.00744,  -0.04071,  -0.01795,   0.03633,  -0.02495,  -0.05296,   0.01007,  -0.01970,   0.00306,   0.07135,   0.01182,  -0.02145,   0.00481,   0.00481,  -0.00919,   0.02582,  -0.03020,   0.03983,   0.00131,   0.01357,   0.00832,   0.02757,   0.04858,   0.01007,  -0.02320,  -0.01795,   0.02582,  -0.02670,   0.02232,  -0.00744,   0.03983,   0.05384,   0.06434,   0.09060,  -0.05121,   0.02582,   0.01882,   0.01882,  -0.11599,   0.00481,   0.04508,   0.08185,  -0.05121,   0.04333,  -0.00394,   0.01357,   0.00306,  -0.10724,   0.00832,  -0.02145,   0.06434,   0.04158,  -0.03020,  -0.03020,   0.02232,  -0.00744,   0.05909,   0.05909,   0.01707,   0.00832,   0.01532,  -0.02320,   0.04158,  -0.00744,   0.07485,  -0.04946,  -0.01094,  -0.01795,  -0.02670,   0.01007,   0.01707,  -0.02845,  -0.03195,   0.03458,  -0.03020,   0.03633,   0.00657,   0.03283,  -0.00569,  -0.07922,   0.01182,   0.05209,  -0.01620,  -0.00569,  -0.04596,  -0.01094,  -0.05997,  -0.01269,  -0.02670,   0.01707,   0.09235,  -0.00394,   0.03283,  -0.02845,  -0.06172,  -0.04071,   0.05209,  -0.01269,   0.04683,  -0.01795,   0.04508,  -0.00919,  -0.00569,  -0.02145,  -0.00744,   0.00657,   0.03808,   0.00481,  -0.03721,  -0.00744,   0.00131,   0.05209,  -0.05471,  -0.06172,   0.04508,   0.01707,  -0.05822,  -0.03370,   0.02407,  -0.04246,   0.02757,   0.12562,  -0.03721,   0.02057,   0.07135,  -0.03721,  -0.02495,  -0.02145,  -0.05646,  -0.04946,  -0.02145,   0.00832,  -0.01620,   0.03458,  -0.06522,  -0.01970,  -0.04771,  -0.04596,   0.03458,   0.05559,  -0.00394,   0.07660,  -0.00219,   0.04333,   0.14488,  -0.02845,   0.00481,  -0.04946,   0.05034,   0.05384,   0.03108,   0.05209,   0.01357,   0.01532,   0.05034,   0.01707,  -0.04771,   0.01882,  -0.00569,   0.05559,   0.06609,   0.06259,  -0.02320,  -0.00919,   0.02232,   0.05384,  -0.03195,  -0.02845,  -0.02845,   0.03983,  -0.02320,  -0.01795,   0.00481,   0.08010,  -0.01094,  -0.06697,   0.02407,  -0.09323,   0.02407,   0.06959,  -0.06697,   0.01707,   0.08360,   0.02057,  -0.04071,  -0.03721,   0.01182,   0.01357,  -0.05121,   0.00832,   0.03108,  -0.10374,  -0.02845,   0.02757,  -0.02845,  -0.01094,   0.08360,   0.08885,  -0.01444,  -0.00919,   0.03283,  -0.07922,  -0.05471,   0.02757,  -0.02145,  -0.01269,   0.00131,  -0.04596,  -0.00569,   0.09936,   0.02232,   0.07310,   0.07310,  -0.02845,  -0.05997,  -0.03545,  -0.06172,   0.06959,   0.00657,  -0.00919,  -0.02670,   0.01182,  -0.02670,  -0.02145,   0.00657,  -0.01970,  -0.10724,  -0.04771,  -0.03545,  -0.00919,   0.01707,  -0.02845,  -0.01970,  -0.01269,   0.00306,  -0.03721,  -0.03195,  -0.03020,   0.00131,   0.00481,  -0.00044,  -0.00744,   0.02232,  -0.00219,   0.06609,  -0.04946,   0.04158,  -0.07747,  -0.01620,   0.00306,   0.00832,   0.00306,   0.04333,   0.02232,   0.03633,  -0.05471,   0.05734,   0.03983,  -0.01269,   0.02232,   0.04158,  -0.00394,  -0.05471,  -0.07047,   0.00131,  -0.04246,  -0.01795,  -0.02495,  -0.04596,   0.05384,   0.00657,   0.04858,   0.01182,   0.06084,   0.02933,   0.10461,   0.05559,   0.02582,   0.00481,   0.04683,  -0.01444,   0.02757,  -0.07047,   0.01357,   0.00306,   0.02582,  -0.02670,   0.04508,   0.05384,  -0.01795,   0.01182,   0.03108,   0.02232,  -0.01620,  -0.04771,   0.07485,  -0.02845,  -0.03721,   0.09060,   0.00481,   0.07310,  -0.03195,  -0.01795,   0.00832,   0.00131,   0.02232,  -0.03721,   0.00131,   0.00481,   0.02057,   0.00832,   0.01007,  -0.05646,   0.00832,  -0.02495,  -0.00044,   0.03458,  -0.06347,  -0.04421,   0.08535,  -0.05997,   0.04683,   0.02232,   0.00306,   0.01707,   0.00481,   0.06434,  -0.02845,  -0.06172,  -0.04946,   0.00306,   0.02933,   0.01532,   0.00832,   0.05209,   0.07485,  -0.03896,  -0.06697,  -0.03370,  -0.06347,  -0.01970,   0.05384,  -0.06172,   0.02232,   0.10811,  -0.03195,   0.04858,  -0.01620,  -0.04771,  -0.01094,  -0.00569,  -0.02145,  -0.09848,   0.00131,  -0.02495,  -0.01970,   0.01882,   0.02582,  -0.05471,  -0.00394,  -0.00394,  -0.04771,   0.06609,  -0.00394,  -0.00744,   0.00832,  -0.02145,   0.02232,  -0.01795,  -0.02145,  -0.03020,   0.00657,   0.00306,  -0.04771,   0.02933,  -0.00919,   0.02232,   0.02582,  -0.01795,   0.04508,  -0.01795,   0.05559,   0.05909,   0.01707,   0.01882,   0.06784,  -0.00919,   0.02232,   0.00481,   0.04333,  -0.01094,   0.01007,   0.11161,  -0.01444,  -0.08623,  -0.06522,   0.00481,   0.02407,  -0.01795,   0.02232,  -0.01094,  -0.03020,  -0.01094,  -0.05997,  -0.08623,   0.00306,   0.09586,  -0.00219,   0.07135,   0.02407,  -0.01094,   0.02057,   0.02933,  -0.01620,   0.06084,   0.01182,   0.12037,  -0.03370,  -0.00219,   0.01357,   0.00306,   0.05384,   0.00657,  -0.00744,  -0.00919,   0.02582,  -0.02495,  -0.00919,   0.02757,  -0.07572,   0.02582,  -0.02845,   0.03108,  -0.01620,  -0.06697,   0.03633,   0.03108,  -0.00044,   0.07660,  -0.05997,  -0.05822,   0.03808,  -0.06172,  -0.02670,   0.06959,  -0.01795,  -0.04071,   0.05034,  -0.02670,  -0.01444,   0.05384,  -0.00919,  -0.01620,   0.00481,   0.00657,   0.01182,  -0.03545,   0.03458,   0.08885,  -0.05121,   0.04683,   0.01532,   0.04333,   0.04858,  -0.08623,  -0.00919,  -0.05121,  -0.02495,   0.03458,   0.02757,  -0.00394,  -0.00394,  -0.06522,   0.01532,  -0.01094,   0.02933,   0.08710,   0.05384,   0.06084,   0.02232,   0.00481,   0.01532,  -0.01094,   0.02582,   0.01007,  -0.01444,   0.05034,   0.03108,  -0.03721,  -0.01970,  -0.03370,   0.01357,  -0.03721,   0.01357,  -0.08973,  -0.08448,   0.05384,  -0.00919,  -0.01620,  -0.06172,  -0.01795,   0.02057,  -0.02145,  -0.02320,   0.01007,  -0.01970,  -0.00569,  -0.00044,  -0.06347,  -0.04771,  -0.00044,   0.00832,   0.01007,   0.05209,   0.01007,  -0.11949,  -0.01970,   0.02582,  -0.01970,  -0.02495,   0.08535,   0.02933,   0.06259,   0.00306,  -0.00744,  -0.00219,   0.03108,  -0.04421,  -0.03545,   0.01532,   0.02582,   0.04858,  -0.02670,  -0.00219,  -0.06172,  -0.03896,  -0.00744,   0.06259,  -0.02320,  -0.06522
  -0.02845,   0.04508,   0.00481,  -0.02145,   0.01357,  -0.02670,  -0.01970,  -0.01970,   0.09586,  -0.02145,  -0.06872,   0.01882,  -0.04071,  -0.09498,   0.08710,   0.01707,   0.02757,  -0.02320,   0.04683,  -0.06697,  -0.04771,   0.02407,  -0.00744,  -0.01970,   0.02057,  -0.04596,   0.07135,   0.02757,   0.01007,   0.03108,  -0.01970,   0.04683,   0.00131,  -0.03896,  -0.04071,   0.03633,   0.02757,  -0.08448,   0.04858,   0.01707,   0.00306,  -0.05121,   0.04508,  -0.00219,  -0.04246,  -0.01094,   0.03633,  -0.06172,   0.01532,  -0.08448,  -0.04246,   0.08010,  -0.04071,   0.01707,   0.03983,   0.04858,  -0.04246,  -0.02670,  -0.03896,  -0.01970,   0.01007,  -0.01094,  -0.00044,   0.00657,   0.00481,  -0.05121,   0.01357,  -0.02320,   0.00481,   0.02057,   0.00306,   0.08185,   0.06959,   0.03458,   0.01007,  -0.02670,  -0.05121,   0.04508,  -0.07047,  -0.00569,  -0.06347,  -0.02670,  -0.01094,   0.00131,  -0.01620,   0.02757,  -0.00394,   0.04333,   0.01182,  -0.04246,   0.03283,  -0.00919,  -0.00569,  -0.00044,  -0.02670,   0.02057,  -0.01795,   0.09936,   0.01882,  -0.04771,  -0.00044,  -0.00744,   0.01882,   0.00306,  -0.07572,   0.04333,  -0.07222,   0.05209,   0.02582,  -0.00919,   0.00832,  -0.07222,   0.02407,   0.01357,  -0.05121,  -0.00919,   0.05559,   0.08360,  -0.05997,   0.10286,   0.02232,   0.02407,   0.01357,  -0.02145,  -0.02320,  -0.09848,  -0.04596,   0.02407,   0.05034,   0.03633,   0.15889,  -0.00744,   0.04683,  -0.00394,   0.07660,   0.07135,  -0.03370,  -0.01269,   0.09586,   0.02933,   0.00481,  -0.08448,  -0.01444,   0.03283,   0.02933,  -0.04596,  -0.00919,   0.06959,   0.03633,  -0.02495,   0.02407,   0.00306,  -0.00569,   0.06259,  -0.00919,   0.05909,   0.07135,   0.07310,   0.05909,  -0.03370,  -0.00744,   0.00657,   0.02933,  -0.06522,   0.00306,   0.03283,  -0.01620,  -0.03370,  -0.04596,   0.02933,   0.08535,  -0.03020,  -0.04421,  -0.00394,  -0.00219,   0.01007,  -0.02495,  -0.01970,  -0.04421,   0.03808,  -0.04946,   0.01007,  -0.09848,  -0.01620,   0.02757,   0.07485,   0.03108,  -0.06347,   0.00657,  -0.03545,  -0.03896,   0.02757,   0.07310,  -0.00919,  -0.01620,  -0.02495,  -0.01970,  -0.04246,  -0.02495,   0.02757,   0.10986,   0.03983,  -0.09148,  -0.00044,  -0.04771,  -0.00744,  -0.00744,  -0.01269,  -0.03195,   0.00306,   0.00306,  -0.05121,  -0.00044,  -0.02670,  -0.05121,  -0.01970,  -0.03545,  -0.02670,  -0.05997,   0.01007,   0.11862,  -0.00219,  -0.05997,   0.06609,  -0.03721,   0.00832,  -0.00044,   0.10461,  -0.07572,   0.06784,  -0.02145,  -0.00219,   0.00131,   0.04858,  -0.00569,   0.00131,   0.11687,  -0.03370,  -0.01970,   0.07660,   0.01007,   0.03108,  -0.03020,  -0.01970,  -0.05296,  -0.01970,  -0.06872,  -0.03721,  -0.00569,  -0.01444,   0.00131,  -0.00569,  -0.02145,   0.03458,  -0.01970,   0.04683,  -0.01269,   0.03458,   0.10811,  -0.00044,  -0.02320,   0.01182,   0.03633,  -0.03370,   0.01182,   0.05384,   0.00131,  -0.01094,  -0.08973,  -0.00044,  -0.01269,   0.02232,   0.04858,  -0.01620,  -0.05997,   0.04683,   0.18340,   0.11336,   0.00832,  -0.06522,   0.09936,  -0.00744,  -0.00394,   0.03458,   0.02757,  -0.00394,   0.11687,  -0.00919,  -0.04771,   0.02582,  -0.04421,   0.08535,  -0.07047,   0.06434,   0.04333,  -0.04246,   0.07835,   0.02933,   0.03983,   0.01882,   0.01007,   0.06609,  -0.02320,  -0.05822,   0.15188,  -0.10374,  -0.08973,  -0.00744,   0.01182,  -0.03896,  -0.03896,   0.08185,  -0.01094,   0.01532,   0.05734,  -0.02670,   0.04508,   0.00131,  -0.13350,  -0.07047,   0.02933,  -0.08098,   0.05734,  -0.01094,   0.06259,   0.00657,   0.00481,  -0.02495,   0.01007,   0.06609,  -0.04421,  -0.04246,   0.02933,   0.04858,  -0.07222,   0.04858,  -0.00744,   0.00131,   0.00131,  -0.10023,  -0.03020,   0.01182,   0.00481,  -0.00394,   0.05034,   0.05384,   0.06259,  -0.03896,   0.01007,  -0.01269,  -0.00219,  -0.03721,   0.03108,  -0.02495,  -0.05121,  -0.05997,   0.05909,  -0.04071,   0.05909,  -0.00044,  -0.02495,   0.04508,   0.02407,   0.07660,   0.03458,   0.01707,  -0.06697,  -0.01795,   0.09586,  -0.00744,  -0.10724,   0.03108,  -0.08798,  -0.00044,  -0.01269,   0.01357,   0.00306,   0.02232,  -0.09148,  -0.03195,  -0.00919,   0.04333,  -0.03020,   0.05034,  -0.06347,  -0.08273,  -0.03545,   0.02933,  -0.01970,   0.05384,  -0.00044,   0.05034,  -0.02670,   0.08010,   0.01532,   0.01182,  -0.04421,  -0.00219,   0.09936,  -0.00744,   0.01882,   0.03458,  -0.04246,  -0.03195,  -0.00394,   0.11687,  -0.03020,  -0.00919,  -0.00744,   0.03633,   0.00131,   0.01707,   0.01357,   0.01532,  -0.04596,   0.00481,   0.02407,  -0.05997,   0.00657,   0.06959,  -0.02845,  -0.05296,   0.05209,  -0.05822,  -0.00919,   0.01707,  -0.08623,  -0.00569,  -0.04246,  -0.00744,   0.05384,  -0.12650,   0.00306,  -0.08273,  -0.03020,  -0.04421,  -0.04596,   0.04333,  -0.00394,  -0.00744,  -0.04421,   0.04683,   0.00832,  -0.07397,   0.03458,  -0.05471,   0.02757,  -0.05471,  -0.03020,  -0.05997,  -0.08273,  -0.03545,   0.10811,   0.02933,   0.01882,  -0.01970,  -0.03195,  -0.00394,   0.03983,   0.03283,  -0.11424,  -0.00744,  -0.06347,   0.02582,  -0.04946,  -0.01269,  -0.04421,  -0.03370,  -0.05471,  -0.05121,  -0.02320,   0.04508,  -0.01620,  -0.01269,   0.05909,   0.00657,   0.08010,  -0.05822,   0.09411,   0.07310,   0.02407,   0.04333,  -0.03721,  -0.01444,  -0.06697,   0.03458,  -0.03721,  -0.03545,  -0.01444,  -0.02670,  -0.02495,  -0.02670,  -0.00744,  -0.05121,   0.03108,  -0.02670,   0.05734,  -0.05646,  -0.01269,   0.03283,   0.01357,  -0.01269,  -0.00919,  -0.02320,  -0.02495,  -0.01795,   0.06084,  -0.02845,   0.03108,  -0.02845,  -0.00919,   0.02057,  -0.07572,  -0.04946,   0.01882,   0.02057,  -0.00744,   0.06784,   0.08185,  -0.01444,   0.11862,  -0.00569,  -0.06347,   0.05734,  -0.06172,   0.01182,  -0.02670,  -0.05471,  -0.00919,   0.06784,   0.03808,   0.02057,   0.05559,   0.02933,  -0.02670,   0.05384,  -0.01269,  -0.02145,  -0.00919,   0.07135,   0.02232,   0.01182,   0.01182,  -0.00219,   0.03283,  -0.04946,   0.05034,   0.03983,  -0.05471,  -0.05997,   0.00832,  -0.03195,  -0.02320,   0.05384,  -0.02495,   0.04333,  -0.02145,  -0.09498,  -0.00919,   0.01707,  -0.01444,  -0.03545,   0.06084,   0.01007,   0.00657,  -0.04946,  -0.05646,   0.07135,  -0.02320,  -0.03545,   0.01707,  -0.01444,  -0.04421,   0.02407,   0.06259,  -0.01094,   0.03808,   0.03983,  -0.03896,   0.07660,   0.01007,  -0.05296,  -0.04071,  -0.04771,   0.00131,  -0.01970,   0.00481,  -0.00044,  -0.01269,  -0.03545,   0.01182,   0.01182,  -0.03020,   0.00481,   0.04158,  -0.00044,  -0.07747,   0.07135,  -0.02495,  -0.00044,  -0.00919,   0.02407,   0.01882,  -0.03020,   0.02407,   0.04858,  -0.00044,  -0.03020,  -0.08448,   0.01707,   0.09235,   0.01357,   0.04858,   0.07835,   0.00306,  -0.02670,   0.00832,  -0.05121,  -0.11249,  -0.00744,  -0.04246,   0.01182,   0.14138,   0.00481,   0.04508,  -0.02845,  -0.03721,  -0.04596,   0.02582,  -0.02670,   0.01182,  -0.07747,  -0.03370,   0.04508,  -0.04421,  -0.06172,  -0.09148,  -0.04596,   0.01532,  -0.08798,  -0.03721,   0.08710,  -0.00919,  -0.03195,  -0.00219,  -0.02670,   0.01357,  -0.01094,  -0.00744,  -0.02495,  -0.01094,   0.01707,  -0.02320,   0.01532,   0.02232,  -0.09323,   0.01182,   0.11161,   0.02933,   0.03983,  -0.02320,  -0.00744,  -0.00394,   0.03108,  -0.00569,  -0.03721,   0.00306,  -0.10549,   0.06084,  -0.06522,  -0.07747,   0.03983,   0.03983,   0.01882,   0.09586,   0.00131,  -0.03020,   0.09761,  -0.01094,  -0.05121,   0.03808,  -0.00569,  -0.04071,  -0.01444,   0.06784,  -0.00569,   0.01182,  -0.04071,   0.03458,   0.09761,  -0.05646,  -0.03020,  -0.07222,  -0.05997,   0.01707,   0.02057,   0.01357,   0.05034,   0.01182,  -0.04246,   0.02057,  -0.01094,   0.03283,  -0.00744,  -0.08098,   0.02757,  -0.00919,   0.08885,  -0.00744,  -0.03020,   0.02582,   0.03108,  -0.05646,  -0.04071,   0.01357,  -0.06347,  -0.07922,   0.09235,  -0.04771,   0.05034,   0.03983,   0.02057,   0.01882,   0.00306,  -0.03370,  -0.00744,   0.04508,   0.06259,   0.02407,  -0.03020,   0.09936,  -0.04071,  -0.05296,   0.08360,   0.06609,  -0.06522,  -0.02845,   0.04858,   0.08535,   0.04858,   0.03633,  -0.07397,   0.03633,  -0.10724,  -0.01094,  -0.01094,   0.04508,   0.03983,   0.00306,   0.00306,   0.02407,  -0.01094,   0.01007,  -0.01970,   0.10636,  -0.03545,   0.02582,   0.07835,   0.03633,   0.03983,  -0.01620,   0.02232,  -0.03896,  -0.07572,  -0.06522,   0.02057,  -0.00569,  -0.01094,  -0.05646,   0.05734,   0.01882,   0.01357,  -0.03195,  -0.02145,   0.04333,   0.07135,  -0.01444,  -0.02670,  -0.04596,   0.06259,   0.00481,  -0.01620,   0.02933,  -0.00044,   0.02057,  -0.00919,  -0.03195,  -0.02320,  -0.10199,   0.04158,  -0.02320,   0.01357,   0.07135,   0.11161,  -0.03721,   0.08185,   0.00832,   0.00657,  -0.11424,  -0.07572,   0.00481,   0.01707,   0.04858,   0.00131,  -0.02495,   0.01007,   0.02757,   0.06784,  -0.04246,   0.07135,   0.02057,   0.00481,  -0.05646,  -0.00744,  -0.01094,   0.06259,  -0.01094,   0.05384,   0.02933,   0.02933,  -0.03545,  -0.02145,  -0.01269,  -0.04421,   0.00832,   0.03108,   0.02582,   0.12912,   0.02757,  -0.02495,   0.02757,  -0.02320,  -0.04596,   0.01007,   0.06259,  -0.02845,  -0.05296,   0.05209,  -0.07572,   0.01182,  -0.07747,  -0.02495,  -0.00919,   0.05384,   0.03283,  -0.01269,  -0.01094,  -0.03721,  -0.01795,   0.05034,   0.03808,   0.00657,   0.08535,   0.01182,   0.03458,  -0.00044,  -0.02495,  -0.08448,   0.00306,  -0.00744,   0.03458,   0.02407,  -0.01620,  -0.03721,   0.04158,  -0.01620,  -0.04421,   0.00832,  -0.03195,   0.00306,   0.00131,   0.02407,   0.05559,  -0.03896,   0.02232,  -0.03896,  -0.04071,   0.06784,  -0.04771,   0.03283,  -0.03370,  -0.03721,   0.04158,   0.05909,  -0.00569,  -0.05121,  -0.01269,   0.04158,  -0.09148,   0.02582,   0.04858,  -0.00744,  -0.06522,   0.04683,   0.03633,  -0.01970,   0.00832,  -0.09673,   0.03633,   0.04158,   0.09411,   0.05734,  -0.01269,   0.00832,   0.10986,  -0.00744,  -0.01269,  -0.09323,   0.02757,  -0.06522,   0.06959,   0.01882,  -0.07572,   0.01357,   0.03633,   0.01532,   0.02757,   0.01707,   0.02232,   0.01007,   0.01007,   0.07485,  -0.09498,  -0.01795,  -0.00394,  -0.02845,  -0.02495,  -0.03721,  -0.01795,  -0.02320,   0.06959,   0.02407,   0.02757,   0.06959,   0.06259,  -0.10899,  -0.06697,  -0.00219,  -0.03896,   0.05209,   0.10286,   0.08185,   0.03108,  -0.01269,   0.00657,   0.01532,  -0.05121,  -0.00919,   0.04508,  -0.02845,  -0.03896,  -0.03896,   0.05559,   0.04858,   0.00131,  -0.03896,  -0.01444,   0.05034,  -0.02145,  -0.03721,  -0.08623,   0.02582,   0.11512,   0.13613,   0.00481,  -0.02670,   0.01882,  -0.02320,   0.04333,   0.03108,   0.02407,  -0.00569,  -0.05471,  -0.04421,   0.04158,  -0.01970,  -0.05296,   0.15013,  -0.05296,  -0.05822,  -0.00744,  -0.05296,  -0.07397,  -0.05121,   0.03283,   0.00306,  -0.04771,  -0.01795,   0.01882,   0.07835,  -0.01795,  -0.04771,  -0.06522,  -0.05997,   0.01707,  -0.02320,  -0.06347,   0.03633,  -0.03020,  -0.02320,   0.00131,  -0.02845,   0.07485,   0.06784,   0.03458,  -0.01795,   0.02232,  -0.04596,   0.02757,  -0.02495,  -0.04246,   0.10111,  -0.01269,  -0.03721,   0.02757,  -0.02320,   0.04508,  -0.00044,  -0.04771,  -0.02320,   0.01182,   0.01532,   0.08535,  -0.07047
   0.03633,   0.04858,  -0.02670,  -0.04421,   0.06959,  -0.00219,   0.02407,   0.02407,  -0.00744,  -0.03721,   0.00306,  -0.01970,  -0.03370,  -0.01620,  -0.09498,   0.00306,   0.01357,  -0.01620,  -0.01094,   0.03808,   0.01882,  -0.05822,  -0.02670,   0.00832,   0.00306,   0.04683,   0.07835,  -0.02145,  -0.01094,   0.01882,  -0.03370,   0.01357,   0.02582,  -0.03721,   0.01007,  -0.02320,  -0.01620,  -0.06172,   0.05034,  -0.01269,   0.00131,  -0.02495,   0.02232,  -0.07572,   0.05559,  -0.01795,  -0.00569,   0.00481,   0.08185,   0.05559,   0.01882,  -0.06872,   0.01532,  -0.03545,  -0.06872,   0.03283,  -0.05646,  -0.06347,   0.02407,  -0.09848,   0.01357,   0.01532,  -0.01795,  -0.06522,  -0.00744,   0.04158,  -0.00044,  -0.00044,  -0.02320,  -0.09673,  -0.00394,  -0.00569,   0.04158,  -0.07922,  -0.06522,  -0.08973,  -0.03545,   0.00131,   0.05034,  -0.02145,   0.02407,   0.07485,  -0.03545,  -0.02320,   0.02232,  -0.00744,   0.02057,   0.01007,   0.00657,  -0.03545,  -0.03195,   0.05559,  -0.00044,   0.03808,  -0.00919,  -0.01620,   0.04683,  -0.03545,  -0.00569,   0.01007,   0.03633,   0.07485,  -0.04421,  -0.03545,  -0.03020,   0.03283,   0.02057,   0.01357,  -0.00394,  -0.07047,   0.08710,   0.03633,  -0.04246,  -0.01094,  -0.00569,  -0.03370,   0.01532,  -0.03545,  -0.00744,  -0.01970,  -0.03721,  -0.01444,   0.01532,   0.06259,   0.03983,   0.06259,  -0.08273,   0.00832,  -0.01620,   0.02582,   0.05034,  -0.00044,  -0.06172,   0.04158,   0.02407,  -0.01269,   0.05209,   0.04508,   0.00306,  -0.02670,  -0.08098,  -0.00569,   0.00306,  -0.01444,   0.11161,  -0.02320,   0.01007,   0.01182,   0.00131,  -0.05997,  -0.07222,   0.03633,   0.06259,  -0.03721,   0.08010,   0.00306,   0.01182,  -0.08973,  -0.06347,  -0.00044,   0.11161,   0.04683,   0.02232,   0.02407,   0.05209,   0.01007,   0.02933,   0.02757,   0.00481,  -0.03545,  -0.04596,  -0.01444,   0.02933,  -0.02495,  -0.02670,  -0.00219,   0.06959,  -0.08973,  -0.03195,   0.06259,   0.01182,  -0.00744,   0.01707,  -0.05997,   0.02407,  -0.10724,   0.01182,  -0.00394,   0.05909,  -0.00044,  -0.04071,   0.00832,   0.06434,  -0.01269,   0.00832,   0.05034,  -0.02495,   0.02407,  -0.02495,   0.15363,   0.00306,  -0.01094,  -0.09148,   0.04683,  -0.06697,   0.05909,   0.09235,   0.00481,  -0.00919,  -0.06172,   0.08010,   0.05034,  -0.12300,  -0.04421,  -0.03545,  -0.03896,  -0.01269,  -0.01269,  -0.03370,   0.02582,  -0.03896,  -0.00219,  -0.09498,  -0.06872,  -0.04071,  -0.04246,  -0.09148,   0.09761,  -0.00044,   0.03283,  -0.04421,  -0.00219,   0.02407,   0.05559,   0.06084,  -0.01269,  -0.05822,  -0.03195,  -0.07222,  -0.04946,  -0.00394,  -0.02670,   0.03283,   0.05209,   0.06259,  -0.05822,  -0.01444,  -0.05296,  -0.01970,  -0.02320,   0.08535,   0.01532,  -0.10899,   0.03283,  -0.01094,   0.00306,  -0.00744,   0.05909,  -0.04421,   0.02407,   0.02407,  -0.01094,   0.04158,  -0.03195,   0.02582,   0.01532,  -0.01094,  -0.00219,  -0.03195,   0.05384,  -0.10724,  -0.02670,   0.02757,   0.03458,   0.02232,  -0.01795,   0.00131,  -0.09148,   0.00481,  -0.05121,   0.09761,   0.00306,  -0.05646,   0.02057,  -0.00219,  -0.00219,  -0.04246,  -0.03721,   0.03283,   0.01357,  -0.01620,  -0.00219,  -0.05822,  -0.03721,  -0.00219,  -0.06172,   0.02232,   0.00832,  -0.01970,  -0.01795,   0.00131,  -0.01269,   0.04333,  -0.10724,  -0.03195,  -0.00744,   0.10111,  -0.08273,  -0.03896,  -0.01444,  -0.05646,  -0.04946,   0.03283,  -0.13875,  -0.01795,   0.01707,   0.02057,   0.00481,   0.01532,  -0.00219,   0.09586,  -0.06172,   0.01707,   0.08360,  -0.01269,  -0.01444,  -0.01970,  -0.00394,   0.00481,  -0.10724,   0.06434,  -0.03721,   0.03458,  -0.04071,   0.01882,  -0.01444,   0.00306,  -0.01620,  -0.04771,  -0.00569,   0.13437,  -0.01269,   0.06959,  -0.04421,  -0.02670,   0.03108,  -0.04071,   0.02057,   0.03983,  -0.00744,  -0.04771,  -0.01444,  -0.03370,   0.09586,   0.01882,   0.01357,   0.06609,   0.00832,  -0.06347,  -0.00044,  -0.09323,  -0.06872,   0.00657,   0.02057,   0.02232,   0.01182,   0.08710,   0.00131,   0.02057,   0.01707,  -0.01620,  -0.05471,  -0.03545,  -0.01094,  -0.03020,   0.04683,  -0.00919,   0.03108,   0.00481,   0.01357,  -0.09498,   0.00481,  -0.00744,   0.05384,   0.02057,   0.05209,   0.09235,   0.08360,  -0.05121,   0.09411,   0.00657,   0.01882,   0.00657,  -0.04421,   0.11512,   0.03108,  -0.01795,  -0.06522,   0.04333,  -0.01269,   0.00832,  -0.01444,   0.02933,  -0.01094,   0.01882,   0.03633,  -0.03545,  -0.05822,  -0.07397,   0.02582,  -0.00744,   0.08710,   0.01007,  -0.02320,  -0.01444,   0.05909,  -0.07397,  -0.00219,   0.02232,   0.01882,   0.02933,  -0.08273,  -0.00044,  -0.11074,   0.00481,  -0.00044,   0.08010,  -0.01795,   0.09936,  -0.04946,  -0.00394,   0.06959,   0.01532,  -0.03370,  -0.01094,   0.02582,   0.01357,   0.09586,   0.04508,   0.00481,  -0.00394,   0.07485,  -0.11774,  -0.01094,   0.03283,   0.04508,   0.01532,  -0.02670,  -0.01795,   0.07660,  -0.03195,   0.02407,   0.05909,  -0.02495,  -0.01094,   0.04683,   0.05559,  -0.02845,  -0.00219,   0.06259,   0.06084,   0.00306,  -0.01795,  -0.03195,   0.01707,  -0.04596,   0.01007,  -0.04246,  -0.01795,  -0.01970,   0.01532,   0.02057,   0.00481,  -0.01269,   0.03458,   0.00131,  -0.04771,   0.03108,  -0.05646,  -0.01444,  -0.07922,   0.07310,  -0.07747,   0.00481,  -0.00919,  -0.00044,   0.07485,   0.03983,   0.02232,  -0.00919,   0.12212,  -0.06347,   0.01882,  -0.00569,   0.04158,   0.00832,   0.04683,   0.06434,   0.05734,   0.02407,   0.06259,  -0.06697,   0.05034,   0.11161,  -0.03896,   0.15889,   0.01182,   0.08010,   0.05559,   0.08885,  -0.02845,  -0.02320,  -0.07047,  -0.02845,   0.01007,   0.00481,   0.04508,   0.07485,   0.01532,   0.01007,  -0.07222,   0.08535,   0.03108,  -0.04946,   0.04158,  -0.04246,  -0.00919,  -0.01094,   0.03458,   0.00131,   0.01182,  -0.14576,  -0.08448,  -0.00044,  -0.03195,  -0.03370,   0.02057,  -0.06172,   0.00481,  -0.00919,   0.02757,   0.00832,   0.02407,  -0.05121,   0.00832,  -0.05296,  -0.01269,  -0.00219,  -0.04946,  -0.01795,   0.04683,   0.03808,  -0.08973,  -0.03020,   0.00481,  -0.03020,  -0.04946,  -0.06172,  -0.01620,   0.05909,   0.02757,  -0.03896,   0.02057,   0.00306,   0.05909,   0.02407,  -0.08623,  -0.04421,   0.11336,  -0.01094,   0.01707,   0.06784,  -0.00569,   0.02933,  -0.00219,   0.01707,   0.07310,   0.04333,   0.11862,   0.06959,   0.02057,   0.00481,  -0.01970,  -0.02845,  -0.05997,   0.01182,  -0.01269,  -0.01269,   0.00657,   0.03458,  -0.03721,  -0.10199,  -0.08273,   0.05559,   0.08185,   0.00481,  -0.09848,   0.01357,  -0.03545,  -0.01269,  -0.06347,  -0.05296,  -0.02670,   0.03983,  -0.01620,  -0.01795,   0.04683,   0.02933,   0.01882,   0.04858,   0.09235,   0.03808,  -0.03896,   0.00306,   0.04508,   0.00832,  -0.04771,   0.08185,  -0.02670,   0.02407,   0.07135,   0.01007,   0.01007,   0.01707,  -0.00219,   0.04508,   0.03458,   0.02057,   0.10636,  -0.04071,   0.01882,  -0.04246,   0.10986,   0.02057,  -0.06347,  -0.02495,  -0.02845,   0.03633,  -0.08273,  -0.00569,   0.05734,   0.02757,  -0.06697,  -0.01269,  -0.04421,  -0.02145,  -0.00044,  -0.04946,   0.00131,  -0.05121,  -0.01269,  -0.04946,  -0.01269,   0.01882,  -0.00919,  -0.07922,  -0.00394,  -0.05646,   0.01532,  -0.00744,   0.06609,   0.02232,  -0.01269,   0.02057,  -0.00744,   0.02407,  -0.00394,   0.03108,  -0.05296,   0.05034,  -0.03020,   0.03983,   0.02933,   0.00481,  -0.05646,  -0.01970,  -0.01795,   0.11161,   0.03983,   0.00306,  -0.01444,  -0.05296,   0.01357,  -0.03195,  -0.08098,   0.02232,  -0.01795,  -0.05646,   0.05384,  -0.00394,   0.08360,   0.02407,   0.03983,  -0.03896,   0.02933,  -0.00219,   0.05384,  -0.05121,   0.01007,  -0.02495,  -0.06872,  -0.01620,  -0.01094,   0.05734,  -0.08448,  -0.00394,   0.02933,  -0.03370,   0.11687,  -0.04946,  -0.02495,  -0.00744,   0.07835,  -0.06347,  -0.03896,   0.02232,   0.01532,   0.01357,   0.02057,  -0.03896,   0.06959,   0.10111,  -0.01444,   0.07310,  -0.06522,  -0.07922,  -0.00919,   0.01882,   0.04333,  -0.00919,  -0.04946,   0.01007,   0.05734,   0.01357,   0.05734,   0.03283,  -0.02670,  -0.02495,  -0.06347,  -0.07047,  -0.02845,   0.04508,   0.01007,   0.05559,   0.03458,  -0.04071,  -0.02145,   0.00131,  -0.02320,   0.04508,  -0.01094,  -0.01620,   0.02057,  -0.05822,   0.00131,  -0.00044,  -0.04771,  -0.01094,   0.03108,   0.01007,  -0.06522,   0.06959,   0.06784,   0.01007,   0.00306,   0.04508,  -0.00394,  -0.03195,  -0.08098,   0.01532,   0.06609,   0.01182,  -0.05822,   0.00481,   0.01532,  -0.00394,  -0.04246,  -0.05121,   0.03283,  -0.04071,   0.03283,  -0.03370,   0.00481,  -0.01444,  -0.05471,   0.00832,   0.03108,   0.04508,   0.08885,  -0.04946,   0.01882,   0.00832,   0.01357,   0.04333,   0.03458,   0.01882,   0.04333,   0.02232,   0.05034,  -0.01970,   0.03633,   0.03983,  -0.01620,  -0.01795,   0.04333,  -0.00394,   0.00481,   0.00657,  -0.04421,   0.06609,   0.07310,   0.05909,   0.08710,   0.04508,  -0.00569,   0.01882,   0.04683,  -0.07397,   0.02582,   0.10286,  -0.00744,  -0.07397,  -0.02845,  -0.01444,  -0.03896,  -0.00044,   0.01182,  -0.02320,   0.00306,  -0.06872,  -0.03721,  -0.04246,  -0.00569,  -0.03020,  -0.04771,  -0.03020,   0.02757,  -0.00219,   0.02407,   0.00131,   0.04508,  -0.03545,  -0.06522,  -0.05997,   0.07310,   0.00832,   0.01182,  -0.05121,  -0.02845,  -0.00744,   0.03983,   0.00657,  -0.04071,  -0.09148,   0.02232,  -0.01444,  -0.06172,   0.04508,   0.05559,   0.03983,  -0.01970,  -0.04946,   0.04683,  -0.00044,   0.09060,  -0.01269,  -0.02320,   0.00306,  -0.03721,  -0.00219,  -0.03020,  -0.03195,  -0.06347,   0.05734,   0.03808,   0.03283,  -0.02670,   0.09235,   0.03283,  -0.04771,  -0.07222,   0.01532,   0.03108,   0.06784,   0.06084,   0.07135,   0.00481,  -0.04246,   0.01357,  -0.05471,   0.04508,   0.02057,   0.02582,  -0.03896,   0.02057,   0.05734,  -0.04946,  -0.06697,   0.01707,   0.07310,  -0.03896,  -0.04071,  -0.00569,  -0.03370,  -0.04246,   0.01007,   0.00481,   0.01182,  -0.06347,   0.13262,   0.01882,   0.01882,   0.01532,   0.06959,  -0.00219,   0.01532,  -0.04946,  -0.03020,  -0.00219,  -0.03545,  -0.00044,   0.00657,   0.02232,   0.01532,  -0.04596,   0.05034,   0.03108,   0.00131,  -0.01269,  -0.05997,   0.03458,   0.01007,  -0.04071,  -0.01795,  -0.02845,  -0.01269,  -0.01620,   0.01882,   0.07835,  -0.00219,   0.07135,  -0.02320,   0.00306,  -0.03545,   0.00832,   0.00481,  -0.00569,  -0.04771,  -0.08098,  -0.07047,  -0.04421,   0.08010,   0.01357,   0.08010,  -0.02320,  -0.00044,   0.02582,  -0.01795,  -0.03195,  -0.03370,   0.03108,   0.03808,   0.03283,   0.17114,   0.01707,  -0.02670,  -0.02320,  -0.00744,   0.06084,  -0.01795,  -0.02670,  -0.03896,  -0.03020,   0.10636,   0.10986,   0.04683,  -0.11949,  -0.01444,   0.02757,   0.00657,  -0.00219,  -0.10023,  -0.05296,  -0.03020,   0.03458,   0.09761,   0.00481,  -0.02845,  -0.04771,   0.00481,   0.00131,   0.01357,  -0.06172,  -0.00394,   0.02933,  -0.08973,  -0.01795,  -0.00919,   0.09586,   0.00832,   0.01182,   0.05734,   0.08360,  -0.02145,  -0.03896,   0.03983,   0.02057,  -0.09673,  -0.00919,  -0.07572,  -0.04071,   0.05209,  -0.05121,  -0.06697,   0.03633,   0.00481,   0.00131,  -0.05646,   0.05734,   0.01882,  -0.03545,   0.04683,   0.01007,  -0.00744
   0.01707,  -0.07922,   0.02933,   0.00832,   0.01357,   0.05734,  -0.00919,  -0.01444,  -0.04596,   0.01007,  -0.00744,   0.05209,   0.05384,   0.03283,  -0.01795,   0.04858,   0.08535,   0.03808,  -0.00919,   0.00481,  -0.02145,   0.02407,  -0.05822,  -0.01795,   0.00306,   0.02232,   0.05034,   0.08885,   0.00131,   0.06784,   0.06259,  -0.00744,   0.01707,   0.02582,   0.06609,  -0.00219,   0.05559,  -0.04421,  -0.05997,   0.01707,  -0.04596,  -0.04246,   0.00832,  -0.01620,  -0.02845,  -0.06697,   0.04158,  -0.00744,   0.04158,   0.00657,  -0.02670,  -0.06347,   0.10461,   0.03283,  -0.03370,  -0.00044,   0.06784,  -0.01970,   0.01532,  -0.00919,   0.00832,   0.08360,  -0.03896,  -0.04596,  -0.00919,   0.00832,  -0.02320,  -0.07397,  -0.02670,  -0.00919,  -0.03370,   0.05209,  -0.02320,   0.02757,   0.01532,   0.05734,   0.04683,  -0.04246,   0.01007,  -0.07222,  -0.01269,  -0.04771,   0.02582,  -0.02670,   0.06434,   0.01182,  -0.01094,   0.02232,   0.10111,   0.07310,  -0.03195,   0.02232,   0.03108,  -0.03020,   0.00131,  -0.04946,   0.10286,  -0.08098,   0.00481,  -0.05822,   0.03808,  -0.02845,   0.01532,  -0.06522,  -0.02145,  -0.00744,   0.01707,  -0.00394,  -0.05997,  -0.02145,   0.03108,  -0.02845,  -0.02145,  -0.02145,  -0.02670,  -0.02670,   0.01007,  -0.00219,   0.04683,  -0.04946,   0.03983,   0.01357,  -0.01444,   0.00131,  -0.00744,   0.09235,   0.03633,   0.08885,   0.01532,   0.05209,  -0.03896,   0.02232,   0.05384,   0.06434,   0.05209,   0.02407,  -0.02670,  -0.03020,  -0.01094,  -0.06347,   0.02232,   0.03108,   0.01357,  -0.02320,   0.05734,  -0.05296,  -0.01620,   0.00481,  -0.07922,  -0.00394,  -0.00394,   0.03458,   0.02407,  -0.00044,   0.03808,  -0.01094,  -0.04421,  -0.00394,   0.00306,  -0.00044,   0.08010,  -0.03545,  -0.03370,  -0.00919,  -0.02320,   0.04683,  -0.03545,  -0.03370,  -0.02495,  -0.02495,   0.00481,  -0.03721,  -0.00919,   0.02057,   0.05734,   0.01532,   0.00306,   0.01882,  -0.07047,  -0.04071,  -0.05822,  -0.00044,  -0.13175,   0.04333,   0.00481,   0.01357,   0.03458,   0.01532,  -0.04946,  -0.01094,   0.07485,  -0.04946,   0.02757,  -0.01269,  -0.01269,  -0.03896,  -0.00919,  -0.01444,  -0.01444,   0.00131,   0.03108,  -0.04071,   0.01182,   0.05209,   0.06084,  -0.01094,   0.01707,  -0.07747,   0.05034,  -0.03370,   0.04683,  -0.00219,   0.02582,   0.03283,   0.00481,   0.03808,  -0.02320,  -0.06872,  -0.01444,   0.05209,   0.02232,   0.00131,   0.00306,   0.09060,  -0.03020,  -0.06522,  -0.03195,   0.02407,   0.04858,  -0.01795,   0.01182,   0.00832,   0.04508,  -0.05471,  -0.02320,  -0.04771,  -0.05121,   0.01532,  -0.10374,   0.00306,   0.11161,   0.06959,  -0.01094,  -0.06697,   0.01182,  -0.04071,   0.06434,  -0.05296,  -0.00919,  -0.00744,  -0.02845,  -0.04071,  -0.11249,   0.00832,  -0.04421,   0.05384,  -0.06347,  -0.01444,   0.02232,   0.01532,  -0.00569,  -0.06172,  -0.00394,   0.01357,   0.03283,   0.05559,  -0.06697,   0.04508,   0.07485,   0.01182,  -0.07222,   0.06084,  -0.03370,  -0.04071,   0.01007,  -0.05646,  -0.01094,   0.00481,   0.00131,  -0.03370,  -0.00394,  -0.02495,  -0.03370,   0.01707,  -0.07047,  -0.08448,  -0.02845,   0.01532,  -0.01620,  -0.03020,  -0.10199,  -0.02670,  -0.06522,  -0.01269,  -0.00219,   0.06609,  -0.02495,   0.02057,   0.04333,  -0.02845,   0.02407,   0.00131,  -0.15276,  -0.03370,  -0.03721,   0.03108,   0.05209,   0.02757,  -0.03020,  -0.00919,  -0.03545,  -0.01620,  -0.01269,   0.01007,  -0.02670,   0.01707,   0.00306,   0.00481,   0.02582,  -0.02145,  -0.01970,  -0.02320,   0.02057,  -0.01094,   0.00657,   0.04508,  -0.07222,   0.07835,  -0.04246,   0.01357,  -0.01620,  -0.08273,  -0.01094,   0.06434,  -0.07922,   0.06609,  -0.08273,  -0.01444,   0.02057,   0.04683,  -0.11949,   0.01357,  -0.01795,   0.00131,   0.01357,  -0.05121,   0.04333,  -0.00394,  -0.05997,  -0.06347,   0.01707,  -0.02145,  -0.07747,  -0.05822,   0.03633,   0.04333,   0.02582,  -0.01620,   0.01707,   0.02757,   0.03108,   0.02057,  -0.00394,   0.01357,  -0.00569,   0.04333,   0.02933,   0.04508,   0.01707,   0.01882,  -0.02670,  -0.04246,  -0.03195,  -0.00394,  -0.03195,  -0.04596,  -0.01444,  -0.03721,   0.06084,  -0.03721,  -0.04596,  -0.02670,  -0.01970,  -0.01795,  -0.00744,   0.01357,   0.03458,  -0.00394,   0.01357,  -0.01444,  -0.03721,  -0.05471,   0.02057,   0.05034,   0.02933,   0.00832,   0.01357,   0.07835,   0.03983,   0.04158,   0.09936,  -0.04246,   0.08185,  -0.01269,  -0.00219,  -0.01795,   0.01882,  -0.01620,  -0.08798,   0.02582,   0.05559,   0.03983,  -0.00569,  -0.02145,   0.02582,  -0.01444,  -0.05997,   0.04333,   0.06959,  -0.04771,   0.03808,  -0.01620,   0.04158,   0.04858,   0.04858,   0.02232,   0.00481,  -0.05471,   0.00657,  -0.01444,   0.06959,   0.02232,  -0.03020,  -0.04071,  -0.02845,   0.02057,   0.02933,   0.03808,  -0.04071,  -0.01094,   0.02232,  -0.03195,  -0.01269,  -0.03896,   0.09060,   0.03283,   0.06784,   0.00306,   0.00657,  -0.00744,  -0.03195,  -0.03370,  -0.04246,   0.01532,  -0.08798,  -0.02320,  -0.08623,  -0.07922,  -0.01094,  -0.00569,   0.01882,  -0.04946,   0.02757,  -0.02145,   0.07135,   0.04333,  -0.00919,   0.06259,   0.04858,  -0.03896,   0.03283,   0.04683,   0.05384,  -0.00744,   0.01707,  -0.00744,  -0.07922,  -0.00569,   0.00306,   0.02407,   0.02933,   0.04158,   0.00657,  -0.00044,  -0.06172,   0.03458,   0.05034,  -0.01970,  -0.05822,  -0.00744,  -0.05822,   0.07310,   0.11512,   0.03458,   0.05209,   0.07485,  -0.00569,   0.03983,   0.01707,  -0.05296,   0.01357,   0.05734,   0.07485,   0.00131,  -0.06347,  -0.00919,  -0.04246,  -0.04771,   0.06959,   0.08710,   0.07310,  -0.02495,  -0.01620,   0.05384,   0.04683,  -0.01444,   0.05034,  -0.00044,   0.01882,  -0.02845,  -0.04596,   0.02407,  -0.04421,  -0.07397,  -0.00044,  -0.00394,  -0.03020,   0.03633,  -0.06522,  -0.02495,   0.05034,   0.00306,  -0.00919,  -0.03020,   0.04858,  -0.03195,   0.02933,   0.02582,  -0.03195,  -0.03721,   0.10461,  -0.03020,  -0.00569,   0.02582,  -0.02145,  -0.03721,   0.03633,  -0.01795,  -0.06522,  -0.04946,  -0.00394,   0.04508,  -0.03721,   0.00832,  -0.00219,   0.00481,   0.01182,  -0.00569,   0.01532,   0.00657,   0.04683,   0.03633,   0.02933,   0.01532,   0.08535,  -0.00219,   0.00306,   0.00832,  -0.07222,   0.00657,   0.01532,  -0.03195,  -0.03896,  -0.00394,  -0.04771,  -0.00569,   0.03808,  -0.01620,   0.04158,  -0.02320,   0.07485,   0.01357,  -0.01970,  -0.11424,   0.00481,   0.00306,  -0.04246,   0.10111,  -0.00744,   0.01007,  -0.04596,   0.00131,  -0.03721,   0.00481,  -0.06172,   0.01182,  -0.06522,  -0.08273,   0.04158,  -0.00569,   0.03808,   0.01182,  -0.00219,  -0.00744,   0.06609,   0.03983,  -0.02320,   0.02057,   0.01532,   0.01182,   0.04158,  -0.04596,   0.01182,   0.00657,   0.08710,  -0.02145,   0.02582,   0.05209,  -0.00744,  -0.00219,  -0.01094,  -0.00744,  -0.08623,  -0.00394,  -0.00044,  -0.09148,   0.01007,   0.11687,   0.02757,   0.06259,   0.03808,   0.03283,   0.00657,   0.02057,  -0.04596,   0.00306,  -0.01444,   0.02232,   0.02582,  -0.01970,   0.10111,  -0.02845,   0.02057,  -0.00919,   0.02933,   0.04158,  -0.03370,   0.00131,  -0.02845,   0.04508,  -0.03020,   0.00832,  -0.01620,  -0.05997,  -0.03020,  -0.04071,  -0.03896,  -0.03195,  -0.00919,  -0.02320,   0.05209,  -0.03545,   0.04158,   0.03983,  -0.05121,   0.00657,   0.02582,   0.03108,  -0.01970,   0.00306,   0.00481,  -0.00919,  -0.01269,  -0.01444,   0.02407,   0.05209,   0.01357,   0.02057,  -0.00394,   0.04508,   0.03458,   0.01532,   0.07660,  -0.02320,   0.02757,  -0.01094,   0.03633,  -0.08623,   0.04158,  -0.04071,  -0.00219,  -0.00394,   0.00131,   0.03283,   0.02757,  -0.00744,  -0.03721,  -0.05121,   0.00306,   0.00657,   0.01532,   0.02407,  -0.01094,  -0.01269,   0.04158,  -0.01444,   0.02407,  -0.00569,   0.01882,  -0.00394,  -0.00919,   0.00131,   0.00131,   0.02232,  -0.01620,  -0.06347,   0.01182,   0.01882,   0.06609,  -0.02145,   0.01532,  -0.01620,  -0.00219,  -0.01970,  -0.04596,   0.03108,  -0.03896,   0.00657,   0.01532,  -0.01795,  -0.02495,   0.06259,   0.02407,   0.05384,  -0.00919,  -0.00394,   0.01882,  -0.01094,   0.07835,  -0.01620,   0.01357,   0.01707,  -0.04596,  -0.01444,   0.00657,  -0.00219,  -0.05471,  -0.00219,  -0.00044,   0.01707,  -0.03896,  -0.04071,   0.01007,   0.02232,  -0.01970,  -0.03020,   0.02582,   0.03108,  -0.00569,   0.02757,   0.02933,   0.00306,  -0.05296,   0.05209,  -0.01269,   0.05909,  -0.01620,  -0.05296,  -0.07047,   0.00832,   0.03283,  -0.00919,   0.02582,   0.00306,   0.03283,  -0.03721,  -0.00394,   0.04508,   0.02582,  -0.01970,   0.04333,   0.03983,   0.00832,  -0.00919,   0.01882,   0.03108,  -0.01094,   0.01707,   0.01707,  -0.08623,   0.02582,   0.00306,   0.04508,  -0.00744,  -0.02670,   0.07310,  -0.00394,  -0.00394,   0.01007,   0.03108,  -0.09848,  -0.00394,  -0.04771,   0.04858,  -0.01094,  -0.01970,   0.11512,   0.08885,  -0.02495,  -0.06697,  -0.07047,  -0.04946,   0.05734,   0.02757,   0.01707,  -0.06347,   0.04508,   0.05384,  -0.05997,  -0.01094,  -0.01970,   0.00481,  -0.05997,   0.03633,   0.02407,   0.00131,   0.08535,   0.03633,   0.05909,  -0.00394,   0.03983,  -0.07397,  -0.04071,   0.03633,  -0.02145,   0.06259,  -0.03545,   0.00131,  -0.04246,   0.01532,   0.00131,   0.00832,   0.00131,  -0.01795,  -0.06347,   0.05209,   0.06084,  -0.03896,   0.00306,   0.04858,   0.00131,   0.03108,   0.05034,   0.02933,  -0.05296,  -0.02320,   0.06084,   0.03108,   0.06609,   0.02407,  -0.08273,   0.05909,  -0.03545,  -0.01795,   0.00832,   0.00131,  -0.01269,   0.00657,  -0.00219,   0.02582,  -0.04246,  -0.03020,   0.03283,   0.00306,  -0.05646,   0.08885,   0.06259,  -0.05997,   0.03808,  -0.03721,   0.02407,   0.05384,   0.01532,  -0.03370,  -0.01620,  -0.02320,  -0.04946,  -0.12300,  -0.01620,  -0.00044,  -0.02845,   0.06609,  -0.00044,  -0.03721,  -0.04946,   0.11512,  -0.05296,   0.04683,   0.00306,   0.00131,  -0.04421,   0.02057,  -0.05646,   0.00481,  -0.00044,  -0.02845,   0.05384,  -0.00219,  -0.04771,  -0.04421,   0.00832,   0.02057,   0.05909,   0.00481,   0.02232,  -0.01444,   0.03108,   0.00832,   0.05384,   0.07485,   0.06784,   0.01182,  -0.03545,   0.02757,  -0.02495,   0.06784,  -0.04071,   0.05034,   0.03458,  -0.01269,   0.09235,  -0.00919,  -0.02495,   0.00306,  -0.03020,   0.02232,   0.05034,  -0.04946,   0.08185,  -0.03721,  -0.03370,   0.01707,   0.06959,   0.01707,   0.02582,   0.04158,  -0.08623,  -0.05296,  -0.02495,  -0.01795,  -0.00044,  -0.02670,  -0.01269,  -0.03721,  -0.08973,  -0.05121,   0.00657,   0.01007,  -0.03020,  -0.00569,   0.05209,   0.04858,   0.02933,   0.01007,  -0.07222,   0.01357,   0.00657,   0.02057,   0.04858,   0.03283,  -0.00569,  -0.00219,  -0.05121,   0.04158,  -0.07747,  -0.01970,   0.06259,  -0.02845,   0.01007,   0.00481,  -0.07922,   0.03633,   0.06959,  -0.05997,   0.02232,   0.07310,  -0.03721,  -0.04071,   0.02933,  -0.01795,   0.02057,   0.03808,   0.07660,   0.02057,  -0.00744,  -0.01970,  -0.04596,  -0.01620,  -0.01094,   0.03808,   0.01707,  -0.07922,  -0.03195,   0.07485,   0.09586,   0.01007,   0.01882,  -0.05296,  -0.03896,   0.02407,   0.00306,  -0.05471,  -0.03545,  -0.01620,   0.02933,   0.01357,   0.03458,  -0.03370,   0.04858,   0.02582,  -0.00919,  -0.01620,   0.02757,   0.05034
  -0.02845,   0.02757,   0.02582,  -0.06522,  -0.02320,   0.08360,   0.09586,  -0.02845,   0.02057,   0.02757,  -0.03195,  -0.04596,   0.04858,   0.03633,  -0.04246,   0.07310,  -0.01970,   0.01182,  -0.04596,  -0.06522,  -0.03195,   0.00832,  -0.01970,  -0.00044,   0.05559,   0.00481,  -0.00744,   0.01357,   0.01182,  -0.04946,   0.03808,  -0.00394,   0.07135,  -0.01795,   0.01182,   0.01707,   0.04158,  -0.03721,  -0.03370,   0.01532,   0.02407,  -0.07222,   0.02407,  -0.05471,  -0.01620,  -0.00744,  -0.00219,  -0.07397,  -0.00044,  -0.01094,   0.02933,  -0.04596,  -0.01094,   0.01532,  -0.04421,  -0.05646,   0.06434,  -0.01269,  -0.02495,  -0.01094,  -0.03370,   0.03283,  -0.03721,  -0.00044,  -0.02670,  -0.03721,  -0.01620,   0.01007,  -0.00219,   0.01007,  -0.07922,  -0.05646,   0.08360,   0.01707,   0.00657,   0.02757,   0.01707,  -0.01444,  -0.00744,  -0.08798,   0.02232,   0.06259,   0.02232,  -0.01094,   0.05209,  -0.01620,   0.06084,   0.01357,   0.07485,   0.02582,  -0.02845,   0.04508,   0.01707,   0.00131,   0.07485,   0.03983,  -0.00569,   0.06259,   0.05384,   0.02582,   0.02407,   0.00306,   0.00306,  -0.01620,  -0.04071,  -0.03721,  -0.01444,   0.02582,   0.00657,   0.01882,  -0.05471,   0.02757,   0.00832,   0.00481,  -0.01620,  -0.01444,   0.03458,   0.00657,   0.05734,  -0.00569,  -0.02670,   0.03458,   0.03458,   0.05384,  -0.00219,   0.02057,  -0.07397,   0.08010,   0.05209,  -0.01970,   0.05734,   0.00832,  -0.00219,  -0.04946,   0.00657,  -0.03896,  -0.00219,  -0.00919,  -0.03721,  -0.03020,  -0.00569,  -0.06172,   0.01532,  -0.04596,  -0.03721,   0.01007,  -0.03721,   0.03108,  -0.00919,   0.02933,  -0.02495,   0.01182,   0.01007,   0.05909,   0.00657,  -0.00919,   0.01182,  -0.05822,   0.04333,  -0.03545,   0.01532,   0.02757,   0.02057,  -0.05121,  -0.03896,  -0.02495,  -0.07222,  -0.02320,   0.06609,   0.09411,  -0.07747,  -0.00919,   0.02582,   0.00481,  -0.04946,  -0.04946,  -0.03020,   0.02582,  -0.02495,   0.01182,  -0.02670,  -0.02145,  -0.09673,   0.01357,  -0.00394,  -0.01269,  -0.00744,   0.03808,  -0.00394,   0.04333,   0.04508,   0.03983,   0.07660,   0.02757,  -0.00569,  -0.12650,   0.02407,  -0.00394,  -0.03195,  -0.00394,  -0.03896,  -0.02670,  -0.02670,   0.02232,   0.01707,  -0.00044,  -0.02145,   0.01007,  -0.03020,  -0.04246,   0.02757,   0.04158,  -0.00219,  -0.07572,  -0.01269,  -0.00044,   0.03808,  -0.05646,   0.01532,   0.04333,  -0.03545,  -0.06347,   0.00481,  -0.04771,   0.05909,  -0.00394,   0.10636,   0.07485,  -0.02145,   0.02582,   0.00306,  -0.06872,  -0.07222,   0.03808,  -0.01269,  -0.01269,  -0.07047,  -0.07397,   0.01182,   0.03108,   0.00481,   0.03458,   0.09235,  -0.03020,   0.00306,  -0.00569,  -0.06697,  -0.00744,   0.00131,   0.02582,  -0.01444,   0.04858,   0.08885,  -0.05646,  -0.00044,  -0.03370,   0.02582,   0.02407,   0.05209,   0.00131,   0.04158,   0.04333,   0.04683,   0.00481,   0.05734,   0.01182,  -0.03721,   0.07135,   0.00657,  -0.01269,  -0.09148,   0.05034,   0.04508,  -0.06872,   0.01007,  -0.02495,   0.05734,  -0.00044,   0.04858,   0.00131,  -0.08273,   0.00306,   0.00832,   0.00481,   0.06259,  -0.05997,  -0.00744,   0.03458,   0.08535,   0.09936,   0.04333,   0.00481,   0.03283,  -0.05296,   0.02757,  -0.04771,  -0.04771,  -0.02495,  -0.01970,  -0.00044,   0.04858,   0.00306,  -0.03370,  -0.03896,  -0.02495,  -0.07222,  -0.02670,   0.04683,  -0.03370,   0.01182,  -0.00569,   0.00131,  -0.02145,   0.03808,   0.01357,  -0.00394,   0.00306,  -0.08623,  -0.01094,   0.02757,  -0.03721,   0.06784,   0.01007,  -0.03545,  -0.06697,  -0.02845,  -0.01970,   0.05734,   0.01357,   0.02757,  -0.02495,  -0.01444,  -0.10023,   0.01357,  -0.01444,   0.02933,  -0.05296,  -0.01269,  -0.00394,  -0.02845,   0.00832,   0.01182,  -0.03721,  -0.01620,  -0.00394,   0.02582,   0.03983,   0.00481,  -0.02495,   0.05909,  -0.01970,  -0.08973,  -0.01795,  -0.02845,  -0.03896,  -0.01094,   0.03108,   0.04158,   0.08885,  -0.07922,   0.04333,  -0.03370,  -0.09673,   0.02933,   0.06434,   0.00481,   0.00657,   0.04158,   0.02407,  -0.00919,  -0.01795,  -0.07222,  -0.01444,   0.07660,  -0.07572,  -0.02845,   0.03983,   0.01707,  -0.00569,  -0.00919,  -0.01620,  -0.06347,  -0.05822,  -0.00569,  -0.05822,  -0.02495,  -0.03020,   0.00306,   0.02933,  -0.06522,   0.08010,   0.00306,   0.00131,  -0.01795,  -0.00394,  -0.01094,   0.02232,   0.02057,   0.01007,   0.03458,   0.04333,  -0.00919,  -0.05471,   0.02232,  -0.02845,  -0.04421,   0.13437,  -0.01970,  -0.01620,   0.02407,  -0.00219,  -0.09148,   0.03633,  -0.04071,  -0.00569,  -0.03370,  -0.05296,  -0.05822,   0.06259,   0.06259,  -0.01094,  -0.04946,   0.00306,  -0.01094,  -0.02320,  -0.02145,  -0.02495,   0.05559,  -0.07572,  -0.05121,   0.06959,   0.05384,  -0.03020,   0.05909,  -0.05997,   0.02933,   0.07660,   0.00131,  -0.02145,   0.03633,   0.02057,  -0.08448,  -0.05997,   0.07835,  -0.01620,  -0.06522,   0.02232,   0.02407,  -0.01444,   0.01357,  -0.04071,  -0.08098,  -0.00569,   0.04683,   0.01707,  -0.00569,  -0.04421,  -0.01444,  -0.08623,   0.00306,  -0.04771,   0.04683,   0.00832,   0.04158,  -0.04071,  -0.00744,  -0.00219,   0.02407,   0.04158,  -0.00394,   0.02582,   0.01707,   0.09761,  -0.03896,   0.02933,  -0.04771,   0.01182,  -0.01620,  -0.01269,   0.03458,   0.05034,  -0.03195,   0.07485,   0.01182,   0.01707,  -0.00569,   0.03108,  -0.02320,  -0.05471,   0.01882,  -0.04596,  -0.00219,   0.03633,  -0.01269,   0.04683,   0.06084,   0.05034,   0.01882,  -0.00394,  -0.01795,   0.00481,  -0.05997,   0.02057,  -0.01094,   0.02933,  -0.03896,   0.03633,  -0.07222,   0.06084,  -0.04771,  -0.04246,   0.09060,  -0.01094,   0.01532,   0.05209,  -0.05121,  -0.03896,  -0.04771,   0.12387,   0.00832,   0.05034,   0.00306,   0.03283,   0.03108,   0.01357,   0.02757,  -0.04771,   0.01882,  -0.06347,  -0.01094,   0.03458,  -0.02145,  -0.01620,   0.00832,   0.05034,   0.02057,  -0.00394,   0.01707,  -0.02320,  -0.03721,   0.03983,   0.02757,   0.00131,  -0.00219,   0.01007,  -0.03020,   0.02057,   0.00306,   0.03283,  -0.09148,   0.03808,   0.09411,   0.02933,  -0.07922,  -0.01795,  -0.04071,  -0.00044,   0.01007,  -0.05121,   0.05384,   0.00131,  -0.03721,   0.03108,   0.05384,  -0.00919,  -0.02320,   0.02582,  -0.00044,  -0.07922,  -0.08098,   0.01707,  -0.09848,   0.02407,   0.04683,  -0.03195,   0.01357,  -0.02670,   0.02407,   0.05734,  -0.00919,   0.01182,   0.07135,   0.02232,  -0.00044,   0.00131,  -0.06347,  -0.06522,  -0.00744,  -0.03721,  -0.01620,  -0.00394,  -0.03370,  -0.08448,  -0.01970,   0.01707,  -0.14926,   0.00481,  -0.01444,  -0.04771,   0.01532,  -0.01094,  -0.01444,   0.06959,   0.08360,  -0.08098,  -0.03020,  -0.01795,  -0.00394,   0.02757,   0.01882,   0.02407,  -0.02845,   0.01007,   0.05384,  -0.01269,  -0.03721,  -0.01795,   0.02232,  -0.05822,  -0.00744,  -0.03020,   0.01007,   0.00657,  -0.03721,   0.01007,   0.04508,  -0.02845,   0.01007,   0.05734,  -0.01444,   0.03808,   0.04683,  -0.04946,   0.00657,   0.03983,  -0.05822,   0.04508,  -0.05646,  -0.04071,  -0.04071,   0.10811,   0.05734,   0.02057,   0.05909,   0.08360,   0.02057,   0.03983,   0.01532,   0.08535,  -0.04071,   0.03983,  -0.01970,  -0.02495,   0.00481,   0.07310,  -0.01269,   0.01532,   0.03983,   0.01182,   0.01357,   0.05034,   0.03108,   0.05034,  -0.04596,  -0.05822,   0.06609,   0.02407,  -0.03195,   0.03633,  -0.09323,  -0.03896,   0.01532,   0.01882,  -0.07747,   0.04158,   0.11687,   0.02232,  -0.02145,   0.06959,  -0.02320,  -0.09673,  -0.02495,   0.02757,  -0.00569,   0.01007,  -0.03195,   0.01357,   0.00481,  -0.07047,  -0.04596,  -0.02320,   0.02933,  -0.01795,   0.06959,   0.04508,  -0.01269,  -0.02670,  -0.01094,   0.04858,   0.07310,  -0.07222,  -0.04071,  -0.01795,  -0.02670,   0.04858,   0.06434,   0.00832,   0.00832,   0.04683,  -0.01444,   0.01357,  -0.04421,   0.02757,  -0.03370,   0.05734,  -0.06172,   0.04683,   0.04683,  -0.03896,  -0.00744,  -0.04771,   0.03983,   0.01357,   0.01007,   0.05734,   0.00481,   0.04333,   0.01357,   0.01532,  -0.00744,  -0.02495,  -0.02495,   0.02057,   0.03633,  -0.04596,  -0.00744,   0.06784,   0.03633,   0.03808,   0.02582,   0.03633,  -0.00044,  -0.03370,   0.00481,   0.03108,  -0.09148,  -0.04421,   0.02757,   0.02582,  -0.00744,  -0.01444,   0.03458,   0.01007,  -0.02670,   0.03633,  -0.02320,   0.04683,   0.00657,   0.03108,   0.00832,   0.06959,   0.03283,  -0.04946,   0.02232,   0.06784,   0.06434,  -0.03721,   0.05384,  -0.00394,  -0.00744,  -0.05121,   0.01007,   0.00481,  -0.00744,   0.02933,  -0.01970,   0.04508,  -0.01269,   0.05034,  -0.09673,  -0.00569,   0.05034,   0.00131,   0.04333,  -0.00569,   0.00306,  -0.01094,  -0.01970,   0.01707,  -0.03896,  -0.01970,   0.03458,   0.01882,   0.05034,  -0.04421,   0.03983,  -0.03020,  -0.04421,   0.08535,  -0.04071,  -0.01094,   0.00481,   0.05209,  -0.00219,  -0.01970,   0.01182,   0.00131,   0.05734,  -0.08273,   0.00832,   0.11512,   0.07135,   0.05034,   0.01007,   0.02057,   0.02757,   0.01882,   0.05559,  -0.07572,   0.01007,   0.01707,  -0.03545,  -0.06172,  -0.03896,  -0.04946,   0.02407,   0.02933,  -0.02670,  -0.01269,   0.05909,   0.04858,  -0.03721,   0.06259,   0.00657,   0.05734,   0.01707,   0.02057,  -0.07222,  -0.05296,  -0.00394,   0.02232,  -0.02670,  -0.01269,  -0.03896,   0.01532,   0.07485,  -0.04246,  -0.08973,  -0.02845,   0.06609,   0.00657,  -0.03195,   0.02582,   0.09761,  -0.05296,   0.06784,  -0.02845,  -0.08448,   0.00657,  -0.01269,   0.03108,  -0.00919,  -0.00919,   0.01882,  -0.00744,   0.01357,  -0.03896,  -0.03721,   0.01532,  -0.03896,   0.04158,   0.01007,   0.02057,   0.00481,  -0.01795,  -0.00394,  -0.00219,  -0.00394,  -0.02495,   0.00131,   0.01707,  -0.02845,   0.02407,   0.00481,  -0.04596,  -0.00744,   0.03108,  -0.03545,   0.12037,  -0.06347,   0.01357,   0.09586,  -0.04071,  -0.02495,  -0.03721,  -0.07572,   0.04333,   0.04158,   0.00306,   0.05909,   0.04158,   0.03458,   0.02757,  -0.00569,  -0.09498,   0.00481,  -0.06872,   0.01532,  -0.04421,  -0.01795,   0.02757,  -0.03020,  -0.11074,   0.02757,  -0.05646,   0.04333,  -0.01269,   0.06084,  -0.02670,  -0.00394,   0.01882,  -0.00394,  -0.09498,  -0.04771,  -0.02845,  -0.01620,  -0.03195,   0.03633,  -0.03195,  -0.06172,  -0.04421,   0.05209,  -0.03545,   0.04858,  -0.00569,   0.04158,   0.01882,  -0.00744,   0.03458,  -0.01444,   0.04333,  -0.02320,   0.01882,   0.01707,  -0.02670,   0.02582,   0.01182,  -0.02145,  -0.00044,   0.02407,   0.00131,  -0.01795,   0.01707,  -0.02845,  -0.05471,  -0.03370,   0.07835,  -0.00219,   0.04333,  -0.01094,   0.08360,  -0.08098,   0.01882,  -0.04246,   0.03633,  -0.03896,  -0.01970,   0.01707,  -0.00569,  -0.01094,   0.06784,  -0.03721,   0.00657,   0.07135,   0.00832,   0.07660,   0.02757,   0.05559,  -0.03020,   0.01357,  -0.00569,   0.10286,   0.01007,  -0.01094,  -0.04596,  -0.04421,  -0.01795,   0.00481,   0.00481,   0.06434,  -0.04421,  -0.09498,  -0.00044,  -0.01269,   0.01707,   0.02933,  -0.00219,  -0.00744,  -0.08623,   0.01357,  -0.08798,   0.09411,  -0.01444,   0.09936,   0.08710,   0.04858,   0.03808,  -0.05646,   0.02407,   0.06784,   0.09586,  -0.01620,  -0.00219,  -0.04071,   0.02933,  -0.03896,  -0.00744,   0.03108,  -0.05822,   0.05734,   0.02582,   0.02232,  -0.02320,  -0.06347
   0.03808,   0.08185,   0.06259,  -0.00919,   0.08710,   0.00832,   0.00131,  -0.03020,   0.01532,  -0.11949,  -0.05296,  -0.02145,  -0.08623,  -0.05296,   0.03458,  -0.02320,  -0.00394,  -0.06347,  -0.01269,   0.02757,  -0.07922,   0.07835,  -0.03545,  -0.04246,   0.06959,   0.04333,   0.02933,   0.04158,  -0.04246,   0.00832,  -0.08448,   0.02757,  -0.05822,   0.05034,   0.05734,  -0.02670,   0.05034,  -0.00044,   0.01532,   0.07135,  -0.00219,  -0.04946,  -0.06522,   0.00481,  -0.00044,   0.00481,  -0.01094,   0.04858,   0.08885,  -0.03370,   0.00131,   0.04683,  -0.00219,   0.01007,   0.00131,  -0.00744,   0.05734,   0.04858,   0.01532,   0.08885,  -0.00044,   0.01532,  -0.06347,   0.04683,  -0.01970,  -0.05646,   0.04158,   0.08535,  -0.00394,   0.03808,   0.03983,  -0.05121,   0.05909,  -0.00394,   0.04508,  -0.02145,  -0.00744,  -0.00919,  -0.00744,  -0.03020,  -0.01269,  -0.05471,  -0.01269,   0.08885,   0.00481,   0.05909,  -0.01094,  -0.04596,  -0.00044,   0.03458,  -0.03896,   0.01532,  -0.00219,  -0.09148,  -0.03195,  -0.01970,  -0.01970,  -0.08273,   0.06609,  -0.06522,   0.03808,   0.05209,   0.05734,  -0.04246,  -0.04771,   0.00306,   0.06084,  -0.01795,   0.01182,  -0.07747,   0.15889,   0.01182,  -0.00919,  -0.04596,  -0.01620,   0.08535,  -0.02145,   0.00657,   0.06259,   0.03458,  -0.02320,  -0.01970,   0.01532,  -0.05471,  -0.02320,   0.03458,  -0.04596,   0.01882,   0.07660,  -0.01269,   0.00832,  -0.08623,   0.03283,   0.03633,   0.09586,  -0.03896,   0.03458,  -0.00394,   0.03633,   0.02407,  -0.03721,   0.05559,   0.02757,   0.02057,  -0.01269,   0.03808,   0.00657,  -0.06522,   0.01532,  -0.01269,   0.04508,  -0.01094,  -0.01444,   0.11161,  -0.02495,   0.01532,  -0.05121,   0.01532,  -0.04421,   0.00131,   0.04683,  -0.02495,  -0.02670,   0.08010,   0.01707,  -0.03195,  -0.05822,  -0.10199,   0.03458,   0.03633,   0.02232,   0.02582,   0.00481,   0.04858,  -0.01795,  -0.01970,  -0.03896,   0.01007,   0.04333,  -0.00219,  -0.04246,   0.08010,  -0.14400,  -0.03370,   0.00481,   0.06784,  -0.02145,   0.01357,  -0.03195,  -0.09323,  -0.00919,  -0.03545,   0.05209,   0.04683,  -0.08798,   0.07310,   0.03458,  -0.07572,   0.01532,  -0.00569,   0.00306,  -0.04771,   0.03633,   0.00131,   0.06959,  -0.05121,  -0.07222,   0.00131,  -0.05296,  -0.02145,   0.10636,   0.03633,  -0.02320,  -0.09148,  -0.00569,  -0.03545,   0.11161,   0.08710,  -0.05471,  -0.01094,   0.01707,  -0.08623,  -0.10724,  -0.02845,   0.02407,   0.05034,  -0.01970,   0.01882,   0.06959,  -0.08798,  -0.05646,  -0.09673,  -0.01795,   0.01182,  -0.01444,  -0.04421,  -0.07572,   0.03633,  -0.01970,   0.12387,   0.00657,  -0.00569,   0.04683,  -0.00569,   0.03633,  -0.00919,   0.11336,  -0.03896,  -0.04071,   0.02582,  -0.01620,   0.01532,  -0.02845,   0.02407,  -0.03896,  -0.08623,  -0.07222,   0.01182,  -0.00044,   0.03808,  -0.00219,   0.01182,  -0.04246,  -0.05822,   0.07485,  -0.02145,   0.00657,  -0.04596,  -0.03545,   0.03283,  -0.01094,  -0.00744,  -0.02670,   0.00306,   0.05209,  -0.03896,  -0.05296,   0.01007,   0.04858,  -0.10899,  -0.07747,  -0.02145,   0.06084,   0.11336,  -0.08973,  -0.02845,   0.09411,   0.07310,   0.00657,  -0.03545,   0.02757,   0.00832,  -0.02670,   0.01357,   0.05034,   0.05384,  -0.05646,  -0.01094,  -0.03020,  -0.06172,  -0.02145,  -0.07047,   0.03983,  -0.02320,  -0.10549,  -0.10374,  -0.14751,   0.07485,   0.01532,  -0.05646,  -0.02145,  -0.03545,   0.00306,   0.01532,   0.06609,   0.07310,   0.02582,  -0.11424,  -0.00744,  -0.01795,   0.12212,   0.06784,   0.02757,  -0.01444,   0.04683,   0.03983,   0.03808,   0.01882,   0.05034,  -0.06872,  -0.05121,   0.08010,  -0.00919,   0.06609,  -0.00219,  -0.11599,   0.03808,  -0.08623,  -0.01970,  -0.05822,   0.03108,  -0.09848,  -0.04421,  -0.02670,   0.02057,  -0.04071,  -0.01269,  -0.10899,   0.02057,   0.02232,  -0.03721,   0.01007,  -0.07747,  -0.01795,  -0.07922,   0.07310,  -0.03020,  -0.05646,  -0.05296,  -0.04421,   0.02757,  -0.03545,  -0.01444,   0.00657,   0.01182,  -0.02320,  -0.09848,   0.07660,   0.01882,   0.02057,  -0.08798,  -0.04071,   0.00306,  -0.08973,  -0.01269,  -0.05121,   0.04158,  -0.04946,  -0.01795,  -0.01795,   0.06084,   0.04858,  -0.01795,   0.02582,   0.07485,  -0.05121,   0.03458,   0.01357,  -0.02320,   0.01357,   0.05734,   0.07660,  -0.06697,   0.09586,  -0.03896,   0.07835,  -0.04596,  -0.06172,  -0.04421,   0.00481,  -0.00044,  -0.00044,   0.05209,  -0.07922,  -0.03195,   0.05734,   0.02933,   0.03108,  -0.02145,   0.04858,   0.06259,  -0.03896,   0.01007,   0.04858,  -0.01970,   0.05559,   0.08885,   0.06959,   0.01882,   0.01532,  -0.02495,  -0.04246,   0.00832,  -0.02145,  -0.07397,   0.03633,   0.00832,   0.17639,   0.02057,  -0.02320,  -0.04246,  -0.03545,   0.02057,  -0.01620,   0.11161,  -0.04421,  -0.03896,  -0.10899,   0.03808,  -0.06522,  -0.09323,   0.08535,   0.00481,  -0.00394,  -0.08273,   0.03108,  -0.02495,  -0.08448,   0.04158,  -0.04771,   0.06609,   0.05034,  -0.05121,   0.08535,  -0.04946,   0.00131,  -0.01970,  -0.02320,  -0.04421,  -0.01444,   0.10111,  -0.10724,  -0.05822,  -0.06347,  -0.04771,  -0.03721,  -0.01620,   0.15013,   0.02232,   0.03633,   0.03458,   0.13788,   0.04858,   0.08010,   0.06259,  -0.07747,  -0.08798,   0.02757,   0.04508,  -0.01444,   0.01182,  -0.04421,   0.02232,  -0.03545,  -0.04421,   0.09411,   0.00131,   0.06609,   0.01532,   0.04508,  -0.00219,   0.02757,   0.00657,  -0.04771,  -0.01620,  -0.07047,   0.02582,   0.00306,  -0.00219,   0.02757,  -0.00919,  -0.01620,  -0.07747,   0.02232,  -0.05822,   0.12037,   0.08185,   0.05384,   0.00306,   0.00306,   0.06084,   0.02582,  -0.05646,   0.01532,   0.08010,  -0.02320,   0.00832,  -0.11074,   0.05209,   0.05559,   0.00481,   0.03633,  -0.02670,  -0.03896,  -0.02845,  -0.05121,  -0.04771,   0.01182,   0.06434,   0.01882,   0.06434,  -0.08273,  -0.02670,  -0.06872,   0.06609,   0.08360,  -0.00744,   0.01707,   0.00832,  -0.00219,   0.04158,  -0.02495,  -0.14576,  -0.00044,  -0.15626,   0.02933,  -0.04246,   0.02757,  -0.02495,   0.03633,  -0.00744,  -0.06347,   0.05909,   0.00481,  -0.02145,   0.08360,   0.00306,   0.06609,   0.05734,  -0.06697,  -0.08973,   0.07660,   0.07135,  -0.03545,   0.04508,  -0.01970,  -0.01970,   0.00832,  -0.02145,   0.07660,  -0.05296,   0.00832,   0.04683,  -0.04071,  -0.05296,  -0.05121,   0.04333,  -0.00569,   0.00832,   0.03283,   0.03108,  -0.06522,   0.02933,  -0.10899,  -0.05121,   0.01357,  -0.03195,  -0.01269,  -0.00394,  -0.07747,   0.00481,   0.00481,  -0.00919,  -0.05471,   0.05384,  -0.01094,  -0.02670,  -0.04246,  -0.05646,   0.02057,   0.00481,   0.01007,  -0.03020,   0.07310,  -0.00569,  -0.05121,  -0.00744,  -0.10374,  -0.04596,  -0.03896,  -0.03721,   0.02232,   0.07135,   0.05559,   0.04333,  -0.08973,  -0.06697,   0.00832,   0.09411,   0.10111,   0.08360,   0.03458,  -0.01444,  -0.00569,   0.02407,  -0.05121,  -0.01094,  -0.00744,   0.08360,  -0.02670,   0.18165,   0.05034,   0.01357,  -0.04771,  -0.03545,  -0.05121,   0.01357,   0.02057,   0.01007,  -0.01269,   0.02407,   0.05559,   0.08885,   0.04158,   0.00131,   0.01007,   0.01182,  -0.04596,   0.04858,   0.05209,  -0.06347,  -0.01269,  -0.00744,  -0.00919,  -0.11424,   0.09586,  -0.03195,   0.01707,   0.00306,   0.01007,   0.10286,   0.09060,  -0.02145,   0.04858,   0.01707,  -0.04771,  -0.07922,  -0.04771,   0.01007,  -0.00394,   0.00832,  -0.01094,  -0.04946,  -0.05822,  -0.03370,   0.06084,  -0.01444,   0.14663,  -0.06347,   0.05209,   0.01532,   0.04683,   0.11687,   0.09060,  -0.00919,  -0.08098,  -0.09848,   0.01882,  -0.00919,  -0.01094,  -0.01444,   0.05559,  -0.00219,  -0.03020,  -0.03020,  -0.02845,   0.03458,   0.01532,   0.01357,  -0.00569,  -0.02145,  -0.06347,   0.05209,  -0.03370,   0.01532,   0.10286,   0.02232,   0.10636,  -0.01970,   0.03808,  -0.00744,  -0.01269,  -0.05296,   0.02757,   0.00481,   0.09586,  -0.12475,   0.01007,  -0.04246,   0.10986,  -0.00394,   0.02232,   0.04158,  -0.00919,   0.01007,   0.02933,  -0.02320,  -0.01620,   0.01357,  -0.03020,  -0.05646,  -0.02845,  -0.00044,  -0.04596,  -0.07747,  -0.01795,  -0.00744,   0.05559,   0.01707,   0.03283,   0.07485,   0.05384,  -0.04246,  -0.07922,  -0.02495,  -0.01444,  -0.03896,  -0.01269,  -0.02320,   0.03808,   0.09761,   0.07135,   0.03633,   0.02407,   0.00131,  -0.00744,   0.03108,   0.06609,  -0.04071,   0.05909,  -0.00219,   0.01882,  -0.07572,  -0.02845,  -0.01269,  -0.07922,  -0.06172,   0.04333,  -0.04246,   0.05734,  -0.01444,   0.08885,   0.03633,   0.04683,   0.02407,   0.01532,   0.01532,   0.00306,  -0.04071,   0.06784,   0.00832,   0.04858,   0.00657,  -0.09848,   0.05209,   0.03458,  -0.07747,   0.02232,  -0.03545,  -0.01094,  -0.05822,  -0.01795,   0.13262,   0.00657,   0.08885,   0.11687,   0.07310,   0.05559,   0.10636,   0.03983,  -0.06347,  -0.02845,  -0.01444,   0.04858,   0.09411,  -0.05997,  -0.02845,  -0.08098,  -0.11074,  -0.04246,   0.00131,  -0.02145,  -0.02845,  -0.04071,  -0.00394,   0.07135,  -0.05296,   0.03283,   0.02407,  -0.04771,  -0.09148,   0.02232,   0.01357,   0.01182,  -0.00919,   0.02757,   0.02407,   0.02757,  -0.04946,   0.12912,  -0.00394,   0.01707,   0.01357,   0.05034,  -0.03896,   0.00657,   0.05909,  -0.02670,   0.04333,  -0.00044,   0.01707,  -0.04771,  -0.05822,  -0.03545,   0.02232,  -0.05646,  -0.01795,  -0.03370,  -0.06522,  -0.08098,   0.04683,  -0.07047,  -0.00044,   0.08535,  -0.02320,  -0.00044,  -0.07047,  -0.05471,   0.01007,   0.05559,   0.00481,   0.02232,   0.01357,   0.10636,  -0.02845,  -0.03545,   0.05209,   0.04333,   0.03283,   0.03283,  -0.01269,  -0.04946,  -0.01444,  -0.00394,  -0.00394,   0.07135,  -0.04946,  -0.06697,  -0.06697,   0.02757,   0.06259,  -0.01444,  -0.07397,   0.03983,  -0.04421,   0.06434,   0.01882,  -0.07047,  -0.06172,   0.09586,  -0.04421,  -0.05121,   0.06959,   0.05909,  -0.06172,   0.03808,  -0.04771,   0.06434,  -0.00919,  -0.13700,   0.03633,  -0.03020,   0.04858,  -0.07922,  -0.04246,   0.02057,  -0.04421,   0.03458,   0.03458,  -0.00219,  -0.03195,  -0.02145,  -0.00569,   0.02057,  -0.06522,  -0.01970,  -0.02495,   0.00306,  -0.08098,   0.05384,  -0.03721,  -0.06347,  -0.04596,   0.05384,  -0.02495,  -0.09323,   0.00131,  -0.03195,  -0.01094,   0.00832,  -0.00044,   0.03808,   0.04158,  -0.03545,  -0.00569,   0.03108,  -0.04246,   0.01007,   0.01357,   0.07835,   0.02582,  -0.01620,   0.03108,  -0.05822,   0.05909,   0.01882,  -0.04421,  -0.08273,   0.03983,  -0.07572,  -0.07747,  -0.01620,   0.04858,  -0.02145,  -0.02145,  -0.01444,  -0.01094,   0.01007,   0.01532,   0.00131,  -0.05471,   0.05384,   0.03458,  -0.06697,  -0.04771,   0.03108,  -0.02845,  -0.04071,  -0.00394,  -0.01269,  -0.00919,  -0.02670,   0.00832,   0.00131,   0.05209,  -0.03545,  -0.00744,  -0.03896,  -0.01444,  -0.04596,   0.06609,  -0.07922,   0.06609,  -0.00394,  -0.00569,  -0.04421,   0.02582,  -0.01444,   0.03458,  -0.06347,  -0.01094,  -0.01269,   0.00657,  -0.06872,  -0.01970,  -0.05997,  -0.02670,  -0.04421,   0.06259,  -0.01620,  -0.04246,   0.06609,  -0.00044,   0.03808,  -0.02845,  -0.13175,  -0.05471,   0.01882,  -0.05471,  -0.05121,   0.01532,  -0.00919,  -0.05822,  -0.00569,  -0.01620,  -0.00744,   0.07310,  -0.01795,   0.00481,   0.03633,   0.08185,   0.03283,  -0.04071,  -0.03545
   0.04158,  -0.08973,   0.01007,  -0.08973,   0.02057,   0.03633,   0.05209,  -0.03020,   0.08535,  -0.03370,  -0.01970,  -0.08448,  -0.02145,  -0.01269,  -0.00569,  -0.01269,   0.04683,   0.03983,   0.01532,  -0.12300,   0.06084,   0.05909,  -0.12650,   0.00832,  -0.02845,  -0.11774,   0.00131,  -0.06872,  -0.02845,   0.04683,   0.00481,  -0.03721,  -0.04246,  -0.01094,   0.01532,  -0.00919,   0.02057,  -0.05121,   0.03983,   0.04333,  -0.02320,  -0.06347,   0.09411,   0.03983,   0.01182,   0.00131,  -0.00744,   0.03283,  -0.02670,  -0.05997,   0.02933,  -0.00569,  -0.00744,  -0.02495,  -0.03896,   0.11336,  -0.03721,   0.02582,   0.04683,  -0.06522,  -0.02145,  -0.02670,   0.00657,  -0.03020,   0.00481,  -0.00219,   0.06259,   0.01182,  -0.06347,   0.01882,   0.01182,  -0.00219,  -0.02320,   0.08535,   0.05209,  -0.04771,   0.03983,  -0.04596,   0.02933,  -0.02495,  -0.01269,   0.06959,  -0.00569,   0.07660,  -0.01970,  -0.01795,   0.01707,   0.03633,  -0.02145,  -0.00394,  -0.02495,  -0.01795,   0.09761,   0.01532,   0.08885,   0.06784,  -0.01444,  -0.04071,  -0.00744,  -0.00919,   0.03983,   0.03108,  -0.03545,   0.07135,  -0.01795,  -0.00219,  -0.03195,  -0.04946,   0.02232,   0.01707,  -0.02320,   0.00657,  -0.02670,   0.06259,  -0.03020,  -0.04421,   0.08360,   0.07135,   0.00832,   0.01182,  -0.05121,   0.03108,   0.00481,   0.06434,  -0.01094,   0.04158,  -0.03370,  -0.04946,   0.08885,  -0.01094,  -0.01620,   0.04683,   0.01532,  -0.04071,  -0.04946,  -0.00569,   0.03808,   0.02407,   0.02933,   0.04858,  -0.05646,   0.07660,   0.03283,   0.03108,   0.05034,   0.01007,  -0.00919,  -0.04596,   0.01707,  -0.01970,   0.04333,  -0.01620,  -0.02670,  -0.01795,  -0.02320,  -0.06172,   0.02582,   0.07135,  -0.03545,  -0.01269,  -0.09498,   0.02057,  -0.04946,  -0.02495,   0.05034,   0.01882,  -0.04946,   0.08010,  -0.05822,  -0.01269,  -0.03721,  -0.01094,  -0.04071,  -0.01444,  -0.01269,  -0.11074,   0.03458,  -0.00394,  -0.00219,  -0.03195,  -0.04246,   0.03108,  -0.01094,  -0.00219,   0.00131,  -0.05822,   0.03458,  -0.02145,  -0.00744,   0.01357,  -0.04771,   0.00481,   0.05384,  -0.03020,  -0.03020,  -0.03370,  -0.07922,   0.03458,  -0.04946,   0.12037,   0.10636,   0.09586,   0.03983,  -0.09848,   0.01182,   0.01532,   0.06259,  -0.01094,  -0.07572,   0.05209,   0.05384,  -0.01269,   0.05734,   0.02582,  -0.02670,  -0.06697,   0.02407,  -0.10374,  -0.01094,  -0.01444,   0.05209,   0.00657,   0.03983,  -0.05822,  -0.02845,   0.03108,  -0.02320,   0.01532,  -0.04771,  -0.03370,   0.02757,   0.00131,   0.01007,  -0.06522,   0.03283,   0.12737,   0.04683,   0.08360,   0.06784,  -0.02495,  -0.02670,  -0.01444,   0.03808,  -0.03545,   0.01182,  -0.05121,  -0.04421,   0.05209,   0.05209,  -0.01269,   0.07660,   0.03983,  -0.01094,   0.06259,  -0.04596,   0.00657,   0.04683,  -0.05121,  -0.00744,   0.04508,   0.04158,   0.00657,  -0.06172,  -0.01269,   0.04333,  -0.01269,  -0.01970,  -0.01094,  -0.05646,   0.05909,   0.04683,   0.00657,   0.01357,  -0.00919,   0.04858,  -0.07922,  -0.05471,   0.00657,  -0.06522,  -0.00219,   0.04858,  -0.06697,  -0.00219,  -0.09498,   0.00657,   0.03108,   0.01357,  -0.01094,   0.03983,   0.12387,  -0.04071,   0.03633,  -0.05296,   0.03633,  -0.00744,   0.00481,   0.01357,  -0.00394,   0.02057,   0.07485,   0.02407,   0.04858,   0.01357,   0.05034,   0.10111,  -0.02320,   0.06959,   0.00657,   0.03983,  -0.03370,  -0.01620,   0.05384,  -0.02670,   0.06959,   0.02057,  -0.07572,  -0.05296,  -0.02670,   0.01357,  -0.05296,  -0.01795,  -0.00044,  -0.06522,   0.01882,   0.03458,   0.01882,   0.04508,  -0.02320,  -0.03195,  -0.03370,  -0.05471,  -0.04771,  -0.03721,   0.03283,   0.09586,   0.02407,  -0.02670,  -0.04421,   0.00657,  -0.11949,   0.09936,  -0.05121,  -0.03721,  -0.08448,   0.05209,  -0.01094,   0.04683,  -0.06347,   0.02407,  -0.03896,  -0.05121,  -0.02845,  -0.01269,   0.06084,   0.02407,  -0.03195,  -0.00919,  -0.05646,   0.17289,  -0.04246,  -0.01269,   0.00832,   0.11512,   0.05559,   0.03458,   0.03458,  -0.03545,  -0.06172,   0.13963,  -0.00569,  -0.05646,  -0.07047,  -0.05471,   0.01182,  -0.06347,   0.06959,  -0.06697,  -0.03721,  -0.03370,   0.04158,   0.01182,   0.03633,  -0.00744,  -0.00919,  -0.01094,  -0.04596,   0.00306,  -0.01269,  -0.03370,   0.03108,   0.03983,   0.00832,   0.04683,  -0.04771,   0.08885,  -0.01094,  -0.01620,  -0.07572,   0.13613,  -0.00919,  -0.01444,   0.05384,   0.00832,  -0.01970,   0.05384,   0.19215,   0.00832,   0.01182,  -0.01444,  -0.06172,   0.02407,  -0.01795,  -0.01269,  -0.04946,   0.01007,  -0.00219,   0.03458,  -0.03020,  -0.05997,  -0.06522,  -0.00919,  -0.00919,  -0.01269,   0.03458,  -0.00744,  -0.01620,   0.06784,  -0.00744,   0.01707,  -0.00744,   0.02407,  -0.03195,  -0.01094,   0.06259,  -0.00219,  -0.03195,   0.02057,   0.01007,   0.12737,  -0.03195,  -0.01795,   0.04508,   0.00481,  -0.07747,  -0.01620,  -0.07572,  -0.02845,   0.12562,  -0.04596,  -0.01269,   0.01882,  -0.09148,   0.06784,  -0.08623,   0.05384,   0.02232,   0.05384,  -0.01795,   0.01182,  -0.01444,  -0.05121,   0.01882,   0.08535,  -0.05997,   0.01357,   0.03458,   0.08185,  -0.06697,  -0.03721,  -0.00219,  -0.10374,  -0.03020,  -0.04071,  -0.02845,   0.01182,  -0.12650,   0.00306,  -0.03370,  -0.07397,  -0.05646,  -0.05121,  -0.00569,   0.05209,  -0.05471,   0.01182,  -0.02670,  -0.06872,  -0.00394,   0.08360,   0.00657,   0.08010,   0.01357,   0.05034,   0.08185,  -0.00044,   0.01007,   0.03283,  -0.00219,  -0.00569,   0.02232,   0.03283,  -0.04246,   0.03458,   0.00832,  -0.04421,  -0.03721,   0.08535,  -0.02845,  -0.01269,  -0.02495,  -0.00394,   0.01882,  -0.08798,   0.00481,  -0.05822,   0.01007,   0.10461,   0.03808,  -0.05296,  -0.04071,   0.03458,  -0.00394,  -0.07397,  -0.01444,  -0.03896,  -0.01970,  -0.00219,   0.02407,  -0.07922,  -0.01620,  -0.00744,  -0.03370,  -0.04946,   0.02757,  -0.01795,   0.08535,   0.02232,  -0.10199,   0.00306,  -0.02845,   0.01532,  -0.02320,  -0.10899,   0.01182,   0.05559,   0.02757,  -0.00044,   0.07835,   0.03458,  -0.01094,   0.07835,   0.02232,  -0.01444,   0.03808,  -0.04421,  -0.03721,  -0.02670,  -0.01970,   0.03283,  -0.04946,   0.01882,  -0.02495,  -0.03370,  -0.00394,  -0.00394,  -0.00394,   0.04333,   0.08010,  -0.00219,   0.01532,   0.03983,   0.10986,  -0.02670,   0.01357,   0.01882,  -0.00219,  -0.02670,  -0.01444,  -0.05121,  -0.01620,   0.07310,   0.09235,  -0.02495,  -0.08798,   0.00481,  -0.06522,  -0.04946,   0.05034,  -0.01444,   0.00481,  -0.00744,   0.07485,  -0.04071,   0.06959,  -0.03896,   0.05909,  -0.08798,  -0.01970,  -0.04246,   0.06959,   0.01882,  -0.00219,   0.02057,  -0.07222,   0.00832,   0.04158,   0.05559,   0.00131,  -0.01094,   0.03283,  -0.04421,  -0.03370,   0.06259,  -0.02145,  -0.00044,  -0.05646,   0.02582,  -0.01795,   0.01182,  -0.06347,  -0.02145,   0.02057,  -0.07922,   0.03808,   0.01182,  -0.00569,   0.03983,  -0.01444,   0.14663,  -0.03896,  -0.00394,   0.03283,   0.12037,   0.04158,  -0.00919,   0.07835,  -0.07747,   0.02232,  -0.00569,  -0.02145,  -0.03195,   0.11862,   0.01357,  -0.01444,   0.06959,  -0.07222,  -0.01269,  -0.03370,  -0.00394,  -0.04946,  -0.00219,  -0.02845,   0.00657,  -0.04421,  -0.00044,   0.06784,  -0.04946,   0.06084,   0.02407,   0.03458,  -0.03195,  -0.02495,  -0.05296,  -0.04071,  -0.04246,  -0.04946,   0.03983,   0.04158,  -0.00394,   0.01182,   0.05034,   0.03983,  -0.04771,   0.01882,   0.00832,   0.05209,  -0.15101,   0.08360,  -0.01970,   0.03283,  -0.01970,  -0.01970,  -0.08098,  -0.00744,  -0.02145,   0.06959,  -0.03020,   0.02407,   0.02232,   0.09936,   0.05034,   0.07135,   0.00832,  -0.00919,   0.03983,   0.07485,  -0.00044,  -0.03896,   0.03983,   0.03808,  -0.05296,  -0.03545,   0.06959,   0.01882,   0.00657,   0.06084,  -0.01970,  -0.02495,   0.01007,   0.06259,   0.03808,  -0.05471,  -0.01269,  -0.02145,  -0.02845,   0.12737,  -0.05296,  -0.02845,   0.03108,   0.12212,   0.04158,   0.05384,   0.00832,   0.02933,   0.11512,  -0.06347,  -0.01970,   0.08185,   0.07835,   0.05209,   0.04333,   0.00481,  -0.00219,   0.00657,   0.00657,   0.03108,   0.00481,   0.01707,   0.00306,  -0.04771,  -0.00219,   0.06609,   0.02232,  -0.03195,   0.01357,  -0.07572,   0.06259,   0.02582,  -0.04246,   0.01707,   0.03458,   0.01007,   0.01357,  -0.08448,   0.03283,  -0.00219,  -0.05822,   0.00131,   0.02757,  -0.03195,  -0.05646,  -0.06347,   0.00131,  -0.08273,   0.07310,  -0.00569,  -0.00394,   0.01707,  -0.02845,  -0.04421,   0.01007,  -0.03545,  -0.10374,   0.06784,   0.03808,  -0.05471,   0.11512,  -0.01620,  -0.02495,   0.05209,   0.02757,   0.05734,   0.02582,   0.01882,  -0.01094,  -0.01795,   0.02232,  -0.04246,   0.08535,  -0.00919,  -0.04421,   0.01707,  -0.03545,   0.01007,   0.00832,  -0.03020,   0.03983,  -0.04071,   0.04858,  -0.05471,   0.01707,   0.00657,  -0.07047,  -0.04421,   0.03458,   0.10636,   0.01357,   0.06084,  -0.11599,  -0.00219,   0.03633,  -0.00744,  -0.00394,   0.01007,  -0.06172,  -0.00394,   0.02757,   0.01182,   0.06084,  -0.02495,  -0.01970,  -0.01444,  -0.01795,  -0.03195,  -0.06347,   0.02407,  -0.01269,   0.06434,  -0.00744,  -0.05471,   0.03458,  -0.00219,  -0.04071,   0.02933,   0.10111,   0.00131,   0.05559,  -0.04071,  -0.02320,  -0.03545,   0.00657,   0.03458,   0.04158,  -0.00919,  -0.04246,   0.06084,   0.08710,  -0.01269,   0.02582,   0.07310,  -0.04421,   0.04158,  -0.06347,  -0.00919,   0.03108,   0.00306,   0.00131,   0.01007,   0.03283,  -0.10023,   0.06784,   0.10111,  -0.00219,  -0.03545,  -0.06347,   0.07310,   0.05909,   0.05034,  -0.02845,  -0.00219,  -0.11424,   0.01357,  -0.02495,   0.01357,  -0.03721,  -0.01269,   0.07135,  -0.03020,  -0.00744,  -0.01620,   0.05384,  -0.00394,   0.03808,   0.02757,  -0.04946,  -0.04071,   0.01707,   0.08185,  -0.01970,   0.08535,   0.01882,  -0.00219,  -0.04071,   0.01007,   0.07660,   0.02407,  -0.01620,  -0.02670,  -0.02495,   0.01007,  -0.00044,   0.06959,  -0.11074,  -0.04596,   0.00481,  -0.01795,  -0.07572,  -0.04596,   0.01357,   0.04508,  -0.05471,  -0.00569,  -0.03721,  -0.07572,   0.11336,   0.03808,   0.01707,   0.07310,   0.02933,   0.02407,   0.08535,   0.01532,  -0.03896,  -0.03896,  -0.04946,  -0.07047,   0.04158,  -0.00219,  -0.00219,  -0.03195,   0.04158,  -0.02495,  -0.05646,   0.01182,   0.07835,   0.00131,  -0.02145,   0.02057,  -0.02495,  -0.11074,   0.01007,   0.04683,   0.04858,   0.07135,  -0.07397,   0.00306,   0.05384,   0.01007,   0.01357,  -0.03020,   0.07310,  -0.00569,   0.08010,  -0.06697,   0.05734,   0.01007,  -0.06697,  -0.05121,  -0.02320,   0.02057,   0.08885,  -0.01094,   0.02057,   0.03283,   0.02407,   0.01882,  -0.08098,   0.03108,   0.02232,  -0.03020,  -0.08798,  -0.01269,   0.08535,   0.00306,  -0.03195,   0.01007,  -0.04596,  -0.02670,  -0.00569,  -0.03545,   0.00657,  -0.03370,  -0.09148,   0.01182,   0.07485,   0.03633,   0.04508,  -0.05646,   0.02407,  -0.03020,  -0.04596,   0.01532,   0.04858,  -0.00219,   0.04333,  -0.01620,   0.02933,   0.06084,   0.00131,   0.06959,  -0.01444,   0.04158,  -0.09673,   0.00481,   0.07310,  -0.08623,   0.02933,   0.09761,  -0.05646,   0.03458,   0.02933,  -0.04596,   0.08360,  -0.04946,  -0.03195,  -0.00394,  -0.02145,  -0.09673,  -0.03195,   0.00306,  -0.04596,  -0.04421,   0.02057,   0.07485
  -0.03896,  -0.06347,  -0.06872,  -0.05471,   0.05384,  -0.01269,   0.02757,  -0.07397,  -0.02320,  -0.00744,   0.01007,  -0.01269,   0.03108,   0.01357,  -0.06172,  -0.02670,   0.05034,  -0.03020,  -0.02145,  -0.01444,  -0.01094,  -0.05471,   0.01882,  -0.02845,  -0.03020,   0.05909,   0.05034,   0.01882,   0.05034,  -0.02320,  -0.03370,   0.11336,  -0.01970,   0.05909,   0.00657,  -0.03721,  -0.05471,   0.03283,   0.00832,  -0.00919,   0.03633,   0.01357,  -0.00569,   0.02057,   0.04508,   0.00306,   0.02057,   0.00306,  -0.00919,  -0.03545,   0.00832,   0.02933,   0.01357,  -0.01795,  -0.04071,  -0.00569,   0.07135,  -0.06347,  -0.05471,  -0.00744,  -0.01269,   0.03283,   0.09761,   0.08885,   0.03633,   0.00657,  -0.02145,  -0.00044,  -0.02495,  -0.02495,   0.00657,  -0.06347,   0.03808,   0.00657,   0.02232,   0.01532,   0.02933,  -0.00044,   0.02057,   0.05559,   0.02757,   0.00657,  -0.05646,   0.02232,   0.02057,  -0.02320,  -0.00569,  -0.04771,   0.07835,  -0.03195,  -0.00919,   0.00832,   0.05734,   0.02582,  -0.04246,  -0.10899,   0.02407,  -0.03195,   0.02407,  -0.00569,   0.05034,   0.01707,  -0.00919,  -0.02320,  -0.06347,  -0.01444,   0.02582,   0.00481,  -0.06697,  -0.00744,   0.00481,   0.05384,   0.00131,  -0.05121,   0.00832,  -0.03896,  -0.02320,  -0.07222,   0.01707,  -0.00394,  -0.00044,   0.03808,   0.05559,   0.06434,   0.02232,   0.08010,  -0.04071,  -0.03721,  -0.01970,  -0.05646,  -0.00919,  -0.05121,  -0.03370,   0.02933,   0.04683,   0.06084,   0.00657,   0.06784,  -0.02495,   0.05209,   0.00481,  -0.04596,   0.07835,  -0.00044,  -0.05296,  -0.01094,  -0.10549,   0.01707,   0.01357,  -0.07747,   0.02582,   0.09235,  -0.03370,  -0.01094,  -0.01620,   0.08010,   0.05209,  -0.04071,   0.03108,   0.11687,   0.08185,  -0.02320,  -0.03545,   0.07310,  -0.04071,  -0.04946,  -0.00569,  -0.01970,  -0.07922,  -0.01094,   0.02933,  -0.02320,  -0.02145,  -0.02495,   0.05559,  -0.00044,   0.04158,  -0.01094,  -0.01795,   0.01882,   0.06084,   0.05559,   0.03108,  -0.03370,   0.03108,  -0.05646,  -0.04246,  -0.12475,   0.02933,   0.08010,   0.02582,   0.00306,   0.01182,  -0.04596,   0.06259,  -0.05296,  -0.02320,   0.11512,   0.01182,  -0.01269,  -0.06522,  -0.04421,  -0.07222,  -0.04771,   0.00832,  -0.01269,  -0.02320,   0.04683,   0.02407,  -0.03896,   0.07135,   0.00481,  -0.06172,  -0.05997,   0.00131,  -0.06522,   0.04158,   0.03108,  -0.07047,   0.00657,   0.01357,  -0.03020,  -0.03896,  -0.05296,   0.01357,   0.00131,  -0.01620,  -0.07922,   0.10111,   0.01007,   0.03108,   0.01882,  -0.00044,   0.02407,   0.00131,  -0.03370,  -0.07572,  -0.06872,  -0.01620,  -0.05471,  -0.05471,  -0.05471,  -0.04771,   0.02933,   0.03983,  -0.02845,   0.01007,  -0.02670,  -0.02320,   0.01182,  -0.00919,   0.01182,   0.00306,  -0.01795,  -0.06347,   0.09761,   0.02407,  -0.00394,  -0.00219,  -0.06172,   0.03458,   0.01707,   0.00306,  -0.02145,   0.01182,   0.10636,  -0.04071,  -0.08623,   0.04683,   0.00657,  -0.00044,   0.06784,   0.01882,   0.03983,  -0.00919,  -0.03370,  -0.02845,  -0.00744,  -0.07747,  -0.02495,   0.02232,   0.06259,  -0.03721,   0.04508,   0.01007,   0.03283,   0.05034,  -0.09498,   0.04333,  -0.02145,  -0.05471,  -0.01269,  -0.02145,  -0.04771,  -0.03020,   0.08710,   0.01882,  -0.01094,   0.05559,  -0.04071,   0.01532,  -0.02145,   0.06084,   0.00306,  -0.01444,   0.09060,   0.08535,   0.03983,   0.02933,  -0.03896,  -0.05822,  -0.00394,  -0.01795,  -0.05646,  -0.12475,  -0.10549,  -0.04246,  -0.00044,   0.00481,  -0.00569,  -0.00919,   0.03458,  -0.03195,   0.03108,   0.01182,   0.02582,   0.05384,   0.04333,   0.01532,   0.01532,   0.06434,   0.08360,   0.04858,  -0.00044,   0.02933,   0.05559,   0.01882,   0.03808,  -0.02670,  -0.03020,  -0.01620,   0.01707,  -0.00219,  -0.00919,  -0.01795,  -0.06172,   0.01357,   0.08535,   0.01707,  -0.00569,   0.02407,  -0.03020,  -0.00569,   0.00306,   0.03283,   0.01182,   0.02232,  -0.03721,  -0.01795,  -0.01094,  -0.01620,  -0.02845,  -0.01444,  -0.06522,  -0.02670,   0.01007,  -0.04071,  -0.01970,  -0.00394,  -0.02145,   0.04858,  -0.01795,   0.02057,  -0.03721,   0.06259,  -0.03545,   0.10286,  -0.02670,  -0.10199,  -0.03721,  -0.02320,   0.05034,  -0.03195,  -0.03370,  -0.11599,   0.02582,  -0.07397,   0.04158,  -0.06347,  -0.06172,   0.02582,   0.02407,   0.01182,  -0.02320,   0.03983,  -0.01620,  -0.00044,  -0.03721,  -0.03020,  -0.02145,   0.07135,  -0.07747,   0.02407,  -0.04246,   0.01007,  -0.05822,  -0.00219,   0.04683,   0.01182,   0.00481,   0.02407,  -0.04071,  -0.04596,   0.03458,   0.01182,   0.01882,  -0.01094,  -0.06697,   0.02582,  -0.02845,   0.02757,  -0.02495,   0.05209,   0.04683,  -0.02495,   0.02933,  -0.03195,   0.04158,   0.03808,   0.01182,   0.01182,   0.05209,   0.01357,  -0.03370,   0.02582,  -0.02145,   0.09411,  -0.00044,  -0.03896,  -0.08273,  -0.10549,   0.02407,  -0.05121,   0.01882,   0.00131,   0.06084,  -0.00919,   0.03983,   0.04858,  -0.04596,  -0.01970,   0.04858,  -0.05121,  -0.01269,  -0.01620,   0.06434,   0.08010,  -0.04246,  -0.00219,   0.02582,   0.01007,   0.02933,   0.05034,  -0.02320,  -0.03370,  -0.04071,   0.07310,   0.02933,  -0.00394,  -0.01620,  -0.05121,  -0.04771,  -0.04771,  -0.02495,  -0.00044,   0.02933,  -0.00394,  -0.00744,  -0.01620,  -0.08448,  -0.05471,   0.02407,   0.00306,   0.00657,   0.00832,   0.04158,  -0.00044,  -0.02320,  -0.03020,   0.02582,  -0.02320,   0.03108,   0.01357,   0.02232,   0.07835,  -0.00744,  -0.01444,  -0.03545,  -0.05121,  -0.00569,  -0.06347,   0.07135,   0.03808,  -0.00569,   0.01707,   0.02582,   0.04508,   0.04683,  -0.05997,  -0.03020,  -0.03545,   0.03808,   0.05209,   0.04858,  -0.01094,   0.02057,  -0.02495,   0.06434,  -0.03721,   0.02407,   0.04158,  -0.04946,  -0.05997,   0.03808,   0.11862,   0.04158,  -0.00569,   0.02407,   0.00131,  -0.00744,  -0.07922,  -0.04421,   0.00481,  -0.03721,   0.04333,   0.02232,   0.02933,  -0.01094,   0.02757,  -0.01094,   0.07310,   0.11862,  -0.01970,  -0.05121,   0.02933,  -0.03195,  -0.06347,   0.06259,   0.01532,   0.05209,   0.05209,  -0.06872,  -0.01444,  -0.03020,   0.03983,  -0.04771,  -0.02670,  -0.01269,  -0.00569,   0.02757,  -0.05471,   0.06434,  -0.05121,  -0.04771,   0.02757,   0.05734,   0.04333,   0.01182,   0.07835,  -0.01094,  -0.03195,   0.01532,  -0.01795,   0.00832,   0.08010,  -0.07572,   0.10811,  -0.07222,   0.06609,   0.01357,   0.00131,  -0.02145,   0.00481,  -0.02495,  -0.02145,   0.01357,  -0.02670,   0.05034,  -0.01620,   0.02057,   0.01357,   0.07835,  -0.03020,   0.01882,   0.13437,   0.11161,  -0.01094,   0.07310,  -0.05822,  -0.03195,  -0.00219,  -0.02670,  -0.04071,  -0.04596,   0.01182,   0.04333,  -0.03896,  -0.00569,   0.09411,   0.03108,  -0.01094,  -0.04071,   0.01182,  -0.00394,   0.08885,  -0.02145,   0.08885,   0.04858,   0.06609,  -0.00219,   0.03808,  -0.01094,   0.06609,   0.01532,   0.02407,  -0.04596,  -0.05121,   0.06959,  -0.05121,  -0.03545,  -0.06172,   0.03633,   0.04858,   0.05209,  -0.05822,   0.01707,   0.13963,   0.03983,   0.00832,  -0.00044,   0.01707,  -0.05121,  -0.04596,  -0.04421,   0.04333,  -0.05296,  -0.00919,  -0.02845,  -0.09498,  -0.00919,   0.04158,   0.04508,   0.03983,   0.06609,  -0.01094,   0.00481,  -0.00569,  -0.04946,   0.00657,  -0.03020,  -0.05997,   0.04683,   0.03808,   0.04508,  -0.02670,   0.04158,  -0.01269,  -0.00394,  -0.02145,   0.05909,  -0.07397,  -0.04246,  -0.04771,   0.00306,  -0.00044,  -0.01620,  -0.00919,   0.04858,  -0.02670,   0.03633,  -0.00044,   0.07310,  -0.02845,   0.02232,   0.01707,  -0.04596,  -0.06697,  -0.00919,   0.08535,  -0.01795,  -0.00219,  -0.02495,   0.05734,  -0.05822,   0.02407,  -0.02495,  -0.04946,  -0.02495,   0.03108,  -0.02845,   0.00131,  -0.00919,   0.00131,   0.10111,  -0.05822,   0.00131,   0.03808,   0.00832,   0.03633,   0.00481,   0.01707,  -0.04071,   0.05384,   0.06959,   0.05209,   0.05384,  -0.00569,   0.00657,  -0.04421,  -0.02145,   0.07485,  -0.01269,   0.02232,  -0.13700,  -0.08098,  -0.07222,   0.01357,   0.01882,   0.04333,  -0.02320,  -0.02495,  -0.03195,   0.01357,  -0.03020,   0.09586,   0.05909,   0.00131,   0.00657,  -0.06697,   0.02057,  -0.04596,   0.03808,  -0.03545,  -0.01094,   0.10286,  -0.01970,   0.01532,  -0.02320,  -0.01795,   0.05559,   0.01357,  -0.01094,   0.03808,   0.06434,  -0.08973,  -0.08798,  -0.03545,  -0.01795,   0.01182,   0.01007,  -0.01970,   0.05384,   0.00131,  -0.07222,   0.01357,   0.00306,  -0.00044,  -0.04596,   0.03458,  -0.00744,   0.04158,   0.01882,  -0.03020,  -0.04071,   0.04333,  -0.02845,  -0.07572,   0.00481,   0.01882,   0.10286,   0.06259,  -0.00744,   0.00131,  -0.05471,   0.07135,  -0.03195,  -0.04421,  -0.00569,  -0.05471,   0.03983,  -0.03195,  -0.00394,  -0.03896,   0.09761,   0.01532,  -0.01620,   0.09761,  -0.01094,  -0.00569,  -0.04421,  -0.04946,  -0.03195,   0.01532,  -0.01970,   0.02232,  -0.00744,  -0.00044,  -0.01269,   0.08535,   0.02757,  -0.12650,   0.00306,  -0.01269,   0.01532,   0.00657,  -0.04596,   0.00481,   0.03808,  -0.02145,   0.08010,   0.00131,  -0.01094,   0.05734,  -0.00394,  -0.00219,   0.03283,   0.07660,   0.00481,  -0.10549,  -0.01444,  -0.06172,  -0.03721,  -0.04246,   0.02757,   0.02582,  -0.06522,  -0.03370,  -0.08098,   0.02757,   0.01007,  -0.03896,  -0.02145,   0.00131,  -0.06872,   0.01007,   0.01532,  -0.01620,  -0.01269,  -0.01444,  -0.01444,   0.05384,   0.02057,  -0.05646,   0.01532,   0.00832,  -0.04246,   0.05209,  -0.02320,  -0.00044,   0.05034,  -0.01970,  -0.01795,  -0.09323,   0.02582,  -0.02495,   0.01882,  -0.01269,   0.07835,  -0.03721,  -0.06347,   0.02582,  -0.01795,   0.03808,  -0.07922,  -0.05121,  -0.02145,   0.05909,   0.02232,  -0.07572,   0.08185,  -0.00919,   0.02582,  -0.09673,   0.04683,  -0.08798,   0.01357,   0.00306,   0.06609,   0.03808,   0.02232,  -0.02845,   0.00481,  -0.03721,   0.01707,  -0.03370,  -0.00394,  -0.00044,  -0.02320,  -0.05822,   0.01707,  -0.06522,  -0.06872,   0.12562,  -0.07747,  -0.07222,   0.03458,   0.02933,  -0.01269,   0.02757,   0.02757,  -0.03896,   0.01007,   0.01882,   0.05734,  -0.03370,   0.03983,  -0.00044,   0.09411,  -0.00394,   0.03808,   0.02933,   0.04333,  -0.00919,   0.05034,   0.00832,   0.02582,  -0.01094,   0.04158,  -0.02845,   0.00306,  -0.03195,   0.00306,   0.00832,  -0.04946,  -0.00394,   0.01007,   0.03458,   0.03458,  -0.04946,   0.03458,  -0.01620,   0.00657,  -0.06522,   0.02407,  -0.02670,  -0.04071,  -0.03370,   0.01532,  -0.04421,   0.01182,  -0.00569,  -0.05471,  -0.00394,   0.04858,   0.00306,  -0.04596,   0.02407,   0.00657,   0.00657,   0.01007,  -0.02845,   0.03283,   0.04333,   0.03458,   0.03983,   0.01532,  -0.04246,   0.00306,   0.06084,  -0.03896,   0.10461,   0.07660,  -0.00744,  -0.05997,   0.00832,  -0.00219,   0.01182,  -0.05471,   0.01707,   0.05559,   0.02933,   0.00657,  -0.00569,   0.04683,  -0.00219,  -0.01094,  -0.01444,  -0.03195,   0.00657,  -0.05997,  -0.00919,   0.02757,  -0.07572,  -0.05121,   0.03108,  -0.05121,   0.03108,   0.00832,  -0.02845,   0.02232,   0.02933,   0.02407,   0.03458,  -0.04071,  -0.01269,  -0.03020,   0.00832,  -0.03020,  -0.00919,   0.08710,  -0.01970,   0.05209,   0.04858,  -0.01094,  -0.00044,  -0.03896,  -0.04246,  -0.00744,   0.00131,   0.03983,  -0.09498,  -0.06872,   0.00832,  -0.03896
   0.01357,  -0.03020,  -0.05296,  -0.01620,  -0.01444,  -0.03020,   0.01882,   0.03808,   0.01357,  -0.00919,   0.02057,  -0.00044,   0.02933,   0.01007,   0.03458,   0.02582,   0.05209,  -0.03545,   0.00832,   0.05384,   0.12387,  -0.04771,  -0.00569,   0.04683,  -0.08623,   0.00832,  -0.01094,   0.00131,   0.03283,  -0.01094,   0.04858,   0.02407,  -0.03195,   0.07485,  -0.01094,  -0.00744,  -0.01094,  -0.03370,   0.04508,  -0.03545,  -0.04946,  -0.01795,  -0.02670,   0.03633,  -0.04596,   0.00832,  -0.01269,  -0.01795,  -0.04771,   0.02407,  -0.04421,   0.06434,   0.03458,  -0.05822,  -0.09848,   0.05034,   0.01357,  -0.07572,  -0.00394,  -0.03545,   0.00657,   0.06434,  -0.02495,  -0.00919,   0.05909,  -0.10549,  -0.00744,   0.03983,   0.06084,   0.02933,  -0.04071,  -0.01795,  -0.02670,  -0.01094,  -0.06522,   0.08010,   0.08360,  -0.04771,   0.02232,  -0.04596,  -0.02670,  -0.05121,   0.02232,  -0.00919,   0.00131,   0.00657,   0.06959,   0.01707,   0.01357,   0.01007,  -0.03721,   0.03283,   0.01707,   0.00306,   0.06609,  -0.03195,   0.01532,  -0.08798,   0.03983,   0.01882,  -0.07572,   0.03633,  -0.00919,  -0.00744,  -0.01970,   0.07660,   0.01007,   0.02232,  -0.06522,   0.02232,  -0.05822,   0.04683,  -0.01970,  -0.06872,  -0.03020,  -0.01444,   0.09586,  -0.02495,   0.04333,   0.03458,   0.02057,  -0.04071,   0.08185,   0.02232,   0.06784,   0.00832,   0.01532,   0.01882,  -0.07572,  -0.03020,  -0.05646,   0.07660,   0.03108,  -0.00394,   0.00657,   0.04858,   0.00657,   0.04508,  -0.00044,   0.03108,   0.10286,   0.06434,  -0.10724,   0.01007,  -0.00044,  -0.04946,  -0.00044,  -0.05822,   0.00306,   0.00657,  -0.07047,   0.03808,  -0.00394,   0.00131,   0.01357,  -0.04421,   0.05209,  -0.00744,   0.06434,   0.03108,  -0.00919,   0.02057,  -0.01444,  -0.02145,  -0.00394,   0.07310,  -0.00919,   0.06609,  -0.02670,  -0.01444,   0.01707,   0.10111,  -0.12650,   0.02057,  -0.07922,   0.01707,   0.00832,  -0.00569,   0.05209,   0.02582,  -0.00044,  -0.01970,  -0.02145,  -0.00394,  -0.07747,  -0.01795,  -0.03195,   0.05909,   0.05034,   0.01882,  -0.00044,  -0.03195,   0.03633,   0.00832,  -0.01094,   0.03458,  -0.04071,   0.02407,  -0.04246,  -0.03020,   0.01532,   0.01532,  -0.01620,   0.02057,  -0.07047,  -0.05121,  -0.00919,   0.01882,  -0.00219,  -0.03195,   0.00832,  -0.03195,  -0.05121,   0.02232,  -0.02495,   0.05559,  -0.05121,   0.01882,   0.02232,  -0.05121,  -0.00919,   0.00306,  -0.00219,   0.08710,  -0.01795,  -0.08973,   0.07485,   0.01007,  -0.02320,   0.03808,   0.02057,   0.06609,   0.05734,   0.03633,  -0.00219,   0.00481,   0.03633,  -0.07047,   0.01882,   0.04858,  -0.01094,  -0.06522,  -0.10724,   0.06959,   0.01707,  -0.03020,   0.00131,   0.02582,  -0.03721,  -0.05471,   0.01882,   0.01707,   0.06609,  -0.04596,  -0.08798,  -0.04596,  -0.02845,   0.01007,  -0.02320,  -0.08448,   0.07485,  -0.00044,  -0.00044,   0.04858,   0.03808,   0.03633,   0.05384,   0.05734,  -0.01094,   0.01532,  -0.07047,   0.01007,  -0.00394,  -0.03545,   0.05559,  -0.05121,  -0.04071,   0.00657,   0.02232,   0.00481,  -0.01795,   0.02407,   0.03283,  -0.06872,  -0.00744,   0.06609,   0.04158,   0.02407,  -0.01970,   0.00481,  -0.06172,  -0.01269,  -0.04071,   0.02757,   0.02232,  -0.04421,   0.01707,   0.05384,   0.03633,   0.03108,   0.01357,  -0.00744,   0.02407,  -0.02845,  -0.04946,   0.04683,   0.03633,  -0.01795,  -0.03020,   0.01882,  -0.04596,  -0.00569,   0.01007,   0.00481,  -0.02145,  -0.06347,   0.05909,   0.01357,  -0.03721,   0.02582,   0.03283,   0.06784,  -0.02145,  -0.02495,  -0.08448,   0.02933,   0.02582,   0.08360,  -0.01620,  -0.05121,  -0.14050,   0.01182,  -0.05997,  -0.01795,  -0.04421,   0.06609,   0.02757,   0.04158,  -0.01795,   0.01357,  -0.01444,  -0.04946,   0.00657,   0.03283,   0.02933,   0.02582,  -0.02320,  -0.01269,   0.04333,   0.02757,   0.00131,  -0.01094,   0.10111,  -0.00919,  -0.03896,  -0.01970,  -0.03020,  -0.01094,  -0.06522,  -0.00394,  -0.04071,   0.02057,   0.01007,   0.02757,   0.01707,   0.01707,  -0.00569,   0.03633,  -0.03545,  -0.05997,   0.01532,   0.01532,  -0.06697,   0.03808,   0.01007,   0.03283,  -0.00044,   0.06434,  -0.03545,   0.03283,  -0.08273,   0.04333,   0.06784,  -0.01094,  -0.03020,   0.01182,   0.01182,  -0.00744,  -0.04771,   0.06259,   0.03633,   0.03283,   0.03633,  -0.07922,  -0.02320,   0.00657,   0.01707,  -0.08798,   0.10986,   0.03283,  -0.00744,   0.03808,  -0.02145,   0.02757,   0.02057,   0.02757,  -0.06347,  -0.01094,  -0.03020,   0.01882,  -0.07747,   0.02757,   0.02582,   0.01707,  -0.01970,  -0.03195,  -0.00744,   0.04508,   0.03633,  -0.02320,   0.01182,   0.02057,   0.01182,  -0.01094,  -0.00569,   0.03108,   0.06084,  -0.04071,   0.03808,   0.07310,  -0.06872,   0.01007,   0.00306,   0.08885,   0.02757,   0.01007,  -0.01620,  -0.01970,  -0.00919,   0.02757,  -0.02145,   0.01532,  -0.08798,   0.06609,  -0.05121,   0.00131,  -0.05822,  -0.02495,  -0.01269,  -0.00919,  -0.08798,  -0.02670,  -0.11249,  -0.00744,   0.03983,  -0.05121,  -0.04946,   0.03983,  -0.01444,  -0.00219,  -0.01269,  -0.00219,  -0.01795,   0.05559,   0.00657,   0.03633,  -0.05121,  -0.05471,  -0.04946,  -0.09148,  -0.03721,  -0.02495,   0.00306,  -0.06522,  -0.07397,   0.01357,   0.01532,  -0.02495,   0.05384,   0.02582,   0.00657,   0.02232,  -0.00919,  -0.00219,  -0.05822,  -0.01970,  -0.01444,   0.02057,   0.03108,  -0.01269,   0.05034,  -0.03370,   0.02582,  -0.00744,  -0.02845,   0.02757,  -0.07572,  -0.04596,   0.04683,  -0.00919,  -0.03896,  -0.03545,   0.05384,  -0.03896,   0.04333,   0.01357,  -0.02145,   0.06259,   0.02757,   0.00657,  -0.05121,  -0.02495,   0.02057,   0.01707,  -0.00744,  -0.01970,   0.09060,   0.04683,  -0.06172,   0.00832,  -0.00219,   0.06259,  -0.00044,   0.02057,  -0.11074,   0.03108,  -0.00919,   0.03983,  -0.07397,  -0.05296,   0.01357,  -0.04071,  -0.02145,  -0.02495,  -0.04421,  -0.06172,  -0.04596,   0.05384,  -0.04421,   0.01357,   0.01882,   0.01882,  -0.02145,   0.00832,   0.02933,  -0.01970,  -0.02145,   0.02582,  -0.01970,  -0.02320,  -0.04771,   0.02757,  -0.06697,   0.01532,  -0.08273,  -0.07397,   0.01007,  -0.00394,  -0.03545,  -0.03545,  -0.01269,  -0.00744,  -0.14400,  -0.04071,   0.02407,  -0.05121,  -0.01970,   0.00832,   0.04158,  -0.04071,   0.02232,   0.00306,  -0.10899,  -0.05997,   0.04333,   0.05909,   0.07310,  -0.03020,  -0.05646,   0.01532,   0.04158,   0.00832,  -0.04246,   0.02232,  -0.07397,  -0.05121,  -0.00394,  -0.04071,   0.01182,   0.10636,   0.04333,   0.00131,   0.09761,  -0.02670,  -0.04071,   0.00657,  -0.02145,  -0.05296,   0.08535,   0.05734,  -0.09498,  -0.01094,   0.00131,   0.00832,   0.03808,  -0.01795,  -0.10199,   0.00306,   0.01707,  -0.05646,   0.00832,  -0.01094,  -0.04421,  -0.03195,  -0.02495,   0.05034,   0.03633,  -0.04421,  -0.05121,   0.02582,  -0.07397,   0.02757,  -0.06522,  -0.02495,  -0.00919,  -0.00569,  -0.00219,   0.08535,  -0.05471,   0.02057,  -0.03721,  -0.00044,  -0.05997,  -0.04946,   0.05734,  -0.01444,  -0.08973,   0.04683,  -0.00744,  -0.09148,  -0.01094,  -0.04946,  -0.01094,  -0.02670,  -0.05646,  -0.02145,   0.01182,   0.03633,  -0.07222,  -0.07747,  -0.03020,  -0.04946,  -0.02670,  -0.01269,  -0.04596,  -0.03545,  -0.02145,  -0.10199,  -0.06697,   0.02057,   0.01182,  -0.03896,  -0.02845,   0.05909,   0.01182,   0.06084,  -0.03020,   0.01532,   0.01182,   0.00131,   0.00306,  -0.07572,   0.03108,   0.02407,   0.02407,   0.01007,  -0.04421,   0.00131,   0.05559,  -0.02845,   0.05034,   0.04508,   0.02232,  -0.00044,   0.00832,  -0.05121,   0.01357,   0.03808,  -0.05471,   0.04158,   0.12037,   0.03108,  -0.02670,  -0.03370,  -0.01444,   0.02582,  -0.00569,  -0.00744,   0.01357,   0.02057,  -0.00569,  -0.00569,   0.03108,  -0.02145,   0.04333,  -0.01444,  -0.02320,  -0.01269,  -0.07222,   0.03283,   0.06959,  -0.08448,   0.09411,  -0.00219,   0.00306,  -0.04771,   0.04158,   0.00657,   0.05034,   0.02232,  -0.03370,  -0.06172,   0.01182,   0.01357,   0.01007,   0.00306,  -0.02845,   0.06259,  -0.00919,  -0.00394,   0.05384,  -0.07572,  -0.03020,   0.01182,   0.03633,   0.02232,   0.01882,   0.02057,   0.02232,  -0.00569,   0.03458,  -0.02495,  -0.11774,   0.02933,  -0.01444,  -0.00744,  -0.00394,  -0.02845,  -0.05121,   0.00832,   0.00657,   0.05034,  -0.01620,   0.01532,   0.00832,   0.11862,  -0.00219,  -0.00744,   0.02407,  -0.04246,  -0.04246,   0.03808,   0.06084,   0.03458,   0.02057,   0.02407,  -0.01269,  -0.07222,  -0.04421,  -0.07922,   0.00481,   0.06609,   0.02933,  -0.12650,  -0.03545,  -0.08448,   0.00832,  -0.01269,  -0.01620,  -0.00919,  -0.00394,  -0.02845,   0.02757,   0.04508,  -0.02145,   0.11687,   0.01007,   0.12212,   0.06434,   0.03458,   0.04683,  -0.06697,   0.06259,  -0.02145,   0.02057,  -0.02670,  -0.03370,  -0.05822,   0.00306,  -0.02320,   0.08185,   0.01707,  -0.04421,   0.03983,   0.15013,   0.01182,   0.03283,  -0.07047,   0.04508,  -0.03896,   0.01707,   0.01882,  -0.05121,   0.06434,  -0.01620,  -0.03721,  -0.02845,   0.00832,  -0.04421,   0.00657,   0.03283,  -0.01620,   0.01357,  -0.00394,  -0.07747,  -0.00044,  -0.02145,   0.05209,   0.02232,  -0.04421,  -0.04421,  -0.03370,   0.02933,  -0.05121,   0.01707,  -0.04071,   0.00832,   0.03108,   0.01707,   0.00131,   0.02407,   0.00131,   0.04508,   0.02933,   0.03983,   0.05384,  -0.10549,  -0.01444,  -0.02670,  -0.01970,  -0.01444,   0.02407,   0.03283,   0.01532,   0.08185,   0.01882,  -0.01795,  -0.01620,   0.06084,  -0.02845,  -0.01620,   0.02407,  -0.00569,  -0.03370,   0.01882,  -0.06522,   0.08710,   0.02757,  -0.04071,  -0.01094,   0.03283,  -0.05822,   0.08360,   0.01007,   0.01007,  -0.01094,  -0.03896,  -0.02845,  -0.05646,   0.03983,   0.01007,   0.02407,   0.02407,   0.05034,   0.00832,  -0.05471,   0.01882,   0.05559,   0.04858,   0.02057,  -0.03896,  -0.03195,  -0.04596,   0.00481,  -0.00044,  -0.00219,   0.00131,   0.01357,  -0.10724,  -0.05822,   0.01707,  -0.04246,   0.04158,   0.00306,   0.08710,   0.01357,   0.08360,  -0.06872,  -0.02495,   0.04508,  -0.10199,   0.00306,  -0.02845,  -0.07397,   0.01707,   0.01707,  -0.04246,  -0.05296,   0.00832,   0.02757,   0.04508,  -0.01094,   0.05559,  -0.01620,   0.04683,  -0.03370,  -0.07922,  -0.00744,  -0.00044,  -0.00744,   0.03283,   0.02232,   0.02582,   0.00481,  -0.00569,   0.00306,  -0.02145,   0.01357,   0.08010,  -0.00569,  -0.01620,   0.07835,   0.06784,  -0.00394,  -0.00044,  -0.02320,  -0.02495,  -0.04771,   0.02407,   0.10286,   0.08885,   0.04158,  -0.02845,  -0.01444,   0.06084,  -0.02320,   0.00481,   0.00832,   0.03633,  -0.02320,  -0.02145,   0.02757,  -0.04246,  -0.06522,  -0.00219,  -0.05646,   0.00832,   0.01532,  -0.04246,  -0.00394,   0.00306,   0.01532,  -0.06347,   0.03108,   0.06784,   0.01532,  -0.02320,  -0.01269,   0.01882,   0.04508,  -0.01444,  -0.01444,  -0.00044,   0.04858,   0.01707,  -0.03020,   0.01532,   0.13087,   0.03108,   0.02232,  -0.05997,  -0.01269,  -0.02145,   0.03983,   0.01357,   0.06084,  -0.01094,   0.00481,   0.03633,  -0.00394,   0.03808,  -0.01795,   0.01182,  -0.00569,  -0.05296,   0.07485,   0.01182,   0.07310,  -0.07572,   0.07485,   0.00306,   0.05034,   0.01882,  -0.02670,  -0.00919,  -0.01970,  -0.03721,  -0.02320,  -0.04771,  -0.00919,  -0.07047,  -0.01444,   0.02757,   0.00131
  -0.01970,   0.03633,  -0.01269,  -0.02845,   0.07135,   0.00832,  -0.02145,  -0.01620,   0.05734,   0.04158,  -0.04421,   0.04858,   0.04508,   0.05209,   0.01882,  -0.07397,   0.01707,  -0.01795,  -0.02495,   0.05034,   0.03108,   0.02057,   0.00306,   0.02933,   0.04683,  -0.09673,  -0.00919,  -0.03020,   0.06434,  -0.01795,  -0.01620,   0.01182,  -0.02320,  -0.03721,   0.06609,  -0.00044,  -0.03896,  -0.02670,  -0.03020,  -0.04071,   0.07485,  -0.04946,   0.06259,  -0.01094,  -0.02845,   0.00131,  -0.06697,   0.01007,   0.02757,  -0.03545,  -0.09323,   0.02407,  -0.05646,  -0.00569,   0.00832,  -0.01795,  -0.01444,  -0.03195,  -0.05822,  -0.03020,  -0.01620,   0.00832,  -0.03020,   0.03108,   0.04858,  -0.00919,  -0.02845,   0.11336,  -0.01620,  -0.03721,  -0.01970,  -0.05296,   0.00657,   0.04683,  -0.04596,   0.06784,  -0.01444,   0.05209,   0.00131,  -0.01970,  -0.11424,  -0.01094,   0.02057,   0.03283,  -0.02670,  -0.03545,  -0.02495,   0.02407,   0.01007,  -0.00919,  -0.02845,   0.02407,  -0.01444,   0.03808,  -0.00219,   0.06084,  -0.00569,   0.01882,   0.01357,   0.00832,  -0.06522,   0.03983,  -0.01620,  -0.00219,   0.01007,   0.02757,  -0.04421,  -0.03020,   0.00131,   0.00832,  -0.03896,   0.02407,   0.03633,  -0.03020,   0.06084,  -0.06872,   0.11161,   0.03808,  -0.02670,   0.00481,  -0.03370,   0.02757,  -0.05471,  -0.00569,  -0.03195,  -0.07922,   0.01182,   0.00657,  -0.04946,   0.00657,   0.06259,  -0.03721,  -0.09498,   0.00306,  -0.06872,   0.04333,   0.02757,  -0.03721,  -0.04071,   0.02757,   0.02232,   0.01882,   0.03633,  -0.02320,   0.00481,   0.00131,  -0.00569,  -0.00569,   0.01882,  -0.00919,  -0.02495,  -0.01269,  -0.00044,   0.00832,   0.09411,  -0.01444,   0.04508,   0.05209,  -0.00219,  -0.03020,  -0.03896,  -0.04946,  -0.01094,   0.06259,  -0.05121,   0.04333,  -0.08623,   0.01707,  -0.02670,   0.01532,  -0.04246,  -0.02145,   0.03458,  -0.01970,  -0.03370,  -0.04246,  -0.04946,  -0.03721,  -0.06697,  -0.04421,   0.05384,  -0.00394,   0.04858,   0.04333,  -0.01269,   0.07485,   0.00306,   0.08710,   0.01532,   0.00832,  -0.02320,   0.02933,   0.08360,   0.05209,   0.00131,  -0.00919,  -0.01970,  -0.00394,   0.02407,  -0.00744,  -0.04596,   0.01007,   0.02407,  -0.03195,  -0.04071,   0.01182,  -0.03721,  -0.00219,   0.02582,   0.07135,  -0.01620,   0.01707,  -0.05121,  -0.02320,   0.11512,   0.03808,   0.02407,  -0.05646,  -0.03721,   0.06084,   0.01182,   0.00306,  -0.00569,  -0.02495,   0.06959,   0.02232,   0.04158,  -0.00919,   0.05034,  -0.06172,  -0.00044,   0.08710,  -0.01795,  -0.04946,   0.03808,  -0.01094,   0.03458,  -0.04421,   0.03458,   0.01707,   0.00832,  -0.03195,   0.02057,  -0.00569,  -0.05997,  -0.09148,  -0.03896,   0.01357,  -0.04071,  -0.01795,   0.05559,  -0.04596,   0.01357,  -0.03545,   0.02407,  -0.00394,  -0.12300,  -0.08623,   0.00131,   0.00657,   0.06259,  -0.05822,   0.01882,   0.07310,   0.04858,  -0.00394,   0.05734,   0.03458,  -0.03545,  -0.02495,   0.01532,  -0.00219,   0.03283,   0.00306,   0.04508,  -0.04946,   0.00481,   0.00481,   0.06259,  -0.00219,   0.00832,   0.03458,   0.01182,   0.01007,  -0.02320,  -0.01094,  -0.02670,  -0.02495,  -0.00919,   0.01357,   0.08535,   0.01007,   0.01357,  -0.02670,  -0.01795,  -0.01970,  -0.02320,  -0.02320,   0.02933,   0.08185,   0.01357,   0.05384,   0.07310,  -0.04246,   0.03808,  -0.01795,  -0.01620,   0.00832,   0.03108,  -0.08798,  -0.02145,   0.02057,  -0.03545,   0.01707,  -0.03370,  -0.01970,   0.06609,  -0.01620,   0.08710,  -0.04071,   0.05734,   0.04508,   0.07485,   0.03633,  -0.06172,  -0.05822,   0.04858,   0.05559,   0.02757,   0.06434,   0.06434,   0.02232,   0.06609,   0.05384,  -0.01795,   0.00481,   0.03983,  -0.01795,  -0.00219,  -0.01094,  -0.04596,  -0.00744,   0.00657,  -0.00219,   0.01532,   0.01532,   0.03983,   0.00131,  -0.04596,   0.13788,  -0.04071,  -0.01444,  -0.02320,   0.02582,  -0.00044,   0.01357,  -0.06522,  -0.01970,   0.06784,  -0.01795,  -0.10023,  -0.04246,  -0.03896,   0.00481,  -0.03020,  -0.10549,   0.06434,   0.00657,  -0.01094,   0.00832,   0.00306,  -0.10199,  -0.07222,   0.01357,  -0.01970,   0.01882,  -0.00919,   0.04858,   0.00131,   0.03458,  -0.01620,   0.01882,   0.03633,  -0.05646,   0.04158,   0.04333,  -0.01620,  -0.02670,   0.00481,   0.02757,   0.08010,   0.01182,  -0.03020,   0.06259,  -0.02670,   0.01882,   0.07660,  -0.12124,  -0.00919,   0.03633,   0.02757,   0.04508,   0.01707,   0.04333,  -0.01444,   0.01182,  -0.01795,   0.05384,   0.05034,   0.03108,   0.06959,   0.01007,   0.06259,   0.00306,  -0.04946,   0.02232,  -0.04946,  -0.10899,   0.02407,   0.00832,   0.00306,  -0.03020,  -0.05822,  -0.07922,  -0.01970,   0.01007,   0.01707,  -0.02320,   0.07135,   0.02407,   0.02407,   0.00306,   0.01532,   0.01182,   0.05734,   0.12387,   0.03108,   0.06959,   0.00481,   0.05209,  -0.03896,  -0.01795,  -0.01620,  -0.03195,  -0.05296,  -0.05646,  -0.04771,   0.02232,  -0.06172,   0.06609,   0.13437,   0.06609,   0.01882,  -0.05471,   0.02232,   0.03633,   0.06959,  -0.01444,   0.00832,   0.06434,  -0.01094,   0.02757,   0.10461,  -0.06872,  -0.03721,   0.06434,   0.05384,   0.00306,   0.03633,   0.02057,   0.02232,   0.06784,   0.03458,  -0.02495,  -0.03020,   0.02232,   0.07310,   0.05909,  -0.01795,  -0.02495,  -0.01620,   0.00832,   0.00306,   0.08360,  -0.00744,  -0.00219,   0.02407,  -0.05822,  -0.02845,  -0.01620,   0.02057,   0.01357,  -0.03370,   0.07660,   0.02757,   0.06434,  -0.02845,  -0.06522,   0.09936,   0.06784,  -0.01269,  -0.02320,  -0.07572,   0.09761,  -0.04771,  -0.00569,  -0.01620,  -0.07047,   0.04333,  -0.01620,   0.05384,  -0.01094,   0.05559,  -0.03020,   0.04683,  -0.04771,  -0.06872,   0.03633,   0.05384,   0.02057,  -0.00219,  -0.00219,   0.04683,   0.05384,   0.03808,  -0.03195,  -0.00394,  -0.01970,   0.04333,  -0.02670,  -0.03370,   0.02933,   0.07660,  -0.02495,  -0.01970,   0.01007,   0.00481,  -0.00569,  -0.01094,   0.01007,  -0.04071,   0.01882,   0.06609,  -0.00569,   0.03108,   0.01882,   0.01707,   0.00832,  -0.00044,  -0.03370,  -0.00394,  -0.01970,   0.00306,  -0.04071,  -0.05121,  -0.05296,  -0.03195,   0.02757,  -0.05121,   0.05909,  -0.01795,  -0.03195,  -0.01094,   0.00832,  -0.03020,   0.03283,  -0.00919,  -0.07222,  -0.00744,   0.05909,   0.03458,   0.02232,   0.03108,  -0.01444,   0.05909,   0.01707,  -0.06347,  -0.03721,  -0.05822,   0.00657,  -0.02320,  -0.04946,   0.06084,  -0.01970,   0.08885,  -0.05997,   0.04158,   0.01882,   0.03983,  -0.03721,   0.02582,  -0.00569,  -0.01620,  -0.01444,  -0.04946,   0.01532,  -0.00569,  -0.02495,   0.02582,  -0.08098,  -0.00744,   0.07135,  -0.01094,   0.00131,  -0.03370,  -0.03020,   0.03808,   0.00481,  -0.04246,   0.02933,   0.00832,   0.00131,  -0.02495,  -0.06872,   0.04158,  -0.04596,  -0.03195,   0.00306,   0.03633,   0.05559,  -0.03545,  -0.02320,  -0.06872,   0.02933,   0.05384,   0.00657,  -0.07747,  -0.05822,  -0.00394,   0.00131,  -0.00394,   0.01357,  -0.04246,  -0.00044,  -0.01269,  -0.01620,   0.06259,  -0.02145,  -0.06347,   0.04333,   0.00306,  -0.04946,  -0.03545,   0.03283,  -0.06697,   0.00832,  -0.03545,   0.01357,   0.00306,   0.01007,   0.02232,  -0.05121,   0.03808,   0.06259,  -0.01269,   0.00131,   0.07485,   0.04683,   0.02933,   0.01007,   0.03108,  -0.01970,  -0.00569,   0.03108,  -0.03721,   0.03808,   0.02057,   0.01182,   0.01182,  -0.01444,  -0.02495,  -0.01795,   0.02232,  -0.03370,   0.01707,  -0.02320,  -0.11599,   0.03458,  -0.04946,   0.08360,  -0.07397,   0.01182,  -0.03721,   0.02933,  -0.05822,   0.06084,  -0.04071,   0.03633,  -0.01269,  -0.08798,  -0.03195,   0.03808,  -0.01620,  -0.06172,  -0.02320,   0.01357,  -0.03721,  -0.01094,   0.00306,  -0.03721,   0.07310,   0.00657,   0.03983,   0.06259,   0.03983,   0.09411,  -0.08098,  -0.00919,  -0.01795,  -0.02845,  -0.03020,   0.01007,  -0.00569,   0.01532,   0.01532,  -0.08623,  -0.02845,  -0.05296,  -0.05121,  -0.09498,  -0.00919,   0.04158,   0.01707,   0.04158,   0.06959,   0.00306,  -0.01269,   0.05209,  -0.07222,   0.00657,  -0.01444,  -0.06172,   0.08710,   0.04858,  -0.05471,  -0.02495,  -0.02320,   0.03808,   0.00481,  -0.05997,   0.00832,  -0.00219,   0.05209,   0.00481,   0.02232,  -0.01269,  -0.02670,   0.00657,  -0.03545,   0.00306,   0.01707,  -0.00219,  -0.00044,   0.02582,  -0.02145,   0.02933,   0.02232,   0.05209,  -0.01795,  -0.02670,  -0.05646,   0.05034,   0.06959,   0.02057,  -0.00394,   0.01357,   0.09411,  -0.05471,   0.04158,  -0.06172,  -0.08448,   0.07835,   0.02232,   0.03983,  -0.09498,   0.01882,   0.04158,   0.04158,  -0.02320,   0.04858,  -0.00219,  -0.00394,   0.01357,   0.00306,  -0.01970,  -0.03896,  -0.00044,   0.01007,  -0.00219,  -0.07922,  -0.06697,  -0.01444,  -0.05822,  -0.05471,  -0.04071,  -0.07047,   0.05559,  -0.00394,  -0.01094,  -0.04946,  -0.04246,   0.02057,   0.00131,  -0.01970,   0.05734,  -0.01269,   0.02407,   0.02757,   0.08010,   0.00481,   0.00657,   0.00306,  -0.00569,   0.01182,  -0.01620,  -0.01269,   0.00131,  -0.00219,  -0.01620,  -0.03545,   0.04158,  -0.02845,   0.04333,   0.04683,  -0.02145,  -0.03545,  -0.04946,  -0.05997,   0.00131,   0.05384,  -0.00569,   0.00306,  -0.06172,  -0.04596,  -0.02145,  -0.02670,   0.02057,   0.09586,   0.01357,   0.04158,   0.03283,   0.07835,   0.11161,  -0.01269,   0.01182,  -0.04596,  -0.01795,  -0.01795,  -0.01795,  -0.05822,   0.05559,  -0.02845,   0.08885,   0.01707,  -0.05997,  -0.00219,   0.03633,   0.10636,  -0.00044,  -0.04246,   0.01007,  -0.02320,  -0.04071,   0.06434,   0.05034,  -0.04246,  -0.03195,   0.02407,   0.01882,   0.01707,  -0.00394,  -0.03721,  -0.02845,  -0.01444,   0.00306,  -0.06522,  -0.08798,  -0.09148,   0.02407,   0.01007,  -0.04596,   0.02757,  -0.02320,   0.00131,   0.00832,  -0.08098,  -0.01444,  -0.01620,   0.02757,   0.08010,  -0.00219,  -0.07047,   0.01532,  -0.02145,   0.00657,  -0.01444,  -0.05121,   0.01882,   0.00657,  -0.02845,   0.02407,   0.06784,  -0.03545,   0.05734,   0.07310,  -0.04596,  -0.00569,   0.01357,   0.00657,   0.00481,   0.06434,   0.03108,   0.05734,   0.02232,  -0.02845,   0.01532,   0.04333,  -0.02145,  -0.00569,   0.09411,   0.01882,   0.02057,   0.15538,   0.00832,   0.03108,   0.04683,   0.02757,  -0.04246,  -0.08273,  -0.01094,   0.01532,   0.02933,   0.01007,   0.00832,   0.00657,   0.02057,   0.08360,  -0.05296,  -0.01620,  -0.09498,   0.00131,  -0.06872,   0.00306,  -0.00919,  -0.04946,  -0.01269,  -0.03896,  -0.01094,  -0.00394,   0.03983,   0.00832,   0.05209,  -0.01970,   0.00657,   0.00832,   0.06259,  -0.03195,  -0.03370,  -0.02495,  -0.02845,  -0.01444,   0.05209,  -0.08273,  -0.06522,   0.06609,   0.01532,  -0.04071,  -0.02320,   0.00832,  -0.01970,  -0.02670,  -0.05121,  -0.01269,  -0.02845,  -0.07747,  -0.02145,  -0.00219,   0.13613,   0.07310,  -0.04946,  -0.06697,   0.06434,   0.00657,  -0.11074,  -0.05471,   0.03458,  -0.03370,   0.05034,  -0.03545,  -0.07572,   0.01182,  -0.08098,  -0.03195,  -0.00394,  -0.00219,   0.00481,   0.02933,   0.05909,   0.07485,  -0.01444,  -0.07747,  -0.00394,  -0.01795,   0.01007,  -0.06872,  -0.03020,  -0.00219,   0.05209,  -0.06172,   0.01532,   0.00481,  -0.00219,  -0.01094,   0.00481,   0.04858,   0.02933,   0.00131,   0.00481,  -0.01970,  -0.06522,   0.01707,  -0.03195,   0.03283,  -0.06347
   0.02757,   0.06084,  -0.04946,  -0.05121,   0.04333,  -0.00569,  -0.05296,  -0.01970,   0.01357,  -0.03721,   0.00657,   0.04158,   0.05909,  -0.03370,  -0.01444,   0.03983,  -0.06697,  -0.04246,  -0.00569,   0.11687,  -0.03896,  -0.06872,  -0.01094,   0.00832,   0.06609,   0.05209,   0.02407,  -0.02845,   0.01007,   0.01882,  -0.02495,   0.05034,   0.03808,   0.03458,   0.02232,   0.02232,   0.05734,   0.03633,  -0.01795,   0.06609,  -0.02320,   0.05034,  -0.03545,  -0.00394,  -0.05121,   0.05209,  -0.01444,   0.06259,  -0.02495,   0.09586,   0.05559,   0.00306,  -0.04596,  -0.01795,   0.01532,  -0.04771,   0.00832,   0.05034,   0.16239,  -0.02670,   0.03283,  -0.04771,  -0.05296,  -0.00744,  -0.04771,   0.00481,   0.00481,  -0.02845,  -0.00569,  -0.05471,  -0.02145,   0.04333,   0.01882,   0.10286,  -0.03195,   0.01007,   0.02582,  -0.02670,   0.00306,   0.01882,  -0.01795,  -0.09498,   0.02582,   0.04508,  -0.00219,  -0.01269,   0.06784,  -0.03020,   0.05909,   0.10111,  -0.05997,   0.02582,   0.00306,   0.01007,  -0.05471,  -0.04596,  -0.04946,   0.00131,   0.01882,   0.02757,   0.04858,   0.04683,  -0.00219,   0.01882,  -0.02845,   0.00657,   0.06259,  -0.05997,  -0.04771,   0.02232,   0.03283,   0.03808,   0.02057,  -0.07747,   0.09586,  -0.01444,   0.04508,   0.09235,  -0.01970,   0.02582,  -0.06347,  -0.05822,   0.02057,  -0.01795,   0.00832,  -0.03721,   0.10636,   0.07660,   0.04158,  -0.01094,  -0.05646,  -0.00744,  -0.05121,   0.02757,  -0.08098,  -0.04071,   0.10811,  -0.05296,  -0.03545,   0.01182,   0.03458,   0.00306,   0.00657,   0.00832,   0.02582,   0.04683,   0.02232,   0.03458,  -0.03020,  -0.07922,  -0.04071,  -0.00219,   0.12387,   0.00306,  -0.05296,   0.01357,   0.10636,  -0.00044,   0.04683,  -0.00919,   0.04333,  -0.05121,   0.07485,   0.00131,   0.03108,  -0.08448,   0.04858,  -0.08973,   0.06084,   0.06084,  -0.03020,  -0.03370,   0.00131,  -0.02495,   0.08010,  -0.03370,   0.03108,   0.07835,  -0.05822,  -0.01269,   0.04858,   0.00481,  -0.03896,   0.03458,  -0.03020,   0.06259,   0.03808,   0.01882,  -0.00394,  -0.01094,  -0.02845,  -0.00044,  -0.02320,  -0.01620,  -0.09673,   0.01357,   0.03108,   0.11161,  -0.08623,   0.00306,  -0.00219,   0.09235,  -0.02145,  -0.00744,  -0.09673,  -0.01795,   0.04683,  -0.01620,  -0.03370,   0.02232,   0.01357,   0.06259,   0.03983,  -0.04421,  -0.02495,   0.00657,   0.00306,   0.09936,   0.00832,  -0.04071,   0.00832,   0.02057,  -0.01620,  -0.05646,  -0.04071,  -0.00394,  -0.01444,   0.07660,  -0.00394,  -0.01094,  -0.00219,   0.03633,  -0.02495,  -0.07047,   0.02582,   0.00306,  -0.01970,   0.05559,  -0.07047,   0.05909,   0.01357,  -0.00394,  -0.04421,  -0.00219,   0.05559,   0.05034,   0.03983,  -0.01094,   0.00306,   0.02757,   0.05909,   0.02057,  -0.06872,  -0.00744,  -0.03721,   0.02582,   0.02407,  -0.01094,   0.03108,   0.01707,  -0.02845,  -0.02670,  -0.03195,  -0.01795,   0.00306,   0.07310,   0.00306,   0.10286,  -0.03370,   0.10986,  -0.08098,   0.01182,  -0.04771,   0.01007,  -0.00044,   0.03283,  -0.00744,  -0.00394,   0.01532,  -0.08098,   0.06259,   0.00481,  -0.06172,  -0.00569,   0.07135,  -0.01620,  -0.03896,  -0.01795,   0.06609,  -0.05471,   0.08185,  -0.01795,   0.00481,   0.00131,  -0.06522,   0.06784,   0.06084,   0.01182,  -0.03195,   0.01182,  -0.01970,  -0.02320,   0.01882,   0.06784,  -0.05471,  -0.03545,  -0.02495,  -0.02495,  -0.00219,  -0.03370,  -0.08798,  -0.04596,   0.08885,   0.08535,  -0.03545,  -0.01970,   0.01007,  -0.05296,   0.05559,  -0.03020,  -0.06522,  -0.04596,  -0.08273,   0.01707,   0.13437,  -0.00919,   0.06434,  -0.03545,   0.01707,   0.01707,  -0.01795,  -0.01795,   0.01357,  -0.05646,  -0.06872,  -0.00569,   0.03458,   0.03283,   0.06784,   0.03808,  -0.05121,   0.00481,   0.06434,   0.07485,   0.02057,   0.06784,   0.06084,  -0.00744,  -0.02670,  -0.11599,  -0.03020,  -0.01269,  -0.10199,  -0.05997,  -0.00044,   0.03283,  -0.02320,  -0.04596,  -0.04946,  -0.03896,  -0.00919,  -0.00744,  -0.05121,   0.06259,  -0.05296,   0.04858,   0.03108,   0.08010,   0.00657,  -0.00744,  -0.00569,   0.03808,  -0.00569,   0.03283,  -0.01795,  -0.02495,   0.01882,  -0.02145,   0.02407,  -0.08448,   0.03633,  -0.04421,  -0.03896,  -0.04596,  -0.03545,  -0.04771,   0.00131,  -0.04596,  -0.05822,  -0.00219,   0.05034,   0.04858,  -0.02145,   0.05384,   0.00832,  -0.01970,   0.01882,   0.09936,  -0.01795,  -0.03896,   0.04158,   0.00657,  -0.00919,  -0.00044,   0.02232,  -0.06872,  -0.00394,  -0.00219,  -0.02320,  -0.07047,   0.03808,   0.01882,  -0.00744,   0.01357,  -0.02670,  -0.02670,   0.01182,   0.00481,  -0.03545,   0.03283,   0.04683,  -0.01269,  -0.03370,  -0.06872,  -0.06522,  -0.02670,  -0.01094,  -0.04071,  -0.02495,  -0.01795,   0.02232,   0.04158,   0.00131,  -0.02495,  -0.05997,  -0.03896,  -0.05997,   0.02232,  -0.02670,  -0.02495,  -0.06697,  -0.01269,   0.00657,   0.01182,   0.03983,   0.04333,   0.00481,  -0.07572,  -0.04946,  -0.03545,  -0.04596,  -0.00394,   0.01532,   0.06434,  -0.01970,  -0.00394,  -0.07047,   0.02057,  -0.07572,  -0.07047,   0.02933,  -0.00044,  -0.01620,  -0.00919,  -0.05296,   0.01532,   0.09060,   0.06259,  -0.02845,   0.00131,   0.08185,   0.03808,  -0.01620,   0.05734,  -0.04596,   0.04858,   0.02582,   0.08360,  -0.00219,   0.00306,  -0.00919,  -0.01795,  -0.01269,  -0.01970,   0.00832,   0.07485,  -0.09323,   0.03108,   0.04333,   0.00832,  -0.01795,  -0.05471,  -0.01795,  -0.01795,   0.02232,   0.00131,   0.08535,   0.01882,   0.03808,  -0.07922,   0.00657,   0.04508,  -0.01620,  -0.00569,  -0.04421,  -0.01620,  -0.02320,  -0.01444,  -0.01269,  -0.01795,  -0.13000,   0.03983,  -0.02670,   0.01357,  -0.01269,  -0.00394,   0.01357,  -0.02670,   0.01532,  -0.00919,  -0.02320,  -0.00044,  -0.08623,  -0.05121,   0.05384,  -0.05822,   0.02057,  -0.00394,   0.03983,   0.08885,   0.04333,  -0.00744,   0.05034,   0.05209,  -0.01094,  -0.07222,  -0.00394,  -0.02495,  -0.02845,   0.03283,   0.03808,  -0.00394,   0.04333,  -0.00569,   0.02757,   0.01707,  -0.01444,   0.03458,   0.00481,  -0.05997,  -0.05822,   0.07485,   0.09586,  -0.00044,   0.03108,   0.01707,   0.02232,  -0.05296,  -0.00394,   0.01357,   0.05384,   0.02407,   0.04333,   0.00131,   0.01532,   0.02582,  -0.00919,  -0.01795,   0.05384,   0.00481,   0.07835,  -0.02320,  -0.02495,   0.01532,  -0.02145,  -0.00044,   0.05209,   0.08885,   0.03633,  -0.06522,  -0.03721,  -0.05646,   0.03633,   0.03983,  -0.02845,  -0.01795,   0.06784,  -0.05296,   0.02933,  -0.04946,   0.06609,  -0.01970,   0.04858,   0.04858,   0.01357,  -0.00919,  -0.06697,  -0.00569,  -0.03195,   0.02407,  -0.08623,  -0.00219,   0.07835,   0.01707,  -0.04946,  -0.00744,   0.01182,   0.04158,   0.03458,   0.04508,   0.02582,  -0.06347,  -0.04596,  -0.00219,  -0.01269,   0.00832,   0.03283,  -0.00394,   0.01182,   0.00657,  -0.00744,   0.04858,  -0.00219,   0.04508,  -0.03896,  -0.00919,  -0.02145,  -0.01620,   0.01707,  -0.01795,   0.09761,  -0.04071,   0.06084,   0.08710,   0.02407,  -0.00219,   0.13437,  -0.01444,   0.01707,   0.03808,   0.02757,   0.03808,   0.00657,   0.04683,  -0.07222,   0.00481,   0.01532,  -0.05296,  -0.05471,   0.04333,  -0.02845,  -0.03020,  -0.05296,  -0.01620,   0.02933,  -0.05646,   0.02757,  -0.04771,  -0.01269,   0.06959,  -0.01970,  -0.01444,  -0.05822,  -0.06172,  -0.01444,  -0.03721,  -0.06697,   0.05034,  -0.03896,   0.01182,  -0.04246,  -0.08448,  -0.00219,   0.01532,   0.02582,   0.02582,   0.01532,   0.02407,  -0.02845,  -0.04071,  -0.00919,  -0.03370,   0.01182,   0.01882,  -0.02145,   0.01007,   0.02582,   0.00832,   0.00832,   0.01357,  -0.03195,   0.02757,  -0.01620,   0.05734,  -0.11074,   0.05209,   0.01357,   0.04333,  -0.05646,  -0.12300,   0.03633,   0.05034,   0.01357,  -0.09848,   0.04508,   0.06959,   0.03808,  -0.00569,  -0.03020,   0.02407,  -0.03545,  -0.05822,   0.01707,  -0.02145,   0.08360,   0.03983,  -0.01795,   0.03108,  -0.02145,  -0.03370,  -0.01444,   0.00131,   0.05909,   0.02582,   0.01532,   0.03808,   0.01532,   0.01357,   0.05209,  -0.01094,   0.04683,   0.01532,  -0.01620,  -0.05822,  -0.03020,  -0.00744,  -0.00744,   0.08885,   0.07135,  -0.03195,  -0.04596,   0.00832,  -0.01970,  -0.09148,  -0.00394,   0.03983,  -0.02845,  -0.00394,   0.01007,  -0.07572,  -0.04071,   0.03808,   0.01182,   0.00832,  -0.01094,  -0.02320,  -0.04071,  -0.01970,  -0.01269,  -0.03545,   0.04508,  -0.01444,   0.02933,   0.00832,  -0.01970,  -0.01970,  -0.01620,  -0.02845,   0.00481,  -0.00744,  -0.01444,  -0.03896,   0.04333,  -0.03721,   0.06609,  -0.00219,  -0.02670,   0.07485,   0.01007,   0.02933,   0.05909,   0.03108,   0.01007,   0.02407,  -0.03020,  -0.03721,   0.01707,   0.02582,  -0.06522,   0.00131,   0.05734,   0.04683,  -0.00219,  -0.00394,   0.04508,   0.00657,  -0.01795,  -0.02845,  -0.06172,  -0.05822,  -0.03020,  -0.03721,   0.04858,   0.07485,  -0.10199,   0.03983,  -0.00044,  -0.00919,   0.06959,  -0.06522,  -0.00919,  -0.01620,  -0.01269,  -0.00569,  -0.05296,   0.03633,  -0.03545,  -0.00044,   0.04683,  -0.02320,  -0.05471,  -0.03721,  -0.04246,   0.04333,   0.09936,  -0.00044,   0.05034,   0.02057,  -0.07572,   0.00131,   0.00657,   0.01707,   0.01882,  -0.08273,  -0.00394,  -0.05822,   0.02582,   0.06259,   0.04158,  -0.01094,   0.03283,  -0.02845,  -0.03020,  -0.01094,   0.02757,   0.03283,   0.01182,  -0.03721,   0.01882,  -0.05997,   0.04683,  -0.00219,   0.07135,  -0.01795,  -0.03195,   0.14138,  -0.07922,  -0.01620,  -0.01269,  -0.07047,  -0.02320,   0.01182,  -0.02845,  -0.01444,  -0.06697,  -0.08448,   0.01182,   0.02757,  -0.07222,  -0.04421,   0.01007,  -0.03545,   0.02232,  -0.03896,   0.03983,  -0.00044,   0.00306,   0.03458,   0.05734,   0.00657,  -0.03721,  -0.00219,   0.06609,  -0.01970,  -0.01094,   0.00832,   0.03458,  -0.00919,  -0.07222,  -0.03545,  -0.03545,  -0.03545,   0.02407,  -0.04071,  -0.02670,   0.00657,  -0.01094,   0.05909,   0.03283,   0.02933,  -0.01269,   0.01882,  -0.00744,   0.06084,   0.00131,   0.00657,  -0.00919,   0.01882,  -0.01970,  -0.00044,   0.01707,  -0.02670,  -0.00219,   0.03108,  -0.02495,  -0.01269,  -0.04771,   0.05909,   0.02057,  -0.00744,  -0.00394,   0.08710,   0.04858,  -0.10199,   0.01007,   0.06259,  -0.04246,   0.05384,  -0.01620,   0.03633,   0.02582,  -0.03195,  -0.03545,  -0.01269,  -0.00919,  -0.03896,  -0.05471,  -0.01444,  -0.03721,  -0.00219,  -0.01094,   0.06434,  -0.07047,  -0.01094,   0.08535,   0.05209,  -0.07922,  -0.09148,   0.01357,   0.01007,   0.01007,  -0.01269,   0.00832,   0.01532,  -0.02670,   0.02582,   0.02407,  -0.04246,   0.08010,   0.05734,  -0.05121,  -0.05121,  -0.02320,   0.02407,   0.05559,   0.03633,   0.01532,   0.02057,  -0.03721,   0.00657,   0.07485,  -0.04421,  -0.07747,   0.03808,  -0.03545,  -0.04246,  -0.04421,   0.03458,   0.00131,  -0.02320,  -0.06347,  -0.04771,   0.02757,  -0.00394,  -0.04946,  -0.01094,  -0.03545,  -0.00394,  -0.03370,   0.01882,   0.04683,  -0.00219,   0.12037,   0.01532,  -0.02145,   0.02232,  -0.01444,  -0.04421,  -0.02145,   0.05734,   0.02407,   0.02757,  -0.05296,   0.01707,   0.05209,   0.01707,   0.04333,   0.01357,   0.08885,  -0.01444,  -0.00919,  -0.01269,   0.07485,   0.06084,  -0.04421,  -0.04421,   0.07310,   0.05559,   0.02407,  -0.04946,  -0.00219,   0.02057,  -0.04421,  -0.14050
  -0.05121,  -0.01970,   0.04158,   0.01882,   0.01182,   0.00657,  -0.01269,   0.04858,   0.06259,   0.03283,  -0.03020,  -0.01094,  -0.03896,   0.03458,  -0.00744,  -0.03896,  -0.00919,  -0.03721,   0.00131,  -0.04421,  -0.03370,   0.08185,   0.12387,  -0.03545,  -0.01795,  -0.06172,  -0.06697,  -0.00219,   0.02757,  -0.00744,  -0.03721,   0.12912,   0.00306,   0.01007,  -0.01444,   0.09411,  -0.03721,  -0.02670,  -0.05997,  -0.03195,   0.00657,  -0.06347,  -0.06347,   0.01707,  -0.00569,  -0.08798,  -0.05296,  -0.05471,  -0.03721,   0.03458,  -0.07397,  -0.08623,  -0.02320,   0.07310,   0.16064,   0.03808,   0.02057,  -0.01970,   0.01007,  -0.06347,   0.02582,   0.09235,  -0.10023,   0.02582,   0.04858,  -0.02495,   0.03808,   0.07310,  -0.04946,  -0.09148,   0.00131,  -0.01094,  -0.01970,   0.01357,   0.05209,  -0.01094,   0.01532,   0.00832,   0.06959,   0.04508,   0.06259,  -0.02145,   0.04858,  -0.04771,  -0.03020,  -0.01444,   0.03633,  -0.00569,  -0.03896,  -0.04071,   0.09235,  -0.01795,  -0.06697,   0.00657,  -0.04771,  -0.04071,   0.02582,   0.05209,   0.03633,   0.00306,   0.05909,   0.08710,  -0.01444,  -0.07222,  -0.04596,  -0.08623,   0.03808,   0.03983,   0.04508,  -0.05997,  -0.02845,   0.05909,  -0.03020,  -0.07397,   0.04858,  -0.00919,   0.00481,   0.02933,   0.01007,   0.06609,   0.02057,  -0.00219,  -0.01795,  -0.05121,   0.03983,   0.02232,   0.05384,   0.03808,   0.04858,  -0.03370,  -0.07397,  -0.05822,  -0.03020,   0.08185,   0.03458,   0.03458,  -0.00744,   0.02582,   0.06784,  -0.03721,  -0.01094,  -0.07922,   0.03633,   0.00832,  -0.00744,  -0.07747,   0.02057,   0.02582,   0.00131,  -0.06697,   0.04158,   0.02232,   0.00131,  -0.02495,   0.01882,  -0.00394,  -0.02670,   0.09060,  -0.08448,  -0.08623,   0.06609,  -0.01269,  -0.01269,   0.04508,   0.06434,  -0.04421,   0.07835,  -0.06172,  -0.00219,   0.06959,   0.09936,  -0.02670,   0.02582,  -0.03896,  -0.04421,  -0.05471,  -0.01444,  -0.03896,   0.11862,   0.04158,  -0.07047,   0.04858,  -0.00394,  -0.00394,   0.06609,   0.08535,   0.00481,  -0.00219,  -0.06697,  -0.01795,  -0.01795,   0.06084,   0.04858,  -0.03545,  -0.03020,  -0.04246,  -0.03896,  -0.00394,   0.06434,   0.01707,   0.03283,   0.01532,   0.08535,  -0.06522,  -0.05822,   0.05384,  -0.05997,   0.04333,  -0.02320,  -0.04771,   0.03283,   0.05384,  -0.08623,  -0.12825,   0.05384,  -0.01795,  -0.03896,   0.02057,  -0.02845,   0.07135,   0.00657,  -0.01795,   0.02057,   0.02057,  -0.03896,  -0.01094,   0.00481,  -0.09673,  -0.03896,  -0.02495,  -0.04946,  -0.01620,  -0.00394,   0.05734,   0.08185,  -0.10374,   0.01882,   0.12562,  -0.03896,   0.01882,   0.02232,   0.09235,  -0.04071,  -0.02320,   0.02582,  -0.00219,   0.01007,  -0.02845,   0.05209,  -0.04421,  -0.06697,   0.15538,   0.01532,  -0.02320,  -0.05822,  -0.00744,  -0.04596,  -0.02670,   0.02407,  -0.00569,   0.04158,  -0.04771,  -0.00394,   0.07310,   0.07485,  -0.04071,  -0.04771,   0.02757,   0.09761,  -0.07397,  -0.07747,   0.01882,   0.02933,  -0.07747,   0.04508,   0.08885,   0.03283,   0.03633,   0.00306,   0.00481,   0.00131,  -0.13875,   0.01882,  -0.01269,  -0.06172,   0.08885,  -0.05997,  -0.01795,  -0.04596,  -0.01970,  -0.08623,   0.00131,   0.00306,   0.02232,   0.01707,  -0.00219,   0.08185,   0.02757,  -0.00569,   0.03283,  -0.02320,   0.00306,   0.02757,  -0.01094,   0.05734,  -0.06172,  -0.02320,   0.13613,  -0.00744,   0.08885,  -0.01094,  -0.01269,  -0.05296,  -0.02670,   0.11161,  -0.03896,  -0.04946,  -0.06347,   0.02933,  -0.05646,   0.01882,   0.06784,  -0.00394,   0.00481,  -0.01094,  -0.03896,  -0.05997,  -0.00394,   0.05034,  -0.01094,   0.02582,   0.06609,   0.04508,  -0.01795,  -0.00219,   0.01882,  -0.01970,  -0.06347,   0.08185,  -0.06872,  -0.05822,   0.01882,   0.00657,   0.02933,  -0.00744,  -0.02320,  -0.05997,   0.08710,   0.03108,  -0.04246,  -0.01269,   0.00131,   0.07135,  -0.01970,   0.07835,   0.12912,  -0.01620,   0.02407,  -0.00744,  -0.02145,  -0.07222,  -0.06172,  -0.03545,  -0.01620,  -0.01094,  -0.02845,  -0.01970,   0.05559,  -0.05296,   0.01882,   0.08885,  -0.00919,  -0.01620,  -0.01620,   0.07660,  -0.12300,   0.04683,   0.06434,   0.04858,   0.07660,   0.02582,   0.01007,  -0.04946,   0.00832,   0.05909,  -0.00394,   0.05734,   0.03108,   0.02407,  -0.04596,   0.02933,  -0.03896,   0.01357,   0.05909,   0.02757,  -0.05121,   0.05209,  -0.04771,  -0.04071,  -0.05646,  -0.02145,   0.03808,  -0.01795,  -0.05471,  -0.00044,  -0.09498,  -0.02320,  -0.00744,   0.03108,   0.06259,   0.04683,   0.02057,   0.02407,  -0.01795,  -0.00919,   0.00657,  -0.02320,   0.07835,   0.03983,   0.00657,   0.00131,   0.04858,   0.03633,  -0.02145,   0.02582,   0.16414,   0.07310,   0.05384,  -0.01620,   0.00657,   0.01357,  -0.00744,   0.08710,  -0.06347,   0.04683,  -0.00394,  -0.04421,  -0.02320,  -0.02320,   0.02057,  -0.04421,   0.00657,  -0.05822,   0.01182,  -0.07222,   0.01707,   0.03983,  -0.01094,   0.04683,  -0.03020,   0.08185,   0.01707,  -0.01094,   0.03283,   0.00306,  -0.02845,  -0.01094,   0.05209,   0.01182,   0.01707,   0.00131,  -0.02320,  -0.01269,  -0.01269,  -0.08098,  -0.06172,   0.04333,   0.06084,  -0.01094,  -0.08098,   0.00131,   0.10286,   0.05909,  -0.03370,   0.06784,   0.02407,  -0.02670,  -0.02495,   0.02933,   0.07135,   0.05734,   0.00306,  -0.05822,   0.11161,   0.00657,  -0.04771,   0.11862,   0.08535,   0.00481,   0.02232,  -0.01094,  -0.00044,   0.01007,  -0.01795,  -0.04771,   0.04858,   0.06959,  -0.01620,  -0.02670,  -0.00569,   0.00131,   0.00131,  -0.01094,   0.03633,  -0.08448,  -0.05997,  -0.01795,  -0.01795,   0.13087,  -0.01795,   0.06959,   0.03458,   0.05909,   0.09586,   0.08010,  -0.00044,   0.08710,  -0.05121,   0.04508,   0.06434,   0.03983,  -0.01620,   0.03283,  -0.01970,  -0.05471,   0.02232,   0.02757,  -0.00044,  -0.01620,   0.02582,   0.07660,  -0.03020,  -0.00219,   0.01357,   0.04508,  -0.04596,   0.05209,  -0.03545,  -0.10199,   0.04683,   0.02407,   0.04158,  -0.02145,   0.03983,  -0.03721,   0.01882,  -0.08623,  -0.04246,   0.03633,   0.02933,   0.05034,   0.00832,   0.02933,   0.01182,   0.05384,  -0.02495,   0.04158,  -0.01620,   0.03633,   0.01182,   0.05034,  -0.02670,   0.05209,   0.05559,  -0.02845,   0.05559,  -0.04421,  -0.06522,   0.02057,   0.05209,   0.05209,   0.03108,   0.02057,   0.03108,  -0.03020,   0.02757,   0.08010,   0.00306,  -0.04246,  -0.01795,   0.06959,   0.01007,  -0.00219,  -0.05646,  -0.00044,   0.04158,   0.02057,  -0.03545,   0.08885,  -0.05296,   0.10111,   0.03458,  -0.05471,  -0.03370,   0.01532,  -0.00394,   0.06434,   0.02232,   0.01532,   0.07660,  -0.00219,   0.00481,  -0.02670,  -0.01269,   0.09411,  -0.12475,   0.04333,  -0.00919,  -0.00219,   0.03808,   0.00306,  -0.02495,  -0.00569,  -0.05296,   0.08885,  -0.05822,   0.11336,   0.07660,   0.03108,   0.07135,  -0.00044,   0.05034,  -0.00219,   0.02582,   0.00481,  -0.05121,   0.04508,  -0.07397,   0.06084,  -0.03721,   0.05559,   0.00131,   0.01532,  -0.07747,   0.02933,  -0.03545,  -0.04421,  -0.06172,   0.07485,   0.01357,   0.03283,  -0.00569,   0.03633,   0.05034,  -0.00919,   0.03283,  -0.03721,  -0.02495,   0.02407,  -0.06347,  -0.00919,  -0.00744,   0.05034,   0.03108,   0.02407,   0.05909,  -0.08273,   0.04858,   0.08010,   0.03108,   0.01707,  -0.04596,   0.01357,   0.04683,  -0.04946,  -0.00044,  -0.03545,   0.03633,   0.02232,   0.01532,   0.05209,   0.00657,   0.03633,  -0.00744,  -0.01970,  -0.02845,  -0.07047,  -0.01269,   0.04683,  -0.07047,   0.04683,  -0.02495,   0.01707,  -0.02495,   0.07660,  -0.01444,   0.05909,  -0.00744,  -0.01094,  -0.06172,  -0.12825,  -0.02320,   0.01882,   0.05559,   0.09235,   0.11161,   0.04683,  -0.01970,  -0.00044,  -0.04596,   0.01357,  -0.04421,  -0.12124,   0.03633,  -0.04596,   0.10986,   0.00657,   0.00306,  -0.06872,  -0.01269,   0.02582,  -0.01444,  -0.03545,   0.01882,   0.05034,   0.00832,   0.02232,   0.05384,  -0.01970,  -0.00394,  -0.02845,  -0.02320,  -0.06872,   0.03283,  -0.01795,  -0.09673,  -0.05121,  -0.05121,  -0.06697,  -0.04421,   0.00481,  -0.04071,   0.02933,   0.02057,   0.06609,   0.01007,   0.01357,   0.09936,  -0.04421,  -0.06872,   0.08885,  -0.05822,  -0.01094,   0.00657,  -0.08623,  -0.00919,   0.00131,  -0.00219,   0.05909,   0.00306,   0.01882,  -0.04071,   0.01182,  -0.07397,  -0.00569,  -0.08098,   0.00131,  -0.01094,  -0.03195,  -0.02145,   0.04858,  -0.08098,   0.03633,  -0.06347,  -0.06172,  -0.04946,  -0.04246,   0.01182,   0.02757,   0.03458,  -0.03896,  -0.01444,  -0.01970,  -0.04596,   0.13087,   0.07835,  -0.02320,  -0.02670,   0.00306,   0.09235,  -0.01795,  -0.00219,   0.04508,   0.01882,   0.06259,  -0.06697,  -0.08798,  -0.05822,   0.06959,  -0.03370,   0.02933,   0.01357,  -0.04071,   0.00657,   0.05384,  -0.00044,  -0.04421,  -0.00044,   0.03808,   0.00131,  -0.05646,  -0.04946,   0.10111,   0.06084,   0.04858,   0.04158,  -0.01269,  -0.05471,  -0.00394,   0.02407,  -0.00744,  -0.04071,   0.02057,  -0.04596,  -0.10199,  -0.09673,  -0.00744,  -0.07222,  -0.00919,  -0.01444,  -0.09673,   0.00481,  -0.06872,   0.09060,  -0.04596,   0.00657,  -0.02670,   0.01532,  -0.03195,   0.04683,   0.02057,  -0.01444,   0.00481,   0.02757,  -0.00219,  -0.02145,  -0.02145,   0.01182,   0.05384,  -0.01620,   0.00657,   0.00657,  -0.05296,  -0.04071,  -0.00919,   0.02933,  -0.08273,   0.12212,  -0.08448,   0.00131,  -0.03721,  -0.05121,  -0.01444,   0.03808,   0.00131,  -0.01795,  -0.03195,  -0.06522,   0.08360,   0.00481,   0.03808,   0.10636,   0.01007,   0.02582,  -0.05296,  -0.09673,   0.00306,   0.07135,   0.01182,   0.16239,  -0.02845,  -0.01970,   0.00657,   0.09586,  -0.03545,  -0.02320,  -0.02145,  -0.00919,  -0.04596,   0.05209,  -0.04596,  -0.02670,  -0.04421,  -0.04596,   0.01882,  -0.00919,   0.00481,  -0.02495,   0.02057,   0.08710,   0.09411,  -0.00919,  -0.03721,  -0.03896,  -0.03195,  -0.02495,  -0.12475,  -0.02845,   0.03808,  -0.04946,  -0.03020,   0.06784,  -0.05471,   0.02407,   0.05384,  -0.05997,   0.01882,  -0.01620,   0.01707,  -0.01795,   0.06609,   0.03983,  -0.00744,  -0.07922,  -0.02320,   0.00131,   0.00481,  -0.03370,   0.04158,  -0.05121,   0.00657,  -0.09148,  -0.03721,   0.01882,  -0.05471,  -0.06172,  -0.01970,   0.08710,   0.03983,  -0.05471,   0.03458,   0.16414,   0.02582,  -0.01094,  -0.02145,  -0.01970,   0.00306,   0.02232,  -0.00744,   0.01007,  -0.04071,  -0.06347,  -0.03721,   0.02407,  -0.01444,   0.03108,  -0.01269,   0.00657,  -0.05822,  -0.06697,   0.05384,  -0.01444,  -0.00569,  -0.01444,   0.05034,   0.04683,   0.01182,  -0.02495,  -0.05471,   0.04508,   0.07135,  -0.03896,  -0.06697,   0.03108,   0.01532,  -0.02320,  -0.01620,  -0.03896,  -0.02145,   0.04508,  -0.03896,  -0.00569,   0.06609,  -0.03721,  -0.08798,   0.00481,   0.08185,  -0.02670,  -0.05997,   0.08360,   0.06434,   0.03458,  -0.02145,  -0.04771,   0.03633,   0.01532,  -0.04246,  -0.07572,  -0.02320,  -0.00044,  -0.04246,   0.05559,  -0.07047,  -0.07047,   0.02232,   0.10461,   0.03283,   0.08885,  -0.02845,   0.02757,   0.03283,  -0.01269,   0.09761,  -0.03020,  -0.00394,   0.04333,  -0.09323,  -0.01444,  -0.04771,  -0.00919,   0.04158,  -0.06872,  -0.05121,  -0.03370,  -0.01620,  -0.01620,  -0.05471,   0.09586,   0.04333,   0.01357,   0.00306,   0.00657,  -0.05121,  -0.00219
  -0.06697,  -0.01094,  -0.07222,  -0.00744,  -0.06172,  -0.00394,  -0.03020,   0.02057,   0.01532,   0.06959,   0.05209,   0.01357,   0.10286,  -0.03020,  -0.02320,   0.01357,   0.06959,  -0.00394,  -0.04246,  -0.09323,   0.06784,   0.06609,   0.01707,  -0.06697,   0.02933,  -0.03195,   0.09411,   0.03633,   0.08360,   0.08885,  -0.05121,  -0.01094,   0.07660,   0.05734,   0.01007,   0.04683,  -0.04071,  -0.01094,  -0.00219,  -0.01094,   0.02232,  -0.01620,  -0.00044,  -0.03721,   0.05209,   0.01182,  -0.05471,   0.01707,  -0.02145,   0.09936,  -0.01094,  -0.07047,  -0.00219,  -0.02495,   0.02582,  -0.01620,   0.00306,   0.09235,   0.06434,  -0.08623,  -0.03195,   0.02057,  -0.01094,  -0.04071,  -0.01269,   0.02407,   0.06609,  -0.03545,  -0.00569,  -0.07222,   0.00306,  -0.03370,  -0.03195,   0.05209,  -0.00394,   0.01707,   0.08185,   0.08535,  -0.01620,  -0.04071,  -0.01269,   0.02407,  -0.03020,   0.07835,  -0.02145,   0.02407,  -0.02495,  -0.04246,   0.05034,  -0.04771,   0.02582,  -0.08098,   0.01532,   0.05734,  -0.00919,  -0.00044,  -0.04946,   0.00481,  -0.05997,  -0.06697,   0.06959,   0.03983,  -0.05646,   0.03458,  -0.00394,  -0.01970,  -0.04771,  -0.01970,  -0.08448,  -0.01620,  -0.03020,   0.10986,  -0.02845,   0.04333,   0.01007,  -0.01795,  -0.01795,   0.02407,   0.00306,   0.04683,   0.02933,  -0.03020,  -0.04421,  -0.03195,  -0.06697,  -0.08623,   0.03283,   0.01357,   0.06609,  -0.01094,   0.03108,  -0.03721,   0.04858,  -0.07747,  -0.01620,   0.05734,  -0.03896,  -0.04946,   0.03283,  -0.05121,  -0.04246,  -0.05296,  -0.05471,   0.05734,  -0.00044,  -0.01970,  -0.03195,  -0.10374,   0.10811,  -0.01620,  -0.02145,   0.02933,   0.02933,  -0.03370,  -0.03195,   0.05209,  -0.04596,   0.06959,  -0.03896,  -0.00569,  -0.04071,   0.08010,   0.01007,  -0.00744,  -0.00919,   0.02057,  -0.02320,  -0.03721,  -0.10199,   0.06609,  -0.01620,  -0.03020,   0.04158,   0.00306,  -0.01269,  -0.07922,  -0.03195,  -0.04771,   0.04333,  -0.00044,   0.01707,   0.06959,  -0.06522,   0.05384,  -0.05121,  -0.05997,  -0.02670,   0.04858,  -0.02670,   0.08360,  -0.00044,  -0.07397,  -0.05822,  -0.07572,   0.03808,   0.03808,  -0.01444,  -0.00394,  -0.01795,   0.02757,  -0.00569,   0.11512,  -0.02145,   0.01882,   0.03633,   0.03633,   0.00832,  -0.04071,  -0.00394,  -0.00744,  -0.11949,  -0.06872,   0.03808,  -0.01444,   0.04683,   0.02757,  -0.01269,   0.02933,   0.00832,  -0.09323,   0.01007,   0.04858,  -0.08273,  -0.05121,  -0.08098,  -0.01444,   0.00131,   0.02933,  -0.07747,  -0.04071,   0.03983,   0.06259,   0.00481,   0.00657,   0.00657,   0.00481,   0.07310,  -0.01269,  -0.06347,   0.00306,   0.02407,  -0.00044,  -0.04246,   0.04508,  -0.06172,   0.02057,  -0.01269,   0.01532,   0.04683,   0.03108,   0.04333,   0.06784,   0.09936,  -0.06347,  -0.04071,  -0.03195,   0.02582,  -0.02320,   0.03458,  -0.01094,  -0.08098,   0.04683,   0.07485,   0.00832,   0.02757,  -0.08448,   0.02232,   0.03283,   0.07485,  -0.05646,  -0.01269,  -0.00219,   0.04508,  -0.05646,  -0.02845,  -0.01444,   0.09761,  -0.05997,  -0.00044,  -0.03195,  -0.05822,  -0.00044,   0.01182,   0.03458,  -0.04421,  -0.06347,  -0.09848,   0.00481,   0.03108,   0.00832,  -0.05296,   0.05209,  -0.00919,  -0.00394,  -0.04771,   0.02933,   0.02232,  -0.00394,   0.05034,   0.00131,  -0.07222,   0.05384,   0.01182,  -0.00219,  -0.01620,  -0.03545,   0.00832,   0.01182,   0.01007,   0.03808,  -0.01444,   0.05559,   0.02933,  -0.01444,   0.14488,  -0.04596,  -0.07922,   0.02757,  -0.03020,  -0.03721,  -0.01620,  -0.02845,   0.00131,  -0.06172,   0.02757,   0.01532,   0.06259,  -0.03545,  -0.02670,   0.05034,  -0.04246,   0.02057,   0.00306,   0.02232,  -0.00219,   0.01532,   0.05034,  -0.01269,  -0.03721,  -0.00569,   0.01707,  -0.01269,   0.05209,   0.00306,  -0.02495,  -0.00919,   0.06084,   0.04333,   0.07660,  -0.08973,   0.07135,   0.03458,  -0.04071,   0.01532,  -0.02845,  -0.02320,  -0.01094,  -0.01444,   0.02757,  -0.02495,  -0.00219,   0.01357,   0.03983,   0.04333,   0.01357,  -0.06522,  -0.03195,   0.03458,   0.02407,  -0.01795,  -0.00569,   0.01707,  -0.01444,  -0.02670,  -0.06522,  -0.02145,  -0.04071,  -0.00394,  -0.01970,  -0.00569,  -0.01970,  -0.07397,  -0.01094,  -0.05646,  -0.01970,   0.08710,  -0.03721,  -0.03896,   0.02757,   0.02933,   0.06434,   0.01182,  -0.12475,   0.01182,   0.06259,  -0.00744,  -0.03195,  -0.00394,   0.01182,  -0.01795,   0.00481,   0.02933,   0.01182,   0.04683,   0.00832,   0.05209,   0.01882,  -0.01444,  -0.01094,   0.06784,  -0.03370,  -0.05997,  -0.00044,  -0.03721,  -0.04946,  -0.08098,  -0.11249,  -0.01094,  -0.02145,  -0.00744,  -0.03370,  -0.02145,  -0.06347,   0.03983,   0.01882,   0.01182,   0.05034,  -0.04946,   0.01882,   0.00481,   0.01357,   0.00306,  -0.00744,  -0.02670,   0.02232,   0.10461,  -0.00919,   0.01007,   0.06259,  -0.03721,  -0.06172,  -0.06522,  -0.01444,  -0.06697,  -0.03896,   0.10286,   0.06784,  -0.01970,  -0.04771,   0.03458,  -0.00219,  -0.02670,   0.01182,  -0.04246,  -0.01269,  -0.08098,  -0.08448,  -0.01795,  -0.00919,  -0.02670,  -0.00219,  -0.01970,  -0.04246,   0.03983,  -0.00219,   0.05384,   0.01182,  -0.00044,  -0.06172,  -0.03020,  -0.09323,   0.04158,  -0.00919,   0.04158,   0.03633,  -0.01269,   0.00657,   0.01007,   0.00306,   0.03458,  -0.02495,   0.05384,   0.03633,   0.00832,   0.01882,   0.01007,  -0.02845,   0.04333,   0.02757,   0.07835,  -0.01970,   0.01357,   0.02933,   0.03633,  -0.03370,  -0.04071,   0.01007,  -0.06347,  -0.00394,  -0.05296,   0.03458,  -0.04071,   0.02582,   0.01357,   0.00657,  -0.02495,   0.02232,  -0.00394,   0.02582,   0.00131,  -0.06172,   0.02582,   0.01532,  -0.01970,   0.03633,   0.07135,   0.03283,  -0.00569,  -0.05121,  -0.08098,   0.02933,  -0.04421,  -0.02145,  -0.04421,   0.11687,   0.00481,   0.10636,  -0.02495,  -0.03721,   0.05034,  -0.05121,  -0.02145,   0.07135,  -0.03545,  -0.02670,  -0.04596,   0.04858,  -0.03020,  -0.01970,   0.01882,  -0.00394,   0.06084,   0.02407,   0.00481,  -0.03896,  -0.01620,  -0.02495,  -0.02320,   0.05559,  -0.07047,   0.11161,  -0.01444,   0.02582,  -0.04596,   0.00306,   0.04683,   0.03108,  -0.00044,   0.02582,  -0.01795,  -0.06347,  -0.04596,  -0.01269,   0.04858,  -0.01970,  -0.02495,  -0.04771,  -0.01970,   0.03458,   0.10636,   0.00481,  -0.00569,  -0.03370,  -0.00219,   0.01882,  -0.10199,   0.04333,   0.01007,   0.00306,   0.01707,   0.05909,   0.03633,   0.04158,   0.05559,  -0.04421,  -0.06872,  -0.02495,   0.01007,  -0.00919,   0.00131,   0.03458,  -0.01970,  -0.02845,  -0.02670,  -0.04421,   0.00832,  -0.05997,  -0.02320,  -0.02320,  -0.01620,   0.02582,  -0.05296,  -0.03195,   0.01882,  -0.01620,   0.00131,   0.08010,  -0.04246,   0.06259,   0.06434,  -0.04246,  -0.02320,  -0.01970,   0.01357,  -0.03020,   0.08010,   0.03983,   0.02933,  -0.03020,   0.02407,  -0.01795,   0.04158,  -0.00219,   0.03983,  -0.06172,  -0.05822,  -0.02145,   0.02407,   0.02757,   0.10636,  -0.04246,  -0.00044,   0.06434,   0.08885,  -0.00219,   0.05559,  -0.02495,   0.00481,  -0.04246,   0.02933,  -0.09498,   0.01182,   0.11512,  -0.04071,   0.01882,  -0.05471,   0.00657,   0.05909,   0.03283,   0.02582,   0.03458,  -0.00219,  -0.01444,   0.02582,   0.03983,  -0.00394,  -0.04771,  -0.01269,   0.06784,   0.06434,  -0.06172,   0.05909,  -0.00569,  -0.06172,   0.00832,   0.03633,  -0.02670,   0.07310,  -0.00219,  -0.00394,  -0.10023,  -0.01094,  -0.08448,  -0.01970,   0.02757,   0.05559,  -0.00219,  -0.04071,  -0.05822,  -0.01094,  -0.04246,  -0.02670,  -0.03020,  -0.00569,   0.03983,   0.04508,  -0.03020,  -0.03020,   0.04333,   0.02933,   0.04858,  -0.00744,  -0.02845,   0.00481,   0.05209,   0.00481,  -0.03370,  -0.01269,  -0.00919,   0.02232,   0.03283,   0.03983,  -0.03545,  -0.08798,   0.06609,  -0.05471,  -0.02845,   0.00306,   0.01357,  -0.06872,  -0.05121,  -0.00044,  -0.01444,  -0.07922,   0.01707,  -0.05471,  -0.11249,  -0.01444,   0.10636,  -0.01970,   0.08535,   0.02757,  -0.02845,  -0.02495,   0.02582,   0.04508,  -0.01970,   0.03283,   0.03633,   0.00131,   0.05034,   0.11161,   0.04333,  -0.01970,  -0.03020,   0.01357,  -0.00919,  -0.01444,   0.01182,   0.01532,  -0.04946,  -0.07222,   0.01182,  -0.03545,  -0.05822,   0.02933,  -0.00919,   0.03283,  -0.00919,  -0.00919,   0.04158,   0.00306,  -0.03370,  -0.05822,  -0.02670,  -0.05822,  -0.00044,  -0.01620,   0.01357,  -0.02145,  -0.00394,  -0.02495,  -0.00219,   0.02232,  -0.04946,  -0.02495,   0.08185,   0.02057,   0.02057,  -0.02145,  -0.00219,  -0.06172,  -0.03020,   0.00832,  -0.02320,   0.05034,  -0.04771,   0.08010,   0.01182,  -0.04246,  -0.02145,  -0.03896,  -0.03721,  -0.03195,  -0.00044,   0.01007,   0.02407,  -0.05997,  -0.02320,  -0.00569,  -0.01620,   0.01707,  -0.02145,   0.00657,   0.11336,   0.07660,  -0.07572,   0.03283,  -0.00744,  -0.01970,  -0.02145,   0.09060,   0.01182,  -0.01269,   0.01182,  -0.04596,   0.01882,   0.06609,  -0.07047,   0.06084,   0.01182,   0.03458,   0.00481,   0.05209,  -0.01970,   0.06959,   0.07660,   0.03808,   0.01707,  -0.02845,  -0.09498,   0.03108,   0.04683,  -0.02145,  -0.03020,   0.02057,   0.05209,  -0.03545,   0.03633,   0.01357,   0.02757,  -0.06172,  -0.02495,  -0.00219,   0.02757,  -0.03545,  -0.01795,   0.00832,  -0.10549,  -0.06697,  -0.04421,  -0.03370,   0.00306,  -0.02845,  -0.00569,   0.00481,  -0.00919,   0.00832,   0.00481,   0.07135,  -0.01094,  -0.04771,  -0.00219,  -0.04071,   0.07660,  -0.02145,   0.02582,  -0.08273,   0.01007,   0.00306,   0.05209,   0.11512,  -0.04946,  -0.03721,  -0.07047,   0.00131,  -0.03370,  -0.06347,  -0.07047,   0.00481,   0.02582,  -0.02670,   0.01007,   0.02933,   0.05909,  -0.01444,  -0.00744,   0.06084,   0.05559,   0.00657,   0.00832,  -0.09673,   0.02232,   0.02757,  -0.02145,  -0.03545,   0.02582,   0.02757,   0.02407,   0.04158,  -0.02670,   0.01707,   0.01882,  -0.00919,  -0.06347,   0.09586,  -0.03721,  -0.01444,   0.02057,   0.06084,   0.02757,   0.02057,   0.01007,   0.01882,  -0.08798,  -0.01094,   0.02757,  -0.01269,   0.00832,  -0.00569,  -0.01620,   0.05734,   0.03983,   0.03808,   0.03808,   0.02232,  -0.01444,  -0.02320,   0.01882,   0.00131,   0.04858,   0.03283,   0.01182,  -0.04421,  -0.00044,   0.02407,   0.05909,   0.06259,   0.01882,  -0.00919,   0.01007,  -0.04596,   0.06434,   0.04333,  -0.02320,  -0.04946,   0.00657,  -0.02320,   0.03808,  -0.04946,   0.00657,   0.00832,   0.02057,  -0.00744,   0.05734,   0.06259,   0.02407,   0.06259,   0.15714,  -0.05646,   0.02933,  -0.00919,   0.01532,  -0.01269,   0.02757,  -0.02670,   0.00306,  -0.04246,   0.05384,   0.01182,   0.02582,  -0.07922,   0.05734,   0.01182,  -0.04771,   0.04858,   0.06434,  -0.03721,  -0.00219,   0.10286,   0.05909,  -0.01970,  -0.01620,   0.02582,  -0.02670,   0.01357,   0.00657,  -0.00919,   0.01707,   0.04858,  -0.01620,   0.03458,  -0.02320,  -0.05471,   0.05384,   0.01882,   0.03633,  -0.01094,  -0.02845,   0.03808,  -0.04421,  -0.09673,   0.01357,   0.02407,  -0.04946,   0.02933,  -0.04946,  -0.01094,   0.02232,  -0.00744,  -0.04071,  -0.04946,   0.01707,   0.04158,   0.03458,   0.05559,  -0.10023,  -0.01269,  -0.00744,   0.08885,   0.02582,   0.04158,   0.06784,   0.09586,   0.08185,  -0.03896,  -0.01094,   0.04683,   0.01007,  -0.04596,  -0.03195,   0.00481,   0.01007,  -0.04071
  -0.01795,   0.09060,  -0.00744,  -0.04596,   0.04333,  -0.05822,  -0.03195,   0.03458,  -0.01795,   0.00832,  -0.04596,  -0.05822,   0.07485,  -0.02495,   0.00306,  -0.02145,  -0.07747,   0.00832,  -0.03370,  -0.12300,   0.02232,  -0.04071,   0.01882,   0.02407,   0.03108,  -0.04071,  -0.02145,  -0.01094,   0.04858,  -0.02495,  -0.06172,   0.00131,   0.03983,  -0.04246,   0.13262,   0.02057,  -0.02145,  -0.00569,   0.00306,  -0.03721,   0.09235,   0.03983,   0.01357,  -0.00219,   0.02057,   0.07835,  -0.03020,   0.04158,  -0.03020,  -0.01269,  -0.05296,   0.01182,   0.02933,  -0.04596,   0.00657,   0.03808,  -0.02845,   0.01357,  -0.02495,  -0.06697,   0.05909,  -0.00744,   0.03108,   0.02057,  -0.05646,  -0.00044,   0.04858,   0.01357,  -0.00219,  -0.06697,   0.00657,   0.01357,   0.00481,  -0.07047,   0.02933,  -0.02670,  -0.06697,   0.06084,   0.05384,   0.02407,   0.05209,   0.04683,  -0.02845,  -0.02495,   0.04683,  -0.01620,  -0.05997,  -0.07397,  -0.04771,   0.01182,   0.01532,   0.06609,  -0.02145,  -0.08973,  -0.07572,  -0.01444,   0.11687,   0.05034,  -0.01970,  -0.05646,  -0.01970,  -0.07047,   0.01532,  -0.07922,  -0.03896,   0.00131,   0.09411,  -0.04596,  -0.01094,  -0.03195,   0.03983,  -0.18077,  -0.02845,   0.02933,  -0.00219,   0.03808,   0.02407,  -0.02670,  -0.00219,  -0.00394,  -0.01444,  -0.00219,   0.05909,   0.10461,  -0.04946,   0.04333,  -0.00919,  -0.07397,  -0.03370,  -0.04071,  -0.07922,   0.00657,   0.01882,  -0.02320,  -0.04071,   0.09586,   0.02057,  -0.06522,   0.01357,  -0.02845,   0.08185,  -0.00569,  -0.06872,  -0.05822,  -0.07572,   0.09060,  -0.00044,  -0.05997,   0.01707,   0.06259,   0.01007,   0.03983,   0.05384,   0.01007,   0.06434,   0.00306,   0.04333,   0.00306,   0.00481,   0.08010,   0.08010,  -0.06872,  -0.11949,  -0.04421,   0.01007,   0.01532,   0.03108,   0.00832,  -0.09323,  -0.06697,   0.05909,   0.08185,  -0.02845,  -0.02670,  -0.04771,   0.05909,   0.03283,  -0.00044,  -0.04246,   0.00832,   0.11161,  -0.00919,  -0.01620,  -0.03370,  -0.04596,  -0.10023,   0.04158,   0.01707,   0.07485,   0.00306,  -0.00044,  -0.07747,  -0.06522,   0.02407,   0.08885,   0.02407,  -0.01094,   0.05384,   0.03108,   0.00131,  -0.00394,  -0.01620,   0.00481,   0.01707,  -0.00919,  -0.02845,  -0.03896,  -0.04771,  -0.00744,   0.03108,  -0.07047,  -0.02145,  -0.03721,   0.06084,  -0.00044,  -0.00744,  -0.00219,  -0.06172,   0.00657,   0.04158,  -0.02145,  -0.04421,  -0.03896,  -0.07747,   0.03458,  -0.01269,   0.00131,  -0.01094,   0.10286,   0.02057,   0.02407,  -0.06347,  -0.00569,   0.08535,   0.06434,  -0.03370,   0.04858,   0.01007,  -0.05471,  -0.03195,  -0.00569,   0.00657,   0.00306,  -0.00044,   0.04333,   0.05034,  -0.02320,  -0.01444,  -0.06522,  -0.01269,  -0.05471,  -0.07397,   0.02407,   0.04158,   0.08535,   0.03808,   0.05384,  -0.01795,  -0.06872,  -0.08973,   0.01707,  -0.03545,   0.03108,  -0.03195,  -0.00394,  -0.05646,   0.00832,   0.05559,  -0.01620,  -0.06522,   0.01007,   0.01007,  -0.00044,   0.03808,  -0.00919,  -0.02670,  -0.00044,  -0.00044,  -0.01970,  -0.01795,   0.02933,   0.11687,   0.05559,  -0.04946,   0.00131,  -0.05997,  -0.01620,  -0.02670,  -0.01269,   0.02057,  -0.00219,  -0.06872,   0.02757,   0.01882,  -0.03020,   0.02057,  -0.09673,   0.03983,  -0.02670,   0.00306,   0.01707,  -0.01620,  -0.05296,  -0.13700,  -0.04946,   0.12037,   0.02582,  -0.05296,  -0.04421,   0.03108,   0.00657,  -0.05822,  -0.00394,  -0.01269,  -0.08448,  -0.00044,  -0.02320,  -0.02845,   0.06084,  -0.07747,  -0.00219,   0.06609,   0.03983,   0.02232,  -0.02670,  -0.01094,   0.01532,   0.04508,   0.10636,  -0.01795,   0.06959,  -0.09148,  -0.03896,   0.02582,  -0.03545,   0.03808,  -0.00569,   0.01707,  -0.03370,   0.06784,   0.02757,   0.02582,   0.08710,   0.07135,   0.03283,   0.01182,  -0.01269,  -0.03545,   0.11862,   0.06434,   0.01882,  -0.03370,   0.10111,  -0.05121,   0.10636,  -0.07572,   0.04858,  -0.00394,   0.00131,   0.03808,   0.03633,   0.00131,  -0.03370,   0.02757,  -0.00394,   0.05384,   0.02933,   0.07485,   0.02057,   0.03108,   0.01182,   0.01532,  -0.05822,   0.07135,  -0.05822,  -0.04946,  -0.03370,   0.02057,   0.01882,   0.05034,   0.11862,   0.02232,  -0.00744,   0.04158,  -0.08798,   0.03108,   0.01007,  -0.03721,  -0.03896,  -0.05471,  -0.05471,  -0.03195,   0.02232,  -0.06872,   0.01182,  -0.01444,  -0.01094,  -0.00569,   0.15714,   0.01532,   0.01357,  -0.09673,  -0.03195,   0.02057,  -0.05646,   0.01882,   0.02232,   0.09060,  -0.00044,   0.04683,   0.02933,  -0.08798,   0.01007,  -0.03020,  -0.00919,  -0.02845,   0.02232,   0.09586,   0.00481,  -0.05121,   0.03808,   0.05559,   0.05384,   0.04333,  -0.05296,  -0.01094,  -0.00219,  -0.01269,   0.03633,  -0.03721,  -0.00744,   0.08010,  -0.06522,   0.06434,  -0.00744,   0.00657,  -0.03896,  -0.05121,   0.04333,   0.04858,  -0.00219,  -0.02495,  -0.04946,  -0.02845,   0.05034,  -0.02670,  -0.04421,  -0.11249,   0.03108,  -0.01620,   0.03808,   0.06434,  -0.01269,  -0.00219,   0.04683,  -0.04421,  -0.04421,   0.05909,  -0.01620,   0.16414,   0.00306,  -0.04946,  -0.03721,   0.01882,  -0.06172,   0.01182,  -0.00919,  -0.00919,  -0.00569,  -0.05646,   0.06784,  -0.01269,  -0.02670,  -0.01795,  -0.00219,   0.08185,   0.03283,   0.00481,  -0.06697,  -0.00394,   0.06959,  -0.04246,  -0.00219,   0.04858,  -0.09323,   0.02232,   0.03983,  -0.03370,   0.05734,  -0.06697,  -0.00044,   0.06259,   0.01357,   0.02933,  -0.00219,  -0.00394,  -0.05471,  -0.00219,   0.02933,   0.01532,  -0.02145,   0.00481,   0.05734,  -0.04771,  -0.06347,  -0.00044,   0.02933,   0.10461,   0.03283,  -0.02495,   0.01532,  -0.05296,  -0.00744,  -0.05296,   0.03283,   0.08710,   0.01182,  -0.03020,  -0.01444,   0.05034,  -0.02320,  -0.04071,  -0.04246,  -0.00919,  -0.02145,   0.02232,  -0.03545,  -0.04596,  -0.07047,   0.01532,  -0.01094,  -0.07047,   0.04333,   0.00131,  -0.09498,  -0.02670,   0.07835,  -0.01795,  -0.06697,  -0.04071,  -0.00569,   0.10811,  -0.02670,  -0.01269,   0.02407,   0.01007,   0.00657,   0.04683,   0.01182,   0.03808,  -0.00919,   0.02582,   0.06084,   0.04858,  -0.05471,  -0.05646,   0.01707,  -0.03896,   0.04508,   0.01707,   0.05384,  -0.03721,  -0.00394,  -0.03896,   0.08710,  -0.00044,  -0.02495,  -0.06347,   0.01357,   0.00131,   0.00306,  -0.01094,  -0.04246,   0.02232,  -0.01970,   0.04858,   0.03983,   0.10986,  -0.09498,   0.01007,   0.01532,  -0.01094,   0.02933,   0.02933,   0.00481,   0.04683,   0.02057,  -0.05121,  -0.03195,  -0.03721,   0.03633,   0.01532,   0.04683,  -0.04596,   0.04683,   0.02933,  -0.03545,  -0.01970,  -0.00919,   0.05559,  -0.04421,  -0.01970,  -0.01094,  -0.07922,   0.02757,  -0.03545,  -0.02495,   0.02757,   0.05909,   0.06434,  -0.00044,   0.05734,  -0.03020,   0.03983,   0.07835,   0.04683,  -0.08623,   0.00481,  -0.01795,  -0.03721,   0.01357,   0.04158,  -0.07397,  -0.02670,  -0.03545,   0.01357,   0.00481,  -0.02145,  -0.00219,   0.06084,  -0.05997,  -0.05997,  -0.04421,  -0.02320,   0.09060,  -0.00569,  -0.04246,  -0.01970,  -0.05121,  -0.11249,  -0.02320,  -0.00219,   0.14838,   0.09060,  -0.04596,  -0.05121,  -0.01620,  -0.04246,  -0.09673,  -0.01970,   0.05559,  -0.07747,   0.05909,  -0.05296,   0.02407,  -0.03896,  -0.02845,   0.05734,  -0.04421,  -0.00569,   0.03808,  -0.03020,   0.07310,   0.03283,   0.02232,  -0.00919,  -0.07922,   0.01182,  -0.00919,  -0.01444,  -0.01620,   0.00306,  -0.02670,   0.04333,  -0.05471,  -0.01620,   0.04683,  -0.08098,  -0.03721,  -0.05997,   0.07310,   0.08185,   0.01882,  -0.04946,  -0.04421,  -0.05822,  -0.00919,  -0.05471,   0.02057,   0.09060,   0.03808,  -0.03896,  -0.03020,  -0.04421,  -0.07747,   0.05559,  -0.05471,  -0.03370,   0.02757,  -0.02670,   0.00306,   0.07310,   0.08360,  -0.05646,   0.04858,   0.03108,  -0.01620,   0.03983,  -0.01444,   0.04508,   0.03283,   0.07310,   0.08185,  -0.03020,  -0.01970,   0.00832,   0.01882,  -0.03721,  -0.07047,  -0.08623,   0.03283,  -0.02670,  -0.06522,  -0.04071,  -0.01444,   0.04333,   0.09060,   0.04158,  -0.00394,   0.09060,   0.06259,   0.03633,  -0.06872,   0.02933,   0.02582,   0.06084,  -0.04771,  -0.00044,  -0.05471,   0.05909,   0.00657,  -0.01094,  -0.06522,   0.06959,   0.06259,  -0.01444,  -0.01620,  -0.02145,  -0.04246,   0.09411,  -0.03721,   0.00481,  -0.01269,   0.08360,  -0.01269,   0.12562,  -0.03020,  -0.10899,   0.02933,   0.02757,  -0.01444,   0.08885,   0.01182,   0.04683,  -0.09498,   0.01357,  -0.00219,  -0.03721,  -0.00919,   0.00306,  -0.05296,  -0.01620,   0.05034,   0.06259,  -0.08973,  -0.04946,  -0.03545,  -0.01094,   0.03283,  -0.04421,  -0.01269,  -0.05121,   0.06434,   0.01882,   0.05909,   0.03108,  -0.02495,   0.01182,   0.01357,  -0.05121,   0.02582,   0.14838,  -0.06172,   0.01532,   0.02057,   0.04158,  -0.02845,  -0.02670,   0.06609,  -0.01970,  -0.03545,   0.01007,   0.02407,   0.01182,  -0.05471,  -0.02495,  -0.02320,   0.09411,   0.02407,   0.11862,   0.04683,  -0.03721,  -0.00569,   0.13262,  -0.01970,  -0.11074,  -0.01620,  -0.04771,   0.12562,   0.01532,   0.02057,  -0.05296,  -0.00744,  -0.07222,   0.01182,   0.07835,  -0.03721,   0.04683,  -0.01269,   0.05384,  -0.01444,  -0.00569,  -0.07222,   0.01707,   0.00657,  -0.00044,   0.02757,   0.06434,  -0.12124,   0.05734,   0.02407,  -0.04246,  -0.01444,   0.04158,   0.05734,   0.00481,  -0.00569,   0.11161,  -0.01269,  -0.04771,   0.02407,  -0.02670,   0.02582,  -0.05121,  -0.01620,  -0.07397,  -0.00044,   0.05909,  -0.09498,   0.03633,   0.01182,   0.01007,   0.02757,   0.00832,   0.02407,   0.06084,  -0.06522,   0.02582,  -0.08973,   0.05384,  -0.00394,  -0.02495,  -0.00569,   0.08185,  -0.08623,  -0.01094,   0.03633,  -0.07397,   0.05559,  -0.00044,  -0.10549,   0.13613,  -0.01269,  -0.08098,   0.00832,   0.01357,   0.03633,  -0.03545,  -0.09323,   0.00657,  -0.00744,   0.11687,  -0.00219,   0.03108,  -0.03545,  -0.00744,   0.11512,  -0.03896,  -0.00219,  -0.05646,   0.00131,  -0.05471,   0.06959,  -0.00044,   0.04683,  -0.01094,  -0.00569,  -0.08798,  -0.06172,  -0.02320,  -0.07572,  -0.05997,   0.07485,  -0.01444,  -0.01444,  -0.05997,  -0.07222,  -0.00044,  -0.04946,   0.00306,  -0.04246,   0.08535,   0.06434,   0.03283,   0.09235,  -0.01620,  -0.04071,  -0.01444,   0.01532,   0.07135,  -0.04946,  -0.03896,   0.00306,   0.04333,  -0.02670,  -0.00044,  -0.08973,   0.05384,   0.03983,   0.01357,   0.06434,   0.09936,   0.00131,   0.03808,  -0.02145,  -0.00044,  -0.00569,  -0.08098,  -0.05121,  -0.00744,  -0.08273,  -0.02145,  -0.00219,   0.06784,  -0.03896,   0.09761,  -0.01444,  -0.03545,   0.01007,  -0.02320,  -0.01444,  -0.03545,   0.05384,   0.08885,   0.03808,  -0.05296,   0.04683,   0.05034,  -0.06172,   0.06959,  -0.02845,  -0.07222,   0.03108,  -0.01970,   0.03283,   0.01882,   0.03283,   0.05384,  -0.08273,   0.06784,   0.03983,  -0.01795,   0.04333,   0.01707,  -0.06172,   0.05559,   0.01182,  -0.05997,  -0.03896,  -0.02320,  -0.04071,  -0.06522,   0.01182,   0.08010,   0.01532,   0.02057,  -0.04246,  -0.10549,   0.00481,  -0.03545,  -0.01970,   0.06609,   0.06609,  -0.05121,  -0.07222,  -0.04771,   0.03983,   0.01182,   0.03458,  -0.03896,   0.07485,   0.01882,  -0.04771,   0.04333,   0.00306,  -0.10199,  -0.01444,   0.02232,  -0.03721,  -0.00394,  -0.04246,   0.00481,   0.02057,  -0.00394
   0.06084,  -0.07747,   0.01532,  -0.00044,   0.01707,  -0.03721,   0.05559,  -0.04071,  -0.04421,   0.04683,   0.04508,  -0.05471,   0.00481,   0.02933,   0.05209,   0.05384,  -0.08273,  -0.05121,  -0.04596,   0.04858,  -0.03195,   0.02232,   0.01532,  -0.02145,   0.01357,   0.00657,  -0.03020,  -0.03896,   0.00657,  -0.03721,   0.04333,  -0.04946,   0.06259,  -0.01269,  -0.12300,  -0.03721,   0.01357,  -0.04071,   0.01707,   0.01882,   0.02933,  -0.04421,  -0.01620,  -0.03721,  -0.02495,  -0.02145,  -0.01444,   0.03808,  -0.03020,  -0.03020,  -0.01795,  -0.01269,   0.04508,  -0.00044,  -0.04421,   0.03808,   0.02407,   0.00657,   0.00657,  -0.03721,   0.04158,   0.00832,  -0.03195,  -0.02670,  -0.02145,  -0.00919,  -0.02670,  -0.01269,  -0.03721,  -0.08448,  -0.03896,  -0.00569,   0.05384,   0.05384,  -0.03020,   0.04508,  -0.01444,  -0.06522,   0.03808,  -0.03721,  -0.05822,  -0.01970,   0.09586,  -0.04946,  -0.03721,  -0.03195,   0.01182,  -0.05997,  -0.02845,  -0.07222,  -0.03545,  -0.01269,   0.00306,  -0.00744,   0.03108,  -0.03195,   0.02582,  -0.01970,   0.04858,  -0.00919,  -0.01620,  -0.03545,  -0.05822,   0.01532,   0.00832,   0.03983,  -0.04246,  -0.07397,   0.00832,  -0.00394,  -0.05121,   0.01182,  -0.01094,  -0.00919,   0.00657,  -0.02320,  -0.08273,   0.00657,   0.05559,  -0.02670,   0.00131,   0.00306,   0.03633,   0.02757,   0.04158,  -0.01970,   0.03458,  -0.03370,   0.02057,   0.08360,  -0.01094,  -0.01970,  -0.03721,  -0.03195,   0.01882,  -0.02670,   0.00657,   0.01707,   0.00131,  -0.01620,  -0.02670,  -0.00744,   0.03108,  -0.03195,  -0.00219,   0.01357,  -0.01269,   0.02757,  -0.02845,   0.05909,   0.01007,  -0.02145,   0.00131,  -0.04071,  -0.06697,  -0.05471,  -0.00744,   0.04508,   0.06084,  -0.02670,  -0.03370,   0.00832,   0.00657,  -0.04071,   0.06784,   0.03283,   0.03633,   0.01182,  -0.04246,   0.02757,   0.01007,  -0.03545,  -0.00744,   0.00657,  -0.09498,  -0.10374,  -0.08623,   0.00657,  -0.04421,  -0.10023,  -0.01795,  -0.00219,  -0.05471,  -0.01444,   0.08010,   0.07485,  -0.01795,   0.04858,  -0.01094,  -0.04071,  -0.00219,   0.03808,   0.05734,  -0.03545,   0.01357,   0.06959,   0.01532,   0.00306,  -0.08098,  -0.03896,  -0.06697,  -0.03545,  -0.09673,  -0.01970,  -0.03195,   0.01707,   0.03983,  -0.04421,   0.06609,  -0.00744,   0.00481,  -0.00394,   0.01882,   0.01882,   0.04508,   0.00131,  -0.05471,  -0.01620,   0.02582,  -0.05121,   0.04158,   0.06784,  -0.00744,   0.02407,  -0.01269,   0.01882,   0.01707,  -0.00394,  -0.01795,   0.01357,   0.01532,   0.03633,  -0.05121,   0.03808,  -0.02495,   0.02407,  -0.03370,   0.02582,   0.01882,   0.06084,   0.00657,  -0.07222,  -0.04071,   0.02757,  -0.02320,  -0.05997,   0.03108,   0.01882,   0.03283,   0.02057,  -0.05646,  -0.00044,   0.04158,  -0.07222,  -0.01094,  -0.06347,  -0.02845,   0.00657,  -0.03545,  -0.00219,  -0.00744,  -0.02845,  -0.01970,  -0.01795,   0.08360,   0.01532,   0.02582,  -0.05471,   0.06609,  -0.00044,  -0.08798,   0.02757,   0.03108,  -0.01094,   0.00481,  -0.01970,  -0.01269,   0.02232,  -0.05822,   0.03808,  -0.04596,  -0.00044,  -0.05822,  -0.04771,  -0.01620,  -0.05471,  -0.02670,   0.04158,  -0.07747,   0.04158,   0.04333,  -0.02670,  -0.05822,   0.08360,  -0.02145,  -0.04946,   0.00481,   0.02933,   0.00657,   0.01357,  -0.00219,  -0.02495,  -0.01970,   0.01882,  -0.04246,   0.07135,  -0.01269,  -0.05997,   0.00131,  -0.04946,  -0.00044,   0.04158,   0.01707,   0.02582,  -0.00919,   0.01357,   0.02757,   0.03283,   0.01007,  -0.10549,  -0.01620,   0.03458,  -0.04071,   0.06084,  -0.06872,   0.00832,   0.02232,   0.06609,   0.02407,  -0.05121,   0.02057,  -0.03545,  -0.01444,   0.02407,   0.03983,   0.05034,  -0.02495,  -0.02845,   0.04683,   0.02757,   0.02757,  -0.05121,  -0.03195,   0.02057,  -0.05296,   0.02582,   0.06959,  -0.00744,  -0.01444,  -0.01444,  -0.02320,  -0.04246,   0.08885,  -0.02145,  -0.00219,   0.05034,  -0.01970,  -0.02845,  -0.08623,   0.01357,  -0.00569,   0.00657,   0.02057,   0.03108,  -0.03896,  -0.00394,  -0.14400,   0.00832,  -0.04946,  -0.08623,   0.03108,   0.01182,   0.04158,  -0.01094,  -0.01970,  -0.02670,  -0.07222,  -0.03020,  -0.00219,   0.01532,  -0.02320,  -0.04246,   0.03808,  -0.03195,  -0.02670,  -0.07747,  -0.03896,   0.07835,  -0.00219,   0.00832,   0.01532,   0.01357,  -0.07397,  -0.01269,  -0.02145,  -0.01620,  -0.05646,  -0.01795,   0.00306,  -0.03020,   0.02933,  -0.00219,   0.04333,   0.03983,   0.02232,  -0.00569,   0.00832,  -0.05471,   0.02407,   0.00481,  -0.08973,  -0.04421,  -0.07572,  -0.01269,   0.01182,   0.10811,  -0.02845,   0.02407,  -0.05296,  -0.04246,   0.00306,  -0.03370,  -0.02670,   0.02933,   0.04333,  -0.01444,   0.01707,   0.02232,   0.02232,  -0.02145,   0.02232,   0.07310,   0.03458,   0.06959,  -0.03721,   0.00832,  -0.02495,  -0.01094,   0.01182,  -0.03370,   0.01007,  -0.01269,  -0.02320,  -0.04246,  -0.03020,  -0.04946,  -0.05646,   0.01182,  -0.02320,   0.00131,  -0.06172,  -0.00394,   0.12387,   0.06084,   0.02407,  -0.04421,   0.07835,   0.03633,   0.01182,  -0.04421,   0.05034,   0.06609,   0.00657,   0.06084,  -0.00744,  -0.00919,  -0.00919,  -0.05997,  -0.06697,  -0.02495,   0.06959,  -0.02320,   0.05559,   0.02232,   0.01357,   0.03283,   0.00657,  -0.00919,   0.00481,   0.03458,   0.03983,  -0.04596,  -0.03721,  -0.02495,   0.02407,  -0.01269,  -0.04596,   0.04683,   0.01707,  -0.00919,  -0.05997,   0.00131,   0.02407,  -0.00919,  -0.03721,  -0.01269,  -0.00569,  -0.08273,   0.04683,  -0.05121,   0.00832,  -0.01269,   0.04508,   0.07135,   0.01182,   0.04683,  -0.03545,  -0.00919,  -0.00919,  -0.02670,   0.00657,  -0.06172,   0.04158,  -0.02670,   0.01882,  -0.00394,  -0.01444,  -0.03545,   0.01532,  -0.05997,   0.02407,  -0.01094,   0.05209,   0.02582,   0.05559,   0.02933,  -0.04946,   0.04508,   0.01882,   0.02933,  -0.04771,   0.10811,  -0.00219,  -0.01269,  -0.05296,  -0.00919,   0.02757,   0.01882,  -0.02320,  -0.05296,   0.02057,   0.02933,   0.05209,   0.05559,   0.05559,  -0.01620,  -0.09148,  -0.02670,   0.01357,  -0.07397,   0.02232,  -0.04246,  -0.00394,   0.00481,  -0.03721,   0.01707,  -0.06872,   0.02582,   0.00832,  -0.00219,   0.02757,  -0.01620,   0.01357,   0.05734,  -0.04071,  -0.04421,   0.05559,  -0.03370,  -0.01620,   0.03983,  -0.04771,  -0.03721,  -0.02320,  -0.01269,  -0.05121,  -0.04771,   0.04683,   0.01182,   0.00832,   0.01007,   0.01532,  -0.00394,   0.01007,   0.05034,   0.00481,   0.01357,  -0.06172,  -0.01094,   0.02232,  -0.04071,   0.06784,   0.07135,  -0.00919,  -0.03721,   0.01007,   0.02407,  -0.04596,  -0.00919,  -0.04596,   0.01707,  -0.01094,   0.08885,  -0.03020,  -0.00919,  -0.00394,   0.01182,   0.09411,  -0.03545,   0.03458,  -0.03545,   0.04683,   0.04333,  -0.02495,  -0.00569,   0.03808,   0.00481,   0.00131,  -0.03721,  -0.04771,   0.01007,  -0.03896,   0.02757,   0.07135,   0.05909,   0.02582,   0.00657,  -0.06347,   0.06959,  -0.03721,  -0.01620,  -0.01269,  -0.02145,  -0.02495,  -0.01444,  -0.01795,  -0.02145,   0.00657,   0.01007,   0.04858,   0.01182,   0.05209,   0.01707,  -0.04596,  -0.06522,  -0.02145,  -0.00569,   0.03458,   0.01357,   0.02232,   0.05034,  -0.07222,  -0.01795,   0.04683,  -0.01620,  -0.01970,   0.02757,   0.00481,   0.00131,   0.00306,  -0.04946,   0.01532,  -0.03020,   0.01707,   0.01882,  -0.03545,  -0.05822,  -0.02845,   0.01007,  -0.09148,   0.04858,  -0.00394,   0.04158,   0.00481,   0.03808,  -0.04246,  -0.03020,  -0.02845,  -0.02670,   0.03283,   0.02232,   0.05559,  -0.02145,  -0.04071,  -0.04596,  -0.01620,  -0.00744,  -0.03195,   0.07660,   0.01182,  -0.08798,  -0.09498,  -0.00744,  -0.03545,  -0.02845,  -0.07572,  -0.04071,   0.01707,  -0.00919,  -0.02495,   0.03633,  -0.04246,   0.05209,  -0.05121,  -0.00219,  -0.03195,  -0.01444,   0.01357,   0.00131,  -0.01094,   0.04683,   0.01532,  -0.02670,   0.05734,   0.04158,  -0.00219,   0.01707,  -0.06347,   0.01882,   0.01532,   0.02582,  -0.00744,   0.01532,  -0.07397,  -0.01620,   0.08185,   0.09060,  -0.02145,  -0.01970,  -0.02670,   0.01007,  -0.04596,  -0.01795,  -0.03370,  -0.00394,   0.02407,   0.02757,   0.05384,  -0.06522,  -0.01795,  -0.01269,  -0.02495,   0.01532,  -0.07572,  -0.00394,   0.03283,  -0.00044,  -0.02495,   0.00832,  -0.01795,  -0.05471,   0.00657,   0.00481,  -0.01795,   0.00306,   0.01007,   0.05384,   0.02057,   0.00131,  -0.02845,  -0.08098,  -0.08798,  -0.03370,  -0.01620,  -0.05121,  -0.01620,   0.02407,   0.00306,   0.05909,  -0.00919,  -0.02145,  -0.07222,   0.07485,  -0.03020,  -0.00569,  -0.01094,  -0.02495,   0.02407,  -0.03370,  -0.04071,  -0.00919,   0.03283,   0.04158,  -0.05822,  -0.00744,   0.04158,  -0.07397,  -0.01620,   0.04333,   0.01007,  -0.03545,   0.02933,  -0.00744,  -0.01970,   0.00131,   0.10636,  -0.00219,   0.06959,  -0.05997,  -0.04596,  -0.02145,  -0.03020,   0.06084,  -0.05121,  -0.03370,  -0.05822,  -0.01795,  -0.02670,   0.01357,   0.02582,  -0.00044,  -0.01620,  -0.00569,  -0.00044,  -0.07572,  -0.00044,   0.04333,   0.01707,  -0.01269,   0.04333,   0.00306,   0.06784,   0.03633,  -0.02670,   0.02232,  -0.01444,  -0.00394,  -0.00394,   0.00306,   0.03808,   0.03283,  -0.01970,   0.08885,  -0.00219,   0.01532,   0.04683,   0.03458,  -0.05121,  -0.03545,  -0.00394,   0.01707,   0.04158,   0.02757,   0.01707,   0.00306,   0.03108,  -0.04421,   0.02757,   0.02757,  -0.04596,   0.00481,   0.02057,  -0.05121,  -0.05296,  -0.03370,   0.01007,   0.01182,  -0.00219,   0.07835,  -0.00219,   0.00832,  -0.02670,   0.01357,   0.03283,   0.03283,  -0.02145,   0.01357,   0.03458,   0.03633,  -0.01269,  -0.03721,  -0.02495,   0.00657,   0.04508,  -0.03896,  -0.03020,   0.01707,  -0.00744,   0.03458,  -0.05822,   0.03458,   0.00481,  -0.02670,  -0.07747,  -0.01094,   0.04858,  -0.00394,  -0.00394,   0.00657,  -0.03370,  -0.06872,  -0.03020,  -0.04071,  -0.01620,  -0.08448,  -0.09498,  -0.02320,  -0.02495,   0.08885,  -0.01269,   0.00131,   0.02582,  -0.02845,  -0.02845,   0.02933,   0.01007,  -0.02670,  -0.03370,   0.01182,  -0.02145,  -0.03020,   0.02933,  -0.01269,  -0.00394,   0.04333,  -0.03370,   0.02057,  -0.05121,  -0.04246,  -0.04421,  -0.00569,   0.02933,  -0.03896,   0.06959,  -0.05296,  -0.01269,  -0.04071,  -0.00394,   0.03108,   0.04333,   0.05384,  -0.03721,  -0.01620,   0.00832,  -0.06172,   0.04508,  -0.04946,   0.03983,  -0.00919,   0.03983,  -0.03020,  -0.04771,   0.00306,  -0.00569,   0.04158,   0.02933,  -0.00744,   0.09586,   0.01007,  -0.02320,  -0.02495,  -0.02670,   0.02757,  -0.06347,   0.01707,   0.00481,  -0.04596,  -0.03020,   0.06434,  -0.03370,   0.00832,   0.05034,   0.01707,   0.06434,  -0.07397,  -0.00744,  -0.01970,  -0.04771,  -0.00919,  -0.03195,  -0.01795,  -0.02145,  -0.01795,   0.03808,   0.02757,  -0.00219,   0.05209,   0.03458,   0.01357,  -0.05997,   0.03108,  -0.05121,   0.00832,  -0.05997,   0.04683,  -0.01269,   0.08710,   0.01007,   0.04158,  -0.06872,   0.07310,   0.06959,  -0.00394,   0.00131,   0.00832,  -0.04071,  -0.02845,  -0.01795,   0.05384,   0.03283,  -0.04071,  -0.01444,  -0.00219,  -0.05121,  -0.01269,   0.03808,  -0.00744,  -0.05296,   0.00657,  -0.01795,  -0.03195,   0.05734,  -0.01444,   0.02232,  -0.00744,  -0.04421,  -0.01444,   0.01707,   0.00832,  -0.03195,  -0.01620,  -0.06347,  -0.10724,   0.06259,   0.05034
   0.09761,   0.00832,   0.01532,   0.06959,   0.03283,   0.01007,  -0.02320,   0.11336,   0.00657,  -0.02495,   0.01182,  -0.03545,   0.01882,  -0.12124,   0.04158,  -0.00394,   0.01007,  -0.02145,   0.01007,   0.04333,  -0.03896,  -0.01444,  -0.04246,  -0.04071,   0.02757,   0.01707,  -0.05646,  -0.02145,  -0.01620,   0.05384,  -0.04596,   0.05734,   0.00657,  -0.04421,  -0.00569,   0.01182,   0.01357,   0.08535,  -0.03370,  -0.01620,   0.02057,   0.01182,   0.00131,   0.06434,  -0.01444,  -0.10374,   0.02057,  -0.01269,   0.03633,   0.07135,   0.00832,   0.04508,  -0.05646,   0.05559,   0.06784,  -0.04071,   0.00306,   0.02582,  -0.03020,   0.01882,  -0.07047,   0.02232,   0.14138,   0.00657,   0.08535,  -0.04771,   0.05384,   0.01182,  -0.05646,  -0.06697,   0.05909,   0.01707,  -0.03721,   0.03808,   0.01007,  -0.05296,  -0.01444,   0.01357,   0.03458,  -0.05296,  -0.08098,   0.05209,   0.04158,  -0.07397,  -0.02495,  -0.02670,  -0.03370,  -0.01970,   0.00481,  -0.02845,   0.01707,   0.04858,  -0.03545,   0.02757,  -0.02320,  -0.01269,  -0.04946,   0.01707,  -0.03545,   0.00131,  -0.06697,  -0.00044,   0.04333,   0.03808,  -0.05296,   0.01882,   0.00131,   0.06609,   0.01882,   0.10811,   0.01532,  -0.00044,   0.01532,  -0.05822,  -0.01970,   0.02232,  -0.00569,   0.01007,  -0.01444,   0.06784,  -0.08448,  -0.04771,   0.09060,   0.01707,   0.00131,  -0.09673,  -0.03370,  -0.04596,   0.01182,   0.02232,  -0.01795,  -0.02670,  -0.02145,   0.00832,   0.02057,  -0.10199,  -0.01795,   0.00481,   0.02407,  -0.06172,  -0.02670,   0.01182,   0.00832,   0.09060,  -0.00569,   0.03808,  -0.00044,  -0.05646,  -0.03195,   0.02232,   0.07485,  -0.01444,   0.01007,  -0.03721,  -0.04771,  -0.07747,   0.04508,  -0.05121,  -0.07747,   0.04683,  -0.04246,  -0.01970,  -0.00919,  -0.01269,   0.06784,  -0.00044,   0.02057,  -0.09673,  -0.04946,   0.01882,   0.03283,   0.02407,  -0.09323,   0.02057,  -0.04421,  -0.01970,  -0.00744,  -0.00569,   0.02757,   0.00306,   0.00481,   0.03283,   0.04158,   0.02582,  -0.01269,  -0.01970,   0.02407,  -0.00219,  -0.01444,   0.00481,   0.03633,   0.04683,  -0.00744,   0.00481,  -0.12124,  -0.01970,  -0.00044,   0.03808,  -0.04421,  -0.03020,   0.10111,   0.04683,   0.00131,  -0.08448,   0.09060,   0.00481,  -0.00919,  -0.01269,   0.00306,  -0.03195,  -0.00394,  -0.00044,  -0.03370,  -0.05822,  -0.00744,  -0.05822,   0.04333,   0.06259,  -0.04771,  -0.05121,   0.03808,   0.06259,  -0.02320,  -0.04246,  -0.00219,   0.01532,   0.02933,  -0.03896,  -0.05471,   0.02933,   0.05559,  -0.03721,  -0.03896,  -0.01620,  -0.04596,   0.06259,   0.02582,  -0.05296,  -0.04596,  -0.03896,   0.00306,  -0.01094,  -0.03195,   0.07135,   0.05209,   0.03808,  -0.07747,   0.03808,  -0.03896,  -0.02670,   0.10111,  -0.06697,   0.10986,   0.03108,  -0.03721,  -0.03545,  -0.01269,   0.04508,   0.06784,  -0.05121,  -0.03545,  -0.00219,   0.06959,   0.01182,  -0.03370,  -0.00394,   0.02407,  -0.02320,   0.03458,  -0.06697,   0.01532,   0.04683,  -0.04246,   0.00657,  -0.00919,  -0.02495,   0.00306,   0.04333,   0.01007,   0.02057,  -0.09323,   0.01182,  -0.01620,  -0.06347,  -0.05997,  -0.01444,   0.08360,  -0.12650,  -0.04246,  -0.01795,  -0.02320,   0.03108,   0.05034,   0.04158,  -0.04246,  -0.03020,   0.03983,   0.05559,  -0.08273,  -0.01094,   0.05559,  -0.04246,   0.00657,   0.03108,   0.06609,   0.00306,   0.04333,   0.09235,  -0.01970,  -0.10023,   0.02933,  -0.04771,   0.02407,   0.02757,   0.01707,  -0.01269,   0.01707,  -0.01094,  -0.07572,  -0.04421,   0.07835,  -0.06872,  -0.01269,  -0.02145,  -0.05822,  -0.03370,  -0.02320,  -0.04071,   0.07310,  -0.00044,   0.02933,   0.01707,   0.02057,  -0.04421,  -0.08798,   0.02407,   0.02582,   0.02057,   0.03108,  -0.02320,  -0.04246,   0.04858,  -0.11424,  -0.05121,  -0.01970,   0.03633,   0.00306,  -0.00044,   0.01532,  -0.04421,  -0.07047,   0.03108,  -0.02145,  -0.01620,  -0.02845,  -0.00919,  -0.02670,   0.00131,  -0.01795,   0.02057,  -0.01970,   0.05209,   0.13788,  -0.01795,   0.04333,   0.03108,  -0.03020,   0.01007,   0.01532,   0.00657,  -0.06347,   0.02582,   0.03108,   0.00481,   0.01532,  -0.03370,  -0.04071,  -0.02145,  -0.00744,  -0.02495,  -0.00219,   0.08010,  -0.06172,   0.01357,  -0.04421,   0.00481,  -0.01444,   0.01357,   0.04683,  -0.04421,  -0.03721,   0.01532,  -0.03721,  -0.02845,   0.01007,   0.01007,   0.06784,   0.01007,  -0.02845,   0.06259,  -0.03195,   0.12387,  -0.04946,   0.01882,  -0.02145,  -0.00219,   0.01707,  -0.10374,   0.01007,  -0.03896,   0.04333,  -0.05646,  -0.07222,  -0.00394,   0.02757,   0.05384,  -0.03721,   0.03633,   0.02757,   0.02933,   0.04858,  -0.00044,   0.04858,  -0.06172,  -0.00744,   0.03458,   0.06609,   0.01532,   0.02232,   0.00131,   0.12912,  -0.07572,  -0.05296,  -0.05997,  -0.00219,  -0.03195,  -0.07747,   0.00131,   0.00832,   0.01182,   0.00657,   0.06609,   0.00481,  -0.02145,   0.02407,  -0.01444,  -0.00044,   0.02582,  -0.02670,   0.06259,  -0.03896,  -0.03195,   0.05559,  -0.01094,  -0.04246,  -0.04071,  -0.03020,   0.06434,  -0.00219,  -0.05822,  -0.03896,   0.06609,  -0.07222,   0.08360,  -0.02145,  -0.08623,  -0.04421,  -0.01970,  -0.00044,   0.02407,  -0.05121,  -0.01094,   0.02757,  -0.11424,   0.01532,  -0.04246,  -0.02845,  -0.00744,   0.08010,  -0.03020,  -0.04596,   0.04508,  -0.02320,   0.01882,   0.06084,   0.01007,   0.05734,   0.01007,  -0.06172,  -0.08448,   0.02933,  -0.03195,  -0.02145,  -0.02670,  -0.02670,   0.04333,   0.05034,   0.01357,  -0.09673,   0.00832,   0.11161,   0.05034,   0.00306,  -0.04596,   0.00657,   0.06784,  -0.01444,   0.03808,  -0.04071,   0.02407,  -0.08273,  -0.00044,   0.01182,   0.01707,   0.02757,   0.04158,   0.03633,   0.05909,   0.00481,  -0.00394,   0.03458,   0.05034,   0.01707,   0.03633,   0.05384,  -0.07222,  -0.03896,  -0.03545,   0.04858,   0.03108,   0.10811,  -0.00044,   0.01707,  -0.04421,  -0.03721,   0.00131,  -0.01444,  -0.06522,   0.04158,  -0.04246,  -0.02495,  -0.10374,   0.04508,  -0.05471,  -0.03896,  -0.02845,  -0.00569,  -0.00919,  -0.02495,  -0.01444,  -0.00394,   0.02933,  -0.01269,  -0.03195,   0.05384,   0.03808,  -0.05997,   0.06434,  -0.00569,  -0.00219,  -0.00219,  -0.01970,   0.07310,  -0.03721,   0.03633,  -0.04246,   0.04158,   0.03283,  -0.04596,  -0.03020,  -0.06697,  -0.01444,   0.05209,  -0.00044,   0.01357,   0.04333,   0.00481,  -0.05997,   0.01357,  -0.04771,  -0.01620,   0.05209,  -0.01269,  -0.05822,  -0.09673,   0.01182,   0.04508,  -0.05471,  -0.04946,   0.01182,  -0.01970,   0.03808,  -0.03195,   0.01007,  -0.11074,   0.02757,  -0.05822,   0.01707,   0.05734,  -0.07572,   0.00832,   0.00306,   0.06609,  -0.01094,  -0.00919,   0.01532,  -0.04771,   0.04508,   0.00832,  -0.03896,  -0.02670,   0.12912,  -0.01094,   0.02757,  -0.13350,   0.01707,   0.01532,  -0.10899,  -0.06522,   0.05034,  -0.02145,  -0.00219,   0.00306,   0.03283,  -0.02845,   0.01182,   0.03108,  -0.01444,   0.05384,  -0.02495,  -0.01795,   0.01882,  -0.00569,  -0.01269,  -0.00744,  -0.03721,   0.00131,   0.04333,  -0.07222,  -0.00394,  -0.05646,  -0.02845,   0.05909,   0.06434,  -0.04596,  -0.06172,   0.05034,   0.02582,   0.05559,   0.03808,  -0.04421,  -0.06697,  -0.02670,  -0.02320,  -0.05646,  -0.05296,  -0.01269,   0.02407,   0.05909,   0.02232,  -0.00219,  -0.02670,  -0.06172,  -0.00219,  -0.07222,  -0.01970,   0.06609,  -0.04071,   0.01357,   0.00131,  -0.01269,   0.07310,  -0.05121,  -0.00569,   0.06609,   0.07135,  -0.02495,   0.01707,   0.05209,   0.00131,  -0.03020,   0.01532,  -0.03721,   0.02057,   0.02407,   0.02407,   0.03808,  -0.01444,   0.02757,  -0.08973,  -0.06522,  -0.06522,   0.06784,  -0.01444,   0.01182,   0.00306,   0.00657,   0.01357,   0.00306,   0.05559,  -0.00569,   0.03283,  -0.05997,  -0.05646,  -0.02845,  -0.03370,  -0.01444,  -0.02495,  -0.00744,   0.01007,  -0.09498,  -0.00919,   0.02057,  -0.03721,   0.06259,  -0.06697,  -0.01094,  -0.02495,   0.00131,   0.05209,   0.05909,  -0.03020,  -0.02145,  -0.00219,   0.01882,   0.04858,  -0.00394,  -0.02145,  -0.04946,  -0.00394,   0.00481,   0.00306,   0.00481,   0.02407,   0.09411,   0.00131,   0.02407,   0.03283,   0.01707,   0.00481,   0.06784,  -0.01269,   0.02582,   0.03283,  -0.06522,   0.02057,  -0.00394,   0.03633,   0.01532,  -0.05121,  -0.07747,   0.01357,  -0.05471,  -0.06697,  -0.07747,   0.03108,  -0.01444,   0.05384,   0.01007,   0.05909,   0.01182,  -0.02145,   0.01182,  -0.01970,  -0.02320,   0.00131,   0.00481,  -0.07222,  -0.02145,   0.02757,   0.01182,  -0.05997,  -0.04421,  -0.04771,   0.00657,  -0.04421,   0.02232,   0.09235,  -0.02845,   0.04508,  -0.04771,  -0.00919,  -0.03370,   0.01357,  -0.06347,  -0.07397,  -0.04421,   0.02757,  -0.01094,  -0.03370,   0.00481,  -0.10023,   0.05559,   0.05559,  -0.07572,  -0.04421,   0.02582,   0.05209,  -0.01094,  -0.00394,   0.06609,  -0.02845,  -0.00744,   0.06434,   0.00306,   0.03458,  -0.03370,   0.00832,  -0.04421,  -0.00919,  -0.00569,  -0.08973,   0.01357,   0.03808,  -0.03370,   0.01532,  -0.08973,   0.01707,  -0.02670,   0.05559,  -0.05997,   0.03108,   0.04683,   0.03458,   0.02407,  -0.05121,   0.02232,  -0.03020,   0.00481,  -0.02145,   0.02757,   0.00832,   0.06084,  -0.04771,  -0.05121,   0.13613,  -0.01269,   0.00306,   0.01532,   0.06959,   0.02933,  -0.05296,   0.01532,  -0.02320,  -0.01094,   0.05034,   0.02757,  -0.01620,  -0.00569,  -0.04246,   0.04858,   0.01357,  -0.02320,   0.07660,   0.08710,   0.00657,  -0.00919,  -0.07747,  -0.05121,   0.09235,   0.07485,  -0.08098,   0.04683,  -0.02845,   0.00306,  -0.01795,  -0.06347,  -0.02495,   0.02057,  -0.02845,  -0.04946,   0.09060,   0.02757,  -0.03020,  -0.02670,  -0.02845,   0.00481,  -0.03370,   0.01357,  -0.00219,   0.04508,  -0.05121,  -0.00744,   0.00131,  -0.06347,  -0.00219,   0.03633,   0.05909,  -0.01620,   0.08710,  -0.02670,  -0.03020,  -0.02670,   0.01532,  -0.01269,  -0.08273,   0.04683,   0.02232,   0.02232,  -0.01970,  -0.04246,   0.09586,   0.01882,   0.01882,   0.03808,   0.03108,  -0.00044,   0.01707,   0.03283,   0.02232,   0.03458,   0.08010,   0.00306,   0.03458,   0.08185,   0.02757,  -0.06872,   0.01182,  -0.03195,   0.01007,  -0.03896,   0.00657,  -0.01269,   0.00657,   0.04333,   0.03808,  -0.04596,  -0.03721,   0.03283,  -0.02145,  -0.01094,   0.03633,   0.01007,  -0.02320,   0.00657,   0.05034,  -0.10199,   0.05034,  -0.03020,   0.00657,   0.00832,   0.00832,  -0.00569,  -0.02495,   0.06784,  -0.05121,  -0.03721,  -0.03545,  -0.00744,   0.06084,   0.02933,  -0.04596,   0.05909,   0.06609,  -0.01620,   0.01532,   0.00481,  -0.00219,  -0.04246,   0.05209,   0.04683,  -0.07572,   0.02933,  -0.04771,  -0.03370,   0.04683,  -0.05471,  -0.03896,  -0.01620,  -0.00219,   0.00832,  -0.01970,   0.02057,  -0.05822,   0.02057,  -0.00394,   0.00657,   0.01007,   0.01707,   0.00657,   0.05559,  -0.02495,   0.01182,  -0.04421,   0.08360,   0.01707,  -0.00919,  -0.01444,   0.02933,   0.00832,   0.07135,   0.00832,   0.00832,  -0.00569,   0.04158,   0.00657,   0.05384,  -0.00394,  -0.04596,  -0.00044,  -0.00569,   0.06434,  -0.07922,  -0.03721,   0.02582,  -0.09848,  -0.03020,   0.04508,  -0.02495,  -0.05997,   0.00131,   0.10461,  -0.05646,  -0.04071,  -0.03370,  -0.02145,   0.06609,   0.11161,  -0.03545,  -0.01269,   0.02232,   0.03108,   0.03458,   0.02407
   0.06259,  -0.04946,  -0.08273,  -0.01795,   0.05559,   0.00832,   0.01357,  -0.07397,   0.02232,  -0.04071,   0.04333,   0.07485,  -0.02670,  -0.00569,  -0.00569,  -0.05471,  -0.09148,  -0.07747,  -0.03545,   0.01532,   0.07485,  -0.07047,   0.03458,  -0.05646,  -0.05646,   0.05034,  -0.00044,   0.11161,   0.11336,   0.02057,  -0.03195,  -0.05822,   0.07835,  -0.04421,  -0.05646,   0.00306,  -0.02845,  -0.01269,  -0.01444,  -0.01444,  -0.03020,  -0.00569,   0.08885,   0.03108,  -0.03896,   0.03633,  -0.00394,   0.05559,  -0.00569,   0.08010,  -0.06522,  -0.04771,   0.03633,   0.00306,  -0.05822,  -0.03020,  -0.07222,   0.09060,   0.04158,   0.03108,  -0.03545,  -0.02145,  -0.04771,  -0.05296,  -0.00919,  -0.00394,  -0.06522,   0.09060,   0.09235,   0.01007,   0.01357,  -0.05121,  -0.01970,  -0.02320,  -0.04071,  -0.05471,   0.03108,   0.00832,   0.06259,  -0.12124,   0.01707,   0.05034,  -0.01444,  -0.00044,  -0.01444,  -0.04596,  -0.00219,  -0.02145,   0.01007,  -0.04596,   0.03808,   0.05559,  -0.02320,   0.02057,  -0.03721,  -0.04071,  -0.00394,   0.00481,   0.01532,  -0.02845,  -0.01094,   0.07135,   0.02582,  -0.04771,  -0.02670,  -0.01444,  -0.05121,   0.00832,  -0.02495,   0.05734,  -0.01795,   0.05034,  -0.05121,   0.02057,  -0.06697,  -0.03195,   0.01532,  -0.06522,   0.01882,  -0.01970,  -0.01795,  -0.03545,  -0.00394,  -0.03896,   0.07135,  -0.05121,  -0.05822,  -0.01970,   0.03283,  -0.05997,  -0.00394,  -0.08448,   0.02232,  -0.03370,   0.03983,   0.02757,  -0.01094,  -0.00744,  -0.03896,  -0.01269,  -0.03721,  -0.00569,   0.00131,  -0.03721,   0.03283,  -0.07047,   0.05384,  -0.07747,   0.07660,  -0.01444,   0.12562,   0.01007,  -0.06172,   0.00306,   0.02757,   0.05909,  -0.09498,  -0.04246,  -0.05997,  -0.00394,  -0.04421,   0.07135,   0.05034,  -0.02145,   0.01707,   0.07485,  -0.05296,   0.03983,   0.00306,   0.08360,  -0.00919,  -0.08273,   0.01357,  -0.04946,   0.01007,  -0.03721,   0.01357,  -0.06522,  -0.10199,   0.03808,   0.00131,  -0.01269,  -0.04946,   0.02933,   0.03458,  -0.06697,   0.04158,   0.01882,   0.03633,   0.08185,   0.02057,  -0.01620,  -0.09848,  -0.01444,  -0.05471,  -0.02670,   0.03808,   0.02407,  -0.05296,  -0.03896,  -0.00394,  -0.04071,   0.00131,   0.11161,   0.06784,  -0.07747,  -0.03896,  -0.04246,  -0.02670,  -0.03020,  -0.01795,  -0.06172,   0.00481,  -0.01269,   0.02582,  -0.02495,  -0.02320,   0.09586,  -0.10374,  -0.16326,   0.01707,   0.03983,   0.04158,   0.01182,   0.08185,  -0.07572,  -0.02670,   0.04508,  -0.05997,  -0.00394,  -0.05121,   0.01182,   0.11336,   0.01532,  -0.01795,   0.07135,  -0.01269,  -0.01970,  -0.01795,   0.01182,   0.01357,   0.01007,  -0.00044,  -0.00744,  -0.10899,   0.02232,  -0.02670,   0.02933,   0.00657,  -0.04071,   0.00832,  -0.07572,   0.09235,   0.03108,  -0.05646,   0.00306,  -0.07747,  -0.07747,   0.01182,   0.01707,  -0.04771,   0.04333,  -0.00044,  -0.00744,  -0.02495,   0.00131,   0.08010,   0.03283,  -0.00569,   0.00481,  -0.03020,  -0.04071,   0.01182,  -0.04071,   0.03108,   0.03983,  -0.01970,   0.01532,   0.01007,  -0.03721,  -0.02145,   0.02057,  -0.00744,   0.05909,  -0.04946,  -0.07747,   0.04683,   0.04333,   0.00832,  -0.01269,  -0.08273,   0.02407,  -0.06697,   0.09586,  -0.09498,  -0.01444,  -0.03721,  -0.13700,  -0.01269,  -0.05646,   0.04683,  -0.01444,   0.02232,   0.01707,   0.07135,   0.01707,   0.02582,   0.10286,   0.12212,   0.03633,  -0.00219,  -0.02670,  -0.01795,   0.01707,  -0.02495,  -0.00219,  -0.07047,   0.04858,   0.03458,  -0.04246,  -0.00744,  -0.05471,  -0.00744,   0.01007,   0.00832,   0.00657,  -0.01269,  -0.04771,  -0.04246,   0.04858,  -0.02145,  -0.04596,   0.01882,  -0.02145,   0.04683,  -0.02670,   0.01707,  -0.06872,  -0.07747,   0.05909,   0.05384,   0.02057,  -0.05121,  -0.00219,   0.00306,  -0.07047,  -0.03195,   0.00131,  -0.04771,   0.04858,   0.04508,  -0.02320,  -0.04246,  -0.03896,   0.00481,   0.01182,  -0.01094,   0.03458,  -0.00744,   0.05909,  -0.03721,   0.01707,  -0.02145,  -0.05997,   0.04158,   0.01357,   0.00481,   0.08010,   0.04333,   0.00306,  -0.03721,   0.00306,   0.02933,  -0.07922,  -0.00219,  -0.04246,   0.05209,  -0.08273,   0.00481,  -0.05646,   0.05909,  -0.05997,   0.02933,  -0.07747,   0.02232,  -0.03721,   0.04683,  -0.10724,   0.05384,  -0.09148,  -0.00744,   0.04158,  -0.01795,  -0.07222,   0.04508,  -0.05822,   0.01882,  -0.11249,  -0.01620,  -0.00744,   0.02407,  -0.01094,   0.03108,  -0.03896,  -0.07397,   0.02757,  -0.04946,  -0.05296,   0.05034,  -0.00394,  -0.00744,   0.05734,   0.01532,   0.06609,  -0.00569,  -0.02495,  -0.00744,   0.00657,   0.02933,   0.08360,  -0.00919,  -0.09498,  -0.04596,  -0.05296,   0.05559,  -0.01795,  -0.06522,   0.04858,  -0.00219,  -0.04771,   0.06609,  -0.02320,  -0.02495,  -0.00744,   0.01357,   0.01882,  -0.00394,  -0.05121,   0.03283,  -0.04771,   0.06434,  -0.05997,   0.03283,   0.03808,  -0.04771,   0.08885,   0.02057,  -0.03545,   0.02232,  -0.04246,  -0.04071,   0.02057,   0.04158,   0.05909,   0.03283,  -0.00919,  -0.01970,  -0.06347,  -0.00219,   0.00657,  -0.03545,   0.00306,  -0.01795,  -0.07397,  -0.01444,   0.01882,   0.02407,   0.00481,   0.05034,   0.01357,   0.02057,   0.00481,   0.02757,   0.04683,   0.00832,   0.00306,   0.06084,   0.02232,   0.06434,   0.05559,   0.09936,   0.04683,   0.05209,  -0.08098,   0.00481,   0.02933,  -0.03195,  -0.03545,  -0.01970,  -0.00044,   0.01532,   0.03808,   0.01007,  -0.02320,   0.07485,   0.04333,  -0.05121,  -0.04246,  -0.00569,   0.03983,   0.00657,  -0.07222,  -0.03721,  -0.03721,   0.08010,  -0.02845,  -0.02495,  -0.06172,  -0.01269,   0.02057,   0.01707,   0.02582,  -0.01094,  -0.02845,   0.00306,   0.04508,  -0.00569,   0.06609,  -0.00219,  -0.01269,   0.02582,   0.03808,  -0.02145,   0.06784,   0.11161,   0.02933,  -0.05646,   0.05034,   0.04158,   0.02933,  -0.03020,   0.00657,   0.07485,  -0.07397,   0.02757,  -0.03020,  -0.00569,   0.00657,  -0.02145,  -0.04421,  -0.01444,   0.08360,  -0.08973,  -0.03545,  -0.05646,   0.04158,  -0.08273,  -0.02320,   0.02232,   0.00832,   0.07835,  -0.01269,   0.01532,  -0.02670,  -0.06522,  -0.00569,   0.05734,  -0.00919,  -0.04946,  -0.06872,   0.02582,  -0.04421,  -0.05296,  -0.02845,   0.03283,  -0.04946,   0.06259,   0.06784,   0.05909,  -0.04946,  -0.01094,   0.00131,  -0.02670,  -0.05296,  -0.04071,   0.07835,  -0.07747,  -0.04071,  -0.04771,   0.02407,   0.02407,   0.04858,  -0.00569,  -0.00744,  -0.00919,  -0.06172,   0.04858,  -0.08623,   0.00306,  -0.02145,   0.05384,  -0.00394,  -0.05997,   0.03283,   0.03633,   0.01882,   0.02057,  -0.07922,   0.04333,   0.04858,  -0.01970,   0.05034,  -0.00219,  -0.08273,   0.03283,   0.10986,   0.05034,  -0.02845,  -0.02145,  -0.04246,  -0.03896,   0.01882,   0.05559,   0.03458,   0.00832,  -0.05646,   0.01007,  -0.06697,  -0.00044,  -0.08448,   0.02232,  -0.00744,  -0.00394,  -0.00219,   0.03633,  -0.03896,   0.01182,  -0.07572,  -0.02145,  -0.06347,  -0.00219,   0.01007,   0.04333,   0.00131,  -0.01795,   0.02757,   0.00131,   0.03108,   0.01007,  -0.04946,  -0.00044,   0.00131,   0.00306,  -0.05822,  -0.01970,   0.03633,  -0.00744,   0.01182,   0.01882,   0.04158,   0.01707,   0.03108,  -0.07572,   0.03633,  -0.05646,  -0.02845,   0.00657,   0.00131,   0.02582,  -0.15101,   0.02057,  -0.00044,  -0.00744,  -0.02145,   0.01707,   0.01707,   0.01357,   0.01182,   0.00131,   0.01357,   0.08010,   0.01007,   0.00657,   0.03283,   0.03458,   0.02407,  -0.05121,  -0.04071,  -0.02845,   0.02757,   0.02407,  -0.06872,   0.01182,  -0.02320,  -0.07222,  -0.03896,   0.01357,   0.01707,   0.04508,   0.07835,  -0.00394,  -0.00394,   0.04508,  -0.03545,   0.03983,  -0.00744,  -0.01444,  -0.01795,  -0.00569,   0.01532,  -0.03896,   0.02232,   0.09411,   0.05384,  -0.02670,  -0.01094,  -0.00744,  -0.03896,   0.00481,   0.07135,   0.00832,   0.02933,   0.03808,  -0.00219,  -0.05121,   0.01532,   0.03633,   0.01182,   0.05034,   0.02407,  -0.00044,  -0.00394,   0.01882,  -0.01795,   0.03458,   0.03458,  -0.06872,  -0.01444,   0.02232,   0.00481,  -0.05121,  -0.07222,  -0.02495,  -0.00044,  -0.08973,  -0.01094,   0.03283,  -0.02495,  -0.02145,   0.06784,  -0.05296,   0.01707,  -0.00219,  -0.05997,  -0.02145,  -0.05997,   0.02757,  -0.08273,   0.01007,  -0.04771,  -0.00744,   0.08535,  -0.05997,  -0.06347,  -0.04771,  -0.04771,  -0.03195,   0.03108,   0.02407,  -0.04071,  -0.02320,  -0.04771,   0.02757,  -0.01620,   0.08010,  -0.01269,  -0.01444,  -0.02670,   0.00657,  -0.04771,  -0.04246,   0.01007,   0.02757,  -0.02670,  -0.01269,  -0.01620,   0.08885,   0.01007,   0.04158,  -0.01444,   0.03808,  -0.05822,   0.01357,  -0.02495,   0.01007,   0.08185,  -0.08448,  -0.00569,   0.08010,   0.02057,   0.03983,   0.02407,   0.03808,  -0.02145,   0.05034,   0.01182,  -0.05997,   0.03633,   0.01882,   0.09586,   0.07485,   0.00657,  -0.02495,  -0.02320,  -0.01620,   0.02232,  -0.03545,  -0.01795,   0.02933,  -0.03370,  -0.11949,  -0.04246,  -0.02320,   0.00131,  -0.02320,   0.01182,  -0.07222,   0.03808,   0.02232,  -0.02145,  -0.02845,   0.09586,  -0.00219,   0.09060,  -0.00744,   0.05909,  -0.04771,  -0.05121,  -0.01094,   0.00657,  -0.00744,   0.02232,   0.01882,  -0.04771,   0.04683,  -0.00394,  -0.00919,  -0.05296,  -0.13000,  -0.00569,   0.04508,  -0.06172,  -0.03896,  -0.00919,  -0.05646,   0.03808,   0.00657,  -0.08623,  -0.01094,   0.01357,  -0.11599,  -0.01444,  -0.03545,  -0.01620,  -0.00569,   0.07310,   0.05734,  -0.00744,   0.05559,  -0.08973,  -0.00394,   0.08185,   0.08010,   0.01357,  -0.09673,   0.04333,  -0.09148,   0.03808,   0.02933,   0.01532,  -0.02495,   0.08010,   0.01357,   0.03283,   0.02582,  -0.07922,   0.01707,   0.04858,   0.01707,  -0.01970,   0.03108,  -0.03721,  -0.02145,   0.03633,  -0.07047,   0.02232,  -0.03721,   0.06259,   0.01882,   0.00657,   0.04508,  -0.08273,   0.00657,   0.11687,   0.02407,   0.02232,  -0.03896,   0.04333,   0.08535,  -0.00219,  -0.01269,  -0.09148,   0.05384,   0.06784,  -0.11599,  -0.10724,   0.03283,   0.01182,   0.00832,   0.00832,  -0.00569,  -0.02145,  -0.07047,  -0.07222,  -0.09673,   0.01882,  -0.02320,  -0.04071,   0.06434,  -0.06347,   0.01532,  -0.03370,   0.00832,   0.03458,   0.00657,   0.02232,  -0.04771,  -0.02320,   0.03808,  -0.00219,  -0.02145,   0.04333,   0.02407,   0.04333,  -0.01444,   0.02057,   0.02757,  -0.04421,  -0.01795,  -0.01970,  -0.04246,  -0.00044,   0.06084,   0.02582,   0.01882,  -0.01094,   0.06434,   0.05384,   0.04158,  -0.07747,   0.00481,  -0.02145,  -0.00569,   0.00657,   0.04158,   0.00306,   0.05384,   0.01182,   0.05034,  -0.00569,  -0.01970,  -0.06522,   0.10636,  -0.04421,  -0.05646,   0.01882,   0.06434,   0.01707,  -0.05822,  -0.06872,   0.02407,  -0.05822,   0.02933,   0.06784,  -0.01094,   0.01007,  -0.01269,  -0.01444,   0.05559,   0.00306,   0.04333,   0.00306,  -0.03020,  -0.06697,   0.09586,  -0.00569,   0.01882,   0.01357,   0.08010,  -0.03195,  -0.02495,   0.03283,   0.03808,  -0.06172,  -0.05471,  -0.03896,  -0.00744,   0.00131,   0.04333,  -0.01795,  -0.05997,  -0.01269,  -0.00394,  -0.03896,   0.01182,   0.05734,  -0.01620,   0.06434,  -0.02145,  -0.01970,   0.05209,  -0.00744,   0.04508,   0.02407,   0.03983,  -0.04246,  -0.01970,  -0.00219,  -0.06522,  -0.06347,  -0.09148,   0.01357,   0.02582,   0.03108
   0.07485,   0.04683,  -0.04421,   0.07135,  -0.05997,  -0.02670,   0.02407,  -0.00744,   0.01182,   0.02933,   0.02057,   0.05209,   0.02757,   0.01007,   0.08185,  -0.08448,   0.05909,  -0.01094,  -0.06872,   0.02057,   0.01182,   0.09411,  -0.04946,   0.00832,   0.05384,  -0.01444,   0.00306,   0.01707,   0.05034,  -0.04246,   0.04158,  -0.00919,  -0.05296,   0.05209,  -0.00919,  -0.00219,   0.05909,  -0.00919,   0.02582,  -0.04071,   0.04158,  -0.03545,   0.12912,   0.02933,   0.04508,  -0.01795,  -0.01444,  -0.01094,   0.01707,  -0.05997,   0.13437,   0.03983,  -0.04946,  -0.07397,  -0.01094,  -0.06697,  -0.07397,  -0.01094,  -0.01795,   0.00481,   0.01882,   0.02933,  -0.02495,  -0.01094,  -0.00569,   0.01882,   0.02057,  -0.06697,  -0.02495,   0.00131,  -0.05296,  -0.03020,   0.03458,  -0.00394,  -0.06697,   0.02933,   0.03633,  -0.05121,   0.01532,   0.04333,  -0.04596,   0.01882,   0.00306,   0.01007,  -0.03896,  -0.00919,  -0.02145,  -0.00919,   0.03983,  -0.01795,   0.01707,   0.05734,   0.03283,   0.05034,  -0.02145,   0.00306,   0.02582,   0.06959,   0.00131,  -0.04596,  -0.02495,   0.01007,  -0.04596,  -0.03370,  -0.00744,  -0.04946,  -0.04946,  -0.03545,  -0.06872,   0.09235,   0.06434,   0.00306,  -0.03545,  -0.01620,  -0.08798,  -0.01094,  -0.05822,   0.01707,   0.01357,   0.05034,  -0.00219,  -0.04421,  -0.08623,   0.02407,   0.01707,   0.07835,   0.16764,  -0.03896,  -0.09148,  -0.01269,   0.02407,  -0.03545,  -0.01094,  -0.06172,  -0.00044,  -0.03545,  -0.04771,   0.00832,  -0.03545,   0.02757,   0.01357,  -0.02670,   0.03808,   0.10986,   0.00131,  -0.01970,  -0.05296,   0.02582,  -0.02320,   0.05384,  -0.00394,   0.05559,  -0.01444,   0.01707,  -0.02145,   0.08185,   0.00481,  -0.08273,   0.00131,  -0.02670,  -0.04071,   0.00131,  -0.03370,  -0.02845,   0.03633,   0.02407,  -0.00044,  -0.04946,   0.07135,  -0.01094,   0.04158,  -0.05471,  -0.07572,   0.07310,  -0.00394,   0.05909,  -0.03370,   0.01357,  -0.01620,  -0.03020,   0.00832,   0.01882,   0.01182,  -0.00569,   0.02232,  -0.04771,  -0.01795,   0.02057,  -0.04946,   0.08360,  -0.01620,  -0.01620,   0.01357,   0.01882,  -0.09498,   0.01357,   0.05734,  -0.02495,  -0.02670,   0.05734,  -0.09148,  -0.03195,   0.05559,  -0.00919,   0.03808,  -0.02845,  -0.07047,   0.04858,  -0.03195,  -0.00919,   0.02757,  -0.03020,  -0.04596,  -0.04246,  -0.01620,  -0.00219,  -0.09498,   0.03633,   0.04158,   0.07660,   0.03983,   0.04158,  -0.02495,   0.12212,  -0.02320,  -0.02845,  -0.01444,  -0.04421,  -0.03195,   0.03633,   0.01007,  -0.05997,   0.09060,  -0.01094,  -0.06522,  -0.02145,  -0.07397,  -0.01795,   0.09936,   0.00657,   0.06259,   0.06434,  -0.03020,   0.00131,  -0.02670,   0.15889,  -0.05646,  -0.02145,  -0.07747,  -0.02845,   0.01357,   0.00131,   0.02407,  -0.04071,   0.02757,  -0.05471,  -0.05471,  -0.00569,  -0.00919,  -0.03370,   0.06084,  -0.05121,   0.08885,   0.07135,   0.03458,   0.02933,   0.00832,   0.00832,  -0.00569,  -0.03195,   0.02757,  -0.01620,   0.04683,   0.03633,  -0.04071,  -0.06172,  -0.00919,  -0.01269,   0.02933,   0.09936,  -0.03020,   0.02582,  -0.04946,   0.00657,  -0.04946,   0.13087,   0.00657,  -0.01795,   0.02933,  -0.03195,  -0.00744,   0.01182,  -0.03195,   0.05384,  -0.02845,   0.03283,  -0.01269,  -0.06872,  -0.08798,  -0.04771,   0.00657,  -0.07747,   0.00657,  -0.03020,   0.01532,   0.02232,   0.00131,   0.01182,   0.00131,  -0.00919,   0.07310,   0.07135,   0.07485,   0.03108,   0.04858,  -0.00569,   0.02407,  -0.03020,   0.02582,  -0.05822,  -0.00569,   0.00657,   0.02057,   0.06434,  -0.10549,  -0.02495,   0.00131,   0.04333,  -0.05997,  -0.04771,  -0.00744,   0.03283,   0.03108,  -0.00744,  -0.03721,  -0.00744,   0.02757,  -0.07222,   0.05034,  -0.06347,   0.04333,   0.04508,   0.00131,   0.00306,   0.03808,  -0.07747,   0.06784,  -0.05121,   0.04508,   0.08885,  -0.00569,  -0.00569,  -0.02145,  -0.04771,  -0.13175,  -0.01795,   0.06609,  -0.00044,   0.03108,  -0.01970,  -0.00044,  -0.00569,  -0.00744,  -0.05997,   0.06784,  -0.03721,   0.00481,   0.05384,  -0.02320,   0.02407,  -0.01094,  -0.01444,  -0.07922,   0.06959,   0.04158,   0.04508,  -0.00569,  -0.04596,   0.06084,  -0.03545,  -0.00044,  -0.02145,  -0.04771,  -0.04596,   0.07835,   0.01007,   0.05384,  -0.07047,   0.03283,  -0.06347,  -0.03020,  -0.05646,  -0.01620,   0.02232,  -0.02145,   0.00481,  -0.01444,   0.03633,  -0.07572,  -0.00044,   0.02933,  -0.03545,  -0.01970,  -0.01795,  -0.04946,   0.03983,   0.00481,   0.03283,   0.04683,  -0.00219,  -0.07572,  -0.02145,  -0.06172,   0.04158,   0.04683,  -0.07572,   0.01707,   0.02232,   0.01707,   0.01882,   0.01007,  -0.00919,   0.01357,   0.02407,  -0.00219,  -0.06347,  -0.00744,  -0.02320,  -0.00569,  -0.00569,   0.01182,  -0.10549,  -0.00394,   0.05209,  -0.00569,   0.03108,   0.00657,   0.06434,   0.00657,   0.03633,   0.06434,  -0.00394,   0.05559,  -0.03370,   0.01882,  -0.05822,   0.00131,   0.03458,   0.01882,   0.04858,   0.07660,   0.00832,   0.07660,   0.01882,   0.01532,  -0.02845,   0.03458,  -0.04596,  -0.06522,  -0.01795,   0.02407,  -0.04421,   0.06609,   0.03808,   0.02057,  -0.02495,  -0.00919,  -0.03370,   0.05034,  -0.07047,  -0.05296,   0.00306,   0.03633,   0.00481,  -0.04246,   0.06609,   0.05909,  -0.06172,   0.01357,   0.00832,   0.03633,  -0.01094,  -0.04421,   0.00657,  -0.06872,   0.04858,  -0.02670,   0.02757,  -0.04596,   0.01007,  -0.00044,   0.02232,   0.08185,  -0.01444,  -0.00569,   0.02057,   0.00131,   0.07485,  -0.00219,   0.00481,   0.01532,   0.01007,   0.01357,   0.06784,  -0.04946,   0.01357,  -0.00744,  -0.05121,  -0.00744,  -0.02495,   0.03633,  -0.04246,  -0.04421,   0.04858,   0.04333,  -0.00394,   0.06609,  -0.02670,   0.02757,   0.02933,   0.04508,   0.01182,   0.03283,  -0.03896,   0.02232,  -0.02845,  -0.02495,   0.09060,   0.03108,  -0.05471,  -0.07047,   0.00131,   0.03808,   0.06084,  -0.04071,   0.04683,  -0.03370,   0.06784,  -0.05296,   0.05209,  -0.00219,  -0.03896,   0.05034,  -0.06172,   0.04333,  -0.00219,   0.07485,   0.01882,  -0.03721,   0.03633,   0.04158,   0.03808,  -0.01620,  -0.03195,   0.00481,  -0.00219,   0.02232,  -0.04596,   0.03108,  -0.02670,   0.02057,  -0.05997,  -0.03020,  -0.02145,   0.04508,  -0.02495,  -0.00044,  -0.03721,  -0.04596,   0.03108,   0.03808,   0.00657,  -0.02145,  -0.03020,  -0.00219,  -0.08448,   0.02757,   0.04508,  -0.02670,   0.03983,  -0.00394,  -0.00219,  -0.00219,   0.06959,   0.01882,   0.02407,  -0.07397,   0.00832,   0.03633,   0.03458,  -0.07047,  -0.03721,   0.02582,  -0.00219,   0.02232,   0.01007,   0.03983,  -0.08973,   0.05559,   0.08885,  -0.03545,  -0.04946,  -0.01269,   0.03808,  -0.02670,  -0.02145,   0.05909,   0.03108,   0.02232,   0.03808,  -0.05471,  -0.06697,   0.00657,   0.03108,  -0.01094,   0.05384,   0.01357,  -0.04596,   0.01007,   0.01707,   0.04158,   0.06784,   0.01007,   0.00306,  -0.05646,  -0.03545,  -0.03721,   0.02407,   0.02582,   0.00131,   0.03808,  -0.01620,  -0.04421,   0.01182,   0.01182,   0.08185,   0.03283,   0.00306,   0.04858,  -0.02845,  -0.01269,  -0.00919,  -0.06347,  -0.07747,   0.02057,   0.02757,  -0.05471,   0.00832,  -0.00569,   0.01182,   0.00832,  -0.00919,  -0.03020,  -0.07572,   0.00657,  -0.03545,   0.03283,   0.00131,  -0.04596,   0.02407,   0.00481,   0.02232,   0.02582,   0.00657,  -0.04421,   0.00131,   0.03458,   0.03633,  -0.01094,  -0.05121,  -0.00744,   0.00131,   0.08885,   0.03108,  -0.01444,  -0.00044,  -0.08098,  -0.05822,   0.02057,  -0.01269,  -0.02320,   0.00657,   0.02407,  -0.00219,   0.01182,   0.02757,   0.00657,  -0.03370,  -0.05121,  -0.02495,  -0.03195,  -0.00219,  -0.05646,   0.05734,  -0.01970,  -0.05121,   0.03808,   0.02232,  -0.05471,  -0.03896,   0.00306,  -0.02145,   0.07485,  -0.01795,  -0.07222,  -0.03721,   0.05559,  -0.01795,   0.02757,  -0.03020,   0.03983,  -0.01444,  -0.08973,   0.02057,   0.03983,   0.01532,   0.01707,   0.06084,  -0.00744,   0.06609,   0.00481,  -0.01795,  -0.07047,  -0.01970,   0.09761,  -0.00044,  -0.02495,  -0.00744,   0.03283,  -0.04421,  -0.04421,  -0.03195,  -0.03721,  -0.07922,  -0.03020,  -0.01269,   0.01707,  -0.01444,  -0.15976,   0.02232,  -0.01269,  -0.02320,   0.06434,   0.08185,   0.06784,   0.02407,  -0.04071,  -0.01970,  -0.08623,   0.03283,   0.01182,  -0.01795,  -0.01444,  -0.04596,   0.01707,   0.05559,  -0.00919,  -0.03020,  -0.01094,   0.04333,  -0.02845,  -0.03195,   0.02582,   0.07310,   0.04508,   0.04158,   0.04508,  -0.03370,  -0.09148,   0.03633,   0.00481,  -0.07572,   0.02582,  -0.02320,  -0.03721,   0.01007,  -0.00044,   0.00481,  -0.00219,   0.02057,   0.01007,  -0.08798,   0.02057,  -0.11949,   0.04333,  -0.07397,  -0.08098,  -0.04421,  -0.00044,   0.00306,   0.00657,   0.04683,   0.01007,  -0.01970,  -0.05296,   0.02232,  -0.01620,   0.01707,   0.01007,   0.03108,   0.01532,  -0.09323,  -0.05997,  -0.00744,   0.01707,   0.02232,  -0.06522,   0.02582,  -0.01094,  -0.04071,   0.07485,   0.00657,   0.05909,   0.02582,  -0.03896,  -0.03370,   0.03633,   0.03808,   0.02757,   0.04858,  -0.02320,  -0.01444,   0.02582,   0.01357,  -0.05296,   0.07135,  -0.03370,  -0.08448,  -0.04596,  -0.01444,  -0.04771,   0.02057,   0.11862,  -0.04771,   0.03283,   0.00481,   0.04508,   0.07135,  -0.03195,  -0.02495,   0.06259,   0.03108,   0.05559,   0.06959,  -0.03896,   0.04508,   0.00481,   0.06084,   0.05559,   0.05384,  -0.01444,   0.02757,  -0.08798,   0.00131,   0.00131,  -0.04421,   0.01532,  -0.02145,  -0.02145,   0.00131,   0.02582,   0.02407,   0.01882,  -0.01795,  -0.09498,  -0.05121,  -0.00044,  -0.04596,   0.01707,  -0.03195,   0.04333,   0.03633,   0.01182,  -0.11424,   0.08710,  -0.02670,  -0.07397,  -0.04771,  -0.04596,   0.02582,  -0.01444,  -0.00569,   0.03283,  -0.04421,  -0.08623,   0.05034,  -0.04246,   0.06084,   0.00481,   0.04158,   0.02582,   0.02407,   0.00657,   0.05384,   0.00657,   0.09411,   0.01182,  -0.00919,  -0.00394,   0.04858,  -0.02495,  -0.01444,   0.02232,   0.05034,   0.03633,   0.02757,   0.03808,  -0.01970,  -0.03545,  -0.03195,   0.00481,  -0.04596,  -0.02145,   0.02057,   0.03808,  -0.00219,   0.01357,  -0.05822,   0.10811,  -0.02145,  -0.03721,  -0.02845,  -0.01269,  -0.06522,   0.00481,  -0.03721,  -0.08273,   0.01007,  -0.03195,   0.03633,  -0.03195,   0.01182,  -0.00219,  -0.02495,  -0.07397,   0.05384,  -0.04946,  -0.01970,  -0.05997,  -0.07397,  -0.00044,   0.00481,  -0.07922,   0.00131,  -0.00394,  -0.06347,   0.00657,   0.12212,  -0.07747,   0.03458,  -0.00569,  -0.04771,  -0.04421,  -0.04071,  -0.03545,   0.09060,   0.06434,   0.03283,   0.01532,   0.00832,  -0.01094,  -0.00044,  -0.13875,  -0.00394,  -0.01620,   0.00481,   0.00657,  -0.04946,   0.04333,  -0.01970,   0.02582,   0.01707,  -0.00744,  -0.02495,   0.02407,  -0.05121,   0.05909,  -0.03020,  -0.00569,  -0.04071,  -0.01269,   0.12737,  -0.05822,   0.03458,   0.06959,  -0.05121,   0.02232,   0.05384,   0.05209,   0.01007,  -0.07222,  -0.02320,  -0.03195,   0.02232,   0.00657,   0.03633,  -0.05121,   0.02232,  -0.01795,   0.02057,   0.00481,  -0.00744,  -0.10023,   0.02407,  -0.05296,  -0.04596,  -0.07047,   0.01182,   0.01357,   0.04508,  -0.00219,  -0.02145,  -0.00744,   0.03458,   0.09060,   0.02407,  -0.01444,   0.06434,   0.03283,  -0.01094,  -0.00394,  -0.00044,  -0.02495,   0.05034
  -0.01795,  -0.04246,   0.01357,  -0.01620,  -0.02495,  -0.00394,   0.12037,  -0.04421,  -0.05121,   0.01007,   0.05734,  -0.04771,  -0.01620,  -0.00569,  -0.03721,  -0.00044,  -0.07222,   0.07135,   0.02232,   0.05909,   0.01707,   0.04683,   0.05559,  -0.05296,  -0.08098,  -0.04596,   0.00481,  -0.01795,  -0.02320,  -0.06872,  -0.01094,   0.02582,   0.02232,   0.01532,  -0.08973,   0.02057,  -0.01094,   0.01532,   0.02232,   0.00131,   0.01182,   0.00832,   0.05209,   0.03283,   0.10461,  -0.06172,  -0.01269,   0.02232,   0.01707,  -0.03370,   0.01182,   0.00306,   0.01007,  -0.03896,   0.11161,   0.02057,  -0.00919,  -0.01094,  -0.02145,   0.05384,   0.05034,  -0.04246,   0.03808,  -0.01094,  -0.01795,  -0.02670,  -0.04596,  -0.00219,   0.05209,  -0.03896,   0.04158,   0.00481,  -0.10899,  -0.02145,   0.05034,  -0.01094,   0.01007,  -0.06522,   0.07310,  -0.00569,   0.04508,   0.03458,   0.03458,  -0.03195,  -0.02670,   0.00832,   0.02232,  -0.02145,  -0.03195,   0.10111,  -0.00394,  -0.02670,  -0.06522,  -0.05296,   0.01882,   0.14313,  -0.03545,   0.05209,  -0.02320,   0.04683,   0.02407,   0.03983,  -0.08973,  -0.03020,   0.01532,   0.06084,  -0.08448,  -0.01444,  -0.00919,  -0.00219,   0.03283,   0.01182,   0.01882,  -0.00044,  -0.03721,   0.08010,   0.06084,   0.03283,   0.02407,   0.06959,   0.05734,  -0.03896,   0.04683,   0.02407,   0.04333,  -0.02845,  -0.01444,   0.01532,  -0.08973,   0.05734,  -0.10899,  -0.09673,  -0.04946,   0.09060,   0.03283,   0.00657,   0.03283,   0.04158,  -0.07747,  -0.04946,  -0.02495,  -0.06172,  -0.04596,  -0.07047,   0.07835,   0.01357,  -0.04771,  -0.02320,  -0.04071,  -0.07222,  -0.03195,   0.00131,  -0.04071,  -0.02670,  -0.05471,  -0.02845,   0.04683,   0.01357,   0.00131,   0.00131,   0.02057,   0.02407,  -0.04246,  -0.01620,  -0.07922,   0.05384,  -0.00744,   0.00131,   0.00306,   0.05909,  -0.01094,   0.02057,  -0.00044,  -0.01620,   0.08010,   0.00832,   0.02933,   0.01007,  -0.03370,   0.04858,  -0.03721,   0.06784,   0.10636,  -0.10374,   0.09060,   0.06084,  -0.12475,   0.02582,  -0.04771,   0.01707,   0.01182,  -0.03020,  -0.05646,  -0.03195,   0.16764,  -0.02145,   0.00481,   0.05909,   0.02933,   0.00481,  -0.01970,   0.02933,  -0.03370,   0.04683,   0.06609,  -0.02670,   0.06259,  -0.06522,  -0.07747,  -0.00919,   0.03808,   0.05559,  -0.03896,  -0.00394,  -0.05296,  -0.00919,  -0.00044,  -0.00569,  -0.01795,  -0.00744,   0.12737,   0.04858,  -0.09673,   0.04683,  -0.01795,   0.03633,  -0.02320,   0.07485,  -0.03896,   0.05384,  -0.02845,  -0.05296,  -0.04071,  -0.03195,   0.04508,  -0.03195,  -0.00744,  -0.06172,   0.07310,   0.01707,   0.05034,   0.01882,   0.02407,   0.00131,   0.02232,  -0.02495,   0.07310,   0.02407,   0.07310,  -0.02320,   0.01182,   0.03283,  -0.00569,   0.05734,   0.05034,  -0.03896,   0.03283,  -0.03545,   0.01882,   0.00306,   0.09936,   0.00481,   0.01532,   0.08885,  -0.02145,  -0.02495,  -0.02845,  -0.05822,  -0.03020,   0.03108,  -0.00219,   0.00481,  -0.00569,   0.01882,   0.05909,   0.06959,   0.02933,   0.00481,  -0.01269,  -0.04771,   0.09761,  -0.01444,   0.03108,  -0.03545,   0.01532,  -0.03896,  -0.02495,  -0.03020,   0.06084,  -0.01795,  -0.01269,   0.01882,   0.02757,  -0.04596,  -0.03370,  -0.03020,   0.03458,  -0.00394,  -0.01620,   0.13437,   0.01007,  -0.02145,  -0.00044,   0.10111,   0.04158,   0.00657,  -0.05296,  -0.01094,  -0.03545,   0.00832,  -0.02320,   0.08710,   0.01007,   0.00832,  -0.00394,  -0.07747,  -0.02320,  -0.07397,   0.02057,   0.01007,   0.00481,   0.06784,  -0.04946,   0.08885,  -0.01795,   0.07660,   0.00481,  -0.01620,   0.01532,   0.06784,   0.02232,  -0.00394,  -0.00219,   0.05209,  -0.05646,   0.03983,  -0.08098,   0.00832,  -0.01620,   0.00306,   0.02057,  -0.05471,   0.00481,   0.00832,  -0.04596,  -0.02320,  -0.02145,  -0.03195,   0.07660,  -0.04071,  -0.07222,  -0.10023,   0.05734,   0.01882,  -0.07222,  -0.01795,   0.01882,  -0.01795,   0.09235,  -0.01970,   0.00481,  -0.00919,  -0.01444,  -0.01269,  -0.01444,   0.00306,  -0.02495,   0.06084,   0.04333,   0.01357,  -0.04596,   0.04158,   0.06434,  -0.00919,   0.04858,  -0.00044,   0.03633,  -0.05296,   0.03808,   0.08710,   0.03983,  -0.05471,   0.01182,  -0.00744,   0.02933,   0.00657,   0.05209,   0.05909,  -0.02670,   0.04508,  -0.05121,   0.06959,  -0.07922,  -0.05646,   0.05559,  -0.04071,  -0.00044,  -0.05822,   0.02407,   0.02933,   0.07135,   0.00481,  -0.03721,  -0.02145,  -0.01795,  -0.00219,  -0.02495,   0.06084,   0.00832,  -0.02495,  -0.05121,  -0.02845,  -0.08448,   0.07835,  -0.00394,   0.01357,  -0.03721,  -0.01795,  -0.01795,   0.06784,   0.03808,   0.04683,   0.01707,  -0.02845,   0.07660,   0.02407,   0.03458,  -0.02845,  -0.00219,   0.03633,  -0.04946,   0.05034,   0.02407,  -0.00044,  -0.02670,  -0.03721,  -0.06697,   0.09936,  -0.00219,   0.03633,  -0.02670,  -0.00569,  -0.02495,   0.03283,   0.02232,  -0.00219,   0.02407,  -0.10899,  -0.03195,  -0.01970,   0.02757,   0.03283,   0.01182,  -0.01094,   0.01007,   0.03983,  -0.03545,  -0.02320,  -0.05121,  -0.00044,  -0.09323,   0.09586,   0.01357,  -0.01795,   0.04158,   0.00832,   0.06084,  -0.07397,   0.01182,  -0.03370,  -0.04946,  -0.04946,  -0.03020,   0.02232,  -0.00919,   0.02757,   0.20966,   0.01357,   0.05734,   0.05209,   0.07485,   0.02582,   0.01182,   0.01007,  -0.04246,   0.01532,   0.06084,  -0.01444,   0.00131,   0.04158,  -0.00919,  -0.00744,   0.03808,   0.03633,   0.04858,   0.07835,  -0.03195,   0.01007,   0.13788,   0.05734,   0.03108,   0.00306,   0.01532,   0.01182,   0.03108,  -0.10199,  -0.00044,  -0.01269,  -0.02320,  -0.01795,  -0.03896,   0.00657,  -0.01970,   0.01882,   0.01357,   0.00832,  -0.03721,  -0.00744,  -0.01269,  -0.02320,   0.05209,   0.02757,  -0.02145,   0.01007,   0.08010,   0.07485,  -0.06347,  -0.00744,   0.05209,   0.02582,  -0.04246,  -0.10023,   0.06084,  -0.07222,   0.02232,   0.03108,  -0.05121,   0.01182,  -0.01620,   0.01007,   0.01707,  -0.00919,   0.04858,   0.02757,   0.04683,   0.01007,   0.02407,   0.00832,   0.01007,   0.01007,   0.05734,   0.00481,   0.01882,  -0.09673,   0.01707,  -0.06697,  -0.05471,  -0.03020,  -0.02495,  -0.01970,  -0.02145,  -0.02845,  -0.00219,   0.02407,   0.01707,  -0.01269,  -0.10549,   0.00481,   0.09235,  -0.03896,  -0.06872,  -0.04946,   0.01007,  -0.00219,  -0.04246,  -0.07572,  -0.02145,  -0.02845,   0.06084,  -0.00919,   0.02757,  -0.06522,   0.00657,   0.03283,  -0.00919,   0.02057,   0.03983,  -0.02145,  -0.00569,   0.01182,   0.02582,  -0.00569,   0.00131,   0.05909,  -0.03370,   0.01182,  -0.01795,  -0.01444,  -0.01094,  -0.04246,  -0.04421,  -0.01795,   0.01882,   0.00657,   0.08010,   0.01707,  -0.09323,  -0.01094,   0.01882,  -0.07397,   0.01532,  -0.01970,  -0.06347,  -0.04596,  -0.01094,   0.02407,   0.01182,   0.07310,   0.04333,  -0.03721,  -0.06522,  -0.00744,   0.07835,   0.06259,  -0.03545,  -0.03896,   0.05034,   0.03633,  -0.02320,  -0.03545,  -0.04071,  -0.00569,  -0.07397,  -0.01795,   0.06609,  -0.10374,   0.00131,  -0.00919,  -0.00044,   0.00131,  -0.02145,   0.06084,   0.07485,   0.00832,   0.00481,   0.02232,  -0.00394,  -0.04246,  -0.02495,  -0.04771,  -0.04946,  -0.00044,  -0.01620,  -0.05296,  -0.00044,  -0.02145,   0.07835,   0.01707,  -0.00744,   0.02757,  -0.04771,  -0.03545,  -0.00569,  -0.03370,  -0.06347,  -0.03195,  -0.01795,   0.06959,  -0.00744,   0.05734,  -0.00744,  -0.04946,   0.09060,   0.08010,   0.07660,   0.05034,   0.00306,   0.05034,   0.00832,  -0.10199,   0.03458,   0.00131,  -0.10199,  -0.06872,  -0.03020,   0.00481,  -0.05822,  -0.05997,  -0.04771,  -0.05121,  -0.01620,   0.01182,  -0.01444,   0.01007,   0.02582,   0.00832,   0.03283,  -0.03195,  -0.01795,   0.06959,  -0.00044,   0.03283,  -0.00219,   0.03108,   0.00131,  -0.03195,   0.01882,  -0.07922,   0.08185,   0.00306,  -0.00919,   0.07485,  -0.00219,  -0.00394,  -0.09498,   0.08710,  -0.01444,   0.06434,   0.09235,   0.04683,   0.06959,  -0.01620,   0.06434,   0.06434,  -0.07222,   0.01532,  -0.02145,  -0.03020,  -0.06697,   0.06259,   0.04508,   0.10111,   0.05384,   0.05559,  -0.04946,  -0.02845,  -0.03721,  -0.01094,  -0.03545,  -0.02495,  -0.06872,   0.09235,   0.00832,   0.12037,   0.01007,   0.02057,   0.06434,  -0.00394,   0.02757,   0.00131,  -0.08798,  -0.00919,  -0.01620,  -0.02320,   0.09586,  -0.03370,   0.00131,  -0.00569,   0.04508,  -0.02670,  -0.05471,  -0.01970,  -0.01970,  -0.03195,  -0.09323,   0.03808,  -0.02320,  -0.00919,  -0.01795,   0.03458,  -0.01269,  -0.05997,   0.05034,   0.03633,  -0.01795,   0.12912,   0.01707,  -0.00744,  -0.00219,   0.08360,  -0.00744,  -0.09848,   0.04858,   0.01357,   0.03458,   0.05209,   0.02232,   0.04683,  -0.05296,   0.00481,  -0.06522,  -0.03020,   0.02232,  -0.02670,  -0.01795,  -0.05822,   0.07310,   0.07835,  -0.00394,   0.03633,  -0.04071,   0.03808,   0.06784,  -0.02845,  -0.02320,  -0.05296,   0.01882,   0.02407,   0.02933,   0.05909,  -0.00569,  -0.02145,   0.00131,   0.02057,   0.09235,  -0.01795,   0.08710,  -0.03195,   0.05209,  -0.02145,   0.02933,  -0.00219,   0.07135,   0.02933,  -0.01444,   0.00832,  -0.04071,  -0.03020,  -0.02670,   0.06434,   0.04858,   0.02582,  -0.03370,  -0.00744,   0.01357,  -0.00919,   0.03633,  -0.07922,   0.03633,   0.00306,  -0.05471,   0.04158,  -0.04421,   0.04158,   0.02232,  -0.06697,   0.05034,   0.00657,  -0.04421,   0.02057,  -0.06522,   0.03983,  -0.05121,   0.03458,  -0.01795,   0.02057,   0.06784,   0.02057,   0.07135,  -0.03195,   0.00832,  -0.03195,  -0.01444,  -0.03195,   0.04683,   0.01532,  -0.02145,  -0.04421,   0.04333,  -0.02495,  -0.04946,  -0.01970,   0.05384,  -0.03721,  -0.08973,  -0.05822,  -0.01620,  -0.05997,   0.06959,   0.03808,  -0.05822,   0.09060,  -0.00744,   0.07310,   0.10636,  -0.08098,   0.01007,   0.08535,   0.04333,  -0.04071,  -0.07222,   0.00657,  -0.05121,   0.05559,   0.02232,  -0.00569,   0.00306,   0.02407,   0.09060,   0.09411,  -0.04946,   0.07660,  -0.04421,  -0.04246,   0.01532,  -0.04421,  -0.03721,   0.06784,   0.06434,  -0.01620,   0.00832,  -0.03545,   0.00306,   0.01182,  -0.12475,  -0.04421,   0.03283,   0.03808,  -0.01444,  -0.06697,  -0.01795,  -0.06172,  -0.03020,   0.05034,   0.03633,   0.00481,   0.00131,  -0.06872,   0.03283,  -0.01795,  -0.02320,  -0.00044,   0.01182,  -0.03370,   0.00832,   0.03983,  -0.05296,  -0.00569,   0.00832,  -0.02320,  -0.01269,  -0.02320,  -0.01269,  -0.00569,  -0.04246,  -0.07222,   0.04333,  -0.07222,  -0.05646,   0.03108,   0.02407,  -0.01269,   0.00832,  -0.01444,   0.03108,  -0.05471,   0.05734,   0.09411,  -0.04421,  -0.07222,  -0.01094,  -0.02145,   0.01182,   0.04858,   0.09060,  -0.03370,   0.06609,   0.04158,   0.01007,   0.01882,  -0.03896,   0.03108,   0.05209,   0.01882,   0.02232,   0.01532,  -0.03020,   0.02057,  -0.00394,   0.06084,  -0.02495,   0.12387,   0.06434,  -0.04421,  -0.02845,  -0.08798,  -0.01970,   0.01357,  -0.03896,   0.01182,  -0.01094,  -0.06347,  -0.04771,   0.04683,   0.04683,  -0.07747,  -0.00044,  -0.04596,   0.07135,   0.03633,  -0.03370,   0.00131,   0.02232,  -0.07747,  -0.00394,   0.13613,  -0.00394,  -0.00394,   0.02232,  -0.01094,  -0.05822,  -0.04246,   0.05559,   0.00481,   0.09060,  -0.02670,   0.01182,   0.06959,   0.03633,   0.00832,   0.08885,  -0.04946,  -0.00219,  -0.01970
  -0.02145,   0.04858,  -0.01620,   0.03983,  -0.03195,  -0.00919,   0.09411,  -0.07397,  -0.01970,  -0.00394,   0.06084,  -0.00919,   0.03983,  -0.00919,  -0.07397,   0.00657,  -0.02320,   0.05734,   0.02057,   0.00131,   0.04333,   0.03983,  -0.01444,  -0.02320,   0.03458,  -0.01094,  -0.04246,   0.01707,  -0.02320,   0.05734,  -0.03545,   0.01182,   0.02757,   0.05559,  -0.00219,   0.03633,  -0.05471,   0.03283,  -0.04596,   0.03983,  -0.01094,   0.00481,   0.03983,  -0.02320,   0.04508,  -0.01970,   0.00657,  -0.01269,  -0.05121,   0.04158,  -0.00744,   0.02757,   0.03633,  -0.02495,   0.02933,  -0.05121,  -0.01094,   0.03983,   0.02057,   0.07660,  -0.01444,  -0.02495,  -0.08623,  -0.05296,   0.00832,  -0.02845,  -0.05646,   0.10111,   0.08185,   0.01007,   0.01007,  -0.01094,   0.03808,   0.01007,   0.02582,   0.01007,  -0.01444,   0.01182,   0.03633,  -0.01795,   0.04858,   0.01532,   0.02057,  -0.01444,   0.02407,  -0.02320,   0.06784,   0.10811,   0.06259,  -0.00394,  -0.04421,  -0.03545,   0.03633,  -0.01444,  -0.01094,  -0.03370,  -0.08098,  -0.01620,   0.00657,   0.04858,  -0.06347,  -0.00919,  -0.01970,   0.04508,  -0.01444,   0.07835,  -0.05646,   0.04508,  -0.05296,   0.09936,  -0.05997,   0.02057,  -0.05646,  -0.00394,  -0.06347,   0.06259,  -0.02495,   0.02232,  -0.01620,   0.00306,  -0.05646,   0.01182,   0.02757,   0.05909,   0.02933,  -0.06172,   0.00481,   0.03458,   0.04858,   0.03808,  -0.07747,  -0.00744,  -0.03721,  -0.07222,   0.02757,  -0.00219,  -0.01094,   0.02582,  -0.01444,  -0.03020,  -0.03195,   0.00481,   0.00306,  -0.03721,  -0.09148,   0.02232,   0.05734,  -0.05296,  -0.00919,   0.03283,  -0.07747,  -0.00219,  -0.04421,  -0.03370,  -0.02320,  -0.03370,  -0.03195,  -0.06697,   0.08885,   0.02057,   0.03458,   0.03633,  -0.00394,  -0.04246,  -0.11249,   0.04333,  -0.03545,  -0.05822,   0.02757,  -0.07747,  -0.01094,   0.02582,  -0.02145,   0.00306,   0.02933,  -0.01444,  -0.03545,  -0.08273,   0.04508,  -0.03545,  -0.06522,   0.00481,   0.01532,  -0.04596,   0.03808,   0.04683,  -0.03721,  -0.01620,  -0.00044,   0.04333,  -0.05997,   0.00306,   0.01357,   0.02582,   0.02057,  -0.12124,  -0.02320,  -0.00919,   0.03983,  -0.05296,   0.04508,  -0.03370,  -0.02320,  -0.00919,  -0.01444,   0.04508,   0.04858,   0.07135,   0.01357,   0.02407,   0.01007,   0.00306,  -0.00744,  -0.06697,   0.00306,   0.02757,  -0.06872,  -0.05121,   0.00657,   0.02933,  -0.05296,  -0.00219,   0.02232,  -0.00919,   0.03633,  -0.06347,  -0.01269,  -0.00044,   0.05034,  -0.04246,  -0.00919,  -0.01970,  -0.01444,   0.00131,   0.01707,  -0.01094,   0.03808,  -0.00919,  -0.00394,   0.01357,  -0.04246,  -0.06347,   0.07135,  -0.00569,  -0.01269,   0.02057,  -0.06347,   0.02933,   0.04333,  -0.02495,  -0.01795,   0.00481,   0.10811,  -0.06522,  -0.03020,  -0.02670,  -0.04246,  -0.01795,  -0.05997,  -0.02320,  -0.02320,   0.07485,  -0.02320,   0.02407,  -0.01970,  -0.00919,  -0.00219,   0.08010,   0.00131,   0.05209,   0.12387,  -0.00569,  -0.03370,   0.05384,  -0.03370,   0.04158,   0.01007,  -0.03195,   0.02757,   0.03808,  -0.01094,   0.01882,   0.01882,  -0.07222,   0.00657,  -0.03896,  -0.05822,   0.06084,  -0.00219,   0.08360,   0.02582,  -0.00394,   0.01882,   0.01357,   0.09936,  -0.00919,  -0.08098,   0.00657,  -0.06172,  -0.00919,  -0.08098,   0.14138,   0.01007,  -0.05296,  -0.00044,   0.04508,  -0.05121,  -0.02320,   0.07310,   0.01182,  -0.03020,  -0.03195,  -0.02670,  -0.04596,   0.01882,  -0.00744,   0.00131,   0.05734,  -0.03721,  -0.07047,  -0.03020,   0.01882,  -0.01795,  -0.07397,  -0.01269,  -0.01795,   0.00832,  -0.00044,  -0.05646,  -0.01094,  -0.00044,   0.04508,   0.04158,   0.04158,  -0.01094,  -0.02670,   0.01882,   0.06959,   0.01707,   0.01182,  -0.01444,  -0.06172,  -0.01444,   0.08360,   0.06259,   0.05209,  -0.03721,   0.08185,  -0.00219,  -0.05296,   0.05734,  -0.08973,   0.04683,   0.06084,  -0.04771,  -0.02145,   0.00832,  -0.02495,   0.00481,   0.05734,   0.03108,   0.05384,   0.03808,  -0.01970,   0.09411,   0.07660,  -0.04596,   0.00657,  -0.04771,  -0.03195,   0.02057,   0.04683,  -0.03721,  -0.04596,   0.02933,   0.04508,   0.02933,   0.02582,  -0.02495,  -0.05646,  -0.03721,  -0.04946,   0.03108,   0.03983,   0.02582,   0.13262,  -0.04596,  -0.05822,   0.04858,  -0.06522,   0.02057,  -0.00394,  -0.05646,  -0.03370,  -0.01094,  -0.00569,   0.02407,  -0.00394,  -0.05997,   0.03633,   0.04508,  -0.05997,  -0.00219,  -0.00219,   0.00832,  -0.07747,  -0.00569,  -0.06872,   0.10636,   0.04158,  -0.00044,   0.02757,   0.02582,   0.02933,  -0.04771,   0.04158,   0.04333,   0.09235,  -0.03545,   0.01532,   0.06434,   0.02407,   0.01532,   0.01357,   0.02057,  -0.00394,   0.02933,  -0.03020,  -0.01444,  -0.02845,  -0.00219,   0.04158,   0.01357,  -0.01795,   0.01007,  -0.04421,  -0.00569,  -0.00219,   0.00306,  -0.00044,  -0.03896,  -0.05822,   0.06259,  -0.03721,   0.02232,   0.00832,   0.01532,  -0.03721,  -0.01620,  -0.01970,   0.04158,   0.01007,   0.03283,   0.00131,  -0.07397,  -0.00744,   0.08010,  -0.06522,  -0.02670,  -0.03370,  -0.04946,  -0.01795,  -0.01444,   0.01882,  -0.01970,  -0.04071,  -0.02845,  -0.01795,   0.01882,  -0.03721,  -0.00394,  -0.06522,  -0.01970,   0.02232,   0.05909,   0.03458,   0.06609,  -0.03896,   0.00481,   0.04333,   0.11161,  -0.00919,   0.00131,  -0.07222,   0.03983,  -0.03195,   0.04508,  -0.02670,   0.00131,  -0.03020,  -0.04946,  -0.01620,   0.03633,  -0.04421,   0.02232,   0.05209,  -0.00044,   0.06959,  -0.02320,  -0.03896,   0.00832,  -0.02845,  -0.02845,   0.08185,   0.01007,   0.03983,   0.03458,   0.01532,  -0.03020,   0.02582,  -0.01970,   0.02582,  -0.04071,  -0.02670,   0.05384,   0.06434,   0.03633,  -0.05646,  -0.00744,   0.02757,   0.05734,   0.04333,   0.01707,  -0.11424,  -0.06697,  -0.04421,  -0.04771,  -0.00744,   0.02057,  -0.05646,  -0.08798,   0.05209,  -0.00394,  -0.00569,   0.02057,  -0.00394,  -0.00394,  -0.02670,  -0.05296,   0.02407,  -0.01269,  -0.07572,  -0.03370,  -0.01970,   0.01357,   0.01007,   0.01532,  -0.06522,  -0.01795,   0.01882,  -0.00919,   0.00481,   0.04333,   0.07310,  -0.06172,  -0.01444,   0.01707,   0.00481,   0.02232,   0.01532,   0.00131,  -0.01269,  -0.01970,  -0.01620,  -0.01970,  -0.05296,   0.02057,  -0.02145,   0.03458,   0.01357,   0.00832,   0.02757,   0.02933,  -0.00919,  -0.11599,  -0.08798,  -0.10374,   0.02933,  -0.00394,  -0.01795,   0.02757,  -0.02670,   0.10986,  -0.04246,   0.00481,   0.04858,  -0.02320,   0.02757,   0.01532,  -0.01269,  -0.00394,  -0.05296,   0.09060,  -0.06697,   0.10636,  -0.06172,  -0.01970,  -0.01620,  -0.06172,  -0.03195,  -0.01620,   0.03458,   0.04333,   0.08535,  -0.02495,   0.03633,  -0.04071,  -0.03195,   0.01707,   0.02407,   0.04508,  -0.05121,  -0.08273,  -0.02670,  -0.00044,   0.07660,  -0.02670,  -0.00744,  -0.04771,  -0.08448,  -0.01269,   0.01532,  -0.04421,  -0.06697,   0.02407,  -0.07222,   0.02407,   0.02757,  -0.08973,   0.02757,   0.03108,  -0.00744,  -0.01795,  -0.01970,  -0.00569,   0.01007,  -0.01444,  -0.06347,   0.00657,  -0.00919,   0.00832,  -0.03370,   0.02057,   0.01707,  -0.01970,   0.02582,  -0.00219,   0.08185,  -0.02845,   0.01532,   0.00306,   0.00657,  -0.06872,   0.01532,   0.00657,  -0.04596,   0.05909,   0.01707,   0.08360,   0.02057,  -0.00569,   0.01707,  -0.08273,  -0.00569,   0.01882,  -0.02495,  -0.02145,  -0.02320,   0.00131,   0.05034,  -0.06522,  -0.04946,  -0.00044,  -0.02495,   0.04158,   0.02057,   0.01357,  -0.00744,  -0.03195,  -0.03195,   0.02933,  -0.08623,   0.04683,  -0.00919,   0.09586,   0.08710,   0.07310,   0.05559,   0.01707,  -0.01620,   0.06434,   0.02757,   0.07485,   0.00306,  -0.01444,  -0.02495,   0.05209,  -0.02320,   0.06959,  -0.04771,   0.01182,  -0.01444,   0.03108,  -0.02320,  -0.01444,   0.03458,  -0.05997,  -0.02670,  -0.05646,  -0.05822,  -0.00744,  -0.00394,   0.01882,   0.04683,   0.01882,  -0.03195,   0.02757,  -0.05296,   0.02057,   0.03983,  -0.03896,  -0.09148,  -0.03195,  -0.08448,   0.03633,  -0.06347,   0.00481,   0.02057,  -0.03896,  -0.07047,  -0.08273,  -0.01094,   0.05209,  -0.03020,  -0.10199,   0.05034,  -0.02320,   0.05034,  -0.05296,  -0.06347,   0.01182,  -0.06872,   0.00131,  -0.01444,  -0.00219,   0.04333,  -0.01620,   0.06259,   0.00657,   0.02407,   0.01007,   0.02582,   0.07660,   0.02933,  -0.03721,   0.03458,   0.02057,   0.01532,  -0.00394,  -0.02145,   0.02757,   0.00131,   0.02757,  -0.00219,  -0.01094,   0.03283,  -0.06522,   0.02757,  -0.01795,   0.06084,   0.00832,  -0.01269,  -0.00394,   0.01182,   0.03108,  -0.03896,  -0.01444,   0.07135,  -0.03545,   0.02582,  -0.02320,  -0.07047,   0.05909,   0.01357,   0.02933,  -0.09148,   0.05209,  -0.00219,  -0.03195,   0.05034,   0.00657,   0.03458,   0.05034,  -0.00919,  -0.00919,  -0.03721,  -0.00394,   0.08010,  -0.00744,  -0.03370,  -0.06172,  -0.09148,  -0.02145,  -0.01620,   0.01007,   0.01707,   0.03108,   0.03808,  -0.02495,   0.02057,  -0.06347,  -0.01795,  -0.03896,  -0.01444,   0.01007,   0.04333,   0.05734,   0.06784,  -0.00744,  -0.00744,   0.03283,  -0.08098,   0.02232,   0.05209,  -0.08448,  -0.01970,   0.03458,  -0.02320,   0.02057,  -0.07222,  -0.02320,  -0.04421,  -0.05121,  -0.10374,  -0.02320,   0.01532,   0.03808,  -0.00744,   0.00131,   0.03983,   0.01007,   0.01182,   0.04683,   0.01357,  -0.04246,  -0.03195,  -0.01269,  -0.03195,   0.01182,  -0.02145,   0.02933,   0.03633,  -0.00394,  -0.04946,   0.03633,  -0.06522,   0.01182,  -0.09848,   0.04333,  -0.03896,   0.00306,   0.08885,   0.07660,  -0.02845,   0.00832,   0.00306,   0.04158,   0.00657,  -0.00919,  -0.05997,   0.02407,   0.00832,   0.05559,  -0.03020,   0.08535,   0.03283,   0.06609,  -0.05296,  -0.03195,   0.04158,  -0.04421,  -0.05822,   0.06959,  -0.00919,  -0.04071,  -0.02495,  -0.00744,   0.02407,   0.02407,   0.01007,   0.02933,  -0.02145,  -0.03545,  -0.00394,   0.05909,  -0.00219,  -0.01795,  -0.01269,   0.10461,  -0.00044,  -0.01269,   0.07835,  -0.04771,   0.02232,   0.04683,  -0.02145,   0.00131,   0.01182,  -0.12650,   0.02232,   0.06609,   0.01532,   0.02057,  -0.04771,   0.02933,   0.07135,  -0.05997,   0.02933,  -0.00744,   0.01357,  -0.04596,  -0.03896,   0.00832,  -0.07397,   0.02757,  -0.05121,  -0.00394,   0.05909,   0.05734,  -0.01795,  -0.08098,  -0.03370,  -0.03721,  -0.00744,   0.09060,  -0.00394,  -0.02320,  -0.03896,   0.04858,  -0.00744,  -0.08973,   0.06259,   0.03983,   0.05209,   0.05559,  -0.09323,  -0.03370,  -0.01269,   0.00131,   0.02057,  -0.02320,   0.01007,  -0.04771,  -0.04946,   0.05559,  -0.04246,  -0.08448,  -0.02670,  -0.04771,   0.01882,   0.00657,  -0.00219,   0.02232,  -0.03721,   0.02407,  -0.01444,   0.03983,  -0.01444,  -0.03896,   0.00657,  -0.00744,  -0.00569,   0.04508,   0.04858,   0.06609,  -0.01094,   0.02582,  -0.09498,  -0.01269,   0.05209,  -0.01620,   0.03458,   0.02933,  -0.06347,   0.12912,  -0.05121,   0.01707,   0.03283,  -0.08798,   0.01007,  -0.01795,  -0.04071,  -0.04421,  -0.04946,   0.00306,   0.14663,   0.05034,  -0.00569,   0.04333,   0.06784,   0.02582,  -0.01444,  -0.02845,   0.04333,  -0.00744,  -0.00744,  -0.03896,   0.03283,  -0.03545,   0.00832,  -0.01620,  -0.04246,  -0.00394,  -0.04071,   0.06084,   0.11336,  -0.01444,   0.00657,   0.02933,  -0.02145,  -0.01620,   0.03983,  -0.01444,  -0.08623
   0.00832,  -0.01970,  -0.00919,   0.03108,  -0.01620,  -0.02845,   0.00657,  -0.01970,  -0.04421,  -0.01269,   0.02933,  -0.00044,   0.02582,  -0.02495,  -0.07572,  -0.01094,   0.00481,  -0.00569,   0.00481,   0.01707,  -0.01094,  -0.00919,  -0.01620,   0.03808,   0.01707,   0.01532,  -0.01620,   0.08010,   0.00131,  -0.06872,   0.04508,  -0.06872,   0.01007,   0.05909,   0.04333,   0.01882,  -0.00394,  -0.00219,  -0.01795,  -0.07222,  -0.01620,  -0.00569,  -0.05471,  -0.03020,  -0.02145,  -0.01269,   0.05209,   0.03983,   0.02582,   0.01532,  -0.07572,  -0.02670,  -0.02145,   0.05034,   0.06259,  -0.02320,   0.01357,   0.01182,  -0.08798,   0.05734,   0.04158,  -0.05296,  -0.00919,  -0.07047,  -0.01269,  -0.02145,   0.04333,   0.00306,  -0.02495,  -0.02145,  -0.03370,  -0.02670,  -0.00394,   0.01882,  -0.01269,  -0.03195,  -0.01795,   0.05034,  -0.01795,   0.02582,  -0.01795,  -0.01094,   0.01182,   0.00131,  -0.01444,  -0.01970,  -0.02845,  -0.03545,  -0.06347,   0.06084,   0.02582,  -0.06697,  -0.00744,  -0.00044,   0.01357,   0.03108,  -0.08798,   0.04683,  -0.03020,   0.05909,   0.07835,   0.05384,  -0.00219,  -0.00919,  -0.04421,   0.06434,   0.04158,  -0.01620,  -0.07397,  -0.00569,  -0.00219,   0.06609,   0.02933,   0.00832,   0.00306,   0.00657,   0.02933,   0.07310,  -0.00044,  -0.05822,   0.03108,  -0.03020,  -0.01269,   0.10636,   0.04858,  -0.03896,   0.02933,  -0.03545,  -0.04071,  -0.00919,   0.05734,  -0.03721,  -0.04946,   0.05209,  -0.05296,   0.04333,  -0.00744,  -0.04596,  -0.00744,   0.00131,  -0.05646,   0.05909,  -0.03195,   0.07135,  -0.00044,   0.02757,  -0.02845,   0.03458,   0.01532,  -0.01970,   0.03283,   0.02757,  -0.00744,  -0.02845,   0.03283,   0.02933,   0.01882,   0.08185,   0.03633,   0.03808,  -0.01444,  -0.05471,   0.02407,   0.04333,  -0.01094,   0.05559,  -0.05296,   0.06784,   0.00131,  -0.01620,   0.03808,   0.03108,  -0.01620,   0.00832,   0.00481,   0.04333,   0.01182,   0.10811,  -0.02145,   0.03458,  -0.01620,  -0.03020,   0.00131,   0.06084,  -0.03896,  -0.00744,   0.04158,   0.00131,   0.01007,   0.05559,   0.04858,  -0.01444,  -0.04946,  -0.04946,   0.07660,  -0.00044,   0.01007,   0.04158,  -0.04771,  -0.00219,   0.02232,   0.07310,   0.02407,   0.03108,  -0.01444,   0.08185,   0.02232,   0.03983,  -0.00219,  -0.01444,  -0.00919,   0.08010,  -0.00919,   0.05734,  -0.02495,   0.00131,   0.00481,  -0.00744,  -0.02495,  -0.04071,  -0.03370,  -0.02495,   0.01007,   0.00306,   0.00832,  -0.05471,   0.05734,  -0.00744,  -0.04771,   0.05209,  -0.03020,  -0.00044,  -0.01444,   0.03633,   0.02057,   0.01532,  -0.02320,  -0.04771,   0.01882,  -0.03896,   0.00481,   0.03283,   0.00657,  -0.01444,   0.03633,   0.00306,  -0.05646,   0.05734,  -0.08098,   0.01707,  -0.04421,  -0.02670,  -0.01269,   0.04333,  -0.01094,   0.03108,   0.00131,   0.00657,  -0.01620,   0.04158,  -0.04596,   0.08535,   0.02582,  -0.01444,   0.00657,   0.03458,  -0.01795,  -0.01795,   0.01007,   0.01532,  -0.01444,  -0.00394,   0.04683,  -0.00919,   0.00306,   0.01882,   0.03633,  -0.03370,   0.01707,   0.02582,  -0.00744,   0.04683,   0.10811,  -0.03020,   0.10636,  -0.01795,  -0.04421,  -0.01795,  -0.01444,  -0.06697,   0.02232,   0.01882,  -0.03545,  -0.02145,   0.01882,   0.04158,   0.03633,   0.02407,  -0.00744,  -0.00919,   0.02582,  -0.01269,  -0.01620,  -0.04071,   0.01007,   0.03983,  -0.02670,  -0.01094,   0.01532,   0.03633,  -0.06172,  -0.04246,   0.09586,  -0.01795,   0.00306,   0.00832,  -0.02320,  -0.07222,  -0.01094,   0.01357,  -0.07047,  -0.01269,   0.04333,  -0.06172,   0.00131,   0.03108,   0.01182,  -0.00044,   0.00832,   0.07485,  -0.00394,   0.04508,  -0.02320,   0.01182,  -0.02145,   0.09411,   0.03983,   0.04508,  -0.01094,   0.05384,  -0.00569,  -0.00394,  -0.01269,   0.00832,  -0.01620,  -0.02495,   0.04158,  -0.01970,   0.04508,  -0.07397,  -0.01620,   0.03633,   0.01532,  -0.02495,  -0.01269,  -0.04071,   0.01882,   0.01182,  -0.02495,   0.03983,   0.03633,  -0.00219,  -0.07397,   0.11336,  -0.03721,   0.07135,  -0.02670,  -0.01970,   0.04333,  -0.06697,   0.08010,   0.05034,   0.00131,   0.02407,  -0.00394,  -0.06697,   0.02933,  -0.04771,  -0.06522,   0.02582,  -0.08973,  -0.00394,  -0.00919,   0.01357,  -0.03721,  -0.01970,   0.01357,   0.04158,   0.01882,   0.01882,  -0.05121,   0.03808,  -0.00919,   0.00306,  -0.03545,   0.06084,  -0.06872,   0.02407,   0.06784,   0.07485,  -0.05997,   0.04333,  -0.08973,   0.01532,  -0.01444,  -0.08273,   0.00481,   0.05384,  -0.03020,  -0.04946,   0.02933,   0.02407,   0.12562,   0.01707,  -0.04596,   0.01882,  -0.07572,   0.05209,   0.04683,   0.03283,   0.02407,  -0.01620,   0.03458,   0.07135,  -0.05296,  -0.02145,  -0.01795,  -0.04946,   0.03458,   0.01882,  -0.06522,  -0.03195,   0.05034,   0.02057,  -0.05646,   0.02057,  -0.01970,   0.04858,   0.06084,   0.04683,  -0.04421,  -0.05646,   0.02933,   0.01707,  -0.04771,  -0.10549,  -0.05646,  -0.01269,   0.00832,   0.04508,   0.04158,  -0.05646,   0.00657,  -0.07222,   0.07485,   0.04508,   0.00832,   0.02057,   0.03283,  -0.01269,   0.02582,  -0.00569,   0.01182,   0.04858,   0.02582,   0.00306,   0.06259,   0.06259,   0.00657,   0.00306,   0.05034,  -0.05822,  -0.07397,  -0.00919,   0.02232,   0.01007,   0.00306,   0.01882,  -0.05296,  -0.04771,   0.03108,  -0.01795,  -0.01795,   0.05034,  -0.03545,   0.02933,   0.07485,  -0.04071,   0.04858,  -0.02670,  -0.06172,   0.05384,   0.00131,   0.02933,   0.01707,   0.00131,  -0.00919,   0.01357,   0.01532,  -0.02495,   0.00306,   0.04683,   0.03633,  -0.02670,  -0.03020,   0.03283,   0.02232,   0.01007,   0.02232,  -0.06522,  -0.04771,  -0.05997,  -0.03370,  -0.03020,  -0.03545,  -0.03020,   0.01007,   0.00832,  -0.00744,  -0.01620,  -0.01269,  -0.00219,   0.03108,  -0.02670,  -0.03721,   0.05034,  -0.02145,   0.00657,   0.06784,   0.05209,  -0.07922,  -0.03545,  -0.03896,   0.09060,  -0.05646,  -0.09148,  -0.01795,  -0.03721,  -0.03020,  -0.01795,  -0.01795,   0.01532,   0.01007,   0.08185,  -0.01094,  -0.07222,   0.03458,   0.04333,   0.01532,  -0.05471,   0.03108,  -0.05296,   0.04333,   0.01357,   0.08535,  -0.04421,   0.00657,   0.01357,  -0.02845,   0.02232,   0.06784,   0.03108,  -0.02845,  -0.05121,   0.03108,  -0.05471,  -0.04596,   0.00306,   0.11687,   0.02232,   0.10286,   0.01882,   0.02757,   0.02407,   0.02933,  -0.03721,  -0.07222,   0.05209,  -0.05822,  -0.01269,  -0.02845,  -0.04421,   0.07135,   0.00481,  -0.06872,  -0.04771,   0.03983,  -0.02495,  -0.03721,  -0.04421,   0.02757,   0.01007,   0.02757,  -0.08798,  -0.00219,   0.04158,  -0.09673,   0.11512,  -0.05121,  -0.04246,   0.01182,   0.00832,  -0.03721,  -0.00044,   0.02407,   0.05384,  -0.05997,   0.02057,  -0.03195,  -0.00919,   0.10636,   0.02407,   0.03108,   0.06609,  -0.00219,   0.04683,  -0.00569,  -0.06697,  -0.00569,   0.04858,   0.04508,   0.00481,   0.01357,   0.06959,   0.04158,   0.01182,  -0.06522,   0.01707,  -0.03195,   0.07485,  -0.05646,  -0.03896,  -0.06172,  -0.02670,  -0.04771,  -0.02320,   0.02057,  -0.06347,  -0.01620,   0.02582,   0.00306,  -0.06872,   0.15013,  -0.05471,  -0.01269,  -0.08623,  -0.00394,   0.01357,  -0.04071,  -0.06872,   0.08535,  -0.07922,   0.02232,  -0.09673,  -0.05646,  -0.02495,  -0.01444,  -0.05121,  -0.02320,   0.02407,   0.05209,   0.01532,   0.02232,  -0.09848,  -0.01094,  -0.02320,   0.02057,   0.01532,   0.05734,   0.01882,  -0.03721,  -0.08623,   0.02057,   0.02582,  -0.05822,   0.03283,  -0.03370,  -0.00219,  -0.03545,  -0.06347,  -0.03370,   0.02933,   0.01882,   0.02582,  -0.01094,  -0.00394,  -0.01444,   0.01882,  -0.03370,   0.04333,   0.00306,  -0.03545,  -0.03195,  -0.10374,   0.04683,  -0.01269,   0.03458,  -0.02495,   0.01707,  -0.03195,   0.01882,   0.03108,  -0.01444,  -0.05471,   0.08535,  -0.03721,  -0.03545,   0.03108,  -0.04071,   0.05209,   0.05734,  -0.05296,   0.04508,  -0.03195,  -0.01094,  -0.04771,  -0.04421,  -0.06522,  -0.02320,   0.01357,   0.01532,  -0.02145,  -0.01269,  -0.01094,   0.05209,   0.03633,   0.02407,   0.01707,  -0.01620,  -0.01444,   0.03283,  -0.03370,   0.05034,   0.08185,   0.00481,  -0.00044,  -0.01269,  -0.05471,   0.00832,   0.04333,  -0.00394,  -0.05646,  -0.07922,  -0.01620,  -0.04596,   0.04158,   0.02933,   0.03808,   0.01707,  -0.01269,   0.05559,   0.04683,  -0.03896,   0.01532,   0.17639,   0.07135,   0.01707,   0.05559,  -0.07922,  -0.08798,   0.02933,   0.00832,   0.04158,  -0.06172,   0.02232,   0.05209,  -0.07747,  -0.00219,   0.05909,  -0.00569,  -0.05646,  -0.07047,  -0.00569,   0.00832,  -0.01620,  -0.03721,  -0.00919,   0.08885,  -0.05997,  -0.05296,   0.00306,  -0.02495,   0.06084,   0.01182,  -0.01094,  -0.04246,  -0.01269,   0.05034,  -0.04771,  -0.04771,   0.06784,  -0.00744,  -0.07047,  -0.03020,  -0.01094,   0.01882,  -0.02145,  -0.00394,   0.04333,   0.04508,  -0.01094,   0.07660,  -0.00744,  -0.00744,   0.01532,  -0.02670,   0.01007,  -0.01795,  -0.03370,  -0.05997,   0.01882,  -0.04071,  -0.01620,   0.00481,   0.03633,  -0.05822,   0.00131,  -0.01444,  -0.02670,   0.00832,   0.02582,   0.02757,  -0.00394,  -0.02670,   0.07135,  -0.08098,   0.00832,   0.03108,   0.02057,  -0.07572,   0.02757,   0.01007,  -0.02320,   0.01007,  -0.01444,  -0.00219,   0.01882,  -0.00394,  -0.04946,  -0.00044,  -0.04771,  -0.02670,   0.04683,  -0.05121,  -0.02670,  -0.06522,  -0.01444,   0.05734,  -0.02320,  -0.03370,   0.05559,  -0.01269,   0.03108,   0.05559,  -0.09148,   0.03808,   0.03808,   0.02232,  -0.01620,   0.05034,   0.00481,  -0.02145,   0.03108,   0.01182,  -0.03896,   0.03283,   0.06784,   0.04508,  -0.00219,   0.00832,   0.05559,  -0.05296,   0.05909,  -0.04596,  -0.08798,  -0.01269,  -0.03370,   0.01182,  -0.01795,  -0.01269,  -0.00919,   0.00481,   0.02582,  -0.00744,   0.00832,   0.04158,  -0.04946,  -0.02670,  -0.00219,  -0.00044,  -0.05822,   0.03633,   0.03283,  -0.02670,   0.01182,   0.03808,  -0.03020,  -0.04246,   0.06434,  -0.00919,   0.00306,  -0.00744,   0.09936,  -0.00744,   0.05209,  -0.02845,  -0.00744,   0.01357,   0.02232,   0.00832,  -0.06172,   0.00657,   0.09235,  -0.00394,   0.06434,   0.08710,   0.06084,  -0.10724,   0.04508,   0.09936,   0.02757,   0.07310,   0.06259,  -0.00394,   0.03808,  -0.01795,   0.01182,   0.03808,  -0.03020,  -0.01269,  -0.01094,   0.02933,   0.03808,  -0.04421,   0.02933,   0.03108,  -0.04946,   0.01532,  -0.05646,   0.05734,  -0.01444,   0.03633,   0.01707,   0.01357,  -0.03721,   0.00657,   0.03458,   0.02757,  -0.00044,   0.01532,  -0.06522,  -0.04071,  -0.01094,   0.04683,  -0.07397,   0.01707,  -0.05296,  -0.00569,   0.01532,   0.00306,   0.01182,   0.03633,   0.01532,  -0.01444,   0.00481,   0.02933,   0.00131,   0.05384,   0.01707,   0.09235,   0.05034,  -0.01444,  -0.05997,   0.01357,   0.05209,   0.01532,   0.05909,   0.03458,   0.06084,  -0.01795,  -0.00219,   0.01882,   0.08535,   0.01007,   0.00131,   0.02232,   0.02232,   0.01882,  -0.01970,  -0.03370,   0.04508,  -0.03370,   0.00657,   0.03108,   0.05909,   0.00481,   0.03633,  -0.07572,   0.02232,  -0.01094,  -0.00569,  -0.05822,  -0.03896,   0.05734,   0.09060,  -0.04946,  -0.04071,   0.01882,   0.03458,  -0.05822,   0.07135,   0.04683,  -0.02495,  -0.02495,   0.03808,   0.00481,   0.10986,  -0.02495,   0.02232,   0.00131,  -0.05997,   0.03283,  -0.07747,  -0.04771
   0.06784,   0.06259,  -0.03370,   0.04508,  -0.01269,  -0.05296,  -0.03020,   0.02232,  -0.00569,   0.02933,  -0.03721,  -0.05646,   0.02582,  -0.00744,  -0.04421,  -0.01620,  -0.01970,  -0.08098,   0.02933,  -0.03721,  -0.05471,  -0.03195,  -0.00744,   0.00131,  -0.06697,   0.06084,   0.02933,  -0.04246,  -0.00044,   0.01882,  -0.02845,  -0.02670,   0.07310,  -0.00044,  -0.05296,   0.00306,   0.03808,   0.02407,   0.02757,   0.05909,   0.02757,  -0.00744,  -0.04596,  -0.05296,   0.02933,  -0.01094,  -0.02320,   0.01007,   0.04158,   0.04858,  -0.01970,  -0.04421,  -0.03370,  -0.02845,  -0.03195,   0.01532,  -0.03721,  -0.00569,   0.01532,  -0.03721,   0.01707,  -0.01620,  -0.04246,   0.06784,   0.02582,  -0.05471,   0.00306,  -0.00919,  -0.02495,   0.02407,  -0.01970,   0.03808,   0.02582,   0.03808,   0.05209,   0.02407,  -0.03721,   0.03633,  -0.03545,   0.03808,   0.03633,  -0.02495,  -0.06522,  -0.02320,  -0.06347,   0.04333,   0.03458,  -0.00569,  -0.00744,  -0.05471,  -0.02670,   0.04333,  -0.06172,  -0.05646,  -0.01970,  -0.02495,   0.03458,  -0.07922,  -0.00569,   0.04333,  -0.04596,   0.02757,   0.04158,  -0.02670,   0.11687,   0.06434,  -0.04596,  -0.04596,  -0.00394,  -0.03370,   0.03633,  -0.02145,  -0.01620,   0.01357,  -0.01269,  -0.00394,   0.02933,   0.04858,  -0.01269,  -0.03370,   0.01882,  -0.02320,   0.02057,   0.02757,   0.05909,  -0.00569,   0.01707,  -0.01094,   0.08710,  -0.01094,   0.05034,  -0.00219,   0.03108,   0.00657,   0.02582,  -0.01970,  -0.02145,   0.03108,  -0.03545,   0.04683,   0.05559,  -0.06172,   0.06259,   0.05209,  -0.00919,  -0.00394,  -0.06172,   0.01882,   0.00131,   0.04158,  -0.02670,   0.05909,   0.00832,  -0.01269,  -0.03896,  -0.00044,  -0.01269,  -0.02845,  -0.10199,   0.02933,   0.03983,   0.01707,  -0.06172,   0.00832,  -0.01094,  -0.04246,   0.07835,   0.01357,  -0.06522,   0.00657,   0.06259,  -0.02670,  -0.00919,  -0.01444,  -0.03721,   0.02407,   0.03108,  -0.01795,   0.05559,  -0.02670,   0.00306,  -0.03721,  -0.01620,   0.01882,   0.01707,  -0.01269,   0.03633,  -0.02145,  -0.00569,   0.03108,   0.02232,  -0.03896,  -0.02845,  -0.05121,  -0.03195,   0.08885,   0.01007,  -0.00744,   0.01882,   0.03808,   0.02757,  -0.02145,   0.01707,  -0.02845,   0.01882,  -0.10023,  -0.01444,  -0.00744,   0.00832,   0.03283,   0.01882,  -0.03195,   0.00306,   0.02232,   0.02933,   0.03808,   0.06084,  -0.02670,  -0.03721,  -0.04246,  -0.01620,  -0.02145,  -0.03545,   0.01357,  -0.04771,   0.05734,   0.00306,   0.06959,  -0.00744,   0.01532,   0.02757,   0.06259,   0.05734,  -0.01444,  -0.00394,   0.09235,   0.04333,  -0.04071,   0.01007,  -0.00044,   0.03283,  -0.00569,  -0.05822,  -0.03370,  -0.01620,  -0.05822,   0.01532,   0.02057,   0.04333,  -0.03545,   0.05034,   0.11512,   0.00306,  -0.00219,  -0.07747,  -0.00044,  -0.01620,  -0.05296,   0.00657,  -0.05646,   0.01007,  -0.05997,   0.03108,  -0.02495,  -0.01444,   0.07135,  -0.00744,  -0.11424,  -0.03721,   0.01707,   0.00306,  -0.01444,  -0.04421,  -0.04071,   0.06959,  -0.00219,  -0.07047,   0.08010,  -0.02670,  -0.01795,   0.01357,   0.05384,   0.05034,  -0.00044,  -0.01620,   0.03283,   0.00657,   0.00481,  -0.02320,  -0.01970,   0.02057,  -0.01795,  -0.07747,   0.00306,  -0.03721,   0.01007,  -0.04596,   0.00832,  -0.04246,   0.01532,  -0.04071,   0.08010,  -0.02145,   0.00832,  -0.07222,  -0.03545,  -0.00919,   0.04158,  -0.02845,  -0.00569,  -0.00219,   0.07310,   0.01532,  -0.04071,  -0.09673,  -0.03020,  -0.03896,   0.04858,   0.13788,  -0.06872,  -0.03896,  -0.04071,  -0.00219,  -0.01620,  -0.04071,  -0.01970,  -0.07222,  -0.02320,  -0.01444,   0.06084,  -0.00044,  -0.03195,  -0.03721,   0.02057,  -0.04246,  -0.00919,   0.01357,  -0.00394,   0.07485,   0.01007,  -0.00394,   0.02407,   0.04683,   0.04333,  -0.08273,  -0.01269,  -0.01970,   0.02933,   0.07485,  -0.05471,   0.01007,  -0.05121,   0.00481,   0.06784,   0.00832,  -0.03545,   0.01707,  -0.00569,   0.01182,   0.12912,   0.03458,   0.02232,   0.01707,  -0.06697,  -0.01444,  -0.05646,   0.01707,   0.01182,  -0.08973,  -0.08273,   0.04683,  -0.02495,  -0.00219,   0.02582,  -0.02145,   0.00657,  -0.03721,  -0.01620,  -0.01970,  -0.01620,  -0.00569,  -0.05121,   0.04158,   0.00832,   0.03458,  -0.02495,   0.00481,  -0.00569,   0.03108,   0.00306,   0.01007,  -0.03545,  -0.02495,  -0.03020,   0.09761,   0.03108,  -0.01970,   0.04858,   0.02057,  -0.00394,   0.11161,  -0.02495,  -0.03721,  -0.12300,  -0.03721,   0.06434,   0.03283,  -0.05646,   0.04508,  -0.04771,  -0.00394,   0.02582,  -0.05121,   0.06434,  -0.00044,   0.02057,   0.00481,  -0.03545,   0.02757,   0.02057,   0.03808,  -0.02145,   0.02232,   0.00832,   0.02757,  -0.07047,  -0.05296,   0.05909,  -0.02495,  -0.01094,   0.00481,   0.02407,  -0.02320,  -0.00744,   0.00657,   0.06259,  -0.00394,  -0.00569,  -0.03896,  -0.00394,  -0.03020,   0.02232,  -0.02495,   0.03633,   0.06434,   0.02057,   0.00657,  -0.06522,   0.03108,   0.01882,   0.09060,  -0.00569,  -0.10724,  -0.02320,  -0.00044,   0.01007,  -0.02145,   0.05034,  -0.00219,  -0.00044,   0.02582,  -0.03370,   0.06784,  -0.03020,  -0.00744,   0.09235,   0.08535,   0.04508,  -0.10374,  -0.02145,  -0.03370,   0.03108,   0.05909,  -0.00744,   0.00657,  -0.03721,  -0.03545,  -0.02495,   0.00131,   0.01707,  -0.02320,  -0.03545,   0.02757,  -0.02495,  -0.00919,   0.05559,  -0.04421,  -0.00569,   0.06784,  -0.07397,   0.06434,  -0.01620,   0.02232,   0.09060,   0.01707,  -0.02145,   0.09060,  -0.08098,   0.01182,   0.04858,   0.04683,  -0.01620,  -0.00219,  -0.01094,   0.04683,   0.02582,   0.05209,   0.02232,   0.01357,   0.02757,  -0.02670,  -0.01094,  -0.02495,  -0.02320,  -0.06522,   0.03808,  -0.00219,   0.02232,  -0.03896,  -0.01620,  -0.00569,  -0.00919,   0.05209,  -0.03896,  -0.02320,  -0.01269,   0.04333,   0.03633,   0.01182,   0.08535,  -0.01269,  -0.01970,  -0.01269,  -0.01795,   0.03108,  -0.03370,   0.04333,  -0.09323,  -0.02670,  -0.06697,  -0.03370,  -0.04246,  -0.00744,   0.06084,   0.01182,   0.01357,   0.00306,  -0.01444,  -0.01444,  -0.06872,   0.01182,  -0.04771,   0.05209,  -0.01444,  -0.04596,  -0.02845,  -0.01795,  -0.05296,  -0.01094,  -0.04771,   0.01532,  -0.02320,   0.02407,  -0.04596,   0.06259,   0.02407,   0.00131,   0.05209,   0.02407,  -0.09148,   0.00131,  -0.04071,  -0.01094,  -0.00919,   0.02757,   0.02582,  -0.02495,   0.04333,   0.05034,   0.08185,   0.05559,  -0.09323,   0.03458,   0.09060,   0.02757,   0.08010,   0.03633,   0.01882,   0.00131,  -0.04946,   0.00657,   0.00832,   0.02757,   0.02232,  -0.00219,  -0.01620,   0.02232,  -0.02320,  -0.02845,  -0.01444,   0.00306,   0.01707,   0.05559,   0.02232,   0.00481,   0.02057,   0.06609,   0.05559,   0.10286,   0.02582,   0.03458,   0.01182,   0.00131,   0.06084,   0.06084,  -0.02145,   0.02933,  -0.01444,  -0.08623,   0.04858,   0.01532,   0.00657,  -0.03195,   0.03283,   0.00657,  -0.03896,  -0.01970,   0.05034,  -0.04246,  -0.01444,  -0.04946,   0.00832,   0.03283,   0.01182,  -0.02495,   0.00306,   0.01532,   0.03108,   0.03633,  -0.05296,  -0.00044,   0.00832,   0.02582,   0.00481,  -0.01269,   0.07485,  -0.01094,   0.02057,  -0.06697,  -0.01094,  -0.00394,  -0.01620,   0.03458,  -0.00744,  -0.03195,  -0.07747,  -0.03896,   0.00481,  -0.05296,   0.02232,  -0.04246,  -0.01444,  -0.00219,   0.10461,  -0.04946,  -0.05646,  -0.04771,  -0.02320,  -0.00219,  -0.03370,   0.01882,  -0.07047,  -0.01970,  -0.03721,   0.01007,  -0.03195,   0.08010,   0.05034,  -0.00044,  -0.02845,  -0.03195,   0.00306,  -0.01795,   0.01007,   0.01357,  -0.08973,  -0.05471,   0.01707,  -0.01444,  -0.00219,  -0.04596,   0.00131,   0.02232,   0.00481,  -0.02845,   0.02757,   0.05384,   0.03283,  -0.00569,   0.05559,   0.03808,   0.02582,   0.02407,   0.00481,  -0.01269,  -0.02495,  -0.04071,  -0.07922,  -0.01795,   0.00832,   0.01882,   0.03808,  -0.03545,  -0.03896,   0.05034,   0.03458,   0.01707,  -0.04596,  -0.00394,  -0.00744,   0.04683,  -0.00744,   0.08535,  -0.03370,   0.02232,  -0.00044,  -0.02670,   0.08010,  -0.01620,  -0.01795,  -0.08448,  -0.02845,  -0.04421,   0.05559,  -0.08448,   0.01882,  -0.05822,  -0.04071,   0.00481,  -0.02670,  -0.02495,  -0.01269,  -0.11074,   0.02407,  -0.06172,  -0.00219,   0.00481,  -0.01970,   0.01007,   0.02057,  -0.02145,   0.06434,  -0.05121,   0.02582,  -0.00569,  -0.00044,   0.03808,  -0.03195,  -0.00919,   0.00832,  -0.05296,   0.09586,   0.03633,   0.02757,  -0.02845,   0.03808,  -0.01444,   0.01007,   0.05909,  -0.08623,  -0.07222,   0.01707,  -0.03195,  -0.03370,   0.04858,   0.01532,  -0.00569,   0.01707,  -0.04596,  -0.01795,  -0.04771,  -0.09323,   0.02757,   0.00832,  -0.02845,   0.07485,   0.01182,   0.00306,   0.01707,  -0.07222,   0.02582,  -0.00394,  -0.00044,   0.10461,  -0.03020,  -0.02145,   0.04508,   0.05734,  -0.01970,  -0.00919,   0.01357,  -0.10374,  -0.00044,  -0.02670,  -0.02495,   0.01357,  -0.05471,  -0.02845,   0.06259,  -0.01620,  -0.04946,   0.00481,   0.07135,   0.01007,   0.00832,  -0.06347,   0.00481,   0.01882,  -0.02320,  -0.00569,   0.02933,   0.10636,  -0.05471,   0.00481,   0.03108,  -0.03195,   0.03458,  -0.00044,  -0.03545,  -0.05471,   0.04158,   0.01532,   0.04508,  -0.04071,   0.01882,  -0.00219,  -0.03721,  -0.02320,   0.01707,  -0.03370,  -0.00569,  -0.05121,   0.07310,   0.03808,   0.02407,  -0.05997,   0.01357,  -0.00394,   0.01882,   0.00131,   0.05034,  -0.01269,   0.03633,  -0.03721,   0.00131,   0.04683,   0.00481,   0.04683,   0.04508,   0.00481,  -0.04071,   0.00131,  -0.07222,  -0.02495,  -0.07572,  -0.03370,   0.01357,   0.03983,  -0.00044,  -0.09848,  -0.00919,   0.02407,  -0.04596,   0.03983,  -0.01970,  -0.03721,   0.09060,   0.04508,   0.02232,   0.01007,   0.00832,   0.00131,  -0.02845,  -0.03195,  -0.02670,  -0.04421,  -0.06697,   0.02232,  -0.08798,  -0.06172,  -0.03896,   0.06259,  -0.01970,   0.02407,   0.02757,  -0.01094,  -0.05296,   0.03633,   0.04158,   0.00657,   0.01357,  -0.00044,   0.00131,   0.06784,   0.02232,   0.05734,  -0.01795,  -0.02670,   0.00832,   0.02933,   0.00306,   0.00832,  -0.01620,  -0.00219,   0.01882,  -0.10724,   0.06784,  -0.00919,   0.05209,   0.01707,   0.08535,   0.00657,  -0.00744,   0.00306,  -0.00044,   0.03458,   0.01707,  -0.03370,  -0.02320,   0.04683,  -0.04421,   0.00481,  -0.01795,  -0.05296,  -0.06522,   0.06609,  -0.07572,   0.01882,   0.02582,  -0.07747,   0.00657,   0.03633,   0.03458,   0.02057,  -0.01795,   0.01707,   0.01532,  -0.03370,  -0.04421,   0.01532,   0.07835,   0.04508,  -0.00569,  -0.04071,  -0.00744,  -0.02845,   0.02582,   0.03108,  -0.03020,  -0.01970,  -0.02495,  -0.07747,  -0.00569,  -0.03020,  -0.05471,   0.04683,  -0.00044,  -0.02845,  -0.01269,  -0.05121,   0.04683,   0.09235,  -0.01970,   0.03283,  -0.03545,  -0.00219,   0.02582,   0.00306,   0.00306,   0.02582,  -0.06872,  -0.04071,   0.00481,  -0.02495,  -0.04421,   0.02407,  -0.02670,  -0.01444,   0.02407,   0.00306,   0.06784,  -0.03195,   0.07835,   0.02057,   0.00832,  -0.07047,   0.00131,   0.04683,   0.01882,  -0.00569,   0.00306,  -0.02145,   0.01707,  -0.03896,  -0.04771,  -0.01269,   0.02407,  -0.04771,  -0.03545,   0.00481,  -0.05296,  -0.09673,   0.00832,   0.06434,   0.01182,   0.11161,   0.01007,   0.02057,   0.05034,  -0.00919,  -0.04421,   0.00131,   0.04508,   0.00131
  -0.02495,   0.06959,  -0.09673,  -0.03896,   0.06959,  -0.00744,  -0.02495,   0.05034,   0.00481,  -0.10374,   0.05909,  -0.01970,  -0.00919,  -0.03721,  -0.03545,   0.06084,  -0.05997,  -0.00394,   0.01532,   0.01882,  -0.00219,   0.00306,   0.01707,   0.00832,   0.05034,  -0.00219,  -0.04246,   0.00657,   0.04858,   0.02232,  -0.03545,  -0.00919,   0.02057,  -0.01795,   0.00657,  -0.00044,  -0.00744,  -0.02670,   0.01182,   0.10111,   0.00131,  -0.08798,   0.09586,  -0.00394,  -0.04771,  -0.04946,   0.01007,   0.03808,  -0.07922,   0.06434,   0.07485,  -0.05121,   0.05034,  -0.05296,  -0.02670,  -0.04771,   0.05209,   0.09235,   0.03633,  -0.05997,   0.02933,   0.03808,  -0.01970,  -0.06872,  -0.08098,  -0.00569,   0.05909,  -0.06347,  -0.04246,  -0.00569,   0.00131,  -0.03020,  -0.01094,  -0.02845,  -0.03721,   0.03458,  -0.00219,   0.02407,   0.02232,  -0.00394,  -0.03545,  -0.02670,  -0.00919,   0.08535,  -0.04596,   0.06609,  -0.05646,  -0.00744,   0.01007,  -0.04946,   0.01007,  -0.03721,   0.01357,  -0.04596,  -0.03020,  -0.04421,  -0.02495,   0.05209,   0.03108,   0.05209,   0.00131,  -0.01094,  -0.00394,  -0.00744,   0.03983,  -0.04771,   0.04333,   0.01007,  -0.01094,  -0.00394,  -0.05471,   0.00832,  -0.02670,  -0.01620,  -0.04946,   0.04508,   0.00306,   0.02232,  -0.00044,  -0.03545,  -0.06172,  -0.00394,  -0.01269,  -0.01795,  -0.00919,  -0.05471,  -0.01444,   0.02757,   0.04158,  -0.01269,   0.02407,  -0.07572,  -0.00919,  -0.07572,   0.05559,  -0.01970,   0.04508,  -0.04771,   0.02757,  -0.00394,  -0.03545,   0.06959,   0.00306,   0.00657,  -0.04596,   0.00131,  -0.02845,  -0.02845,   0.00306,  -0.01444,   0.06959,  -0.05822,   0.02407,   0.05034,  -0.01620,   0.10286,   0.00657,   0.04508,  -0.00044,  -0.01094,  -0.01795,  -0.03370,   0.02933,   0.02057,   0.00306,   0.00131,  -0.11074,   0.05384,  -0.01444,   0.07660,  -0.03721,  -0.04421,  -0.04946,  -0.04421,  -0.04596,   0.02933,   0.05909,   0.02757,  -0.00744,   0.00832,  -0.03020,   0.01882,   0.00657,  -0.08448,   0.01882,   0.04333,   0.02232,   0.03108,  -0.06172,   0.01357,  -0.03370,  -0.02670,  -0.01795,  -0.05646,  -0.04071,   0.01182,   0.04858,   0.03108,  -0.00744,   0.02407,  -0.01620,  -0.01620,  -0.01970,  -0.01094,  -0.02145,   0.06609,  -0.02495,  -0.09323,  -0.00394,  -0.01795,  -0.01094,  -0.09323,  -0.01269,   0.01532,  -0.02320,  -0.03020,   0.07485,  -0.01444,   0.02933,  -0.00394,   0.00657,   0.04858,   0.01007,  -0.09673,  -0.04246,   0.09235,   0.01007,   0.02757,   0.16589,  -0.00744,  -0.02670,   0.02232,   0.03458,   0.05034,  -0.05646,  -0.05822,   0.00481,   0.08185,   0.00481,   0.01357,   0.06084,  -0.03020,  -0.08973,   0.06959,  -0.03195,   0.09936,   0.06259,   0.10986,  -0.03370,  -0.08448,   0.01532,  -0.07747,  -0.01970,   0.01357,  -0.00744,  -0.05822,  -0.03195,  -0.04421,  -0.04071,  -0.03020,   0.03983,  -0.00219,  -0.02320,  -0.00394,  -0.08448,   0.02757,  -0.01970,  -0.02670,  -0.06872,  -0.00219,  -0.00219,  -0.02145,  -0.05121,  -0.01094,   0.00832,  -0.03545,  -0.03020,  -0.08448,   0.00306,  -0.05471,  -0.04771,  -0.07222,  -0.02495,  -0.00044,   0.01007,  -0.01970,   0.01007,  -0.02320,  -0.07222,   0.01532,   0.00832,  -0.02145,   0.01357,   0.05384,  -0.02145,  -0.05997,   0.06959,  -0.00394,  -0.04771,   0.00306,   0.06084,   0.00481,  -0.00919,   0.04683,   0.00481,  -0.05646,   0.00832,  -0.00569,  -0.06172,  -0.01795,   0.07135,  -0.02495,   0.01707,  -0.00744,  -0.01269,   0.02933,  -0.05822,   0.01182,  -0.03721,  -0.01620,  -0.00919,  -0.02670,  -0.00569,  -0.12650,  -0.01094,  -0.00044,  -0.00569,  -0.06522,   0.05034,  -0.05646,   0.02757,  -0.10549,  -0.03721,  -0.03370,  -0.04946,   0.00657,   0.00481,  -0.12650,   0.06259,   0.03283,   0.08010,  -0.05997,  -0.07222,  -0.00219,   0.02407,   0.01182,  -0.04596,  -0.04421,   0.09411,   0.07660,   0.00131,  -0.02670,  -0.01094,   0.01532,  -0.07222,   0.07135,   0.03283,   0.01532,   0.02057,   0.01707,  -0.00394,  -0.06347,   0.04333,  -0.04596,  -0.01795,   0.00131,   0.02933,   0.00131,  -0.00219,  -0.02320,   0.02407,  -0.02145,   0.00832,   0.01707,   0.03458,   0.03633,  -0.02145,   0.01357,  -0.03896,   0.04683,   0.12737,   0.09235,   0.04158,  -0.05471,  -0.00569,   0.06784,  -0.02320,   0.13613,  -0.02145,   0.02933,   0.03108,  -0.06172,  -0.05646,   0.03458,   0.02057,  -0.00919,   0.00306,  -0.02495,   0.07135,   0.00481,  -0.00569,   0.07310,  -0.00744,  -0.00744,  -0.00569,   0.13087,  -0.00044,  -0.01269,  -0.00919,   0.00306,  -0.12300,   0.04158,   0.07660,  -0.00394,   0.03808,  -0.01094,  -0.05471,  -0.05296,  -0.04946,   0.03108,  -0.03545,  -0.07572,  -0.04246,  -0.02145,  -0.01094,  -0.02145,   0.05034,   0.01532,  -0.01795,   0.03633,  -0.00744,   0.03983,  -0.01269,   0.04158,   0.02582,  -0.01795,   0.01882,  -0.03195,  -0.04246,   0.00832,  -0.02495,  -0.01269,   0.09936,   0.05559,   0.02757,   0.00481,   0.05384,   0.00657,   0.02582,  -0.08973,   0.02232,  -0.07222,  -0.01444,  -0.02320,  -0.06172,   0.00832,   0.03283,  -0.04421,  -0.08098,  -0.02670,  -0.00569,  -0.06347,   0.00832,  -0.05121,   0.00481,   0.03808,  -0.03545,  -0.01269,   0.07835,  -0.01970,  -0.00394,   0.12737,  -0.04421,   0.01882,  -0.01269,  -0.02145,  -0.03020,   0.03283,  -0.04771,  -0.00219,   0.06784,   0.01707,  -0.06872,   0.01182,  -0.06697,  -0.00744,  -0.01795,   0.04158,  -0.00219,   0.08185,   0.06434,   0.00306,   0.00131,   0.04858,   0.01882,  -0.00744,   0.07310,  -0.01970,   0.01882,  -0.06522,   0.05559,   0.01007,   0.05734,   0.02057,  -0.03020,   0.06959,   0.03108,   0.06784,  -0.02495,   0.01007,   0.03458,   0.03458,  -0.07922,  -0.06522,  -0.01970,   0.01357,  -0.03545,  -0.02845,  -0.06172,  -0.06172,  -0.00044,  -0.01094,  -0.02320,  -0.12650,   0.01882,   0.00832,  -0.03545,  -0.07222,  -0.03896,  -0.05121,  -0.01795,  -0.01795,   0.02757,   0.03458,  -0.01970,   0.04858,   0.01357,   0.02057,   0.02057,   0.02232,   0.04683,   0.03108,   0.00306,  -0.01620,   0.06434,   0.10461,   0.02232,  -0.04771,   0.04858,  -0.00919,  -0.03721,  -0.05471,  -0.01444,  -0.05997,  -0.10023,   0.04158,   0.05034,   0.03983,   0.05909,  -0.10549,   0.05559,   0.07835,   0.02407,   0.04508,  -0.06522,   0.00832,  -0.00394,  -0.00744,  -0.00744,  -0.01094,   0.01882,  -0.01620,   0.00131,  -0.03370,   0.03283,   0.00481,  -0.01970,   0.07835,  -0.01444,   0.09761,  -0.01795,   0.06084,  -0.05822,   0.03633,  -0.02495,  -0.04946,   0.03283,  -0.00919,  -0.00569,   0.00832,   0.02933,  -0.04071,   0.02933,  -0.01444,   0.03108,  -0.00394,  -0.07047,  -0.10374,  -0.03020,  -0.00044,  -0.01620,   0.07835,   0.00306,  -0.13875,  -0.04771,   0.01707,   0.01007,   0.02232,   0.03108,   0.04508,   0.06084,  -0.04071,   0.01182,  -0.00044,  -0.00394,   0.01707,   0.00481,  -0.13350,   0.03808,   0.06084,  -0.06697,  -0.01269,  -0.02145,  -0.03195,   0.01007,   0.02232,  -0.04071,   0.05909,  -0.00219,  -0.02670,  -0.01795,   0.02582,   0.03983,  -0.00919,  -0.02845,  -0.00044,   0.00657,   0.01532,  -0.11599,  -0.06697,   0.00832,   0.03283,  -0.03545,   0.05034,   0.04158,   0.00306,   0.04333,  -0.01269,  -0.00219,   0.05384,  -0.04771,   0.03808,  -0.15976,   0.01182,  -0.02845,  -0.00744,  -0.05646,   0.05559,   0.01707,  -0.02495,   0.05909,   0.00657,  -0.02320,   0.00306,   0.06084,   0.06609,   0.00657,  -0.02845,   0.01707,  -0.01444,  -0.05822,  -0.00569,  -0.05822,   0.01882,   0.03983,   0.04683,  -0.10023,   0.00657,  -0.04596,  -0.04246,   0.03108,   0.01182,  -0.01444,   0.05559,  -0.02670,  -0.00394,   0.00657,   0.01007,   0.13613,  -0.02320,  -0.02145,  -0.00919,   0.03458,   0.08710,   0.04508,   0.03283,  -0.08273,  -0.03545,   0.03283,   0.01707,   0.00657,  -0.07922,  -0.06172,   0.02582,   0.01882,   0.00832,  -0.03721,  -0.07397,   0.03633,   0.02407,  -0.05121,  -0.06347,  -0.07397,  -0.02495,   0.05034,  -0.02495,   0.09586,   0.03108,   0.02057,   0.06959,  -0.01094,  -0.01970,  -0.01444,   0.04858,   0.09586,  -0.03195,  -0.06697,   0.01182,   0.05384,   0.01007,  -0.03195,   0.02232,   0.03108,  -0.02845,  -0.07747,   0.04858,   0.02933,  -0.01444,  -0.09673,   0.00481,  -0.08623,   0.00481,  -0.03370,   0.01532,   0.00306,   0.00657,   0.04158,   0.04508,  -0.07572,   0.08885,   0.05559,  -0.03545,  -0.01620,  -0.01795,  -0.09148,  -0.05296,   0.05209,   0.03108,  -0.09148,  -0.00394,   0.00657,   0.06959,  -0.00744,   0.03808,  -0.03721,  -0.00394,   0.01532,  -0.01269,  -0.02145,   0.05559,   0.07310,   0.03983,   0.03983,   0.08535,  -0.05296,  -0.03896,   0.02757,   0.02232,  -0.02495,  -0.02495,   0.01182,  -0.03545,   0.02757,   0.02933,  -0.02320,   0.11512,  -0.07397,   0.05559,   0.02933,  -0.01970,   0.02232,   0.00832,  -0.00569,  -0.05822,   0.05909,  -0.02670,   0.05384,  -0.06697,   0.05559,  -0.07922,  -0.01444,  -0.02145,   0.01532,  -0.10724,   0.07485,  -0.00919,   0.04158,  -0.00394,   0.00131,   0.00481,  -0.03195,  -0.09673,   0.00131,  -0.04946,  -0.04771,  -0.02145,   0.05559,   0.03808,   0.05384,  -0.02845,   0.00481,  -0.04771,   0.04858,   0.11862,  -0.03020,   0.01882,   0.00657,  -0.02145,  -0.10023,   0.06084,   0.04158,  -0.01444,  -0.00044,   0.04683,  -0.03370,  -0.02145,   0.05034,   0.05734,  -0.01795,  -0.00044,   0.00306,  -0.04421,  -0.01444,  -0.02145,   0.00131,   0.03808,   0.08185,  -0.02320,   0.05384,   0.08185,   0.00481,  -0.04421,  -0.00744,   0.07135,  -0.05296,  -0.00044,   0.03808,   0.04508,  -0.01444,  -0.03545,   0.04333,   0.06959,   0.08885,   0.07135,  -0.00569,   0.03633,  -0.04421,  -0.00394,   0.03108,  -0.02320,  -0.01094,   0.06434,   0.02057,  -0.03721,   0.01182,  -0.00744,   0.00131,  -0.02320,  -0.00219,  -0.00394,  -0.02320,  -0.06172,  -0.01094,  -0.07397,  -0.06872,  -0.07222,  -0.04771,   0.00306,   0.03983,  -0.04596,  -0.04771,  -0.08973,   0.03283,   0.01357,   0.02407,  -0.00219,  -0.02320,   0.02057,   0.11687,  -0.00744,  -0.01269,  -0.00919,  -0.00744,  -0.00394,  -0.00394,   0.02933,   0.03108,   0.00832,   0.03108,  -0.05121,  -0.02145,  -0.00219,   0.01882,  -0.09148,  -0.00044,  -0.02495,  -0.02145,   0.04158,   0.01532,   0.04683,   0.03983,  -0.03545,  -0.00044,  -0.05471,  -0.01970,  -0.04421,  -0.06347,  -0.09673,  -0.01269,   0.08360,   0.00131,   0.01882,   0.00657,  -0.06172,  -0.00394,   0.02057,  -0.00919,  -0.01970,   0.00306,  -0.07397,   0.06259,  -0.09848,  -0.02495,  -0.05121,   0.06959,   0.08360,  -0.00744,   0.05209,   0.04508,  -0.04946,  -0.00919,  -0.03896,   0.02582,  -0.05822,   0.02933,  -0.07747,   0.00481,  -0.03370,  -0.00919,   0.00306,   0.08185,   0.05034,   0.03108,   0.08010,  -0.01970,   0.03108,  -0.02145,  -0.01094,   0.10811,  -0.00919,  -0.03370,   0.04683,   0.00481,   0.02757,  -0.00919,  -0.08623,   0.04508,   0.06434,  -0.06347,   0.00131,  -0.02670,  -0.04071,  -0.02320,   0.03458,   0.09411,   0.04333,   0.01357,  -0.05997,  -0.01094,  -0.04596,  -0.07222,  -0.04946,   0.02232,  -0.05997,   0.06959,   0.03458,   0.05909,   0.03983,   0.03633,   0.01882,  -0.05471,   0.04158,  -0.02320,   0.09586,   0.04858,  -0.02145,   0.05734,   0.03633,  -0.02845,  -0.04771,  -0.04071,  -0.05997,   0.02407,   0.03983,  -0.00919,   0.02057,  -0.01795,  -0.04421,  -0.04946,   0.02232,  -0.00744,  -0.14400,   0.02407,   0.07835
   0.00131,   0.01357,  -0.01795,   0.01882,  -0.11424,  -0.01269,   0.06259,   0.06609,  -0.01094,  -0.01094,   0.00306,   0.03808,  -0.01269,   0.02582,   0.02582,   0.01707,  -0.01269,  -0.03545,  -0.02320,   0.13613,  -0.07397,  -0.01620,   0.02057,  -0.05997,   0.03108,   0.00481,  -0.05997,  -0.00919,   0.03633,  -0.04246,   0.04158,  -0.07922,  -0.01444,   0.05734,   0.00481,  -0.04771,   0.01532,   0.00657,  -0.03195,  -0.05822,  -0.04246,   0.00657,  -0.10549,   0.05034,   0.02582,  -0.00744,   0.02933,  -0.01620,   0.08185,   0.02757,   0.00131,   0.01882,   0.01182,   0.06084,   0.04333,   0.07660,   0.03458,   0.01532,  -0.01269,   0.07310,  -0.05471,  -0.01795,  -0.01970,   0.02757,   0.04858,  -0.01620,   0.02407,   0.00657,  -0.03721,   0.00832,  -0.03195,  -0.06522,  -0.03020,   0.06434,   0.00481,  -0.00919,   0.05909,   0.04683,   0.00657,   0.01882,   0.03108,  -0.07047,  -0.01620,  -0.03721,  -0.04946,   0.00832,  -0.09323,  -0.00044,  -0.00044,  -0.04421,  -0.01269,  -0.03545,   0.10986,  -0.04771,  -0.04071,   0.09936,   0.01007,   0.07660,   0.02232,  -0.03721,   0.09936,   0.10286,   0.02057,   0.00481,   0.01182,  -0.10374,   0.06609,   0.02232,  -0.05121,   0.08185,  -0.01620,   0.04858,  -0.05296,  -0.05121,   0.01182,   0.02057,  -0.03545,  -0.06872,  -0.06172,   0.02933,  -0.00919,   0.08185,  -0.01444,   0.00832,   0.03283,  -0.05646,   0.03283,  -0.01094,   0.00306,  -0.06872,  -0.04946,   0.00131,   0.04858,   0.01007,  -0.01620,   0.02757,  -0.03721,  -0.06347,  -0.02845,   0.01707,  -0.00219,  -0.03545,   0.01182,  -0.01094,  -0.04071,  -0.10549,   0.01182,   0.05384,  -0.00569,   0.07485,   0.01357,   0.08185,  -0.11949,  -0.00569,   0.01532,  -0.01094,   0.01707,  -0.00394,  -0.01620,   0.04683,   0.05734,   0.05559,   0.06434,  -0.00044,   0.03808,  -0.03896,   0.02232,  -0.05471,   0.04333,   0.11687,   0.02933,   0.05384,   0.04333,  -0.00394,   0.01882,  -0.05646,   0.03633,   0.01007,  -0.10549,   0.00131,  -0.04771,   0.03108,   0.07310,   0.02582,  -0.01970,  -0.04771,  -0.03195,   0.01532,  -0.02495,  -0.02845,  -0.03020,   0.07835,   0.03283,  -0.04421,  -0.06347,  -0.03721,  -0.04946,   0.02933,   0.05209,  -0.01795,   0.05209,  -0.05471,   0.01007,   0.02057,  -0.03545,  -0.04246,  -0.00744,   0.03458,  -0.00744,  -0.09323,   0.09586,  -0.04946,   0.08710,  -0.03721,   0.00832,  -0.05471,   0.02757,   0.06434,  -0.02495,   0.02057,  -0.04596,   0.01532,   0.02232,  -0.00569,  -0.02320,  -0.03195,  -0.04421,   0.05734,   0.00832,   0.00481,   0.03458,   0.05559,  -0.06347,  -0.02320,   0.03633,   0.03633,  -0.04246,  -0.01444,  -0.00394,   0.04858,   0.03283,   0.02582,  -0.00919,  -0.02145,   0.02757,   0.09060,  -0.01970,   0.00657,   0.02933,  -0.05296,  -0.01970,  -0.03896,   0.10811,  -0.01269,  -0.04246,   0.03458,   0.07835,  -0.05121,   0.03808,   0.02232,   0.07660,  -0.03545,  -0.00744,   0.08710,  -0.05471,   0.00832,  -0.01620,   0.06609,  -0.04071,   0.02933,  -0.00219,   0.02232,  -0.03195,  -0.05471,  -0.02145,   0.03983,   0.06434,   0.04683,  -0.01970,  -0.01094,   0.07135,  -0.03896,  -0.00744,   0.07135,  -0.00044,  -0.08098,  -0.10199,   0.00657,  -0.04771,  -0.04421,  -0.01094,  -0.04246,   0.03458,   0.04508,  -0.01269,  -0.03020,   0.07660,   0.01707,   0.01532,   0.11687,   0.05209,  -0.00569,  -0.05296,   0.07660,   0.03108,   0.02057,  -0.03545,   0.03108,   0.03458,   0.07310,   0.07485,  -0.03721,  -0.01269,   0.04158,  -0.00919,  -0.03721,  -0.09148,  -0.01970,  -0.08448,  -0.06697,  -0.02145,   0.00832,  -0.08798,  -0.01970,  -0.05121,   0.01882,   0.03458,   0.03633,   0.05034,   0.02582,   0.04333,   0.00657,   0.10461,   0.02407,   0.02582,  -0.04771,  -0.05646,  -0.06172,  -0.07047,  -0.00044,   0.00306,  -0.02145,   0.04858,  -0.04946,  -0.05822,   0.01707,   0.04508,   0.05034,  -0.05822,  -0.00919,  -0.01444,   0.03633,  -0.00744,  -0.01620,  -0.04421,  -0.00219,  -0.04596,   0.06784,  -0.02145,  -0.05296,   0.01357,  -0.02320,   0.03983,  -0.02845,   0.00131,   0.11687,   0.00481,   0.08010,  -0.00919,  -0.03195,   0.05909,  -0.00919,   0.07660,   0.04858,   0.05034,  -0.01094,  -0.03020,  -0.06172,  -0.00219,  -0.03545,   0.04333,   0.06959,  -0.06872,   0.01007,  -0.00394,  -0.01444,   0.09411,   0.02582,   0.02933,  -0.05471,  -0.07747,  -0.00044,  -0.01620,   0.10636,  -0.01795,  -0.04771,   0.02757,  -0.07747,  -0.12300,  -0.01269,  -0.07922,   0.07310,  -0.00744,  -0.03020,   0.08360,  -0.08973,   0.02933,   0.02582,   0.00832,  -0.07047,   0.02057,   0.05034,  -0.02845,   0.02757,   0.02933,  -0.10023,  -0.00219,  -0.06172,  -0.07922,   0.03108,  -0.00044,  -0.02145,  -0.01094,   0.00131,  -0.01444,   0.06434,   0.09761,   0.10286,   0.02407,   0.04333,  -0.07222,   0.00832,   0.11161,   0.04158,   0.03633,  -0.00919,   0.09060,  -0.04421,   0.01532,  -0.00569,  -0.00394,  -0.03195,   0.08010,   0.03108,   0.05909,  -0.02320,  -0.04946,  -0.04246,  -0.02320,  -0.01795,  -0.00044,   0.02933,  -0.03020,   0.06609,  -0.03545,  -0.01620,  -0.01620,   0.03983,  -0.03195,   0.06084,  -0.03370,  -0.02320,  -0.05646,   0.01007,  -0.01970,   0.05384,   0.05734,   0.01532,   0.03108,  -0.08973,  -0.03020,  -0.00569,  -0.01970,   0.04683,   0.02757,  -0.00744,   0.09936,   0.00306,   0.02232,   0.06784,  -0.00919,  -0.02145,  -0.05646,   0.03808,  -0.04071,   0.00131,  -0.02670,   0.01882,   0.02407,  -0.01094,  -0.06872,   0.02407,  -0.00394,  -0.04071,   0.04158,  -0.02145,  -0.01269,   0.01357,   0.05734,  -0.06172,  -0.00919,   0.02057,   0.00131,  -0.02845,  -0.00744,  -0.01269,   0.01007,   0.05209,  -0.02670,  -0.01620,   0.07660,   0.04858,   0.03808,  -0.08798,  -0.07747,  -0.00569,   0.06609,  -0.06172,  -0.03020,  -0.05646,   0.03983,  -0.07047,  -0.06872,   0.05384,  -0.00744,  -0.06522,  -0.01094,  -0.05471,   0.03108,  -0.05121,  -0.05822,  -0.00919,   0.01357,   0.00657,   0.03458,  -0.06172,   0.01882,   0.02582,  -0.01620,   0.05384,  -0.06347,   0.01357,  -0.00744,   0.00657,  -0.01094,  -0.02320,  -0.04071,   0.02407,   0.01182,   0.04683,   0.00481,  -0.00569,   0.06259,  -0.02845,   0.00481,   0.02232,  -0.02145,   0.05909,   0.01707,  -0.02495,   0.03633,  -0.07047,  -0.06697,   0.02757,   0.01007,   0.03283,  -0.03020,  -0.01795,  -0.07922,  -0.06697,  -0.03195,  -0.07747,   0.02407,   0.06259,   0.04683,   0.09761,  -0.06522,   0.04508,  -0.02845,   0.00481,  -0.02145,   0.03808,  -0.00044,   0.01007,  -0.00919,  -0.00219,  -0.04246,  -0.19303,   0.05734,  -0.01620,   0.01007,   0.04333,   0.02933,  -0.04421,   0.04683,   0.04858,   0.01007,   0.01357,  -0.00394,  -0.00394,   0.02582,  -0.02845,  -0.02845,   0.06784,   0.09411,   0.04158,   0.01707,  -0.10374,   0.00657,   0.01707,   0.00131,  -0.01620,  -0.03545,  -0.03721,   0.03283,  -0.02320,   0.08185,  -0.03195,   0.02057,  -0.04596,  -0.05121,   0.04858,  -0.09498,  -0.02320,  -0.01444,  -0.07397,   0.05734,  -0.01795,  -0.00044,  -0.01620,   0.03983,   0.10286,  -0.05997,   0.06434,  -0.00394,  -0.08973,   0.04158,  -0.06347,   0.04333,   0.02582,   0.01007,  -0.09323,   0.06259,   0.04158,  -0.00219,  -0.01094,  -0.03195,  -0.01094,   0.04333,  -0.05997,  -0.06347,   0.06784,   0.02407,  -0.00569,  -0.01970,  -0.02320,  -0.04946,   0.02757,  -0.03370,   0.00657,  -0.01444,   0.03458,  -0.03020,  -0.03195,  -0.01094,   0.00481,  -0.02495,   0.06609,   0.02933,   0.00481,  -0.01970,   0.00306,   0.03283,  -0.02845,   0.00481,   0.05734,  -0.06872,  -0.04946,  -0.03370,   0.01357,  -0.01970,   0.00306,  -0.06172,  -0.05121,   0.00131,   0.01357,  -0.03020,  -0.00044,  -0.01269,  -0.00219,  -0.00919,  -0.05646,   0.01182,  -0.00919,   0.03983,   0.06609,   0.00131,  -0.07222,   0.00306,   0.08010,   0.08885,  -0.03545,  -0.00569,  -0.02495,   0.02407,   0.01707,  -0.00744,  -0.00219,  -0.04596,   0.00306,  -0.02320,  -0.09673,  -0.03020,   0.00131,   0.01882,   0.04333,   0.06784,  -0.08448,   0.04158,   0.01532,   0.02232,   0.00131,   0.03983,  -0.07747,   0.02057,  -0.06172,  -0.01795,  -0.09673,   0.04158,  -0.03721,  -0.00919,  -0.02845,  -0.01444,   0.02582,   0.01182,   0.06434,   0.07310,   0.04858,  -0.05121,  -0.05471,   0.00657,   0.00832,   0.11336,   0.01707,  -0.02145,   0.02407,   0.12912,  -0.02145,   0.07135,  -0.03545,  -0.02145,   0.01182,  -0.01970,  -0.02320,  -0.04771,   0.02582,   0.03633,  -0.01970,   0.03458,  -0.07222,  -0.06697,  -0.02145,   0.01357,   0.02407,  -0.00569,  -0.06172,   0.04333,   0.00306,  -0.07572,   0.00306,   0.01357,  -0.02320,  -0.03370,   0.00131,   0.02407,   0.01357,   0.00657,   0.02933,  -0.04596,   0.00131,   0.03108,   0.03458,   0.03283,   0.00657,   0.01357,   0.00131,   0.02582,  -0.00219,   0.01882,  -0.01620,   0.01707,  -0.03721,   0.02407,  -0.03896,   0.00657,   0.02757,  -0.05646,  -0.02670,   0.01707,   0.06609,   0.04158,  -0.04596,   0.03808,   0.03283,   0.02232,  -0.00219,  -0.04771,   0.01357,   0.07835,   0.04508,  -0.09498,  -0.04246,   0.13087,  -0.00919,   0.02757,   0.01182,  -0.01620,  -0.00569,   0.06609,  -0.00219,  -0.03370,  -0.03020,   0.05734,   0.04683,   0.07660,   0.06434,  -0.02845,   0.03108,   0.00131,   0.00306,   0.01357,   0.01182,   0.03108,  -0.01795,   0.04333,  -0.01269,   0.05559,   0.01007,   0.04333,  -0.01269,  -0.07397,  -0.03896,   0.06084,   0.01707,   0.03808,   0.01707,   0.00832,   0.03283,   0.01532,  -0.01444,  -0.03370,   0.04158,  -0.06697,  -0.00394,   0.03983,  -0.03370,   0.07135,   0.05559,  -0.06872,  -0.08273,   0.03808,   0.06084,   0.06434,   0.01357,  -0.05997,  -0.01444,   0.06609,   0.04683,   0.02057,  -0.04246,   0.02582,  -0.03721,   0.07310,  -0.07747,   0.00306,  -0.04246,   0.02407,  -0.01269,   0.06259,   0.00832,  -0.08273,  -0.02145,  -0.02670,   0.01357,   0.01182,   0.06784,  -0.07572,   0.02057,   0.04333,   0.10811,   0.03283,  -0.03545,  -0.03195,   0.08360,  -0.08798,   0.01707,   0.00306,   0.05384,   0.08360,  -0.03020,  -0.04421,   0.01007,   0.10986,   0.01882,  -0.10374,   0.02057,   0.00131,  -0.04596,   0.06784,  -0.03020,   0.03808,   0.00131,   0.03983,  -0.03896,   0.03108,  -0.09848,  -0.07922,  -0.05997,   0.00306,  -0.04946,  -0.02670,   0.01707,  -0.03545,  -0.05822,  -0.03195,  -0.02145,  -0.02495,   0.01707,   0.00832,  -0.00044,   0.05734,  -0.08448,  -0.05997,  -0.01269,  -0.03195,   0.02407,   0.02232,   0.00832,  -0.03370,   0.04508,  -0.03020,  -0.10199,   0.02933,  -0.03195,  -0.00569,   0.03808,  -0.04771,   0.04333,   0.02757,  -0.03195,  -0.00919,   0.04333,   0.04158,  -0.00044,   0.00481,   0.03458,   0.02582,  -0.02845,  -0.03020,   0.03983,   0.03633,  -0.06697,  -0.00569,   0.03108,   0.07485,  -0.01620,  -0.01444,  -0.06172,   0.03108,  -0.09673,   0.09235,  -0.01444,  -0.00744,   0.04158,   0.01007,  -0.08623,  -0.07047,   0.01357,   0.04508,   0.02933,   0.04333,  -0.00919,  -0.06872,   0.01007,   0.06959,  -0.02670,  -0.05822,   0.02757,   0.00131,  -0.03020,  -0.02320,   0.01532,  -0.03020,  -0.01444,   0.06259,   0.06784,  -0.00744,   0.01707,  -0.02145,   0.02757,  -0.03020,   0.02232,  -0.05822,  -0.01094,  -0.01620,   0.02232,  -0.02670,   0.01357,   0.01007,  -0.05997,   0.06959,  -0.01970,   0.02582,   0.00306,  -0.01970,   0.00832,   0.01357,   0.05034,   0.05559,  -0.04246,  -0.05646,  -0.01620,   0.04683,   0.02582
  -0.01795,   0.01882,   0.06084,  -0.08273,   0.01007,  -0.02145,   0.00131,   0.05734,   0.06259,   0.00306,  -0.04596,  -0.01620,  -0.00219,   0.07835,   0.06084,  -0.02845,  -0.02845,  -0.02670,  -0.03545,   0.01707,   0.00657,  -0.02320,   0.02757,  -0.02495,   0.03283,   0.05384,   0.06434,   0.03633,   0.00131,   0.01707,   0.03458,   0.07135,   0.05209,   0.06084,   0.10461,  -0.04596,   0.12737,  -0.00744,   0.04508,   0.06259,  -0.02845,   0.06259,   0.05034,  -0.00394,  -0.07222,  -0.05296,  -0.10199,  -0.00044,  -0.00219,  -0.01269,   0.01882,   0.01882,   0.02757,  -0.04596,  -0.05296,  -0.00919,   0.01007,   0.00131,  -0.01094,  -0.04421,   0.03983,  -0.00744,   0.00306,   0.00306,  -0.05296,  -0.01444,   0.00306,  -0.01795,  -0.00219,  -0.02145,   0.04158,  -0.00919,   0.02407,   0.06084,   0.01707,   0.01182,   0.09411,  -0.00219,   0.00657,   0.04683,  -0.03545,  -0.03020,  -0.01444,   0.01007,   0.01532,   0.04683,   0.06259,   0.03458,   0.05034,   0.01707,   0.04858,   0.02582,   0.05209,  -0.04071,  -0.01094,   0.02582,  -0.04071,  -0.00744,  -0.02495,   0.01007,  -0.02145,  -0.04071,  -0.03195,  -0.07922,  -0.03545,   0.06434,  -0.01970,  -0.00044,  -0.02320,   0.01182,  -0.04946,   0.00657,  -0.06697,   0.01707,  -0.05471,   0.02057,  -0.04596,  -0.01444,  -0.03721,  -0.00044,  -0.00044,   0.03808,   0.07135,  -0.03195,  -0.02145,   0.01882,  -0.06347,   0.02757,   0.01532,  -0.01795,   0.03283,   0.06084,   0.05734,  -0.04421,  -0.02845,   0.01882,  -0.10199,  -0.03195,  -0.04246,   0.00832,  -0.07397,  -0.05822,   0.01007,  -0.02145,  -0.03896,   0.04683,  -0.04771,   0.01007,  -0.08448,  -0.03896,  -0.00919,  -0.07747,  -0.04596,  -0.08798,  -0.07047,  -0.00219,  -0.01620,  -0.00569,  -0.10549,   0.12037,   0.05734,  -0.03195,   0.02407,   0.02407,   0.00832,  -0.03545,   0.02582,  -0.05646,  -0.07747,   0.08010,  -0.03195,  -0.01444,  -0.04596,   0.01182,  -0.06697,   0.08010,  -0.03896,   0.03633,  -0.03370,  -0.02145,  -0.09498,   0.08360,  -0.05822,   0.06609,  -0.08448,   0.03808,  -0.03020,  -0.03721,  -0.01795,   0.01532,  -0.07047,   0.00306,  -0.01269,  -0.01444,   0.00832,   0.05034,  -0.05471,   0.01882,  -0.01620,   0.01882,   0.02582,  -0.00044,   0.02407,  -0.04421,  -0.02670,   0.02757,  -0.04596,  -0.02320,  -0.00044,  -0.02145,  -0.00044,   0.05909,   0.07485,   0.07835,   0.05734,   0.01532,   0.02407,  -0.04771,   0.01532,  -0.00744,  -0.02320,   0.03108,  -0.03545,   0.02582,  -0.03545,  -0.11949,  -0.02495,   0.04508,   0.02407,  -0.02845,   0.01007,   0.01532,  -0.09848,   0.02232,   0.01007,   0.05209,  -0.02320,  -0.00569,  -0.02145,  -0.05471,  -0.00219,  -0.02845,   0.02407,   0.03983,  -0.02495,  -0.01795,   0.03108,   0.01357,  -0.02320,   0.04333,  -0.04421,   0.11161,  -0.09673,  -0.03195,   0.00657,  -0.08798,  -0.04071,  -0.01970,   0.01357,   0.01357,   0.10111,   0.00832,   0.07135,   0.00832,   0.05559,  -0.07047,   0.02757,   0.03283,  -0.01094,   0.03808,   0.04158,   0.05384,  -0.03020,  -0.02845,  -0.00219,   0.04333,   0.01357,  -0.00569,  -0.00219,   0.01707,   0.00481,  -0.01094,   0.03983,   0.04158,   0.01357,  -0.01970,   0.02407,   0.02582,   0.01707,   0.04508,  -0.01269,   0.01532,   0.03283,   0.05559,  -0.06522,  -0.03195,  -0.08798,   0.06959,  -0.02670,  -0.02670,  -0.03020,  -0.00044,  -0.00219,  -0.01970,  -0.02495,   0.05559,  -0.00394,  -0.00219,   0.00481,   0.03633,  -0.01620,   0.02057,   0.01707,   0.00306,  -0.03721,   0.00832,  -0.08098,   0.02582,   0.02757,   0.01707,  -0.03195,   0.03108,  -0.03721,   0.03283,  -0.05471,   0.01357,  -0.03721,  -0.04946,   0.04158,  -0.01269,   0.00481,  -0.08098,  -0.00219,  -0.00744,   0.00481,   0.00832,   0.02757,  -0.03195,   0.07835,  -0.03896,   0.01532,   0.05034,   0.00832,   0.12562,   0.03458,  -0.03721,  -0.03896,   0.01357,   0.04508,   0.02933,  -0.07572,   0.01182,   0.01182,   0.02232,   0.01357,   0.03283,  -0.09673,  -0.05822,  -0.05646,  -0.00219,  -0.00569,  -0.09148,  -0.02320,   0.01882,   0.01532,  -0.03721,   0.00481,  -0.04421,  -0.05822,   0.03283,   0.06084,  -0.00569,   0.02757,   0.02407,   0.02933,   0.03983,   0.00481,  -0.01269,   0.02933,  -0.07397,   0.01707,   0.00131,   0.04508,  -0.03896,  -0.00044,  -0.05296,   0.05034,  -0.02845,  -0.07922,  -0.04421,   0.01357,  -0.02670,  -0.09848,  -0.03195,   0.03808,  -0.06872,   0.03283,  -0.02145,   0.01357,  -0.07397,  -0.07222,  -0.02670,  -0.02845,  -0.01444,   0.01357,   0.03633,   0.04333,  -0.05296,   0.02757,   0.03108,  -0.00744,  -0.00919,   0.08360,   0.01182,   0.01707,  -0.02320,  -0.04946,   0.02407,  -0.02495,   0.02407,   0.05559,   0.02057,  -0.03370,   0.02057,   0.00306,  -0.00919,   0.01357,   0.05209,   0.01357,  -0.00044,   0.02582,   0.09411,  -0.03721,   0.01007,  -0.02845,   0.01182,  -0.01620,  -0.01094,  -0.03721,  -0.00394,   0.01007,  -0.01269,  -0.14576,  -0.01970,  -0.04246,   0.00481,  -0.05121,   0.06784,  -0.05121,  -0.02145,   0.04508,   0.02407,  -0.05296,   0.05034,  -0.00219,   0.01007,  -0.02670,   0.06259,  -0.01094,   0.09936,   0.05034,  -0.05471,   0.01532,  -0.03545,   0.01007,  -0.00044,   0.04858,   0.04508,  -0.07047,  -0.02320,  -0.01094,   0.02057,   0.00131,  -0.04771,  -0.01269,   0.00131,  -0.06172,  -0.03370,  -0.12300,   0.00832,  -0.04596,  -0.01970,   0.01707,  -0.00394,  -0.02320,   0.02582,  -0.02845,   0.00481,  -0.01620,  -0.02320,  -0.04946,   0.02232,   0.02757,   0.01357,  -0.00569,  -0.01970,   0.03983,   0.01707,  -0.06347,  -0.01970,  -0.01620,   0.03808,   0.11512,   0.01532,  -0.03020,  -0.01094,   0.01882,   0.01532,   0.01357,  -0.01444,   0.03808,   0.00481,   0.00306,  -0.01795,   0.07135,   0.01882,  -0.08098,   0.01532,  -0.02145,   0.01532,   0.00306,   0.00832,   0.03983,  -0.01444,  -0.06872,  -0.04771,  -0.04246,   0.02933,   0.00131,   0.01882,  -0.04421,   0.01882,   0.02057,   0.01707,  -0.06697,  -0.04421,  -0.00044,  -0.01269,  -0.06347,   0.00657,   0.00832,   0.05909,  -0.05471,  -0.00394,  -0.08448,   0.02933,   0.05734,   0.03983,   0.00131,  -0.06172,  -0.00744,   0.01532,   0.00131,  -0.02495,  -0.10199,  -0.01795,   0.01707,  -0.05471,   0.05209,   0.05034,  -0.05997,  -0.01970,  -0.08973,   0.02757,   0.02232,   0.00306,  -0.01795,   0.05909,   0.01882,   0.06259,  -0.08798,  -0.00044,  -0.08798,  -0.03370,   0.03808,   0.05384,   0.00832,  -0.00394,   0.00481,  -0.05646,  -0.01620,   0.03983,   0.00832,   0.02232,   0.02057,  -0.02145,   0.01882,  -0.01444,   0.01007,   0.05909,   0.00131,  -0.03545,  -0.04596,  -0.01269,  -0.00919,  -0.00219,   0.01532,  -0.04246,  -0.00044,  -0.00569,  -0.08973,   0.01357,  -0.06347,  -0.06697,   0.06959,   0.03808,   0.01707,   0.05734,   0.01182,  -0.03370,   0.05734,  -0.07397,   0.02933,   0.01357,  -0.01620,   0.01182,   0.04858,  -0.00219,   0.02407,   0.03808,  -0.01269,   0.05909,  -0.00219,  -0.07047,  -0.02845,  -0.00044,   0.01707,   0.00481,  -0.03020,   0.06784,   0.02933,  -0.02670,   0.00657,   0.01007,   0.00306,  -0.03020,  -0.01795,   0.03283,  -0.00919,   0.02582,  -0.03545,  -0.00394,  -0.05646,   0.09060,   0.11336,  -0.03545,  -0.01620,   0.12737,  -0.03545,  -0.06872,  -0.00394,  -0.00919,   0.03458,  -0.01620,   0.06434,  -0.05997,  -0.00394,  -0.05296,  -0.03721,   0.03283,   0.02933,  -0.05296,  -0.01795,  -0.01970,   0.00657,   0.00306,  -0.00744,   0.01357,   0.00481,   0.03108,  -0.02670,   0.04508,   0.01882,   0.02232,   0.02057,   0.01007,   0.04508,  -0.04596,   0.03633,  -0.04421,   0.01007,   0.02582,  -0.01444,  -0.02845,  -0.00919,  -0.03020,   0.04858,   0.02057,   0.02757,  -0.00394,   0.07660,  -0.00569,  -0.01970,  -0.07922,   0.03983,  -0.07572,   0.07135,   0.01357,  -0.04771,  -0.03195,  -0.02495,  -0.01094,  -0.05121,   0.02407,  -0.05822,   0.00657,   0.01357,   0.01882,  -0.10724,   0.01707,   0.03458,   0.03808,  -0.04071,  -0.03721,  -0.07572,  -0.01444,  -0.03020,  -0.01970,  -0.02495,  -0.00219,  -0.07222,   0.04683,   0.01707,  -0.00569,  -0.05471,  -0.02145,  -0.02495,  -0.05646,  -0.02845,   0.00131,  -0.07572,  -0.01970,  -0.07922,  -0.07047,  -0.03721,  -0.06872,  -0.03195,   0.02232,   0.01182,  -0.01970,  -0.03020,  -0.00394,  -0.09673,   0.01882,   0.05209,   0.04508,  -0.01269,  -0.01269,  -0.00044,  -0.05121,  -0.03195,  -0.06522,   0.00481,   0.03983,  -0.07572,   0.00832,   0.02582,  -0.02670,   0.02407,   0.02232,   0.03283,  -0.10724,   0.03283,   0.00131,  -0.02845,   0.05734,  -0.04946,  -0.02495,   0.00131,  -0.01094,   0.05384,  -0.05822,   0.01532,   0.02757,   0.01007,  -0.06172,  -0.03896,  -0.04421,  -0.02145,  -0.06347,   0.00481,  -0.01620,  -0.01444,   0.01007,  -0.03370,   0.02582,  -0.00919,   0.06259,  -0.02145,  -0.00044,   0.05559,  -0.00569,   0.00657,   0.00306,  -0.03020,  -0.00919,  -0.00044,  -0.03545,  -0.08098,   0.02933,  -0.03545,  -0.01620,   0.02582,   0.00306,   0.03983,  -0.05296,  -0.05822,   0.01357,   0.05909,  -0.11599,   0.01182,   0.06784,  -0.05822,  -0.02320,  -0.04246,   0.02582,  -0.02845,  -0.07222,  -0.03721,   0.00306,  -0.00744,   0.01707,   0.00657,  -0.08973,   0.01707,   0.00832,  -0.02845,  -0.01620,   0.03983,  -0.09148,   0.05209,   0.06609,  -0.00744,   0.01532,   0.02057,   0.08885,   0.01357,  -0.07047,   0.03983,  -0.01269,  -0.01970,   0.05909,  -0.05471,  -0.01795,   0.01532,  -0.00569,   0.04158,   0.04683,   0.05034,   0.00481,  -0.04946,  -0.06522,   0.03633,  -0.04946,   0.04858,   0.01707,  -0.06347,  -0.02145,  -0.01094,   0.05734,  -0.01444,  -0.06172,  -0.05471,  -0.04071,   0.00131,  -0.05997,   0.03808,  -0.01620,  -0.01269,  -0.02145,   0.02232,   0.04158,  -0.07047,   0.06959,   0.00131,   0.05909,  -0.03896,   0.02407,   0.01357,   0.01707,  -0.03545,   0.01182,  -0.03370,  -0.02145,  -0.03896,   0.02232,  -0.05471,  -0.03195,  -0.09498,  -0.05646,   0.00657,  -0.03020,   0.08010,  -0.01795,   0.07310,   0.01532,  -0.06172,   0.04508,   0.01357,  -0.08973,   0.00832,   0.00832,  -0.01094,   0.05034,  -0.08623,  -0.03721,  -0.05822,  -0.01269,   0.06784,  -0.02145,  -0.03721,   0.03458,  -0.00919,   0.01357,   0.00481,  -0.02145,  -0.04596,   0.00657,  -0.02320,  -0.01269,  -0.01094,   0.01357,  -0.02145,   0.05909,   0.07310,  -0.01970,  -0.04771,   0.09411,   0.00131,  -0.04421,  -0.00219,   0.02057,  -0.00744,   0.06609,  -0.00919,  -0.03020,   0.04333,   0.07135,   0.01882,  -0.02670,  -0.07047,  -0.01269,   0.02057,  -0.01970,  -0.03195,   0.01182,  -0.06522,  -0.03896,   0.03633,   0.02407,   0.00657,   0.01882,   0.04158,  -0.05997,  -0.00219,  -0.00394,   0.00131,   0.07135,   0.07135,  -0.04421,   0.05034,  -0.02320,   0.01357,  -0.05997,  -0.00394,  -0.00394,  -0.11074,   0.01357,  -0.01795,  -0.01444,  -0.01094,   0.10111,   0.02582,  -0.08973,  -0.00569,   0.02057,   0.03108,  -0.01970,  -0.02495,   0.01707,  -0.08098,   0.02407,  -0.03545,   0.00657,   0.02232,  -0.01970,  -0.08798,   0.03633,  -0.00744,  -0.04771,  -0.00744,  -0.04771,   0.01007,  -0.01269,   0.01882,   0.03633,   0.04508,   0.04508,  -0.09148,   0.05559,  -0.06347,   0.02232,  -0.02320,   0.09235,  -0.00219,   0.00481,   0.01707,   0.02057,   0.02757,   0.01532,  -0.00919,   0.04158,   0.02057,   0.02232,  -0.00569,   0.01532,   0.08010,   0.02757,   0.06259,  -0.01269,  -0.08448,   0.01882,  -0.01620,  -0.01269
  -0.02845,   0.03808,   0.07310,  -0.03020,  -0.01970,   0.02933,  -0.02145,   0.06784,  -0.01444,  -0.01094,  -0.01444,  -0.01970,   0.04333,  -0.09848,   0.01357,  -0.06522,  -0.00044,   0.07310,  -0.05121,   0.00306,  -0.04071,   0.07135,  -0.02670,  -0.04246,  -0.07047,   0.02757,   0.04158,  -0.05822,  -0.04596,   0.02232,  -0.03896,   0.01182,   0.03108,  -0.08098,  -0.01094,   0.02582,  -0.04421,   0.03633,  -0.04246,  -0.00919,   0.06784,   0.08010,   0.03108,  -0.01620,   0.07660,   0.00657,  -0.01444,  -0.01094,   0.07835,   0.04683,   0.02582,   0.00131,   0.04683,   0.01882,  -0.00044,   0.01707,   0.02057,   0.05034,  -0.01444,   0.05559,   0.08360,  -0.01094,  -0.00394,  -0.01444,  -0.00394,   0.01532,   0.02582,   0.02582,  -0.01620,  -0.00219,  -0.00044,  -0.00394,   0.07310,  -0.02495,   0.01532,   0.01707,   0.01882,   0.05734,   0.03108,  -0.00044,  -0.00219,  -0.02670,   0.06784,  -0.02670,  -0.01620,  -0.07922,  -0.04071,   0.06784,  -0.00044,  -0.02495,  -0.00569,  -0.00919,  -0.03721,  -0.00569,  -0.15101,   0.07310,   0.06084,   0.04858,  -0.04596,  -0.07572,   0.04333,  -0.03545,  -0.01444,   0.04508,  -0.00394,  -0.02670,  -0.02145,   0.00657,  -0.02495,  -0.07572,   0.05734,   0.02407,   0.09235,  -0.05121,  -0.02845,   0.05209,  -0.02320,  -0.01620,   0.06784,  -0.12825,  -0.02670,   0.00131,   0.05034,   0.00131,  -0.00569,  -0.03896,  -0.03721,  -0.00744,   0.06959,  -0.00919,   0.05034,  -0.04596,  -0.01795,  -0.04421,   0.04158,   0.03458,  -0.03545,   0.01007,   0.08885,   0.01007,  -0.01970,  -0.04246,  -0.02845,  -0.09498,   0.01357,  -0.06872,   0.01882,   0.01007,  -0.02320,   0.00832,  -0.02320,  -0.01795,  -0.03370,   0.00306,   0.01182,  -0.04771,  -0.01795,  -0.01094,  -0.01795,   0.02757,   0.02057,   0.06959,  -0.01444,   0.05034,  -0.03721,  -0.09148,   0.06434,   0.01707,   0.04508,   0.05384,   0.01707,  -0.02495,  -0.01094,  -0.00044,   0.00832,  -0.02845,  -0.03721,   0.00832,   0.05734,  -0.07572,  -0.02495,   0.02232,  -0.01620,   0.07485,   0.05034,   0.04858,  -0.03721,  -0.05296,   0.02757,  -0.03020,   0.01357,   0.00481,  -0.05646,  -0.02145,  -0.00219,   0.03633,   0.00306,  -0.02845,   0.02582,   0.10461,   0.06434,   0.01532,   0.05034,  -0.02845,  -0.00394,   0.11336,   0.07485,  -0.01620,  -0.00919,   0.06434,  -0.01970,   0.00481,   0.01182,   0.01357,   0.01357,   0.13613,   0.07135,  -0.04246,   0.05559,   0.02757,  -0.00569,  -0.01795,  -0.14400,   0.04683,   0.03808,  -0.01094,   0.00306,  -0.02145,   0.02407,   0.03458,   0.06084,   0.08010,   0.01007,  -0.02495,   0.01357,  -0.04596,   0.00657,   0.02407,  -0.03896,   0.02057,   0.02232,   0.00131,  -0.05822,  -0.08798,   0.05734,  -0.02145,  -0.03195,  -0.08973,   0.04858,   0.00481,  -0.06172,   0.05559,   0.07660,   0.02757,   0.04158,  -0.03721,   0.06084,   0.06609,   0.02582,   0.01357,   0.02757,   0.13262,  -0.00044,   0.01357,   0.06609,  -0.00394,   0.01007,  -0.06347,   0.02232,  -0.05822,  -0.02145,   0.01007,  -0.03195,   0.11161,  -0.07922,   0.12562,  -0.05121,  -0.01094,  -0.04246,   0.08010,  -0.00219,  -0.01620,   0.03283,  -0.01620,  -0.05121,  -0.02320,  -0.01444,  -0.00744,   0.01532,   0.02407,   0.04683,   0.04858,   0.00306,  -0.00219,  -0.03721,   0.04508,  -0.01620,   0.00657,   0.01007,  -0.05121,   0.03458,   0.08010,  -0.01094,  -0.05997,   0.04858,  -0.05997,   0.05209,   0.07310,   0.01707,   0.10461,  -0.03721,  -0.00219,  -0.01094,   0.00481,   0.15714,  -0.02320,  -0.00394,  -0.02495,   0.00306,   0.09586,  -0.00044,  -0.01620,   0.03458,  -0.03370,  -0.02145,  -0.01620,  -0.08448,  -0.03721,  -0.02495,   0.00481,   0.02407,   0.08185,  -0.01795,   0.09060,   0.01007,   0.01182,  -0.01970,   0.05384,  -0.02845,  -0.05997,  -0.02495,   0.03458,  -0.00044,  -0.01444,   0.02407,  -0.00569,   0.04158,   0.02582,  -0.07572,  -0.06172,  -0.03896,   0.03633,  -0.01269,  -0.04946,  -0.00569,  -0.01620,  -0.02320,  -0.04071,   0.02407,  -0.03545,  -0.00219,  -0.07922,   0.02232,  -0.05121,   0.00131,  -0.07047,   0.04333,  -0.02320,  -0.10023,  -0.03370,   0.00832,  -0.01444,   0.03458,   0.04158,  -0.09673,  -0.07572,  -0.00744,  -0.05822,   0.06959,   0.03983,   0.04158,   0.05734,  -0.05121,  -0.01795,   0.06434,  -0.01444,  -0.07047,   0.08010,   0.06259,   0.02057,   0.02757,   0.00131,  -0.06347,  -0.04421,   0.03808,   0.02057,  -0.03896,  -0.05471,   0.02933,   0.00131,  -0.03896,   0.08185,   0.01707,   0.02232,   0.02582,  -0.07397,  -0.05997,  -0.08273,  -0.02495,   0.05909,  -0.01970,   0.03283,   0.06959,   0.02407,   0.01882,   0.01007,  -0.07922,  -0.02145,  -0.06522,  -0.02670,  -0.05121,  -0.01970,  -0.00219,  -0.04946,   0.01532,  -0.01970,   0.03108,  -0.04071,  -0.02145,   0.06084,  -0.04246,   0.04333,   0.02232,   0.00131,  -0.03370,  -0.07572,  -0.01970,  -0.00569,   0.03108,   0.03983,  -0.00744,   0.02582,   0.05909,  -0.00919,  -0.04771,  -0.02845,  -0.01094,   0.08710,  -0.07397,   0.09235,   0.00832,  -0.01970,  -0.04071,  -0.06522,   0.02057,  -0.01094,  -0.02145,   0.03458,  -0.03020,   0.06959,   0.04333,   0.00131,   0.04858,   0.03633,  -0.00219,  -0.05997,   0.03808,  -0.05296,  -0.06697,  -0.02320,   0.05034,  -0.00394,  -0.00744,   0.07135,  -0.01970,   0.10461,  -0.02145,  -0.05997,  -0.00919,   0.00832,   0.03458,   0.05909,   0.02582,  -0.03020,  -0.03195,   0.00481,   0.00832,   0.00131,   0.03458,  -0.02845,  -0.01094,  -0.00919,   0.01707,  -0.00569,   0.01007,  -0.00919,   0.01182,   0.00481,   0.08360,  -0.01094,  -0.04246,   0.01882,  -0.03370,  -0.00044,   0.00131,  -0.02495,   0.03458,   0.03983,  -0.02320,   0.06259,   0.05209,   0.01882,  -0.05997,  -0.03020,  -0.02145,  -0.07397,   0.01707,   0.01007,   0.08185,  -0.06697,  -0.02145,   0.02232,   0.00657,  -0.01970,   0.03283,   0.03808,  -0.02320,   0.06959,   0.00832,   0.07310,  -0.00219,  -0.04596,   0.03983,  -0.03195,  -0.02670,  -0.00394,   0.01882,  -0.01094,   0.04508,   0.03633,   0.03458,   0.04333,   0.01707,  -0.01444,   0.00832,  -0.00919,  -0.00919,  -0.01620,  -0.04421,  -0.01269,  -0.05471,   0.07310,  -0.03195,  -0.00744,   0.06609,   0.05034,   0.00481,  -0.02495,  -0.03020,  -0.01620,   0.04158,   0.02057,   0.08710,   0.00131,  -0.02845,  -0.01444,   0.01182,  -0.11424,   0.03283,  -0.10023,  -0.00394,  -0.02145,  -0.00569,   0.08535,  -0.01444,   0.00657,   0.07835,   0.04683,  -0.00044,  -0.02145,  -0.08273,  -0.00219,   0.01182,  -0.05296,   0.05384,  -0.06697,  -0.01269,  -0.01444,   0.00131,  -0.06872,  -0.03020,   0.01007,   0.00131,   0.04508,  -0.00919,  -0.00219,   0.01707,  -0.02320,  -0.05121,   0.02057,   0.07485,  -0.06872,   0.00657,  -0.03721,  -0.09673,  -0.00394,   0.06084,  -0.01795,   0.01182,  -0.02845,  -0.04946,  -0.03545,  -0.01620,   0.02232,  -0.14576,   0.03633,  -0.07922,   0.04333,  -0.05997,   0.03283,   0.06084,   0.06959,  -0.01620,   0.03458,  -0.04771,   0.01007,   0.00481,  -0.00744,   0.03633,   0.00131,  -0.00919,   0.02933,  -0.01094,   0.06959,   0.06084,   0.02057,  -0.00744,   0.05559,   0.05209,   0.02582,  -0.06172,  -0.02495,  -0.05471,  -0.03721,  -0.01620,  -0.05296,  -0.03020,   0.09235,  -0.05646,  -0.05296,  -0.05997,   0.03983,  -0.01970,  -0.03020,   0.09761,  -0.02145,  -0.06697,  -0.04596,  -0.00919,  -0.03195,   0.03458,   0.01707,  -0.00394,  -0.06697,   0.05734,   0.01882,  -0.03195,  -0.07222,   0.03108,  -0.05296,  -0.01795,   0.10286,   0.06434,  -0.04596,   0.08010,   0.07135,   0.02757,  -0.05997,  -0.04421,  -0.04071,  -0.01444,   0.04158,   0.01007,   0.09936,  -0.00219,   0.08885,   0.08360,  -0.07047,   0.00131,  -0.00744,   0.03458,   0.04858,  -0.05822,  -0.01970,   0.06609,  -0.07572,  -0.02145,  -0.03721,   0.02582,  -0.06347,   0.05034,  -0.01795,   0.02407,  -0.03195,  -0.01444,  -0.01269,   0.04683,   0.02057,  -0.00744,  -0.03195,   0.00131,  -0.01269,   0.03983,   0.00131,   0.02933,   0.00306,  -0.00394,   0.07135,  -0.00044,   0.00832,   0.07835,  -0.13000,   0.03633,   0.01707,  -0.07397,   0.01357,   0.01532,   0.02933,   0.01357,   0.01007,   0.02582,  -0.08798,   0.01182,   0.09060,   0.04333,  -0.03195,   0.03458,  -0.00569,   0.01532,  -0.00394,   0.05209,  -0.01795,  -0.05997,  -0.03195,  -0.03545,   0.04158,   0.07135,   0.05034,   0.01532,   0.03108,  -0.01094,   0.07835,  -0.01269,   0.08535,  -0.05822,   0.02582,   0.04508,  -0.04946,  -0.03195,  -0.09148,  -0.00919,  -0.01094,  -0.01269,  -0.04071,  -0.02845,   0.02582,   0.04508,  -0.02145,  -0.04771,   0.02057,   0.03283,   0.03458,   0.00657,   0.08535,   0.04508,  -0.00219,   0.12562,   0.01007,  -0.07572,  -0.03020,   0.01182,   0.02057,  -0.01444,   0.04683,  -0.06347,  -0.04946,   0.00131,   0.02757,   0.05034,  -0.10199,   0.03283,  -0.00044,   0.07835,   0.01532,  -0.00569,   0.07310,   0.01182,   0.00481,   0.00657,   0.06084,   0.06434,   0.02407,  -0.00219,   0.02933,  -0.00919,  -0.02145,   0.06434,   0.10636,  -0.03370,   0.03983,   0.01707,  -0.00744,  -0.00219,   0.02407,  -0.06872,  -0.08448,  -0.07222,   0.05034,   0.01007,   0.01182,  -0.01970,  -0.00219,  -0.01795,  -0.05822,   0.05034,   0.00481,   0.04683,  -0.07922,   0.06084,   0.02057,   0.02232,   0.03458,  -0.01444,  -0.00044,  -0.04421,  -0.01094,  -0.01620,  -0.05121,  -0.00394,   0.11862,  -0.01970,  -0.02845,  -0.11599,  -0.04246,  -0.01620,  -0.00044,  -0.08798,   0.00832,  -0.01269,  -0.00919,   0.03283,  -0.03896,  -0.03195,  -0.06172,  -0.02495,  -0.08098,  -0.01970,   0.07835,   0.01182,   0.01007,   0.04858,  -0.09323,  -0.08973,  -0.03020,   0.00657,   0.03983,  -0.05471,   0.08535,   0.04508,   0.07310,  -0.00569,   0.03458,   0.02232,   0.05734,  -0.01970,   0.07485,   0.02933,   0.03633,   0.05034,  -0.02145,   0.02057,   0.08185,   0.02232,  -0.01970,  -0.03545,   0.07835,   0.00657,  -0.05471,  -0.04946,  -0.00919,  -0.00919,  -0.00744,  -0.01620,   0.06609,  -0.04071,   0.00131,   0.02057,  -0.02320,  -0.04771,  -0.03195,  -0.04596,   0.00481,   0.02057,  -0.00569,  -0.00744,   0.06959,  -0.01970,  -0.07047,  -0.00394,  -0.03020,   0.06259,   0.01882,  -0.01269,  -0.01269,   0.05559,   0.13262,  -0.01444,   0.03983,   0.04158,  -0.11074,  -0.01444,  -0.03195,   0.03108,  -0.04946,   0.04683,  -0.01970,   0.01007,   0.06434,  -0.02495,   0.06609,   0.04858,  -0.05471,   0.05209,   0.05384,   0.05734,   0.03458,   0.00481,   0.01707,  -0.03896,  -0.08973,  -0.01444,  -0.00919,  -0.00744,  -0.07222,  -0.04421,  -0.03896,  -0.02845,   0.03808,  -0.00919,  -0.04771,  -0.03020,  -0.04421,  -0.02670,  -0.07397,   0.08535,   0.02057,   0.00657,  -0.05296,   0.04683,  -0.00394,   0.00306,  -0.02320,  -0.01269,  -0.00219,   0.00657,  -0.05121,   0.04683,   0.04858,   0.00657,   0.05384,   0.04858,  -0.09498,  -0.00219,   0.09411,   0.00481,   0.01882,   0.01357,  -0.01444,   0.03108,   0.06434,  -0.02495,  -0.04771,  -0.05121,   0.02757,   0.00306,  -0.02845,   0.03108,   0.01532,   0.07835,  -0.01269,   0.06959,   0.00131,   0.04508,   0.02933,   0.01182,  -0.04421,   0.01882,   0.00306,   0.08535,   0.00306,  -0.00919,   0.02057,   0.02407,   0.03458,   0.03283,  -0.00744,   0.02232,  -0.01269,   0.02757,  -0.01094,   0.02757,   0.04158,  -0.03545,   0.04158,   0.01182,  -0.03896,  -0.01094,  -0.01269,  -0.00919,  -0.08448,   0.08185,  -0.07572,   0.05559,  -0.06172
   0.04683,  -0.04771,   0.01357,   0.01532,  -0.02495,   0.05034,   0.02582,   0.04683,  -0.03370,  -0.00569,   0.01357,  -0.04421,   0.00657,   0.05034,  -0.06872,   0.02582,   0.05909,   0.01532,   0.00131,  -0.01620,  -0.05296,   0.10111,  -0.08623,  -0.03545,   0.00131,  -0.00569,   0.03283,  -0.02495,   0.05034,  -0.01269,  -0.00919,   0.01707,   0.00306,   0.01357,   0.05034,  -0.01795,   0.06959,  -0.01444,  -0.00744,  -0.00394,  -0.07572,  -0.06522,   0.01007,  -0.01620,   0.03458,  -0.01795,   0.06084,  -0.01795,  -0.02320,  -0.05471,  -0.04071,   0.00306,  -0.00744,   0.02232,   0.01707,  -0.03545,   0.00481,   0.00832,  -0.04596,   0.01007,  -0.05296,   0.07485,   0.03283,   0.01007,  -0.03721,  -0.01620,   0.06609,  -0.01970,  -0.03020,  -0.01444,   0.01007,   0.03458,   0.04333,  -0.01094,  -0.00394,   0.07485,   0.05034,  -0.03721,  -0.01795,   0.06784,  -0.01444,   0.01007,   0.05384,  -0.05646,  -0.01444,   0.08885,   0.00657,   0.00131,  -0.03545,  -0.00044,  -0.03195,  -0.00569,   0.00131,   0.03108,   0.01357,  -0.03195,  -0.01970,   0.09235,   0.03633,  -0.06172,  -0.02145,  -0.04771,   0.03108,   0.00657,   0.00306,   0.00131,  -0.06522,  -0.00744,  -0.03370,  -0.03545,   0.01007,   0.04858,   0.02407,   0.02933,   0.02407,  -0.01094,  -0.03370,   0.04508,   0.01707,  -0.06347,   0.07835,  -0.02495,  -0.01970,   0.01007,  -0.05471,   0.06259,   0.11862,   0.04333,  -0.01795,  -0.02495,  -0.07747,   0.06259,  -0.01269,  -0.01970,   0.00481,   0.01182,   0.01357,   0.08360,  -0.01094,   0.01707,  -0.02320,  -0.03545,  -0.06522,  -0.00394,   0.05909,  -0.00569,  -0.05471,   0.00832,   0.01007,  -0.00919,  -0.04246,  -0.03195,  -0.00394,   0.04683,   0.01357,  -0.01094,   0.01182,   0.03983,   0.06959,  -0.04596,   0.01007,   0.06084,   0.08535,  -0.00044,   0.02757,   0.01007,  -0.03020,   0.01182,  -0.03195,   0.05384,  -0.01620,   0.02757,  -0.00569,  -0.04771,  -0.00744,  -0.00044,   0.00832,   0.01357,  -0.01620,  -0.07222,   0.02407,   0.00657,  -0.10023,  -0.00919,   0.00657,  -0.00569,   0.02407,  -0.01970,  -0.05471,   0.01182,   0.10986,  -0.03020,  -0.00569,  -0.06347,   0.04158,   0.06959,   0.08185,  -0.06347,  -0.04946,   0.02232,  -0.00394,  -0.00044,  -0.04596,  -0.03721,   0.02232,  -0.01094,  -0.00219,   0.00657,   0.04158,  -0.03545,   0.01532,   0.13087,  -0.01269,  -0.06697,  -0.00744,  -0.01970,  -0.07047,  -0.03896,   0.05384,   0.04158,   0.03808,   0.04158,  -0.02670,  -0.00569,   0.00832,  -0.06697,  -0.04946,   0.06784,   0.01182,  -0.05121,   0.01882,  -0.02320,   0.02757,  -0.01094,   0.00131,   0.03633,   0.03983,  -0.10023,  -0.01269,   0.01882,   0.09936,   0.05734,   0.04158,  -0.00219,  -0.00569,   0.04333,  -0.03020,   0.03283,   0.06959,  -0.05471,  -0.02670,  -0.00219,  -0.01795,   0.00832,   0.00657,   0.02057,   0.00657,   0.00832,  -0.01269,   0.01882,   0.00832,  -0.00044,   0.01007,  -0.01795,   0.05209,  -0.06347,   0.02407,   0.00832,   0.02407,  -0.00219,  -0.08623,   0.08885,   0.03458,  -0.06697,  -0.04071,  -0.05646,   0.02582,   0.00481,   0.12737,   0.08885,   0.08710,  -0.03020,  -0.05822,  -0.02320,   0.02757,  -0.04596,   0.00657,   0.01707,   0.01182,   0.02757,   0.00832,  -0.01269,   0.05909,  -0.01269,   0.00481,   0.06259,  -0.00219,  -0.01970,  -0.05822,   0.04158,  -0.03721,  -0.02670,  -0.04596,   0.00306,  -0.02145,   0.10636,  -0.00219,  -0.01444,  -0.01444,   0.02232,  -0.01444,   0.00657,   0.04683,   0.00657,   0.01882,   0.05034,  -0.04771,  -0.04421,   0.02407,   0.03983,   0.03808,  -0.02670,  -0.01620,  -0.03020,  -0.01444,   0.07135,  -0.04071,   0.03983,   0.01707,  -0.04771,   0.08535,  -0.01444,   0.05034,  -0.01444,  -0.04596,  -0.03195,  -0.01970,   0.00657,  -0.07047,  -0.02145,  -0.04421,  -0.08098,  -0.04771,   0.06609,   0.02407,  -0.03370,   0.03633,  -0.03370,  -0.03020,   0.01182,  -0.08798,  -0.05646,   0.03108,  -0.05646,  -0.09673,   0.01182,   0.07310,  -0.03020,   0.00131,  -0.00569,  -0.01620,  -0.01620,   0.01007,  -0.02320,  -0.05471,   0.03458,  -0.00044,   0.03283,   0.09586,  -0.04596,   0.01707,   0.02407,  -0.00744,   0.02757,   0.03458,  -0.07397,   0.01357,  -0.02670,   0.04683,  -0.01444,  -0.06172,  -0.00569,  -0.02320,  -0.00219,  -0.02495,   0.00131,   0.04858,   0.09936,   0.02933,  -0.01444,   0.01357,  -0.00744,  -0.01269,   0.00657,  -0.06172,   0.00832,  -0.02670,   0.08360,  -0.08798,   0.02933,   0.00832,  -0.01444,   0.01182,   0.00657,   0.01182,  -0.06347,   0.00481,  -0.05822,  -0.01795,   0.00306,  -0.01094,   0.00657,   0.02407,  -0.00044,   0.00131,  -0.01269,   0.02407,  -0.01620,  -0.01444,  -0.00569,   0.01707,  -0.06172,  -0.03721,   0.00131,   0.03108,  -0.03195,   0.02933,   0.02057,  -0.04071,   0.08010,  -0.05997,  -0.00919,  -0.00919,  -0.07397,  -0.03195,  -0.08098,  -0.08448,  -0.03721,   0.03983,   0.07835,   0.05909,  -0.01444,   0.02057,   0.05734,   0.00832,   0.00657,   0.06609,   0.01007,   0.03808,  -0.00394,   0.02407,   0.08885,   0.02232,  -0.04071,  -0.01094,   0.01182,   0.01707,  -0.01094,   0.00481,  -0.01269,  -0.02670,  -0.00744,  -0.00919,  -0.03370,   0.01007,  -0.03195,  -0.02495,  -0.02495,   0.05034,   0.00657,   0.05209,   0.01532,  -0.01444,   0.00481,  -0.01094,   0.02232,  -0.00569,   0.04683,   0.05209,  -0.04246,   0.00481,   0.00131,  -0.05471,  -0.00044,  -0.00219,  -0.01795,   0.04858,   0.08710,  -0.01620,  -0.03545,  -0.02145,   0.01532,   0.01882,  -0.02495,  -0.05822,  -0.03896,  -0.08273,   0.02407,   0.03458,   0.00657,   0.02232,   0.02407,   0.01007,   0.04333,  -0.09323,   0.04683,  -0.01269,   0.04508,   0.05209,  -0.02495,   0.06784,   0.03108,  -0.00919,   0.01882,  -0.03721,   0.06959,   0.01007,  -0.04946,   0.00481,   0.03458,  -0.02145,  -0.06172,  -0.00219,  -0.01444,  -0.00394,  -0.00919,  -0.04596,   0.01707,  -0.03370,  -0.03721,  -0.02320,   0.09936,  -0.00394,   0.00832,  -0.01795,   0.07135,  -0.03195,   0.03808,   0.00306,  -0.00394,   0.00306,   0.02407,   0.02407,  -0.01444,   0.01357,  -0.05121,   0.07310,  -0.06872,  -0.06172,  -0.03721,   0.08885,  -0.01094,   0.07485,  -0.04946,   0.04683,   0.00481,   0.00481,  -0.04246,   0.05034,   0.00306,   0.02232,   0.04508,  -0.01094,  -0.09148,  -0.04946,  -0.03020,   0.00131,   0.00481,   0.00306,   0.02407,   0.04683,  -0.03195,   0.03633,   0.01532,  -0.00569,  -0.04946,  -0.04946,   0.05034,  -0.04596,  -0.06697,  -0.03545,  -0.05296,   0.01182,  -0.03721,   0.06784,   0.03983,  -0.04421,   0.01707,  -0.01795,  -0.05471,  -0.03721,  -0.03195,  -0.01620,   0.07660,  -0.03896,   0.00657,  -0.00219,  -0.00569,  -0.03545,  -0.02145,  -0.04421,  -0.02670,   0.03283,  -0.10374,  -0.00919,   0.00832,  -0.01970,  -0.00219,  -0.06697,   0.03983,   0.08185,   0.03808,  -0.00394,  -0.00394,   0.02232,  -0.00919,  -0.00919,   0.05034,   0.06259,  -0.05471,   0.00481,   0.00481,  -0.00919,  -0.08098,   0.01707,   0.02057,  -0.03896,  -0.00744,  -0.02320,  -0.01444,  -0.10549,  -0.01620,  -0.01970,  -0.01444,  -0.06522,   0.02582,   0.05384,   0.03808,   0.03808,  -0.00919,   0.03283,   0.01882,  -0.00219,  -0.01620,  -0.03370,  -0.04946,   0.02933,   0.02407,  -0.04421,   0.00306,  -0.06872,  -0.01795,   0.03108,  -0.07922,  -0.03545,  -0.01444,   0.03458,  -0.05646,  -0.00394,  -0.07397,   0.07660,   0.05909,  -0.01970,  -0.03545,   0.00306,  -0.10724,   0.04158,  -0.01620,   0.03458,   0.00832,  -0.05121,  -0.07047,  -0.06347,   0.00657,   0.00657,   0.05909,   0.06259,  -0.02145,   0.03283,  -0.00569,   0.02057,   0.02407,  -0.01444,  -0.01094,   0.07135,   0.06259,   0.07835,   0.00306,  -0.02670,   0.04333,  -0.07922,   0.02933,  -0.08098,  -0.05121,  -0.02145,  -0.01620,  -0.04421,  -0.00744,  -0.04246,  -0.01970,  -0.07572,  -0.02320,   0.04508,  -0.04071,   0.03983,  -0.10023,   0.02757,  -0.02320,   0.04158,   0.05384,   0.04158,  -0.05822,  -0.05471,  -0.01269,  -0.00394,   0.00657,   0.03633,   0.02407,  -0.01094,  -0.04771,  -0.05822,   0.02232,  -0.03195,   0.02057,   0.03983,  -0.01444,  -0.05121,   0.00306,   0.01707,   0.06259,  -0.01620,   0.01707,  -0.01970,  -0.05296,  -0.01795,   0.01357,   0.01182,  -0.06522,  -0.05121,   0.03458,  -0.01970,   0.05034,  -0.01269,   0.07485,  -0.01970,  -0.07222,  -0.07222,   0.00306,  -0.01444,   0.00657,  -0.00219,  -0.02670,   0.02232,  -0.01795,   0.05734,   0.00481,  -0.05471,  -0.01094,   0.05034,  -0.02670,  -0.01970,  -0.04946,   0.00131,  -0.01269,   0.06084,  -0.00744,  -0.01269,  -0.04596,  -0.01795,  -0.05296,   0.02933,  -0.01269,   0.04158,  -0.02845,   0.05384,   0.03983,  -0.04071,   0.01532,  -0.01094,   0.00657,  -0.05121,  -0.00219,  -0.07222,  -0.05471,  -0.05471,  -0.02495,  -0.03721,   0.03283,  -0.01444,  -0.04596,  -0.00919,  -0.01444,  -0.02145,   0.06259,  -0.00219,  -0.02320,  -0.01795,  -0.01795,  -0.08623,   0.05734,  -0.06172,  -0.00744,  -0.01269,  -0.05997,   0.03458,   0.07310,  -0.01620,  -0.01269,   0.02057,  -0.03370,  -0.00919,  -0.06172,  -0.03195,  -0.00919,   0.08360,  -0.03195,  -0.01970,  -0.02145,  -0.01795,   0.00306,   0.03283,  -0.00044,  -0.03721,  -0.05646,   0.05909,  -0.07572,   0.04858,   0.03983,   0.00657,   0.01707,   0.08885,  -0.01094,   0.01707,  -0.04246,  -0.03370,  -0.03896,  -0.03896,   0.00306,  -0.00744,   0.02582,  -0.03896,   0.00306,   0.02407,   0.01357,   0.05734,   0.06084,   0.04858,  -0.00744,   0.00131,   0.03458,  -0.00044,  -0.06347,   0.05034,  -0.02145,   0.00832,   0.04683,   0.01532,   0.02057,   0.03458,   0.01357,   0.01182,   0.01357,  -0.00569,   0.00832,   0.05209,   0.00481,  -0.00044,   0.00481,   0.03458,   0.00832,   0.02933,  -0.03195,   0.01182,   0.02407,   0.05734,   0.00657,  -0.05646,  -0.02495,  -0.01269,   0.02407,   0.04683,  -0.01970,   0.02933,  -0.00219,  -0.01970,  -0.02670,  -0.00394,   0.00131,  -0.00219,  -0.03370,  -0.04421,  -0.02670,   0.01182,   0.01882,   0.00481,   0.05384,   0.00832,   0.01182,  -0.03020,   0.02232,   0.00481,  -0.00744,   0.02057,  -0.00219,  -0.03370,  -0.00569,   0.05734,  -0.03020,   0.04158,   0.03283,  -0.02670,   0.00657,   0.07835,   0.04683,   0.02582,   0.01707,  -0.03370,   0.10111,   0.04508,   0.01007,   0.06259,   0.03983,  -0.03370,   0.00657,  -0.04771,   0.06784,  -0.04071,   0.01357,  -0.01620,  -0.06172,   0.03808,   0.01357,   0.01357,  -0.04246,  -0.01795,   0.01882,   0.00131,  -0.06522,   0.00657,  -0.03195,   0.08360,   0.00481,  -0.06872,   0.04858,   0.02582,   0.02933,   0.04858,  -0.00219,  -0.03020,   0.02757,   0.00481,  -0.11774,   0.00481,  -0.01970,   0.01532,  -0.02845,   0.06959,   0.03983,   0.02933,   0.02933,   0.01007,   0.05209,   0.06084,  -0.02145,  -0.04946,   0.01707,  -0.00044,   0.02582,   0.01882,   0.01357,   0.01707,  -0.05121,   0.02582,   0.05384,   0.03808,   0.07310,  -0.03896,  -0.07047,   0.00306,   0.04158,   0.02057,   0.04858,   0.00306,   0.03983,   0.07135,  -0.00744,   0.06784,  -0.05121,  -0.05296,   0.04858,   0.04508,   0.07135,  -0.06697,   0.00131,  -0.05121,  -0.02670,  -0.01795,  -0.04596,  -0.00744,  -0.08448,   0.05559,   0.05034,   0.00306,   0.01182,  -0.01970,  -0.02320,   0.06784,  -0.06522,  -0.01795,   0.00832,   0.04158,  -0.04946,  -0.01620,   0.02582,  -0.11074,  -0.00919,  -0.03020,  -0.05646,  -0.00044,  -0.04071,  -0.01795,   0.01007,   0.04508,  -0.05822
  -0.00044,  -0.06172,   0.06959,  -0.03721,   0.08360,  -0.04946,   0.02757,   0.06784,   0.00832,   0.03283,  -0.04246,  -0.02495,  -0.01444,   0.08535,   0.00131,   0.06784,  -0.06697,   0.01357,  -0.01795,  -0.00394,   0.00481,  -0.05296,   0.00832,  -0.02845,  -0.01620,  -0.01970,   0.03808,   0.08885,   0.01007,   0.05034,   0.07660,   0.00657,  -0.00569,  -0.01269,   0.03108,   0.03808,   0.00481,   0.02407,   0.02582,  -0.02845,   0.03808,  -0.07397,   0.01357,   0.05909,   0.01532,  -0.00919,  -0.05822,  -0.05471,   0.02582,   0.07135,  -0.00919,   0.01357,  -0.00569,   0.02407,  -0.04946,  -0.04246,   0.01357,   0.00131,   0.10986,   0.02057,  -0.01444,   0.05209,  -0.01269,   0.03808,  -0.00569,   0.01532,   0.04333,  -0.03370,   0.00657,  -0.04946,   0.06609,  -0.06347,  -0.10549,   0.02582,  -0.04771,  -0.00044,  -0.04071,  -0.06347,  -0.01970,  -0.02845,  -0.10374,   0.07310,   0.01007,  -0.05296,   0.00306,   0.09235,  -0.03370,  -0.01970,  -0.00044,  -0.06347,  -0.07397,  -0.02495,   0.05734,  -0.05471,  -0.00394,   0.06609,   0.02933,  -0.07922,  -0.02845,   0.09936,  -0.04071,   0.01007,   0.06609,  -0.05646,  -0.02320,  -0.02145,  -0.09673,  -0.05296,   0.05384,   0.02933,  -0.00219,   0.07485,  -0.00219,   0.05384,  -0.05822,  -0.00919,  -0.06697,  -0.00919,   0.06784,   0.05559,  -0.01970,   0.05559,  -0.02495,  -0.04071,   0.00481,  -0.02670,  -0.07922,   0.09235,  -0.05121,  -0.08098,  -0.03721,  -0.13525,  -0.01620,   0.02232,  -0.01094,  -0.01970,  -0.01094,  -0.01094,  -0.06172,   0.08535,  -0.01620,  -0.00394,  -0.05296,  -0.00394,   0.06609,  -0.04421,   0.05209,   0.02057,   0.00481,  -0.01444,  -0.05997,  -0.06522,  -0.03545,  -0.09148,  -0.06522,  -0.01094,   0.00131,   0.06259,  -0.06522,   0.10111,   0.01357,  -0.06522,  -0.03370,   0.12562,   0.03458,  -0.02320,   0.04158,   0.00306,   0.08185,  -0.03370,  -0.07747,  -0.01094,   0.00481,  -0.02145,  -0.02320,  -0.05296,  -0.04771,   0.02232,   0.01182,   0.02757,   0.08185,   0.07485,   0.04508,  -0.03370,   0.06784,   0.06259,   0.01357,  -0.03545,   0.00657,   0.06084,   0.03458,  -0.05822,   0.02057,   0.01882,  -0.04946,  -0.12124,  -0.00919,  -0.02145,   0.09586,  -0.04246,   0.06959,  -0.06172,  -0.03370,  -0.04246,  -0.05997,   0.04333,  -0.01970,  -0.03020,   0.01007,   0.04508,  -0.03896,  -0.08273,   0.01357,  -0.04246,   0.06609,   0.09060,   0.02933,  -0.07747,   0.02757,  -0.00744,  -0.07572,   0.01007,   0.06959,  -0.04246,  -0.03370,   0.02933,  -0.02495,   0.06784,  -0.04596,  -0.02845,  -0.00569,   0.00657,   0.08710,   0.01707,   0.03108,  -0.03545,  -0.04421,   0.02933,   0.01357,   0.06259,  -0.00569,   0.06084,   0.06434,  -0.01444,  -0.10199,  -0.04246,  -0.05121,  -0.08098,  -0.00569,   0.05734,  -0.01795,  -0.02845,  -0.07572,   0.01532,  -0.02845,  -0.02320,  -0.00919,   0.03633,  -0.00219,   0.04683,   0.06434,  -0.00919,  -0.00744,   0.09411,  -0.08098,   0.05909,  -0.00044,   0.02582,  -0.07047,   0.00131,   0.02757,   0.01357,  -0.10023,  -0.00744,   0.06609,  -0.02495,  -0.04246,  -0.01269,   0.01882,  -0.04421,   0.01882,   0.11336,   0.07485,  -0.00744,  -0.00044,  -0.00919,  -0.00044,   0.01357,   0.00481,  -0.03020,  -0.02495,   0.00657,  -0.09498,  -0.00394,  -0.01620,   0.00306,   0.00832,  -0.01795,  -0.00394,  -0.01795,   0.04333,   0.06609,   0.04508,  -0.00569,   0.09586,   0.10986,   0.10461,  -0.00744,   0.06609,  -0.02320,   0.00306,  -0.06347,   0.02407,  -0.03195,  -0.00394,   0.04858,   0.00657,   0.08010,   0.04508,  -0.05296,  -0.06172,   0.02407,  -0.03020,   0.02232,  -0.04246,  -0.01094,  -0.03370,   0.00481,   0.03983,   0.13262,  -0.08798,   0.01707,  -0.00044,   0.05034,   0.07835,  -0.09323,   0.01707,  -0.02320,  -0.05296,  -0.00744,  -0.03020,  -0.02670,  -0.00394,  -0.00569,  -0.01970,  -0.01269,   0.04158,  -0.01620,  -0.00919,  -0.06522,  -0.07047,   0.07660,  -0.04246,   0.05734,  -0.01269,  -0.00394,   0.01357,  -0.00744,  -0.04946,  -0.00744,   0.01882,   0.03633,  -0.00744,   0.02407,   0.07485,  -0.01094,   0.02582,   0.01532,  -0.02845,   0.05559,  -0.00919,  -0.07747,  -0.06172,  -0.06697,   0.04858,  -0.04246,   0.03808,  -0.01094,  -0.02145,  -0.04071,   0.04858,  -0.00569,  -0.04596,  -0.03195,   0.08185,  -0.02145,  -0.00394,  -0.01444,  -0.04071,   0.05034,  -0.00394,  -0.00394,   0.03983,   0.03633,  -0.06347,   0.08010,   0.04508,  -0.04421,  -0.06697,  -0.01094,  -0.02670,   0.03458,   0.12037,   0.01532,  -0.01970,  -0.07922,   0.05209,  -0.03195,  -0.00044,   0.07310,   0.00832,  -0.01620,  -0.00744,   0.04158,   0.03633,  -0.04071,  -0.00744,  -0.03370,   0.08535,  -0.03020,  -0.03020,  -0.03195,  -0.06172,   0.01007,   0.00832,  -0.01620,   0.04158,  -0.01620,  -0.00394,   0.02057,   0.03808,   0.03808,  -0.05121,   0.04333,   0.10986,  -0.01620,  -0.04771,  -0.03195,  -0.06347,   0.02057,  -0.00394,   0.04333,  -0.05121,   0.00306,  -0.05822,  -0.02145,   0.07485,   0.07660,   0.03983,  -0.00219,  -0.02495,   0.01007,  -0.06172,   0.02232,  -0.00744,   0.01707,   0.06259,   0.07660,   0.04508,   0.02232,  -0.06347,  -0.01444,  -0.03721,  -0.05822,   0.09761,   0.09060,   0.04333,   0.03633,  -0.08623,   0.01532,  -0.07747,  -0.01094,  -0.01269,   0.02057,   0.01357,   0.06784,   0.00657,  -0.01970,  -0.00744,   0.06434,   0.01882,   0.08360,   0.02057,   0.01182,  -0.06522,  -0.05471,   0.06084,  -0.01795,  -0.08798,  -0.00919,   0.02757,   0.08360,  -0.05646,  -0.02670,  -0.04246,   0.03633,  -0.01444,  -0.00569,   0.02757,   0.07135,   0.01532,   0.00657,  -0.07747,  -0.05296,   0.09411,   0.02057,  -0.10199,   0.02933,  -0.01094,  -0.01269,  -0.03020,   0.03458,   0.05384,   0.03283,  -0.01970,  -0.07047,   0.03808,   0.04858,  -0.01094,  -0.08098,   0.03633,   0.01182,  -0.04071,   0.01707,   0.05909,   0.01882,  -0.00044,  -0.01269,   0.02407,  -0.04421,   0.01007,  -0.05471,   0.02582,  -0.04071,  -0.01620,  -0.03545,  -0.00569,   0.01182,   0.00131,  -0.03545,   0.03283,   0.02232,   0.09936,   0.01707,   0.02057,   0.05909,   0.02232,  -0.01094,  -0.09673,   0.05559,   0.05909,   0.03808,  -0.00219,  -0.03545,  -0.03545,  -0.06347,   0.07135,   0.01007,  -0.02495,   0.01182,  -0.07047,   0.01532,   0.01007,   0.02232,  -0.00219,   0.03108,   0.03633,  -0.00044,  -0.05121,  -0.00219,   0.05034,   0.02757,  -0.04421,   0.06959,   0.16414,   0.06084,   0.03283,  -0.07922,   0.02757,  -0.00569,   0.07310,   0.09761,  -0.06872,   0.02407,  -0.03545,  -0.00569,   0.06609,   0.03983,  -0.02495,   0.02057,  -0.03721,   0.02232,  -0.01269,  -0.07572,   0.05909,   0.11862,   0.06959,  -0.07922,   0.05559,   0.02232,   0.02933,  -0.01444,   0.12737,  -0.00569,   0.08185,  -0.00219,   0.09411,   0.03458,   0.03808,   0.01882,  -0.00744,   0.01707,   0.01882,   0.02407,  -0.02845,   0.00481,   0.01532,   0.08535,   0.00481,   0.00481,   0.01357,   0.01007,  -0.05822,  -0.03370,   0.05909,   0.03983,  -0.00219,   0.02057,   0.01357,  -0.00394,   0.03108,   0.04683,  -0.02670,   0.07135,  -0.00919,   0.01882,   0.00306,   0.04158,   0.01882,  -0.03195,   0.01357,  -0.06872,   0.05384,  -0.00919,   0.04158,   0.00131,   0.08535,   0.02582,   0.04683,  -0.04596,   0.04683,  -0.00569,   0.02757,  -0.01795,   0.04508,  -0.10199,  -0.10374,   0.01707,  -0.02320,   0.05734,  -0.01269,  -0.11074,   0.08535,  -0.00044,   0.02757,  -0.04771,  -0.02495,   0.07485,  -0.04071,   0.09761,   0.00306,   0.04333,  -0.01795,  -0.01795,  -0.03896,   0.12912,  -0.02320,   0.02757,  -0.01795,  -0.00569,   0.00481,   0.04158,  -0.03370,   0.03283,  -0.01094,  -0.05997,   0.02407,  -0.09848,  -0.04246,  -0.06347,   0.02057,  -0.00744,  -0.00569,  -0.00919,   0.07660,  -0.03020,   0.05559,  -0.05121,  -0.08973,  -0.01970,   0.01532,  -0.03545,  -0.03896,   0.03108,  -0.04421,  -0.05121,  -0.07922,  -0.11949,  -0.11774,   0.08185,  -0.02670,  -0.02145,  -0.00569,   0.00481,  -0.00569,  -0.00919,   0.10461,   0.05559,   0.02933,  -0.08973,  -0.03545,   0.01707,   0.02057,  -0.03896,   0.06959,   0.08885,  -0.02845,  -0.00919,  -0.00919,  -0.01970,  -0.02670,  -0.00569,  -0.00919,  -0.06172,   0.06434,   0.05034,  -0.09848,   0.06084,  -0.01620,  -0.01970,   0.02057,  -0.00919,   0.02582,  -0.01620,   0.11512,   0.03983,   0.09411,  -0.02845,  -0.03195,  -0.04946,   0.03283,  -0.04071,  -0.00394,   0.03808,  -0.01970,  -0.07397,  -0.02845,   0.03633,  -0.05997,   0.05034,   0.01707,  -0.04596,   0.03633,   0.00657,   0.00131,   0.03808,   0.07660,   0.00832,   0.10111,  -0.04596,  -0.03020,  -0.01620,   0.01007,   0.04858,   0.00657,  -0.01970,   0.00131,   0.10461,  -0.03370,  -0.05471,   0.05384,  -0.01444,  -0.00219,  -0.08623,  -0.01094,   0.04683,   0.09411,   0.03983,  -0.01094,   0.03983,  -0.00394,   0.04508,   0.02933,   0.01882,   0.00657,  -0.03545,   0.03458,   0.04158,  -0.01795,  -0.04421,  -0.04421,   0.06084,  -0.04246,  -0.02845,   0.00657,  -0.04071,   0.04508,   0.01007,   0.02582,  -0.01620,  -0.02670,   0.02757,  -0.03896,  -0.04421,   0.01182,  -0.08973,  -0.07747,   0.02057,   0.04858,   0.02057,   0.07310,   0.01707,   0.04508,  -0.01444,   0.05384,  -0.01269,   0.01882,  -0.00394,   0.00657,   0.06784,   0.00481,   0.03458,   0.00657,   0.02232,   0.07835,  -0.02670,   0.03633,  -0.01795,  -0.03020,  -0.07397,   0.03983,  -0.04946,  -0.02845,   0.06609,  -0.03195,  -0.00919,   0.00306,  -0.03370,   0.02407,   0.02232,   0.03808,  -0.07397,  -0.03721,   0.00131,   0.01357,   0.02582,   0.07310,  -0.03721,  -0.00569,   0.05559,  -0.00569,  -0.02670,  -0.04771,  -0.01795,  -0.03721,  -0.04421,  -0.01269,   0.00657,  -0.10023,   0.02407,  -0.01094,   0.07485,   0.01707,   0.07835,   0.00481,   0.06434,   0.07135,   0.01357,   0.00657,   0.03633,   0.04508,   0.06084,  -0.05296,  -0.01795,   0.04158,  -0.05296,  -0.02495,   0.06784,   0.03108,   0.05384,  -0.04596,  -0.01094,   0.03458,  -0.00919,   0.00481,  -0.04596,   0.01882,   0.02933,   0.06084,   0.02407,   0.03283,  -0.11424,  -0.06522,  -0.02320,   0.06609,  -0.01269,  -0.04421,  -0.05121,  -0.02145,  -0.07222,  -0.00219,   0.05734,   0.01182,  -0.07397,  -0.01970,  -0.07222,   0.01357,   0.04858,  -0.04596,   0.07660,   0.02057,  -0.03020,  -0.02495,   0.01707,  -0.02845,   0.06084,   0.01182,  -0.01620,   0.01007,  -0.00044,  -0.10899,  -0.04071,  -0.06697,   0.01357,  -0.07222,  -0.01970,  -0.09148,   0.00657,   0.04683,  -0.02670,  -0.05121,  -0.01094,   0.01532,   0.03983,  -0.04071,  -0.02320,  -0.02320,   0.02407,   0.03283,  -0.02495,   0.10286,   0.00131,   0.02933,  -0.02495,  -0.05121,  -0.00219,  -0.03020,  -0.02845,  -0.00219,  -0.02320,  -0.04596,  -0.04421,  -0.01094,   0.04333,   0.01882,  -0.02670,   0.06609,   0.03458,   0.07485,  -0.00744,   0.00481,   0.02407,  -0.07572,   0.00657,  -0.02845,  -0.05471,  -0.00919,  -0.04421,  -0.01620,  -0.02145,  -0.01795,   0.04158,   0.00481,   0.08185,   0.01357,  -0.00569,   0.01882,  -0.01444,   0.03808,  -0.00044,   0.07135,  -0.05471,  -0.00044,   0.08535,  -0.02845,   0.00131,  -0.05121,  -0.00569,  -0.01620,   0.02933,   0.01007,  -0.00219,   0.11161,  -0.03896,   0.02407,  -0.01620,  -0.00394,  -0.01094,  -0.01094,   0.01882,  -0.08273,   0.02232,  -0.03195,   0.00832,  -0.04596,  -0.02145,   0.01007,  -0.02670,  -0.01970,   0.01182,  -0.00919,  -0.05822,   0.05734,   0.06434
  -0.02320,  -0.00569,   0.02057,  -0.00394,  -0.08098,  -0.00044,  -0.02670,   0.07835,  -0.04946,  -0.00394,  -0.00394,  -0.00569,   0.04508,  -0.03545,   0.00306,   0.00481,  -0.01795,   0.09235,  -0.01444,  -0.03020,  -0.07222,   0.01182,   0.02232,  -0.05646,   0.00131,   0.01532,  -0.00394,  -0.01795,   0.04333,  -0.03020,  -0.04946,   0.02933,   0.02232,   0.00657,   0.03283,   0.03633,   0.03108,  -0.02670,  -0.04596,  -0.00394,  -0.07397,  -0.04771,   0.01182,   0.03983,  -0.01970,  -0.00744,  -0.01970,  -0.00219,  -0.07397,   0.00306,  -0.09148,  -0.01444,  -0.00394,   0.02407,  -0.01094,   0.00306,   0.02933,  -0.01970,   0.07485,  -0.05646,   0.02057,  -0.02320,   0.01707,   0.01532,  -0.04596,   0.10286,   0.01882,  -0.00569,  -0.02320,  -0.08448,  -0.04071,  -0.05296,  -0.02670,   0.02057,  -0.01269,  -0.00394,   0.04158,  -0.00044,   0.02407,  -0.01970,   0.06784,  -0.04071,  -0.01795,   0.03983,  -0.06347,   0.04158,  -0.02320,  -0.03370,   0.00306,  -0.04246,  -0.03020,   0.01182,   0.06084,  -0.00044,  -0.03896,   0.04158,   0.00657,  -0.01094,  -0.00219,   0.04858,  -0.00044,  -0.00219,   0.05909,  -0.08623,   0.05384,   0.03633,   0.02232,   0.01182,  -0.02845,   0.00657,   0.00481,  -0.03020,   0.06434,  -0.07922,   0.03283,   0.03458,  -0.04071,  -0.00394,   0.02057,   0.01357,  -0.00394,   0.03808,   0.07835,   0.08010,   0.03633,  -0.01094,  -0.04596,   0.00131,  -0.02320,  -0.01970,   0.02407,   0.10111,   0.01182,  -0.02495,  -0.01620,  -0.03195,   0.00657,  -0.02320,  -0.00044,   0.04858,   0.01532,  -0.02320,   0.01707,   0.09586,  -0.04246,   0.05559,   0.08360,   0.03983,  -0.01094,  -0.02845,  -0.02320,   0.04158,   0.05209,   0.05034,  -0.03195,   0.06259,  -0.04946,  -0.01444,  -0.01620,  -0.03195,   0.02407,   0.09761,   0.05384,   0.02757,   0.00832,  -0.03721,   0.01532,  -0.05121,  -0.04071,  -0.05296,  -0.04946,  -0.03195,  -0.00744,  -0.03020,   0.02582,   0.00481,   0.08185,   0.03458,  -0.01970,  -0.03721,  -0.02320,   0.01882,   0.03808,   0.00657,   0.04858,   0.01882,  -0.02320,  -0.00394,   0.01882,   0.02582,   0.02933,   0.00481,  -0.12650,   0.08360,  -0.04246,   0.04858,   0.02582,   0.01532,   0.01707,   0.05559,   0.02582,   0.04158,   0.01357,  -0.03020,  -0.04946,   0.03283,  -0.05296,   0.04333,  -0.00569,   0.02407,  -0.01094,  -0.00919,   0.01707,  -0.04946,   0.12737,   0.03108,  -0.03370,  -0.01444,   0.00481,  -0.10199,   0.02582,   0.05909,   0.02407,  -0.00744,  -0.05471,  -0.00219,   0.02582,  -0.02845,  -0.04246,  -0.00394,   0.02057,   0.05734,   0.01357,  -0.11424,  -0.06697,  -0.00044,  -0.01269,   0.03983,   0.00131,  -0.01970,   0.01882,  -0.01269,   0.03633,  -0.04946,  -0.00919,   0.00131,   0.01707,  -0.08273,  -0.03370,  -0.02145,  -0.00744,  -0.04071,  -0.03721,  -0.00044,  -0.04071,  -0.08098,  -0.04946,  -0.00044,   0.05209,  -0.03370,   0.01532,  -0.07047,   0.03283,  -0.01094,  -0.01795,   0.01882,  -0.08448,   0.02757,  -0.02320,   0.07660,   0.01357,   0.05559,  -0.00744,   0.04333,   0.03108,   0.03108,  -0.04421,  -0.07397,   0.01007,   0.01357,   0.04333,   0.08360,   0.07660,  -0.05471,  -0.00744,  -0.03721,  -0.00219,   0.00306,  -0.00744,   0.03458,   0.06959,   0.03108,  -0.03195,  -0.02845,   0.05384,  -0.09323,   0.02582,  -0.04596,  -0.06347,  -0.04421,   0.03283,   0.07485,   0.00481,  -0.01795,   0.01357,   0.01532,   0.00832,   0.00306,  -0.00219,   0.04858,  -0.00744,   0.00832,  -0.04421,   0.03108,  -0.03020,   0.02232,   0.02407,   0.00481,  -0.01795,   0.04858,   0.00306,   0.02232,  -0.00219,  -0.01269,  -0.04246,   0.03808,  -0.03370,   0.03633,   0.01007,  -0.00569,  -0.01620,  -0.01269,   0.02407,  -0.00219,   0.00481,   0.01357,   0.05734,  -0.03721,   0.03633,  -0.00569,  -0.00744,  -0.03545,  -0.06697,   0.01532,   0.01182,  -0.01620,   0.04333,   0.03633,   0.00657,   0.03283,  -0.01269,   0.05559,  -0.05296,   0.01707,  -0.05121,   0.00306,   0.04333,  -0.11599,   0.07310,  -0.08098,  -0.05471,  -0.08973,  -0.01094,   0.03458,  -0.05121,  -0.02495,   0.04158,   0.02757,  -0.00569,   0.02057,   0.07485,  -0.05121,  -0.06172,   0.05734,   0.00481,  -0.02845,   0.08185,  -0.01094,  -0.01970,   0.05559,   0.00131,  -0.05471,  -0.03721,  -0.01094,   0.01357,   0.01182,  -0.02320,  -0.09848,   0.03283,  -0.02145,  -0.03721,  -0.04246,   0.03108,  -0.01970,   0.02232,   0.02933,  -0.04596,   0.00306,   0.02757,   0.03458,   0.03458,   0.01357,   0.00131,   0.00657,   0.00306,  -0.03195,   0.06959,  -0.01795,   0.02582,  -0.04946,   0.06784,  -0.02845,  -0.01444,   0.00657,  -0.00394,  -0.03896,  -0.05646,  -0.05822,   0.01357,  -0.01269,  -0.03370,  -0.04946,   0.05559,  -0.05822,   0.04858,  -0.05997,   0.04158,   0.01707,   0.02057,  -0.00569,   0.06959,   0.00657,   0.00481,  -0.00919,  -0.02145,  -0.00744,  -0.07222,  -0.02495,   0.02933,   0.03283,   0.02757,   0.06609,   0.01882,   0.00657,   0.02582,  -0.01795,  -0.00219,  -0.07397,  -0.00919,  -0.04596,   0.01532,   0.01532,   0.01357,  -0.02145,   0.05384,  -0.03721,   0.04333,  -0.03721,  -0.01795,   0.07135,   0.00481,  -0.04246,   0.02933,   0.02757,   0.01357,   0.05209,   0.00306,  -0.01795,  -0.05997,  -0.00394,   0.01532,   0.05034,   0.02232,  -0.06347,  -0.01795,  -0.02670,  -0.02145,  -0.02845,  -0.01620,  -0.04071,   0.02057,   0.02057,   0.00481,   0.01182,   0.07135,   0.05909,   0.02933,   0.06084,   0.01532,  -0.06697,  -0.03545,  -0.03195,   0.01707,   0.03283,  -0.01269,  -0.02670,  -0.02495,  -0.05471,  -0.00919,   0.01707,   0.00306,  -0.03370,   0.04158,  -0.00919,  -0.00394,   0.06084,  -0.01970,  -0.00569,   0.02582,   0.00481,  -0.03545,   0.02232,   0.02933,   0.02933,   0.06259,  -0.04071,  -0.06347,   0.02057,   0.02232,  -0.03545,  -0.04071,  -0.10199,   0.02232,  -0.07397,  -0.02145,  -0.03370,   0.03633,  -0.00744,  -0.07572,  -0.01444,  -0.01269,   0.00832,  -0.03195,   0.02407,   0.00657,   0.01707,   0.03983,   0.03633,  -0.09673,  -0.00569,   0.05034,   0.01882,  -0.05822,  -0.01094,  -0.05822,   0.00481,   0.03283,   0.01707,  -0.03721,  -0.05296,   0.06959,  -0.01094,  -0.03896,  -0.06522,   0.04333,  -0.06172,   0.03108,   0.03108,   0.05034,  -0.10549,   0.02057,  -0.04771,   0.00657,   0.00481,   0.04333,   0.01532,  -0.00044,   0.06259,   0.04508,  -0.02495,   0.00481,  -0.05121,   0.01007,  -0.00569,  -0.00044,  -0.02320,  -0.00394,  -0.03020,   0.01007,  -0.01970,   0.03458,  -0.02495,   0.00306,  -0.04071,  -0.03896,  -0.06172,  -0.07222,   0.00481,   0.01882,  -0.05471,  -0.01094,  -0.03195,   0.00306,   0.04683,  -0.01620,   0.04858,  -0.00919,   0.00657,  -0.03020,   0.02057,  -0.02320,  -0.04946,   0.02757,  -0.00744,   0.02933,  -0.05121,   0.04333,  -0.00394,  -0.03195,  -0.00219,   0.03458,   0.00131,   0.02757,  -0.10199,   0.01882,   0.02232,   0.02232,   0.04333,   0.05209,   0.02582,   0.00832,   0.00657,  -0.01094,  -0.00919,  -0.04071,   0.05559,   0.03808,  -0.00394,  -0.05121,  -0.03370,  -0.04946,   0.04683,  -0.05121,   0.00131,   0.02582,   0.05559,   0.01882,   0.00306,   0.06259,  -0.01444,  -0.04771,  -0.00744,  -0.03195,   0.00481,  -0.04771,  -0.02845,   0.07135,  -0.02495,  -0.01970,  -0.03896,  -0.11249,   0.02407,   0.02582,   0.01007,  -0.09848,   0.08360,   0.00832,  -0.02670,   0.00306,   0.00131,   0.01007,   0.05034,   0.01882,   0.02757,  -0.00394,   0.00832,  -0.05822,   0.09060,  -0.01620,   0.00131,  -0.03721,  -0.03020,   0.03808,   0.06434,   0.03633,  -0.01620,  -0.05997,   0.03808,  -0.03370,  -0.04246,   0.01357,  -0.04071,  -0.02145,   0.06084,  -0.03721,  -0.02670,   0.04858,   0.03458,   0.02933,  -0.03020,  -0.00744,   0.00832,   0.01532,   0.10461,  -0.01269,  -0.03195,  -0.00044,  -0.01795,   0.01357,  -0.00394,   0.01357,  -0.00744,  -0.02495,  -0.04771,  -0.00744,   0.04683,   0.00657,  -0.02495,   0.03458,   0.03808,   0.03808,  -0.03545,  -0.02320,  -0.02320,   0.01882,  -0.00919,   0.08185,   0.04683,   0.03633,   0.12037,  -0.00219,  -0.04246,  -0.03195,   0.01532,   0.02057,  -0.00919,  -0.05296,  -0.03370,   0.01882,   0.08710,   0.02407,   0.02933,  -0.00394,  -0.00044,  -0.03020,   0.03808,  -0.07922,   0.09060,  -0.00919,   0.02057,   0.03108,  -0.01269,   0.04158,   0.02582,   0.06609,   0.04683,  -0.04771,  -0.02145,  -0.02495,   0.06084,   0.03983,  -0.02495,  -0.03896,  -0.00744,  -0.06172,  -0.04071,  -0.00219,  -0.08623,   0.03633,  -0.00744,   0.03808,  -0.08273,   0.01707,   0.01357,  -0.01795,   0.09235,  -0.01620,  -0.04246,  -0.05121,   0.00131,  -0.03721,  -0.01620,  -0.00044,  -0.05296,  -0.07922,   0.01007,   0.04508,   0.06609,  -0.07922,   0.00657,  -0.01620,  -0.02670,  -0.02145,  -0.00044,   0.01532,  -0.02320,  -0.00744,  -0.02495,  -0.02845,  -0.00744,   0.06609,   0.11161,   0.00481,  -0.01970,   0.06959,  -0.05296,  -0.03545,  -0.00044,  -0.04421,   0.04858,  -0.00744,  -0.01094,  -0.03195,  -0.01269,  -0.03721,  -0.05646,   0.02757,   0.03108,   0.00657,   0.04858,  -0.03545,  -0.00044,   0.06784,  -0.01620,   0.01532,   0.01707,   0.00657,  -0.00569,  -0.02320,  -0.03370,  -0.05822,   0.03458,  -0.02495,   0.02232,  -0.04771,  -0.02320,  -0.02145,  -0.04071,  -0.01444,  -0.00569,   0.03633,  -0.01269,  -0.02495,  -0.01620,   0.06434,  -0.05296,  -0.10199,  -0.10724,   0.02057,  -0.00219,  -0.01094,  -0.01269,   0.00131,  -0.08273,   0.02407,  -0.05822,  -0.01444,  -0.00919,   0.08010,  -0.00044,   0.07310,  -0.02495,  -0.02320,  -0.06522,  -0.00044,  -0.01444,   0.00306,   0.00131,   0.02232,  -0.02670,  -0.05121,  -0.05822,   0.02407,   0.02057,  -0.02845,  -0.01620,  -0.00219,  -0.10199,  -0.05822,   0.01532,   0.03283,   0.03808,  -0.04421,   0.03633,   0.05734,  -0.01094,   0.02582,   0.06434,  -0.01094,   0.04683,  -0.00394,  -0.00044,  -0.04246,  -0.00744,   0.04858,  -0.04771,  -0.04246,   0.06434,   0.01532,  -0.09148,  -0.04771,  -0.01795,   0.08535,  -0.04246,  -0.05121,   0.05559,  -0.02845,   0.06784,   0.03808,   0.02232,  -0.02845,  -0.00569,   0.00657,   0.04158,  -0.00744,   0.04858,  -0.02320,   0.03808,   0.06959,  -0.04421,   0.06609,   0.01182,   0.02057,   0.03108,  -0.07747,   0.00657,   0.02407,   0.02757,  -0.00394,   0.02757,  -0.05296,  -0.06697,  -0.00044,  -0.08273,  -0.09673,  -0.02670,  -0.09323,  -0.03370,  -0.06172,   0.09936,  -0.02145,   0.01357,  -0.01444,   0.01357,   0.12212,  -0.00569,  -0.02145,  -0.00394,   0.02232,  -0.01269,   0.09411,  -0.02495,  -0.00044,   0.00832,   0.04508,   0.02757,  -0.04071,   0.01182,  -0.03896,  -0.04596,  -0.00219,  -0.01970,  -0.02495,   0.00657,  -0.02670,   0.10111,   0.03633,  -0.03195,   0.04158,   0.03108,  -0.00219,   0.01182,   0.02057,   0.07835,  -0.06522,  -0.00044,   0.04858,  -0.00219,   0.01007,  -0.06522,  -0.13350,   0.01182,   0.06784,  -0.04946,  -0.02320,  -0.00744,  -0.09148,  -0.01795,   0.02933,   0.02057,  -0.07922,   0.03458,   0.00481,  -0.00919,  -0.01094,   0.01882,   0.08535,  -0.01269,   0.01532,   0.07835,  -0.02670,  -0.00919,   0.06084,   0.02933,   0.00832,   0.09411,  -0.05471,  -0.04946,   0.03458,   0.05034,   0.00306,   0.06434,  -0.03020,  -0.01444,   0.01182,   0.07660,   0.02582,  -0.09498,  -0.05121,   0.03808,  -0.05646,   0.00832,   0.05209,   0.03808,  -0.08448,   0.03108,  -0.00919,  -0.07397,  -0.03195,   0.01182,  -0.00919,  -0.03545,  -0.01620,  -0.04246
  -0.08273,   0.05559,  -0.00744,   0.06959,  -0.03721,  -0.01094,   0.01357,  -0.02145,   0.05909,   0.04683,   0.01707,  -0.05471,   0.03983,  -0.00044,   0.04858,   0.02933,  -0.02670,   0.03633,  -0.02320,  -0.05121,   0.00131,   0.06784,  -0.02670,  -0.01620,  -0.05471,   0.00481,   0.02232,   0.02933,   0.00306,  -0.03020,   0.02057,  -0.02845,   0.02757,  -0.02670,   0.01182,   0.02232,   0.05734,   0.01532,   0.08710,   0.02933,   0.00657,   0.01882,   0.00832,   0.03108,  -0.02320,  -0.06172,   0.04683,  -0.02845,   0.01882,  -0.03721,   0.03633,   0.02933,   0.01007,   0.01532,  -0.01795,  -0.00044,   0.08360,   0.10986,   0.05209,  -0.03721,   0.00306,   0.03808,  -0.00394,   0.05209,  -0.01970,   0.03633,   0.02933,   0.03633,  -0.07922,   0.05909,  -0.03195,   0.01182,   0.08360,   0.03458,  -0.06522,   0.05034,   0.03983,  -0.01444,   0.02232,  -0.00219,  -0.00044,   0.01182,   0.01357,  -0.00219,  -0.00569,   0.04858,  -0.01970,   0.01007,  -0.00744,  -0.05646,  -0.05296,  -0.04771,   0.10111,   0.03808,   0.03808,  -0.03370,   0.03808,  -0.01620,  -0.07572,  -0.05296,  -0.00744,   0.02933,   0.02582,   0.00832,  -0.04246,  -0.05997,   0.00306,   0.05034,  -0.03545,  -0.01444,  -0.00919,   0.04158,  -0.00569,   0.02407,  -0.05997,  -0.01269,   0.02582,  -0.02670,   0.02057,  -0.02670,   0.04158,   0.04508,   0.02933,   0.04508,  -0.03896,  -0.05121,   0.02407,  -0.04596,   0.05034,  -0.05296,  -0.06172,  -0.03545,  -0.01094,  -0.00219,  -0.05121,  -0.02320,  -0.04771,  -0.04771,  -0.04946,   0.01882,   0.03633,  -0.00219,  -0.00569,  -0.02320,  -0.04246,  -0.03195,  -0.05646,  -0.07397,   0.03283,   0.04683,   0.00306,  -0.00919,  -0.06872,  -0.08973,  -0.00744,  -0.06172,   0.03808,  -0.02145,   0.02582,   0.01007,  -0.07572,  -0.02670,   0.00306,   0.00481,  -0.03721,  -0.03721,  -0.04771,  -0.00394,  -0.03020,  -0.03370,  -0.05822,  -0.01269,   0.00832,   0.02407,  -0.03896,  -0.01094,   0.03983,   0.03808,   0.02057,   0.01357,  -0.00394,  -0.03195,   0.02057,   0.01882,   0.06434,  -0.04771,  -0.01444,   0.05034,  -0.03545,   0.05734,   0.01182,   0.04858,  -0.10199,  -0.01795,   0.01182,   0.08885,   0.01182,   0.09235,   0.02407,  -0.01269,   0.09586,  -0.00919,  -0.00744,  -0.01444,  -0.01795,  -0.00219,  -0.03545,  -0.04771,  -0.00044,  -0.05471,  -0.00044,   0.02757,  -0.04596,   0.02757,  -0.03545,  -0.02495,  -0.04946,  -0.00919,   0.03283,  -0.02845,  -0.01094,   0.10111,  -0.03896,   0.03808,  -0.04071,  -0.00219,  -0.04596,   0.00306,   0.01182,   0.06784,   0.03633,  -0.02145,   0.01532,  -0.01795,  -0.03195,  -0.03896,   0.01182,  -0.00394,  -0.01620,  -0.00744,  -0.00219,  -0.03020,  -0.07572,   0.01532,   0.03458,   0.00306,  -0.08098,   0.02582,   0.00832,  -0.03370,   0.03633,   0.02757,   0.03458,   0.03808,   0.00131,  -0.00044,  -0.04596,   0.00481,  -0.00569,   0.00481,   0.01182,  -0.01620,  -0.05997,  -0.02845,   0.00832,   0.03108,   0.00657,  -0.05296,   0.03108,   0.04158,  -0.08798,   0.10636,  -0.05646,   0.01182,   0.03633,   0.02057,   0.02757,   0.00832,  -0.02145,  -0.06697,   0.00306,   0.02232,  -0.09848,   0.01182,   0.03458,  -0.02670,   0.02933,  -0.10899,  -0.00744,  -0.06347,   0.00832,   0.10636,  -0.02145,   0.03983,   0.01532,   0.02933,  -0.07047,   0.06084,   0.01532,  -0.00919,   0.05384,   0.01532,   0.04858,   0.01532,   0.00306,   0.05384,   0.11161,  -0.01269,   0.02757,   0.00657,   0.05559,  -0.02670,  -0.02145,   0.04333,   0.00657,  -0.02495,  -0.02320,  -0.03370,  -0.00394,  -0.00044,  -0.02145,  -0.03195,   0.02232,  -0.04771,  -0.00919,   0.08185,  -0.01269,  -0.06522,  -0.00219,   0.01882,   0.03108,  -0.06872,   0.01532,   0.00306,   0.01882,  -0.04771,  -0.07922,  -0.06697,   0.02933,   0.09411,  -0.00044,   0.01007,   0.03108,   0.02407,  -0.05121,   0.01357,   0.05559,   0.00832,   0.01532,   0.11161,  -0.06172,  -0.01094,   0.02933,  -0.01620,   0.08185,  -0.05296,  -0.01620,  -0.06347,  -0.01269,   0.00832,   0.03458,  -0.11074,  -0.04946,  -0.00219,   0.02057,   0.01882,   0.02232,  -0.02845,  -0.01269,  -0.07397,  -0.02145,   0.01007,  -0.00044,  -0.00569,   0.02757,  -0.01620,   0.00832,   0.00481,  -0.03370,  -0.03020,  -0.01970,  -0.11074,   0.03458,  -0.07047,   0.07660,  -0.03020,   0.08885,  -0.02845,   0.05559,   0.07660,  -0.07047,  -0.01269,  -0.04596,  -0.01970,   0.01182,  -0.04596,  -0.00744,  -0.04246,  -0.01444,  -0.00219,   0.02582,  -0.00219,   0.06959,  -0.04071,  -0.02320,  -0.05822,   0.06259,   0.06609,  -0.03370,  -0.06872,   0.00657,  -0.04596,  -0.03195,  -0.04421,  -0.05296,  -0.01444,   0.03458,  -0.02145,   0.01707,  -0.00569,  -0.01269,  -0.03545,  -0.03545,   0.02407,   0.02757,  -0.00569,  -0.03721,  -0.00569,   0.11687,  -0.00219,   0.07135,  -0.00744,   0.05559,   0.03283,  -0.07397,   0.06434,   0.02757,  -0.00044,   0.08010,  -0.06522,   0.05384,  -0.02670,   0.08710,  -0.00744,  -0.06347,   0.02757,   0.02757,   0.03283,   0.01182,  -0.00919,  -0.02845,   0.01707,   0.00657,   0.06434,   0.03458,  -0.07222,  -0.04596,  -0.04771,   0.01532,   0.01532,   0.05034,   0.03283,   0.02232,  -0.05121,   0.03983,  -0.06872,  -0.03721,   0.01007,   0.04333,  -0.14225,  -0.02670,  -0.06347,  -0.04246,   0.02933,  -0.01970,   0.02582,   0.00306,   0.03108,  -0.01269,   0.03108,   0.08360,   0.03633,   0.01532,   0.05034,  -0.07747,  -0.05646,   0.00481,   0.06434,   0.00131,  -0.04246,  -0.06697,  -0.04596,   0.04333,   0.03808,   0.03458,   0.03458,   0.06259,  -0.10724,  -0.08273,   0.03283,   0.05384,   0.02757,  -0.00219,   0.02757,   0.04858,  -0.04946,   0.00657,  -0.00569,   0.04683,  -0.05296,   0.01357,  -0.02320,   0.00832,   0.01182,   0.01882,   0.03808,   0.07310,   0.00131,  -0.05471,  -0.00044,   0.01357,  -0.04246,  -0.00919,  -0.00569,  -0.02495,   0.01007,   0.03633,  -0.00394,   0.06609,   0.06084,   0.03633,  -0.02845,  -0.00219,   0.05209,   0.00481,  -0.03195,   0.02407,  -0.02845,  -0.04596,   0.05209,  -0.00569,  -0.01094,  -0.04071,   0.04333,  -0.00394,   0.04683,   0.08710,   0.03808,   0.03458,   0.03808,  -0.00919,   0.03283,   0.01182,  -0.06347,   0.02933,  -0.00044,  -0.00569,  -0.02670,  -0.02670,  -0.00569,   0.02933,   0.03983,  -0.00569,  -0.00394,  -0.01269,  -0.00044,   0.03458,   0.03633,  -0.02495,   0.00832,   0.00832,   0.00481,  -0.02495,  -0.01970,  -0.08273,   0.04158,   0.02232,  -0.07747,  -0.00394,   0.05034,   0.02757,  -0.01269,   0.02582,  -0.00394,   0.01007,   0.02407,   0.03983,  -0.02145,  -0.03370,   0.03283,   0.00481,   0.12562,   0.01707,   0.04508,   0.05209,   0.07310,  -0.06697,  -0.06172,  -0.03896,  -0.03721,  -0.05822,  -0.00394,   0.07135,   0.00832,  -0.03195,  -0.02320,   0.05734,  -0.00394,   0.01707,  -0.01094,   0.07135,  -0.05997,   0.03983,   0.01882,  -0.03195,   0.01532,  -0.02845,  -0.03545,   0.02582,  -0.00219,   0.00481,  -0.07397,  -0.04071,   0.01532,  -0.04071,  -0.00744,  -0.01620,  -0.01444,   0.02232,  -0.01795,  -0.05471,  -0.03721,  -0.04246,  -0.01970,   0.04683,   0.05034,  -0.03545,  -0.01795,  -0.01970,  -0.04421,   0.01007,  -0.04246,   0.02232,  -0.04246,  -0.00744,  -0.05296,   0.01882,  -0.03020,  -0.05822,  -0.00219,   0.00306,  -0.09673,  -0.03195,   0.02057,  -0.07397,  -0.03545,  -0.00394,   0.01532,   0.01182,  -0.01094,  -0.05822,  -0.02845,   0.02232,   0.00306,   0.01357,   0.02582,   0.07135,   0.08360,  -0.07047,  -0.01444,   0.02933,   0.00657,  -0.04421,   0.01182,  -0.00044,  -0.04421,  -0.04596,  -0.08273,   0.00832,  -0.05646,  -0.02670,   0.00832,   0.01882,   0.03633,  -0.01094,  -0.03896,  -0.03721,  -0.04771,   0.01707,  -0.04421,  -0.00569,   0.03108,   0.01182,   0.03633,   0.03983,  -0.04246,  -0.00569,  -0.02145,  -0.10374,   0.08010,  -0.05997,   0.02232,  -0.03020,  -0.02320,  -0.00744,   0.01007,   0.03808,   0.04333,   0.05734,  -0.01620,   0.05034,  -0.00569,  -0.07572,  -0.09323,   0.08185,   0.03458,  -0.03545,   0.05734,  -0.00744,  -0.05296,   0.02407,   0.05734,   0.03458,   0.03808,   0.06609,  -0.08798,   0.05034,  -0.00744,   0.01357,   0.01182,   0.06609,   0.05734,   0.01882,  -0.10199,   0.06609,  -0.02320,  -0.01094,  -0.03545,  -0.03545,  -0.05646,  -0.01269,  -0.00394,  -0.01094,  -0.07922,  -0.05822,   0.03283,   0.00832,   0.01182,   0.00481,   0.00481,  -0.01094,  -0.02495,   0.02057,  -0.05121,  -0.03896,  -0.04246,   0.00832,  -0.05822,  -0.03896,  -0.02845,   0.04683,  -0.00044,   0.01182,   0.09235,  -0.01970,   0.08535,  -0.01094,  -0.00044,  -0.05822,   0.00131,   0.00306,  -0.05296,   0.04158,  -0.02145,   0.00306,  -0.02320,  -0.10724,   0.03633,   0.02757,  -0.00569,   0.02582,   0.05909,   0.06259,   0.00131,   0.00832,   0.01532,  -0.01444,   0.01707,  -0.01620,  -0.00744,  -0.00919,   0.00306,   0.03458,  -0.03545,   0.07135,   0.01007,   0.03458,   0.00832,  -0.04246,  -0.00569,   0.04158,  -0.09498,  -0.00744,  -0.04421,   0.00481,   0.05209,   0.04683,   0.02757,  -0.04246,   0.01882,  -0.10023,  -0.05471,   0.05909,   0.03983,  -0.00744,  -0.01444,  -0.02670,  -0.01269,  -0.01795,   0.02582,  -0.04771,  -0.06347,   0.09936,  -0.02670,  -0.06697,   0.07835,   0.03458,  -0.10374,  -0.04946,   0.05559,  -0.05822,  -0.09848,  -0.03370,   0.07485,  -0.04596,  -0.00044,  -0.03721,   0.05034,  -0.02320,  -0.00919,   0.08360,  -0.04246,  -0.01094,   0.03283,  -0.04071,  -0.06172,   0.00306,   0.04858,   0.05559,   0.02057,  -0.01795,  -0.01444,  -0.06872,   0.09235,   0.01882,   0.00131,  -0.03020,   0.02757,  -0.03896,  -0.02495,  -0.01444,   0.04508,  -0.06522,   0.03108,  -0.03721,   0.03283,   0.01357,   0.01882,   0.02582,  -0.02845,   0.01707,   0.00131,  -0.15276,  -0.03896,  -0.07572,  -0.02320,  -0.02670,   0.05559,  -0.06172,  -0.05296,  -0.02495,   0.03633,   0.01182,  -0.01970,  -0.00044,  -0.02845,   0.00481,  -0.08098,   0.00131,  -0.02845,   0.01882,  -0.03721,   0.08360,   0.05034,   0.02232,  -0.03020,   0.02933,  -0.00394,   0.02232,  -0.00219,  -0.00044,  -0.02320,   0.04683,  -0.05822,  -0.03195,   0.03983,  -0.00219,  -0.04596,   0.00832,  -0.01620,  -0.03721,   0.00657,   0.04158,   0.00131,  -0.05296,   0.05559,   0.03458,  -0.07222,   0.04508,  -0.03020,  -0.04946,   0.01882,  -0.01094,   0.03633,   0.01007,  -0.02670,  -0.07222,  -0.03721,  -0.00044,   0.03633,  -0.04771,   0.02407,  -0.03545,   0.00657,   0.05209,   0.02232,  -0.01620,  -0.00044,  -0.01620,  -0.03195,   0.01707,  -0.04246,   0.00657,   0.01882,   0.05734,   0.07835,   0.02582,  -0.03896,  -0.01269,  -0.08273,   0.06609,  -0.11774,   0.00131,   0.03283,  -0.01795,   0.01707,  -0.00569,  -0.02845,   0.04333,   0.00657,  -0.00219,   0.01182,   0.02057,  -0.02845,  -0.06347,   0.03458,   0.03983,   0.04333,   0.08185,   0.00481,  -0.05997,  -0.03020,   0.01532,   0.12212,   0.00832,   0.00131,   0.02582,   0.02057,  -0.01970,   0.01182,   0.01707,   0.01007,  -0.02670,  -0.06172,   0.02057,   0.02057,   0.03808,  -0.05471,  -0.03195,  -0.02320,   0.04683,   0.04333,   0.06609,  -0.08273,   0.06609,   0.00306,  -0.03020,   0.07835,  -0.00394,   0.01882,  -0.04596,   0.03458,  -0.06872,  -0.02670,  -0.02145,   0.03283,   0.02582,  -0.02320,  -0.01970,   0.02933,   0.01532,  -0.06347,  -0.01094,   0.08010,   0.03108,   0.01707,   0.00481,  -0.00044,   0.00481,  -0.01620,  -0.04596,  -0.03721,   0.02757,  -0.05296
  -0.03195,  -0.03545,  -0.04421,  -0.07222,   0.05909,   0.00832,  -0.03195,   0.01357,   0.00657,   0.02757,  -0.01970,  -0.00219,  -0.03896,  -0.00394,   0.03983,  -0.03020,  -0.04596,  -0.02670,  -0.04596,   0.00481,  -0.00219,   0.02232,   0.00481,   0.02582,   0.11512,  -0.00394,  -0.01094,  -0.12825,   0.04858,  -0.02670,  -0.05296,   0.01007,  -0.05822,   0.04683,   0.01182,  -0.00919,  -0.05471,  -0.05646,  -0.01269,  -0.01795,  -0.02495,  -0.02145,  -0.00219,   0.02232,  -0.05121,   0.01707,  -0.08623,   0.04858,  -0.01269,   0.03458,  -0.05296,  -0.00394,   0.09586,   0.03633,  -0.00569,   0.02582,  -0.02145,  -0.02145,   0.02582,   0.03983,  -0.07572,  -0.04771,   0.00657,  -0.01094,   0.04683,   0.02232,  -0.04071,  -0.00394,  -0.05646,  -0.04771,  -0.07572,   0.00481,  -0.03545,  -0.05822,   0.02933,   0.01882,  -0.05646,   0.04858,   0.06959,  -0.10374,  -0.01970,   0.06084,  -0.00044,   0.03108,  -0.10724,  -0.04421,   0.04508,   0.00131,   0.02232,  -0.08798,   0.10986,   0.08885,   0.02757,   0.06784,  -0.05822,   0.09235,  -0.02845,  -0.00744,  -0.02495,   0.01707,  -0.04421,  -0.03545,  -0.00394,  -0.04421,  -0.00919,  -0.01444,  -0.01795,   0.02057,   0.03458,   0.02232,   0.01532,   0.08010,  -0.03896,  -0.00394,  -0.03896,   0.02057,   0.02057,  -0.04246,   0.00481,  -0.00919,  -0.00219,   0.03808,  -0.02670,  -0.02320,  -0.00919,   0.00131,  -0.04421,   0.03983,  -0.08273,   0.02757,  -0.05296,  -0.03195,   0.08185,  -0.04246,  -0.00219,   0.02582,  -0.03545,   0.00131,   0.03108,   0.02933,  -0.03020,  -0.08273,  -0.01795,  -0.01094,   0.01007,  -0.04071,   0.00657,   0.03108,  -0.03020,  -0.00219,  -0.03545,  -0.04071,  -0.02320,   0.02232,  -0.04421,   0.02057,   0.02582,  -0.00394,  -0.02145,  -0.00394,  -0.08973,  -0.03195,  -0.03545,   0.00481,  -0.03195,   0.02933,   0.05384,  -0.03545,  -0.05296,  -0.03370,  -0.00919,  -0.05296,   0.12912,   0.03283,   0.01007,   0.03808,  -0.00044,  -0.03545,  -0.04071,  -0.06172,  -0.06172,   0.05209,  -0.02320,   0.01882,  -0.00919,  -0.01094,   0.01882,  -0.00569,   0.00306,  -0.01444,  -0.05822,  -0.00394,   0.01007,  -0.00919,   0.03808,   0.00832,  -0.03545,   0.03983,  -0.03545,  -0.00744,  -0.01620,  -0.00219,  -0.06347,  -0.00044,  -0.03370,  -0.03721,   0.07485,   0.00832,  -0.01094,   0.00657,  -0.00569,   0.01532,   0.05909,  -0.02320,  -0.03020,   0.00306,  -0.01094,  -0.01795,  -0.02145,   0.06609,  -0.01795,  -0.05471,  -0.03545,  -0.01094,  -0.01269,  -0.04771,  -0.03020,   0.01707,  -0.05997,  -0.03020,  -0.03195,   0.06784,   0.03983,  -0.02670,  -0.01094,  -0.01444,  -0.01970,  -0.02495,   0.00131,   0.07135,  -0.05121,   0.04333,  -0.01269,  -0.03896,  -0.01444,  -0.04246,   0.01007,  -0.01970,   0.03983,   0.01707,  -0.04071,   0.05734,   0.00657,   0.00832,   0.04158,   0.07660,   0.03458,   0.04158,   0.05384,  -0.02670,   0.02933,  -0.01094,   0.00657,   0.01182,   0.03633,  -0.03721,  -0.00569,  -0.06347,   0.00832,  -0.01444,  -0.02495,   0.01707,   0.05034,  -0.04596,   0.00131,  -0.01970,   0.01707,  -0.00044,   0.01707,  -0.06347,  -0.05822,   0.06609,   0.02757,   0.02232,   0.02057,  -0.00044,   0.06084,  -0.03896,  -0.02495,  -0.03020,  -0.03020,  -0.00219,  -0.04771,  -0.04071,  -0.07922,   0.02407,  -0.00569,   0.05209,   0.00306,  -0.02495,  -0.03370,  -0.01269,   0.06084,   0.03633,  -0.00919,   0.02582,   0.00657,   0.00832,  -0.04421,   0.02407,   0.06084,  -0.01795,   0.04858,  -0.00744,  -0.09323,  -0.04246,   0.02057,   0.01532,  -0.00044,   0.00481,  -0.05121,  -0.01094,   0.03458,   0.11336,  -0.03020,   0.04683,   0.06259,  -0.00744,  -0.04246,  -0.11774,   0.03808,   0.05384,   0.00481,   0.01007,  -0.01269,   0.05384,  -0.03020,   0.02407,   0.02232,   0.01182,  -0.08273,   0.04683,   0.05209,  -0.00569,   0.00832,   0.02232,  -0.03896,  -0.04421,   0.06959,  -0.09673,   0.06434,  -0.05646,  -0.08623,  -0.01620,   0.01532,   0.03283,   0.00832,   0.04333,  -0.05822,  -0.05121,  -0.01970,   0.04158,  -0.08973,   0.00832,  -0.00569,  -0.03020,  -0.10374,  -0.02145,  -0.06697,  -0.04246,  -0.03020,  -0.01094,  -0.05997,  -0.00044,  -0.03545,  -0.09323,   0.02407,  -0.00744,  -0.03721,   0.02757,  -0.01094,  -0.06347,  -0.03370,   0.00131,  -0.02845,  -0.01970,   0.00131,  -0.01094,  -0.00569,   0.05209,  -0.04421,  -0.01620,   0.03983,  -0.08273,   0.01707,   0.09586,  -0.00919,  -0.03195,   0.05034,   0.00306,  -0.04421,   0.01357,  -0.02145,   0.06434,   0.14488,   0.00131,   0.04683,  -0.02670,   0.00481,   0.02407,  -0.01269,  -0.03370,  -0.00569,  -0.07922,  -0.08448,  -0.01620,  -0.02320,  -0.01269,   0.00306,  -0.03195,  -0.02320,  -0.08273,  -0.02320,   0.02933,   0.02407,  -0.06522,   0.02757,  -0.04946,  -0.06347,   0.03108,  -0.00569,  -0.02670,  -0.05997,   0.00131,   0.10986,   0.00131,   0.02232,   0.04683,  -0.00219,  -0.03195,   0.02407,  -0.00569,  -0.01620,  -0.01269,   0.00131,   0.03808,   0.03633,   0.06434,   0.01532,   0.05209,   0.00832,   0.01357,  -0.02495,  -0.03195,  -0.01970,  -0.02145,  -0.02495,  -0.00219,  -0.05296,  -0.05296,   0.00832,   0.03983,  -0.00919,  -0.05822,   0.05909,  -0.03896,   0.00657,  -0.01970,   0.03633,  -0.01970,   0.00481,   0.05909,  -0.00919,  -0.00044,  -0.06522,   0.00657,   0.03808,  -0.01620,   0.08360,  -0.01094,   0.01882,  -0.03020,  -0.00919,  -0.01444,   0.03808,  -0.04246,   0.00131,  -0.03020,   0.05384,   0.02582,   0.05209,   0.05384,   0.02232,   0.05559,  -0.08973,  -0.00394,   0.01007,  -0.03896,  -0.05997,   0.02057,   0.04158,  -0.02145,  -0.06347,  -0.01970,  -0.07222,  -0.00394,  -0.03896,   0.01007,  -0.02845,  -0.04946,   0.05384,   0.02057,  -0.00394,  -0.07747,  -0.00744,  -0.02845,  -0.06172,   0.00306,  -0.06872,   0.03458,   0.09060,   0.00306,   0.01532,  -0.02495,  -0.00394,  -0.10549,   0.00131,   0.01707,  -0.00569,   0.05909,   0.02232,   0.03983,   0.03808,  -0.02320,  -0.00744,  -0.06172,  -0.03020,  -0.01620,   0.06609,  -0.02320,   0.05384,   0.00306,  -0.02145,   0.00131,  -0.00219,   0.04158,  -0.01620,  -0.03020,  -0.04246,   0.01707,  -0.00569,  -0.00044,  -0.03545,   0.00131,   0.12912,   0.03808,  -0.00569,  -0.02670,  -0.09673,  -0.07397,  -0.03020,   0.01357,  -0.03370,   0.05559,   0.01532,   0.01532,  -0.00744,   0.00131,   0.04158,  -0.11949,  -0.01269,  -0.01444,   0.01882,   0.00657,  -0.03020,  -0.01620,   0.05734,  -0.05121,   0.06259,  -0.01444,   0.03283,   0.03283,   0.01182,  -0.02145,  -0.00044,  -0.02495,   0.03458,  -0.04771,  -0.05646,  -0.01970,  -0.02495,  -0.02145,  -0.11074,  -0.01269,   0.02757,  -0.02320,  -0.05646,  -0.03020,   0.03108,  -0.00044,   0.03108,  -0.00394,  -0.02845,  -0.03721,  -0.03195,  -0.02320,   0.02057,   0.01707,   0.06784,   0.00832,   0.03633,   0.03983,  -0.00219,  -0.05471,   0.00481,   0.00131,  -0.01094,  -0.03545,   0.05734,  -0.00044,   0.00131,  -0.02145,  -0.00219,   0.00481,   0.01182,   0.04333,  -0.01620,   0.05734,  -0.04946,  -0.05822,  -0.04596,   0.01532,  -0.04596,   0.00131,  -0.06872,  -0.00919,   0.08710,   0.05559,   0.04683,   0.04683,  -0.01094,  -0.00044,  -0.01444,  -0.08623,   0.04158,  -0.05121,   0.00481,  -0.00394,   0.03983,  -0.02320,   0.05384,   0.05034,  -0.04421,  -0.05471,  -0.14225,   0.00832,   0.01532,  -0.02845,  -0.01094,  -0.01444,  -0.00219,  -0.01620,  -0.00744,  -0.04946,  -0.00394,  -0.02145,   0.00481,  -0.02320,   0.08185,  -0.07222,  -0.05997,  -0.06872,  -0.03896,   0.00832,  -0.06872,   0.02933,  -0.00569,   0.05909,  -0.05121,  -0.06872,  -0.07222,  -0.00044,  -0.01620,  -0.07747,  -0.08098,  -0.01269,  -0.00569,  -0.00744,   0.02407,   0.05559,   0.05384,  -0.04771,   0.00481,  -0.05471,  -0.02845,  -0.01620,  -0.01444,  -0.05121,   0.04333,  -0.00219,  -0.08098,   0.07135,  -0.00919,   0.02933,  -0.04071,   0.02232,   0.02232,  -0.00394,  -0.04596,  -0.02495,  -0.00219,   0.03283,   0.05209,  -0.05121,   0.02057,  -0.02495,  -0.00744,   0.03283,   0.04683,  -0.03896,   0.01357,   0.00832,   0.02407,  -0.06697,   0.06434,  -0.00569,  -0.03020,   0.02757,  -0.01795,  -0.00919,  -0.02845,  -0.08098,   0.02757,  -0.02145,  -0.01269,   0.10111,  -0.04946,  -0.01094,   0.03108,   0.04683,   0.05734,   0.06434,  -0.01970,  -0.01444,   0.03633,   0.05034,   0.01882,  -0.05997,  -0.04771,   0.08185,   0.02057,  -0.01795,  -0.05997,  -0.03020,  -0.01269,  -0.02145,  -0.02495,  -0.03195,   0.00131,  -0.02495,  -0.04596,   0.00306,  -0.01444,  -0.03545,   0.01007,  -0.00919,  -0.05822,  -0.02320,  -0.00044,  -0.03896,  -0.05997,   0.03108,  -0.05121,  -0.02145,  -0.01444,  -0.01094,  -0.01094,   0.03983,  -0.00394,  -0.05296,   0.00131,  -0.02145,   0.02232,   0.10111,   0.03458,   0.01357,  -0.03545,  -0.01795,  -0.05997,   0.00657,   0.07310,   0.06259,  -0.02670,   0.03983,  -0.04946,  -0.03896,  -0.03896,   0.06784,  -0.02495,   0.05384,  -0.00919,   0.02757,   0.00657,   0.01707,   0.02407,   0.00657,  -0.04071,   0.04158,   0.03633,   0.02933,   0.03983,   0.01182,  -0.06522,   0.00832,   0.01357,  -0.02845,  -0.02145,   0.02933,   0.01532,  -0.00919,   0.07135,   0.03283,  -0.07397,   0.04508,   0.00481,  -0.06172,  -0.01620,   0.02407,   0.01357,  -0.01970,   0.03108,   0.02232,  -0.00044,  -0.01094,  -0.01094,   0.01357,  -0.00394,   0.03983,  -0.00919,  -0.02320,  -0.03545,  -0.03896,  -0.03370,  -0.00044,  -0.00219,   0.03633,  -0.03896,   0.09586,   0.00832,  -0.06522,   0.02582,   0.04333,  -0.00569,   0.04508,   0.05034,   0.00832,   0.00657,  -0.08623,   0.02232,  -0.03020,  -0.04946,   0.02757,  -0.02320,   0.07310,   0.00131,   0.04508,  -0.09673,   0.03108,   0.03808,  -0.04071,  -0.00394,   0.00657,   0.06259,   0.00306,  -0.03721,   0.02407,  -0.00394,   0.04158,  -0.11424,   0.04333,   0.01532,  -0.02845,  -0.00569,  -0.01620,  -0.01970,  -0.00919,   0.00306,  -0.03896,  -0.01620,  -0.08273,  -0.03545,   0.02933,   0.05734,   0.05034,   0.02407,   0.04158,  -0.07222,  -0.03195,   0.04858,  -0.05646,   0.01007,  -0.08273,  -0.01795,  -0.00394,   0.02232,   0.01882,   0.03458,   0.01882,  -0.00044,  -0.05471,   0.03808,  -0.02320,  -0.04771,   0.00131,  -0.05121,  -0.04246,  -0.02495,  -0.00394,  -0.01444,   0.00657,   0.02933,   0.06609,   0.00481,  -0.05997,   0.01182,   0.02057,   0.04508,   0.03458,  -0.02495,   0.06084,   0.00657,  -0.00569,  -0.02670,  -0.05296,  -0.11599,  -0.05121,   0.01182,  -0.00744,  -0.00569,   0.07135,   0.03108,  -0.00044,  -0.04246,  -0.04771,   0.05034,   0.04683,   0.03808,  -0.04596,  -0.01269,  -0.10023,  -0.04421,   0.01882,   0.04333,   0.02933,  -0.01970,   0.02407,  -0.06872,  -0.07047,  -0.07222,   0.08710,   0.05034,  -0.02495,   0.00306,  -0.06697,   0.04158,  -0.01444,  -0.01620,   0.00657,   0.02757,   0.03633,  -0.05471,   0.02232,  -0.03721,  -0.01620,  -0.07397,  -0.02845,  -0.01970,  -0.07397,  -0.07397,   0.03808,   0.04333,  -0.07047,  -0.08448,   0.09586,  -0.05822,   0.01182,   0.06609,  -0.02145,   0.05909,  -0.01620,  -0.07747,  -0.01795,  -0.02145,  -0.03896,  -0.02145,  -0.03195,  -0.01444,  -0.04946,  -0.04946,  -0.04946,   0.01357,  -0.00044,   0.01532,   0.01007,   0.04683,  -0.04421,  -0.00219,  -0.00394,  -0.01620,   0.01182,   0.01532,  -0.08623,  -0.00044,  -0.01970,   0.01532,  -0.00219,  -0.06347,  -0.02145,  -0.03721,   0.00306,   0.01357,   0.05559,   0.04333,   0.02407
  -0.02495,   0.04508,   0.01182,   0.02232,   0.05559,  -0.08973,   0.08535,   0.09235,  -0.04771,   0.01357,  -0.03020,   0.04333,   0.03108,  -0.01444,  -0.01795,   0.09060,  -0.00919,   0.02407,  -0.11074,   0.01357,   0.05384,   0.02757,  -0.00919,  -0.02145,  -0.02145,   0.01182,  -0.00219,   0.10986,   0.08010,  -0.02495,  -0.00569,   0.06084,   0.05034,   0.09936,   0.01532,   0.04858,   0.05559,  -0.02320,  -0.04421,   0.02232,  -0.01444,   0.01882,  -0.04946,   0.00657,  -0.00744,   0.01182,   0.03458,  -0.03896,  -0.00219,  -0.01094,   0.04858,  -0.02145,   0.03983,  -0.03370,   0.01007,   0.02057,  -0.01094,   0.11512,   0.02232,   0.03108,  -0.00394,  -0.00744,  -0.00569,   0.02232,  -0.01970,  -0.04246,  -0.09323,  -0.02495,   0.05034,   0.00657,   0.04158,   0.06084,  -0.03370,   0.03283,  -0.02845,   0.01882,   0.02232,   0.05034,   0.00481,  -0.01620,  -0.08623,  -0.05296,   0.00481,  -0.08798,   0.02407,   0.01707,   0.03108,  -0.04246,  -0.02145,   0.05384,  -0.11249,  -0.01795,   0.06959,  -0.00394,   0.05209,  -0.07572,   0.05209,   0.02232,   0.00306,   0.00657,   0.04158,  -0.03545,  -0.08973,  -0.01620,   0.04158,  -0.06697,   0.03808,  -0.02670,   0.05559,   0.03808,   0.01532,   0.02407,  -0.04421,   0.03983,  -0.00394,  -0.03896,   0.02057,  -0.02320,  -0.00919,   0.04683,  -0.01269,  -0.00219,  -0.00744,  -0.01269,  -0.07922,  -0.03721,  -0.05296,  -0.03545,  -0.05997,  -0.00569,   0.01007,  -0.01444,   0.04683,   0.00832,   0.08185,   0.06259,  -0.08273,   0.00657,  -0.04071,   0.02757,   0.01007,   0.00306,   0.02757,   0.02582,  -0.07047,   0.05034,   0.02057,  -0.06522,   0.02232,   0.01707,  -0.03370,   0.03983,   0.03458,  -0.05296,  -0.06522,  -0.03896,   0.04158,   0.04158,   0.11512,  -0.03370,  -0.06697,  -0.04421,   0.11687,  -0.02320,   0.06609,  -0.03020,  -0.03020,  -0.04421,  -0.02495,  -0.01620,   0.03808,   0.00306,   0.02232,  -0.01795,  -0.01795,   0.01007,  -0.02845,  -0.04596,  -0.00569,   0.06434,   0.10111,  -0.03370,  -0.01795,   0.04158,  -0.05997,   0.02582,  -0.03370,  -0.05822,   0.09060,   0.04683,   0.06609,  -0.02495,  -0.06522,   0.02757,  -0.10374,  -0.03545,  -0.05121,   0.03983,  -0.00569,  -0.01269,   0.02757,   0.04158,   0.03808,  -0.06872,  -0.02145,  -0.00044,  -0.00744,  -0.02845,   0.04333,   0.04683,  -0.00219,  -0.00219,  -0.01269,   0.08710,   0.04683,   0.00832,   0.08885,  -0.04421,   0.00832,  -0.02845,  -0.05471,  -0.08098,  -0.00219,  -0.05822,  -0.05296,  -0.03020,   0.01357,   0.02582,  -0.07047,   0.00481,   0.00832,   0.07835,   0.05909,   0.00657,  -0.04071,  -0.00394,   0.02232,  -0.04071,   0.01357,  -0.03020,  -0.00044,   0.04333,  -0.01094,   0.03108,  -0.00919,  -0.01094,  -0.08623,  -0.04421,  -0.10199,  -0.00919,   0.04158,  -0.05822,  -0.04421,  -0.14576,   0.05559,   0.03633,   0.07835,   0.08710,   0.07660,   0.08535,   0.07660,   0.03108,   0.03633,   0.03983,   0.05384,  -0.02320,  -0.02845,  -0.01269,   0.04508,   0.00832,   0.01707,   0.01532,   0.05734,  -0.03721,   0.02057,  -0.07572,   0.08185,   0.06084,   0.01357,  -0.01444,  -0.00219,   0.08710,  -0.04071,  -0.04596,   0.12562,   0.00832,  -0.01094,  -0.04246,  -0.06347,   0.04158,  -0.06522,  -0.01444,   0.09586,  -0.02670,   0.00306,   0.03283,   0.02582,   0.05909,  -0.01444,   0.06609,  -0.01444,  -0.01269,  -0.01795,  -0.00044,   0.05559,   0.00481,   0.01357,  -0.00219,   0.03633,   0.00481,  -0.04596,   0.06084,   0.04858,   0.09411,   0.00131,  -0.00394,  -0.04246,   0.01707,   0.07835,   0.02933,  -0.00394,  -0.00394,   0.02232,  -0.00569,  -0.05646,   0.04333,   0.01007,   0.03633,   0.02757,   0.00306,   0.05909,   0.01882,   0.05909,  -0.13525,  -0.01620,   0.00481,   0.04683,  -0.00044,   0.05559,  -0.01970,  -0.03721,   0.05034,  -0.09848,  -0.00044,  -0.06347,  -0.01970,   0.01182,   0.00131,   0.02057,  -0.01795,  -0.03195,   0.04158,   0.01532,  -0.01970,   0.00306,  -0.05646,  -0.00919,   0.04333,   0.03458,   0.03108,  -0.08973,  -0.00044,  -0.00394,  -0.02845,   0.02057,   0.02232,  -0.01269,   0.01182,  -0.01444,  -0.01269,   0.02933,  -0.01094,   0.01182,   0.13963,  -0.01094,  -0.03545,   0.03458,  -0.07222,  -0.04771,  -0.00744,   0.08360,  -0.06347,   0.05384,  -0.02670,   0.02757,   0.02582,   0.01882,   0.00657,   0.03983,  -0.04421,  -0.03721,  -0.09498,  -0.00394,   0.00306,  -0.00394,   0.03633,  -0.05646,  -0.00744,   0.08010,   0.05034,   0.02933,   0.02232,   0.04333,  -0.00744,  -0.00394,  -0.01620,   0.06084,   0.04333,  -0.03370,   0.04333,   0.02582,  -0.02670,  -0.03545,  -0.05822,  -0.01795,  -0.05296,  -0.05646,  -0.00394,   0.07135,   0.09235,   0.05384,  -0.03545,  -0.04246,  -0.06697,   0.00131,   0.00657,  -0.02670,  -0.04946,   0.05909,   0.00657,   0.08185,  -0.03195,  -0.00919,  -0.01444,   0.00481,   0.02232,  -0.00394,  -0.06872,  -0.00394,   0.02757,   0.02582,   0.03633,  -0.09848,   0.01182,   0.02933,  -0.05997,  -0.03370,  -0.07572,  -0.00394,   0.05209,   0.01357,  -0.04071,   0.06084,  -0.00219,  -0.04946,   0.00131,   0.01532,  -0.01094,  -0.05997,  -0.01269,  -0.04421,  -0.01269,   0.01357,   0.01707,   0.06259,  -0.02845,   0.02407,   0.01182,  -0.03370,  -0.02320,  -0.07747,   0.01707,   0.04858,  -0.01444,   0.03458,   0.09411,  -0.02670,  -0.01094,   0.00306,  -0.00219,   0.09936,  -0.02495,  -0.03896,   0.03808,  -0.02845,   0.01182,   0.00306,   0.04508,  -0.04771,   0.01182,  -0.03545,   0.04158,   0.03283,   0.04683,   0.03458,  -0.03370,  -0.01795,   0.02933,   0.03983,  -0.01269,   0.03983,   0.02407,  -0.04946,  -0.03195,   0.04508,  -0.04071,  -0.04771,   0.04858,  -0.00744,   0.01007,   0.07835,  -0.08623,  -0.05822,   0.05734,   0.02582,  -0.10199,  -0.07922,  -0.05471,  -0.00394,  -0.10023,  -0.03370,  -0.02845,   0.06784,  -0.01620,   0.01532,  -0.04596,   0.05384,  -0.09148,   0.03633,   0.06084,  -0.02145,  -0.02495,   0.08360,   0.10111,  -0.05121,  -0.02320,  -0.02320,  -0.06347,  -0.01970,  -0.07572,   0.00131,   0.02407,  -0.01444,   0.00481,  -0.03896,  -0.10023,   0.00131,  -0.00044,  -0.00744,  -0.04946,   0.02057,  -0.02145,  -0.01269,  -0.06522,  -0.01444,   0.03983,   0.02232,   0.03983,  -0.05296,  -0.06172,   0.06434,  -0.04596,  -0.00744,   0.00481,   0.00306,  -0.01444,   0.03458,  -0.05121,   0.04333,  -0.00394,   0.02757,  -0.03370,  -0.03721,  -0.02145,   0.01882,   0.03108,  -0.04946,  -0.04771,  -0.00744,   0.06609,  -0.05822,   0.01357,  -0.07047,  -0.00219,  -0.07572,   0.02757,   0.01532,   0.05909,   0.12562,  -0.04946,   0.02057,  -0.00919,  -0.00394,   0.02407,  -0.04771,  -0.07047,  -0.03020,  -0.06347,  -0.02320,  -0.00394,   0.06609,  -0.03545,   0.00131,  -0.02670,   0.01357,   0.03808,  -0.03545,   0.02582,   0.06609,  -0.06347,   0.03983,   0.00481,   0.14313,  -0.02145,  -0.03721,   0.01182,  -0.00394,   0.02582,  -0.06172,   0.07135,   0.06259,   0.07310,   0.07835,  -0.08098,  -0.00919,  -0.01094,   0.00306,   0.03808,  -0.07922,   0.07135,  -0.01094,  -0.02145,  -0.00919,  -0.00394,   0.02407,  -0.02495,   0.04508,   0.06084,   0.08010,   0.02933,  -0.00569,  -0.02845,  -0.01444,  -0.01795,   0.03108,  -0.01269,   0.03808,   0.05559,  -0.00569,  -0.03721,   0.01182,  -0.00044,  -0.01970,  -0.00919,   0.01007,  -0.13875,   0.01182,   0.10636,  -0.03195,   0.05559,  -0.03370,   0.01707,   0.04158,  -0.03370,  -0.05997,  -0.04421,  -0.03896,   0.06609,   0.00131,  -0.00919,  -0.04596,  -0.02495,  -0.11249,   0.02757,   0.09936,  -0.00394,  -0.07922,  -0.02320,  -0.01795,  -0.02670,   0.00131,   0.04333,   0.03983,  -0.09848,  -0.07222,  -0.02320,  -0.03020,  -0.04771,  -0.00219,   0.00657,  -0.02845,  -0.05121,  -0.00219,   0.09586,   0.04858,  -0.04246,   0.02407,  -0.04946,   0.00131,  -0.04071,  -0.08798,  -0.04771,  -0.01795,  -0.00044,   0.03808,   0.02407,  -0.00919,  -0.00219,   0.00306,  -0.07922,  -0.02670,   0.01357,  -0.04946,  -0.05822,  -0.01269,  -0.01444,   0.06434,  -0.02495,  -0.03195,  -0.06697,   0.02757,  -0.05471,  -0.09323,   0.05034,  -0.03545,   0.05909,   0.03283,   0.02232,  -0.00394,   0.04508,   0.05209,   0.00481,   0.00306,  -0.01970,  -0.10549,   0.06959,  -0.01970,  -0.01269,  -0.08798,  -0.05121,  -0.02670,   0.00481,   0.00657,  -0.02495,   0.05384,  -0.00219,  -0.00394,   0.04508,   0.01532,  -0.03545,  -0.00044,   0.01007,  -0.01269,   0.02057,  -0.01444,  -0.02320,  -0.05121,  -0.00919,  -0.03020,  -0.02145,   0.09235,  -0.03195,  -0.01970,  -0.00219,  -0.05121,   0.03108,  -0.03896,  -0.04771,   0.06434,   0.03283,  -0.00569,   0.04508,   0.06259,   0.01532,   0.10286,   0.01707,  -0.02670,   0.02582,  -0.00044,  -0.03896,   0.03633,   0.03458,  -0.04771,  -0.03370,   0.08710,   0.02407,   0.00306,   0.01882,   0.04858,  -0.00219,   0.04508,   0.10811,   0.00657,  -0.02145,  -0.07747,  -0.04946,  -0.00744,   0.04683,  -0.00219,  -0.03896,  -0.02670,   0.06259,  -0.04946,  -0.05471,  -0.08623,   0.00657,  -0.00919,   0.05559,  -0.04596,   0.05559,  -0.00569,  -0.02670,   0.05559,   0.12387,  -0.00044,  -0.00219,  -0.03896,  -0.05997,  -0.00744,  -0.05646,   0.00832,   0.03283,   0.05559,   0.01357,  -0.04421,   0.06084,  -0.03721,  -0.01444,   0.00131,  -0.01620,  -0.04771,   0.00657,  -0.05296,  -0.00044,  -0.04246,  -0.06522,  -0.06347,   0.02582,   0.01182,  -0.02845,  -0.04071,  -0.02320,  -0.00394,  -0.00219,   0.06609,  -0.00919,  -0.01094,   0.02582,   0.02757,   0.09586,   0.04333,  -0.03195,  -0.02320,   0.00306,   0.04858,  -0.00919,   0.03108,   0.05734,  -0.03020,   0.04508,  -0.07222,  -0.01620,   0.00306,   0.00832,  -0.02845,  -0.09673,  -0.01444,  -0.05296,   0.01357,  -0.02495,   0.08885,  -0.00569,   0.12562,  -0.04421,   0.00481,  -0.01620,  -0.06172,   0.01707,   0.11512,  -0.02845,   0.00131,  -0.03721,  -0.00569,  -0.01795,   0.04508,  -0.04771,   0.01182,   0.02057,   0.04158,  -0.03370,   0.00481,  -0.02670,   0.00657,   0.00306,  -0.01269,   0.04333,   0.00306,  -0.01795,   0.02582,  -0.00744,  -0.05121,  -0.06347,   0.05209,  -0.02495,  -0.02145,  -0.10199,  -0.04946,   0.02407,   0.03283,  -0.04421,  -0.03020,   0.00481,  -0.08623,  -0.00919,  -0.00919,  -0.03020,   0.05559,  -0.10549,  -0.00394,   0.02582,  -0.04246,   0.07660,  -0.04246,   0.02757,  -0.05822,  -0.01444,   0.00131,   0.02232,  -0.01620,   0.03108,  -0.02320,  -0.03896,   0.03458,  -0.02320,   0.01532,   0.04333,   0.06084,  -0.02320,  -0.03896,   0.02757,   0.07310,   0.02232,  -0.01970,  -0.00569,  -0.04246,  -0.02320,   0.00306,  -0.00919,   0.02407,  -0.07922,   0.02582,  -0.00394,  -0.06172,  -0.00394,  -0.03195,   0.00481,   0.12737,   0.09411,   0.00657,  -0.05822,  -0.08098,  -0.00919,  -0.07397,  -0.00744,   0.06259,   0.03633,   0.10286,   0.02407,  -0.03020,  -0.04771,   0.09060,   0.03633,  -0.06872,  -0.02320,   0.08710,  -0.00219,   0.00481,   0.04683,  -0.07397,  -0.03020,  -0.01970,  -0.03721,   0.01357,   0.01357,  -0.02845,   0.00657,   0.05034,  -0.07747,  -0.05646,   0.00481,  -0.01620,   0.04333,   0.06259,  -0.03545,   0.06084,   0.09235,  -0.01970,  -0.02320,   0.01007,  -0.06697,  -0.05471,   0.01882,  -0.06697,   0.01707,   0.00481,  -0.00569,  -0.04946,   0.05034,   0.02757,   0.01882,  -0.02145,   0.02933,   0.04858,   0.00306,   0.05559,  -0.01269,   0.03108,   0.00306,   0.04333,   0.05734,  -0.07047,  -0.01444,   0.07485,   0.13262
  -0.03721,  -0.03896,   0.00832,   0.01007,  -0.00044,  -0.00044,  -0.01795,   0.05909,   0.05909,   0.02407,  -0.04771,   0.03983,  -0.00394,  -0.02495,  -0.01094,   0.10286,   0.01182,  -0.05296,  -0.03896,   0.00306,   0.04858,  -0.05121,   0.02057,  -0.01970,  -0.03370,   0.03108,   0.00131,   0.01707,   0.02232,   0.09411,   0.03108,  -0.00919,   0.03108,   0.08010,  -0.00394,   0.08185,   0.02582,  -0.03195,   0.01357,  -0.00919,   0.00131,  -0.01795,   0.01182,   0.02232,   0.03983,   0.03283,  -0.03195,  -0.00044,  -0.05471,  -0.01094,  -0.00044,   0.01707,   0.00131,  -0.01620,   0.07485,   0.07660,   0.06259,  -0.08973,   0.02407,  -0.00044,   0.03458,   0.02057,  -0.02145,  -0.02670,   0.02407,   0.02582,   0.04683,  -0.01269,   0.08710,   0.01357,  -0.02845,   0.05384,  -0.04596,   0.10811,  -0.03721,   0.02582,  -0.04596,   0.03808,  -0.02320,   0.01007,   0.03283,   0.05034,  -0.00044,   0.03108,   0.01532,  -0.04771,  -0.00219,  -0.00919,   0.01707,  -0.05997,  -0.03020,  -0.00394,  -0.03370,   0.06259,   0.03983,  -0.01620,   0.02933,  -0.04596,   0.03283,  -0.01970,   0.02407,  -0.03020,  -0.01620,   0.00481,   0.07835,  -0.01094,   0.01532,   0.02407,  -0.03545,   0.02757,  -0.00219,   0.08710,   0.01007,   0.08535,  -0.03020,  -0.02845,  -0.02670,  -0.05646,   0.06434,  -0.01620,  -0.08098,  -0.00919,  -0.03545,   0.05909,   0.01532,   0.11336,   0.03458,  -0.00919,  -0.00394,   0.03633,  -0.03545,  -0.05471,  -0.06522,  -0.00919,  -0.06697,  -0.09673,   0.01182,   0.05209,  -0.05646,   0.01007,   0.01882,  -0.02845,   0.01882,  -0.01970,   0.06434,  -0.01970,  -0.05296,   0.04158,   0.03458,   0.04158,  -0.00219,   0.05034,  -0.03370,  -0.05296,  -0.08273,   0.00832,   0.00306,   0.01182,   0.04158,  -0.03370,  -0.02670,   0.06959,   0.00306,   0.04508,   0.02757,  -0.02845,   0.01532,   0.03983,   0.02407,  -0.06347,  -0.04946,   0.03458,   0.00832,  -0.00744,   0.01182,  -0.07747,   0.07135,   0.06434,   0.08885,   0.02057,  -0.01094,  -0.05997,   0.05559,  -0.01795,   0.00131,  -0.10899,   0.05209,  -0.00394,  -0.00569,   0.08360,   0.09411,  -0.07572,  -0.05822,   0.01882,   0.05034,   0.04508,   0.01882,  -0.04071,  -0.08798,   0.02407,   0.01182,  -0.05646,   0.04158,   0.01182,  -0.00569,  -0.03195,  -0.09148,  -0.10199,   0.04683,   0.00306,   0.00832,  -0.05471,  -0.04421,  -0.02495,  -0.01795,  -0.03545,  -0.08098,   0.01532,   0.02232,   0.00306,  -0.01444,  -0.02320,  -0.00919,   0.06784,  -0.03896,  -0.02495,  -0.00919,  -0.02670,  -0.03370,   0.05734,   0.01707,  -0.00219,   0.00306,  -0.02145,  -0.04771,  -0.02320,   0.02933,  -0.04246,   0.01532,   0.02057,   0.08185,  -0.01620,  -0.03896,  -0.00219,  -0.03195,   0.07485,   0.03983,  -0.04946,   0.05734,   0.00131,   0.04683,  -0.00919,  -0.02145,  -0.04946,   0.04508,   0.04158,  -0.10023,  -0.01620,   0.01357,  -0.04596,  -0.04246,   0.01007,  -0.04771,  -0.01269,  -0.04421,  -0.01970,  -0.01795,   0.08185,  -0.00394,   0.03283,   0.00306,   0.05384,  -0.04596,   0.08535,   0.00657,  -0.00044,   0.11336,  -0.00919,  -0.04946,  -0.03545,  -0.01094,   0.02057,  -0.04771,  -0.05121,  -0.04246,   0.04858,  -0.00394,   0.02933,  -0.01620,  -0.04946,   0.05734,   0.09411,  -0.02145,   0.05384,   0.05209,   0.02232,  -0.01444,   0.04158,   0.06259,  -0.04071,   0.01882,   0.02232,   0.05559,   0.08535,   0.00481,  -0.04246,  -0.00919,  -0.07397,  -0.03896,   0.02582,  -0.03896,  -0.01970,  -0.01269,   0.02407,  -0.01970,  -0.03020,   0.02232,   0.03633,  -0.01269,  -0.04246,  -0.00394,  -0.00919,  -0.04071,  -0.05471,  -0.02145,  -0.01620,   0.03108,  -0.02320,   0.03983,  -0.01620,   0.03283,  -0.05296,   0.01707,  -0.00044,  -0.00569,  -0.00919,  -0.03545,   0.06259,   0.00657,  -0.01444,   0.00306,   0.02933,   0.06609,  -0.02320,   0.03633,  -0.01094,   0.07485,  -0.05997,   0.02407,  -0.03020,   0.06259,   0.00832,  -0.01795,  -0.04421,   0.02933,  -0.01269,   0.02407,  -0.01094,   0.04508,   0.02232,  -0.02145,   0.03283,  -0.00394,  -0.09148,   0.03283,   0.03633,   0.07660,  -0.01444,   0.02232,   0.01532,  -0.01094,  -0.02845,  -0.08973,  -0.01269,   0.06084,   0.01182,  -0.00044,  -0.01269,  -0.06522,  -0.01620,  -0.07047,   0.01357,   0.00306,  -0.01970,   0.08185,   0.02232,   0.02407,  -0.05121,  -0.04071,   0.05734,  -0.04946,  -0.00394,  -0.01970,   0.02757,   0.02582,   0.03983,   0.01532,   0.05209,   0.00481,  -0.04771,   0.01707,  -0.05296,   0.01532,   0.03808,   0.01532,   0.03633,  -0.01269,   0.01882,   0.00832,  -0.01269,   0.03633,  -0.04071,  -0.06872,   0.00832,  -0.03020,   0.00306,  -0.03370,   0.03808,  -0.03370,   0.02933,  -0.06697,   0.02232,  -0.00044,   0.02407,   0.04158,  -0.05646,   0.05734,  -0.05121,  -0.01269,   0.00306,   0.01707,   0.06784,   0.02757,  -0.02145,   0.00481,  -0.04771,   0.05209,  -0.04246,   0.00657,   0.02933,   0.01882,  -0.07747,   0.08185,   0.06084,   0.04158,  -0.01444,   0.03808,   0.02407,  -0.02495,  -0.01094,  -0.01444,   0.02407,  -0.03370,  -0.01970,  -0.05121,  -0.02845,  -0.01795,  -0.02145,  -0.07572,   0.04858,   0.05209,   0.01532,   0.04508,  -0.01795,   0.01007,   0.03458,   0.07660,  -0.00394,  -0.01094,  -0.07747,  -0.01795,  -0.04596,   0.03108,  -0.08273,   0.01357,  -0.05296,   0.01182,   0.01882,   0.09411,   0.03108,  -0.02145,  -0.08448,  -0.03896,  -0.01795,   0.02757,   0.06784,  -0.01094,  -0.02320,   0.03108,  -0.01795,  -0.04771,  -0.10023,   0.01007,   0.02407,   0.00832,  -0.00569,  -0.05296,   0.04158,  -0.03545,  -0.07572,  -0.02320,  -0.00569,   0.05034,  -0.00044,  -0.00569,  -0.00744,   0.04858,  -0.04771,  -0.07397,  -0.01970,   0.00131,   0.00481,   0.06959,  -0.03020,   0.04158,   0.03633,  -0.01444,  -0.05296,  -0.01970,  -0.10023,  -0.03545,   0.03633,   0.00481,   0.02933,  -0.03195,  -0.02670,  -0.05646,   0.04683,   0.03458,   0.07485,  -0.07922,  -0.01444,   0.02582,   0.00832,   0.00481,   0.02057,   0.01007,  -0.02495,  -0.03370,  -0.05296,   0.03108,  -0.03020,  -0.03020,  -0.00219,  -0.00744,  -0.07047,   0.00832,  -0.00744,  -0.00919,  -0.05997,  -0.04246,  -0.06522,   0.05209,   0.01357,  -0.06172,   0.01532,  -0.03896,   0.04683,  -0.00919,  -0.01795,   0.02057,  -0.00744,  -0.04946,   0.03458,  -0.02145,   0.12562,   0.01182,  -0.00919,  -0.00744,   0.06259,   0.00832,   0.00481,   0.00131,  -0.00044,  -0.08798,   0.01357,  -0.04246,   0.01882,  -0.02320,   0.02407,   0.03283,  -0.00919,  -0.04246,  -0.01444,   0.03108,   0.01532,   0.04333,  -0.05997,   0.01007,   0.01357,   0.05034,  -0.05471,   0.02057,  -0.02670,  -0.04421,  -0.03020,  -0.04946,  -0.01970,  -0.04246,  -0.00569,  -0.01795,   0.05209,  -0.02145,  -0.00919,  -0.01444,  -0.02495,  -0.02145,  -0.00569,   0.02582,   0.04158,   0.01707,  -0.03020,  -0.04421,   0.01707,   0.05209,   0.04158,  -0.02670,  -0.01444,  -0.01795,   0.04508,   0.02232,  -0.00394,  -0.09148,   0.01007,  -0.03195,  -0.00219,  -0.01094,  -0.03020,  -0.01444,   0.03983,   0.08710,  -0.03020,  -0.02145,   0.08185,   0.01357,   0.01007,  -0.01269,  -0.03545,  -0.05646,   0.05559,  -0.02670,  -0.00744,   0.00131,  -0.00744,   0.01357,  -0.02320,   0.01532,  -0.08273,   0.03633,  -0.04946,   0.01182,  -0.01970,   0.01007,   0.08185,  -0.04946,  -0.03721,   0.00131,  -0.05121,  -0.04771,   0.05734,   0.03458,   0.02407,  -0.02320,  -0.02670,  -0.01444,  -0.03370,  -0.01620,   0.10286,  -0.07222,   0.01357,   0.02232,   0.00481,   0.03458,   0.02582,  -0.02495,  -0.01970,   0.05209,   0.02057,  -0.12475,  -0.03721,   0.04508,  -0.07222,   0.08535,  -0.11774,  -0.05121,   0.00306,   0.02582,  -0.00919,  -0.07397,   0.02407,  -0.02145,   0.04333,  -0.03721,  -0.00394,   0.05384,  -0.04071,   0.02582,  -0.10199,  -0.05997,  -0.04596,  -0.00394,  -0.01444,   0.01882,   0.01182,   0.04158,  -0.01970,  -0.03721,  -0.05296,   0.02057,   0.01007,  -0.02495,  -0.02320,  -0.00744,  -0.04246,   0.03633,   0.04333,  -0.08273,  -0.04071,   0.07660,   0.00832,   0.08010,  -0.03195,  -0.10023,   0.01532,  -0.01094,  -0.07397,  -0.00044,  -0.04246,   0.01357,   0.03983,   0.06084,   0.00657,   0.02232,   0.03633,  -0.08448,   0.01882,  -0.01269,  -0.05121,  -0.00569,   0.00306,  -0.03195,  -0.00219,   0.03458,   0.03983,  -0.04771,   0.06259,  -0.05296,   0.00832,  -0.04771,   0.00832,  -0.06522,  -0.02670,   0.00131,  -0.00394,  -0.06697,  -0.01970,  -0.00744,   0.01182,   0.03983,   0.09235,   0.02407,   0.05559,  -0.02320,  -0.01269,   0.01182,   0.06959,  -0.02495,  -0.00394,  -0.06872,  -0.01970,  -0.01970,  -0.00919,   0.10286,  -0.03195,  -0.07397,   0.02757,  -0.08448,  -0.00044,   0.01707,  -0.00919,  -0.04771,  -0.03721,  -0.01444,   0.05209,   0.01882,   0.04158,   0.05384,   0.00131,   0.03458,  -0.07747,   0.03458,   0.02407,   0.02232,  -0.03545,   0.06784,  -0.01970,  -0.03020,   0.04333,  -0.01795,  -0.08098,   0.02757,  -0.04596,   0.01007,   0.02933,  -0.03896,   0.01357,   0.01882,  -0.01269,   0.03458,   0.01182,   0.04508,  -0.03370,  -0.02320,   0.05909,   0.01532,   0.02057,  -0.02145,   0.06434,  -0.01444,   0.01882,   0.02582,  -0.00219,  -0.03721,   0.01707,   0.01007,   0.07835,  -0.04421,   0.03983,   0.07660,   0.04158,  -0.00919,  -0.00569,  -0.01094,   0.05209,  -0.01620,  -0.04071,  -0.01795,   0.01532,  -0.04771,   0.01707,   0.03808,  -0.02495,   0.06609,  -0.05997,   0.02407,   0.01707,   0.02232,  -0.03721,  -0.01970,   0.00131,  -0.06522,  -0.05121,   0.03458,   0.00832,  -0.05646,  -0.02670,   0.02757,  -0.01094,   0.01882,  -0.03195,  -0.03195,   0.09761,  -0.03020,  -0.03545,  -0.04596,   0.01182,   0.03108,  -0.02320,  -0.03896,   0.03283,  -0.01269,   0.03283,   0.02407,  -0.01795,   0.00131,   0.04333,  -0.01269,   0.00481,   0.00131,   0.09235,   0.01882,   0.05384,  -0.02320,  -0.01970,   0.02057,  -0.01620,  -0.00744,   0.05034,  -0.07222,  -0.10199,  -0.04421,   0.01882,   0.04333,   0.05384,   0.00832,  -0.06522,  -0.07222,  -0.07747,   0.01532,   0.03458,  -0.04946,   0.00832,   0.01182,  -0.00044,   0.01182,   0.01182,   0.08010,   0.01357,   0.03983,   0.16064,   0.01882,  -0.00744,  -0.00569,   0.03808,  -0.04246,  -0.06522,  -0.02495,   0.04333,   0.03108,   0.01707,  -0.05822,  -0.01795,   0.00481,   0.05034,  -0.03370,   0.06609,  -0.01094,  -0.04421,  -0.02845,  -0.01970,   0.00832,  -0.04071,  -0.03721,  -0.05296,   0.07485,   0.02407,  -0.00919,  -0.04071,   0.07485,   0.02933,   0.00131,   0.01182,   0.00481,  -0.00044,  -0.03721,   0.06609,   0.00481,   0.02757,  -0.03721,  -0.00744,   0.04333,   0.04683,  -0.03020,   0.09936,   0.01007,  -0.03721,   0.00481,   0.01182,   0.08010,   0.02057,  -0.01269,   0.01007,   0.02057,   0.03983,  -0.07922,   0.01882,  -0.02145,   0.02232,   0.04333,  -0.03545,   0.00657,   0.02232,   0.03808,   0.01182,  -0.02320,  -0.04771,   0.07310,  -0.10199,   0.02232,  -0.01269,   0.04508,   0.03808,  -0.03896,   0.00832,   0.00131,   0.04333,   0.02057,  -0.01620,  -0.05822,   0.04508,   0.01007,  -0.02145,  -0.05822,  -0.01970,   0.02057,   0.02933,  -0.05471,  -0.03020,  -0.03020,  -0.00569,  -0.00569,   0.06259,   0.01882,   0.05559,   0.09060,  -0.05646,   0.05384,   0.02582,   0.03808,   0.06434,  -0.07047,  -0.00569,   0.00481,   0.00306,  -0.00219,  -0.06172,   0.06784,  -0.00744,  -0.02670,  -0.01620,   0.02057,  -0.01094,   0.00481,   0.00481
   0.07485,   0.06259,  -0.00394,   0.02057,   0.04333,   0.05209,  -0.06697,  -0.04071,  -0.04246,   0.03983,  -0.01970,  -0.09848,   0.00657,   0.05734,   0.02407,  -0.04596,   0.05559,  -0.01269,   0.00657,  -0.01970,   0.04508,  -0.01795,   0.01357,   0.08185,   0.01707,  -0.00394,   0.00657,   0.00131,  -0.01444,  -0.01620,   0.00481,  -0.03370,   0.03458,   0.02933,  -0.00569,  -0.05646,  -0.01620,   0.05034,  -0.03721,   0.01007,  -0.06522,   0.07660,   0.00306,  -0.08448,  -0.03195,  -0.04946,   0.01182,   0.06784,   0.07660,  -0.02845,   0.06434,   0.04158,   0.05209,  -0.03195,  -0.01970,   0.02757,   0.01357,   0.03458,  -0.05121,   0.02757,   0.03458,   0.10986,  -0.01094,   0.02407,   0.04858,   0.04508,   0.04333,  -0.04771,   0.00131,   0.01007,   0.02232,  -0.04071,   0.00832,   0.03633,  -0.08448,   0.01357,  -0.00219,   0.01182,  -0.10199,   0.03283,  -0.03020,  -0.11599,  -0.01795,   0.03808,   0.00131,  -0.01795,  -0.02320,   0.12212,  -0.00219,  -0.00044,   0.09586,  -0.05296,   0.02407,  -0.00394,  -0.03896,  -0.00044,  -0.06872,  -0.01970,  -0.02845,  -0.09848,  -0.09673,  -0.11599,  -0.07747,  -0.05471,  -0.01269,   0.02057,   0.06959,   0.03283,  -0.08448,  -0.03545,  -0.07222,   0.01182,   0.02757,  -0.04421,  -0.02145,   0.00306,   0.05384,   0.10811,   0.05559,   0.04683,  -0.11074,  -0.02320,   0.02232,  -0.04421,   0.03983,  -0.02145,   0.02407,  -0.03020,   0.02933,  -0.02320,  -0.06872,   0.01532,   0.03108,  -0.04946,   0.01182,  -0.00744,  -0.01620,  -0.01620,   0.01882,   0.00832,  -0.01094,   0.01707,  -0.08798,  -0.03195,  -0.04771,  -0.02845,   0.03633,   0.01182,  -0.03721,   0.01707,  -0.02320,   0.05559,   0.03633,  -0.04246,  -0.02495,  -0.06697,  -0.04421,  -0.01269,  -0.05471,  -0.03020,  -0.04771,   0.02757,   0.02757,  -0.05471,   0.01707,  -0.00044,  -0.03721,  -0.00919,  -0.05296,  -0.13350,   0.01182,  -0.01620,   0.03983,   0.08185,   0.00657,  -0.01269,   0.03108,   0.04508,  -0.00394,   0.01532,  -0.00919,   0.02407,   0.06259,  -0.00394,  -0.06172,  -0.04421,   0.08535,  -0.10199,  -0.02495,  -0.03896,  -0.02145,  -0.01795,   0.01182,   0.02407,  -0.03195,   0.01882,   0.05734,   0.00306,   0.04158,  -0.02145,  -0.03896,   0.01707,  -0.01444,  -0.01970,   0.07485,   0.06434,   0.04158,   0.01357,  -0.00219,  -0.00569,   0.07135,   0.01007,  -0.00394,  -0.06172,   0.03808,   0.03983,   0.05559,  -0.00394,   0.03108,  -0.00219,  -0.06522,   0.04858,  -0.00569,  -0.04946,  -0.00569,   0.01707,  -0.07222,  -0.00919,   0.00832,  -0.05471,   0.01707,  -0.00394,  -0.05471,  -0.02845,  -0.09323,  -0.06347,  -0.02670,   0.07135,  -0.03896,  -0.00744,   0.00832,  -0.03545,   0.01182,   0.10986,   0.00657,  -0.01444,   0.03458,  -0.09673,   0.02407,  -0.01795,  -0.00044,  -0.02495,  -0.00219,   0.05209,  -0.04246,   0.07135,  -0.04946,   0.04508,  -0.01620,  -0.01269,   0.02933,   0.01357,   0.00832,   0.02057,  -0.08798,  -0.00569,  -0.04421,  -0.07922,   0.03283,   0.03808,   0.04683,  -0.03370,   0.01532,  -0.00569,   0.05384,  -0.05822,  -0.08273,  -0.07922,  -0.00219,   0.09936,   0.01357,  -0.01620,  -0.04771,  -0.06522,   0.01532,   0.03633,  -0.08798,   0.02407,   0.11161,  -0.04596,  -0.04246,   0.08535,   0.03808,  -0.05121,   0.00131,  -0.06347,  -0.00219,   0.05909,   0.02232,   0.06259,   0.00306,   0.03283,  -0.03545,  -0.03370,   0.03283,   0.04333,  -0.05121,  -0.02670,   0.01182,  -0.01444,  -0.04246,  -0.04421,  -0.01094,   0.02933,   0.06259,  -0.01444,  -0.00569,  -0.00744,   0.00832,  -0.01970,  -0.03896,   0.01007,   0.09411,   0.06784,  -0.04946,  -0.04946,   0.08010,   0.02933,  -0.00394,   0.01007,  -0.03020,   0.07135,   0.01007,   0.01707,  -0.04771,   0.05384,  -0.00394,  -0.04246,  -0.05822,  -0.00919,   0.03633,  -0.03370,  -0.00569,  -0.05997,  -0.00219,  -0.09148,   0.02232,   0.03983,   0.05209,   0.04858,  -0.01970,  -0.03545,   0.09411,   0.12737,  -0.05296,  -0.07397,   0.02757,   0.01007,  -0.04946,  -0.00044,  -0.08273,  -0.00744,  -0.05296,   0.00832,  -0.02670,   0.00481,   0.01882,  -0.00044,   0.00657,  -0.02495,  -0.01970,  -0.04771,  -0.00919,   0.02757,  -0.04771,  -0.08798,   0.02757,   0.01882,  -0.02145,   0.02933,   0.01007,  -0.05121,   0.00657,   0.07135,  -0.00569,  -0.00919,  -0.03195,  -0.01269,  -0.05997,   0.04333,   0.05559,   0.03458,   0.02582,  -0.03545,   0.08010,   0.01007,   0.04158,   0.03458,  -0.07747,   0.03283,  -0.00569,  -0.03721,  -0.01795,   0.10811,   0.14838,  -0.04246,  -0.07047,   0.04858,  -0.04596,   0.03283,   0.09761,   0.01882,   0.03983,  -0.00569,  -0.04421,  -0.10899,  -0.00569,  -0.02320,  -0.08798,   0.04858,  -0.06347,  -0.00394,   0.03983,   0.01007,  -0.01269,  -0.01094,  -0.02495,  -0.01795,   0.00131,   0.01182,   0.01007,  -0.08448,   0.01357,   0.06609,  -0.05997,   0.03633,   0.03633,   0.01182,  -0.05471,  -0.04071,   0.05384,  -0.01444,  -0.04246,  -0.03370,  -0.00919,  -0.05997,  -0.06522,   0.00131,   0.02582,   0.01007,  -0.03896,   0.03633,   0.05384,  -0.01444,  -0.05121,  -0.06522,  -0.05121,  -0.06172,  -0.03195,   0.00131,  -0.09673,  -0.00569,  -0.05296,   0.01882,  -0.02145,  -0.00744,   0.05384,  -0.03370,   0.01882,  -0.04771,   0.01882,  -0.07922,  -0.00919,   0.03458,   0.02582,   0.01532,   0.00131,  -0.03370,   0.03108,   0.09936,  -0.01795,   0.11687,  -0.02845,   0.02757,  -0.01620,  -0.00919,   0.05034,  -0.01970,   0.00131,  -0.02145,  -0.02320,  -0.04421,   0.01182,   0.03108,  -0.00919,   0.09761,  -0.00919,   0.13788,   0.03808,   0.11862,   0.09761,  -0.01444,   0.08185,   0.03283,  -0.03545,   0.05734,   0.07135,  -0.04246,  -0.03020,  -0.01269,   0.07485,  -0.03545,   0.04508,   0.06084,   0.01882,  -0.07922,   0.01882,  -0.01444,  -0.05646,   0.03633,  -0.10023,   0.06084,   0.03633,   0.01007,   0.02057,  -0.01444,   0.05209,   0.04508,   0.01007,   0.01707,  -0.04771,  -0.02320,  -0.03020,  -0.03721,  -0.03020,   0.03283,  -0.04071,  -0.02670,   0.05734,   0.01532,   0.05209,   0.10461,  -0.00569,   0.02057,   0.01182,  -0.01269,  -0.07047,   0.05209,   0.03108,  -0.06697,   0.01532,   0.04508,  -0.00744,   0.00306,   0.03808,   0.03458,  -0.01970,  -0.04946,  -0.03545,   0.08010,   0.01007,  -0.04596,   0.02407,   0.01182,  -0.00569,  -0.01970,  -0.01269,   0.06084,   0.02933,  -0.04071,   0.01357,   0.02407,  -0.08448,   0.01882,  -0.08623,   0.01707,  -0.00044,  -0.00569,  -0.02845,   0.10986,   0.02232,  -0.09498,  -0.02845,  -0.00219,   0.06084,   0.01007,  -0.10899,  -0.01970,  -0.01620,  -0.00219,   0.03633,  -0.03896,  -0.00394,  -0.04071,  -0.00744,   0.02057,  -0.01269,  -0.03370,  -0.01970,   0.00657,  -0.01620,  -0.03721,   0.01182,  -0.10899,   0.00657,  -0.06172,   0.01182,   0.01707,  -0.01970,  -0.05822,  -0.00919,  -0.04946,   0.04333,   0.02582,   0.09411,   0.04858,   0.00657,  -0.01620,  -0.07222,   0.09586,   0.04158,   0.05034,  -0.04246,   0.01882,   0.00657,  -0.00394,  -0.06347,   0.03633,   0.02757,   0.07310,  -0.03545,   0.01882,   0.04333,   0.05559,  -0.03020,  -0.09673,  -0.02845,   0.00306,  -0.02495,   0.03633,  -0.07397,  -0.00744,  -0.00044,   0.01532,   0.02933,   0.02757,   0.00131,   0.02582,  -0.01795,   0.03283,  -0.00044,   0.01007,  -0.00394,  -0.02845,   0.03808,  -0.02845,   0.03283,  -0.01620,   0.00832,  -0.00744,   0.06784,  -0.01795,  -0.01094,  -0.03721,   0.06434,   0.00657,   0.06259,  -0.07222,  -0.00919,  -0.00919,   0.00832,   0.03283,   0.08185,  -0.01269,  -0.08973,  -0.07222,  -0.00919,  -0.02145,   0.03983,  -0.01795,  -0.02320,  -0.06347,  -0.00569,   0.05909,   0.04683,  -0.04246,   0.10286,   0.07660,   0.07660,  -0.06172,   0.01007,   0.08185,   0.03633,   0.02407,  -0.01269,   0.04333,  -0.00569,   0.01357,  -0.02495,   0.08360,   0.10636,   0.01007,   0.03108,  -0.01795,   0.02057,  -0.03370,   0.03808,  -0.04246,  -0.03020,   0.05559,  -0.02320,  -0.00219,  -0.08273,  -0.00569,   0.10111,  -0.06347,  -0.01620,   0.02232,   0.03633,  -0.03195,  -0.00394,   0.05034,  -0.05296,   0.01882,  -0.01094,  -0.07222,   0.00131,  -0.00569,  -0.04071,  -0.02670,  -0.06172,  -0.11249,   0.06609,  -0.04596,  -0.00919,   0.01882,  -0.04946,   0.05034,  -0.02145,  -0.03545,  -0.06172,  -0.02845,   0.04683,  -0.03020,  -0.00219,  -0.02145,   0.04158,   0.02933,   0.05384,   0.01707,   0.03983,  -0.03195,   0.01182,  -0.00394,  -0.04421,  -0.02845,  -0.09673,   0.02757,  -0.01444,  -0.00044,   0.04508,   0.00306,   0.09235,  -0.09323,  -0.08798,  -0.02145,   0.03283,  -0.03370,  -0.02495,  -0.03896,   0.00306,   0.02057,   0.10986,   0.00481,  -0.04946,  -0.02495,  -0.02845,  -0.00569,  -0.03370,   0.04683,  -0.01444,   0.00832,   0.02757,  -0.03020,  -0.05997,   0.09761,  -0.02845,  -0.01970,   0.03983,   0.04333,   0.00131,  -0.03896,  -0.04946,   0.01007,  -0.04071,  -0.01094,  -0.03545,  -0.02670,   0.04683,  -0.02845,  -0.02845,  -0.03020,  -0.07922,   0.01182,   0.08185,   0.04683,  -0.07222,   0.00131,  -0.03721,   0.06434,   0.09586,   0.01182,  -0.04421,   0.03633,  -0.00744,  -0.00744,   0.04508,   0.09761,   0.09936,   0.03283,   0.04158,  -0.04771,  -0.04071,  -0.14225,  -0.03545,   0.00657,   0.00832,   0.00306,   0.06259,   0.05209,  -0.01970,  -0.03545,   0.04683,   0.00832,   0.04333,  -0.01094,   0.00131,   0.00832,   0.07310,   0.01532,   0.01707,   0.06434,   0.01532,  -0.01444,  -0.01444,   0.05734,   0.02232,   0.00832,   0.05734,  -0.04596,   0.04683,   0.00832,  -0.04246,   0.00131,   0.08885,   0.02057,  -0.05296,   0.09761,  -0.04946,   0.02232,   0.03983,   0.03283,  -0.07047,   0.06434,   0.02757,   0.02232,   0.00832,   0.02933,  -0.02670,  -0.04946,   0.01882,  -0.00394,   0.01182,  -0.04771,  -0.05121,   0.01182,   0.01357,  -0.06172,   0.00306,  -0.01269,  -0.01269,  -0.03020,   0.02757,  -0.05121,  -0.00569,   0.06959,  -0.03020,  -0.03370,   0.03633,  -0.00569,   0.03633,  -0.06872,   0.01357,  -0.03195,   0.04683,  -0.01620,  -0.03545,   0.02582,  -0.00044,   0.02933,   0.03983,   0.06434,  -0.02320,   0.00131,  -0.00569,  -0.00569,   0.01707,   0.05909,   0.08185,   0.02232,   0.01882,  -0.00394,   0.05559,  -0.00394,  -0.06697,  -0.00919,   0.01007,  -0.02845,  -0.08098,  -0.05121,  -0.02145,   0.06084,  -0.00044,  -0.01094,  -0.00919,   0.02582,  -0.05296,   0.05209,  -0.02670,  -0.05121,  -0.03896,   0.01532,   0.03633,  -0.03195,   0.01182,   0.08010,  -0.02495,   0.02232,  -0.00044,  -0.06697,   0.03458,   0.01007,  -0.06522,   0.00131,  -0.01620,   0.06259,  -0.04071,  -0.05822,   0.02582,  -0.01269,   0.06259,  -0.05822,  -0.05471,  -0.01970,  -0.05471,   0.03633,   0.02757,   0.03283,  -0.07922,  -0.04071,  -0.01269,  -0.01444,   0.00131,   0.01882,   0.03108,  -0.04246,  -0.00044,  -0.03896,  -0.01269,  -0.05471,  -0.05997,  -0.00569,  -0.02670,   0.06259,  -0.08273,   0.03108,   0.01007,   0.02933,   0.06259,   0.01182,  -0.01094,   0.04683,   0.00481,   0.04158,   0.03983,  -0.03896,  -0.00569,  -0.04246,  -0.06522,   0.03458,  -0.07397,   0.03108,  -0.04421,  -0.01620,  -0.00569,   0.00832,   0.05734,  -0.09498,   0.05209,   0.03458,   0.02933,  -0.04071,   0.02757,  -0.06347,   0.00657,  -0.02845,  -0.05471,   0.02057,  -0.00569,  -0.06872,   0.05559,  -0.04246,  -0.00744,   0.00832,  -0.01094,   0.00481,  -0.00569,  -0.05822,   0.01707,  -0.01795,   0.00657,  -0.04246,  -0.03020,  -0.03721
  -0.03370,  -0.05471,  -0.06347,  -0.00569,   0.05034,  -0.05296,   0.07660,   0.01007,  -0.02670,  -0.06872,   0.00131,  -0.00394,  -0.00219,  -0.00569,   0.06959,   0.03458,   0.01007,  -0.00219,   0.01182,  -0.05822,   0.06434,  -0.00919,   0.02933,  -0.07222,  -0.01970,   0.07310,   0.12212,   0.01882,   0.03808,   0.06434,  -0.05471,  -0.00744,   0.03458,  -0.09148,  -0.00569,  -0.11249,   0.03283,   0.05209,   0.04858,   0.03983,  -0.03545,  -0.00394,   0.08010,  -0.00219,   0.02582,   0.02933,   0.00306,   0.00832,  -0.01094,   0.00131,  -0.07397,  -0.07747,   0.04683,  -0.01444,   0.05034,   0.00481,  -0.04421,   0.01007,  -0.01970,  -0.01970,   0.00131,   0.01357,  -0.01269,  -0.04421,   0.03633,   0.00832,   0.01007,  -0.03370,  -0.04246,  -0.00219,   0.00832,   0.02757,   0.06259,   0.01182,  -0.01269,   0.07135,  -0.08273,  -0.07397,  -0.07222,   0.04333,   0.03633,   0.02582,   0.01882,   0.00481,  -0.00044,  -0.01795,   0.01707,   0.06959,  -0.02145,   0.01532,  -0.01094,   0.00657,  -0.02320,  -0.01444,   0.01532,  -0.03721,   0.00657,  -0.04596,  -0.02670,   0.02232,  -0.07222,   0.02407,  -0.00044,   0.03633,  -0.04421,   0.06959,  -0.02320,   0.08360,   0.01707,  -0.03545,   0.00131,  -0.01444,  -0.02670,  -0.03545,   0.03633,   0.05209,   0.02057,  -0.00394,  -0.01620,   0.01007,  -0.07047,   0.06959,   0.09060,   0.04683,   0.05559,   0.07485,   0.00131,   0.03808,  -0.00394,  -0.00744,   0.01707,   0.02232,   0.02933,   0.01532,  -0.03370,  -0.03896,   0.02232,   0.04333,  -0.02670,   0.07660,   0.09060,   0.04858,   0.02933,  -0.06522,  -0.03545,  -0.01094,  -0.07572,  -0.04946,   0.03633,   0.01182,   0.01182,  -0.10724,   0.06084,   0.09235,   0.00832,  -0.01970,   0.01532,   0.01007,  -0.00744,   0.04683,   0.00481,   0.05734,   0.00481,   0.06084,  -0.02145,   0.04508,   0.04858,   0.07135,  -0.01970,   0.04683,   0.04858,   0.02582,   0.01707,  -0.03721,  -0.01094,  -0.07572,   0.02582,   0.02933,  -0.04071,   0.01532,  -0.05121,   0.03108,   0.04333,  -0.01620,   0.02582,  -0.02845,  -0.06872,  -0.04946,  -0.02670,  -0.00219,   0.01882,   0.07660,   0.03983,  -0.04771,   0.02933,  -0.00919,   0.03108,   0.00306,   0.00481,  -0.00219,   0.06259,  -0.02845,  -0.07572,   0.02407,   0.05559,   0.05734,   0.03808,  -0.03020,  -0.03896,   0.06259,   0.01707,  -0.04946,   0.00131,   0.04333,   0.02407,   0.02232,  -0.03896,  -0.02495,   0.00657,   0.01882,  -0.04596,  -0.01620,   0.02057,  -0.01620,   0.01357,   0.03108,  -0.00394,  -0.04421,   0.00131,   0.01532,  -0.01444,  -0.01269,   0.04158,  -0.02145,   0.03108,   0.01007,   0.04333,   0.02057,  -0.04596,   0.03633,  -0.04246,  -0.02670,   0.02933,  -0.03545,  -0.03370,  -0.04421,  -0.02145,   0.04508,  -0.10374,  -0.00744,  -0.04421,  -0.05471,  -0.00744,  -0.03896,  -0.05997,  -0.03020,   0.01007,  -0.03545,   0.06609,   0.05909,  -0.02670,   0.02757,  -0.01444,  -0.00219,  -0.02670,  -0.01620,  -0.02845,   0.02933,  -0.00219,   0.02232,  -0.03721,   0.04508,  -0.04246,   0.04158,  -0.05471,  -0.01269,  -0.07222,  -0.07222,  -0.00919,  -0.01970,  -0.08798,  -0.02670,  -0.03545,  -0.01620,   0.09060,  -0.01269,   0.00832,   0.04858,  -0.01444,  -0.05822,  -0.00044,  -0.01094,   0.05559,  -0.02845,   0.01707,  -0.02145,  -0.02145,   0.05734,  -0.03195,   0.06434,  -0.00569,  -0.07047,   0.01357,  -0.07047,  -0.04071,  -0.03370,   0.08360,  -0.02145,  -0.04596,  -0.01970,  -0.04421,  -0.02670,   0.02757,  -0.04596,  -0.02670,   0.00131,   0.09411,   0.05384,   0.04158,   0.04158,   0.05034,   0.02933,  -0.00569,  -0.04946,   0.04858,  -0.00219,   0.02057,   0.01357,  -0.00044,  -0.05471,   0.00306,  -0.06697,   0.07310,  -0.08448,  -0.08273,   0.01532,  -0.03370,  -0.05822,  -0.03896,  -0.02320,  -0.02320,   0.00306,   0.01882,  -0.00744,   0.00306,   0.05384,   0.02933,   0.01357,  -0.02145,   0.09235,   0.05209,  -0.01620,   0.01707,   0.01532,  -0.02320,   0.00306,   0.03983,   0.08010,  -0.03896,   0.07135,  -0.02845,  -0.07397,   0.00832,   0.00131,  -0.00394,  -0.04246,   0.02757,   0.04333,   0.02757,   0.05384,  -0.00919,  -0.02495,  -0.03370,   0.02232,   0.02757,   0.04858,  -0.00744,   0.00131,   0.01357,   0.01532,   0.04333,   0.02757,   0.00306,   0.09761,  -0.07397,   0.03633,  -0.03545,  -0.01269,   0.02582,   0.04683,   0.00657,   0.02407,  -0.04771,   0.00131,  -0.02845,   0.01357,   0.10111,  -0.02145,   0.00306,  -0.05997,  -0.04246,   0.02057,  -0.04071,  -0.01795,  -0.05471,   0.03283,   0.03108,  -0.08798,   0.03283,  -0.00919,  -0.00219,  -0.03721,   0.02407,  -0.00044,  -0.01795,   0.03458,   0.02582,   0.01182,   0.00832,  -0.05296,  -0.00044,  -0.06872,  -0.00394,   0.01532,  -0.07047,   0.03808,   0.07135,   0.09411,  -0.00569,  -0.01444,   0.02933,   0.02057,  -0.03195,  -0.00219,   0.02933,  -0.07047,  -0.00744,   0.03108,  -0.05646,   0.02582,   0.02757,   0.00481,  -0.05822,   0.00481,   0.00131,   0.02582,   0.03808,   0.00657,  -0.02320,  -0.02845,   0.07660,  -0.01620,  -0.02320,   0.02407,  -0.02495,   0.01882,   0.00131,   0.03108,   0.07660,   0.05734,   0.09936,  -0.03195,   0.02582,  -0.03721,   0.00306,  -0.01269,  -0.04246,   0.01707,  -0.00569,   0.04858,  -0.03020,  -0.07747,   0.00131,  -0.02670,  -0.03370,   0.03108,   0.00131,  -0.05646,  -0.03896,  -0.02845,   0.00832,  -0.06172,  -0.03721,  -0.03370,   0.03983,   0.01357,  -0.06522,  -0.01970,  -0.01795,   0.03633,   0.06434,  -0.07222,   0.04158,   0.02232,   0.00657,   0.04158,  -0.02495,   0.02407,   0.00131,  -0.03020,  -0.04071,   0.06434,  -0.00219,   0.05909,   0.09761,   0.01882,   0.01007,   0.03808,  -0.00394,  -0.04246,  -0.05997,  -0.00569,   0.03283,  -0.05997,   0.05559,  -0.02845,   0.01707,   0.06259,  -0.06347,  -0.03195,  -0.04071,   0.06084,   0.10286,   0.01707,  -0.01094,  -0.01094,  -0.03020,  -0.01269,   0.02057,  -0.01795,  -0.05471,  -0.01094,  -0.01795,   0.04158,   0.02407,   0.06784,   0.09235,   0.05209,  -0.00044,   0.05034,   0.01182,   0.04683,   0.01532,   0.01707,   0.05559,  -0.08973,   0.03283,   0.04158,   0.00481,   0.05559,   0.01707,  -0.01970,   0.01532,  -0.03545,  -0.06347,  -0.05471,  -0.01795,  -0.01094,   0.00131,  -0.00919,  -0.07222,  -0.00044,  -0.01970,   0.00657,  -0.06522,  -0.00044,   0.03108,  -0.07222,  -0.04596,  -0.03370,  -0.04596,  -0.00919,   0.12037,  -0.01269,   0.03108,  -0.07222,  -0.02495,   0.08535,  -0.04596,  -0.07222,   0.02057,  -0.01444,   0.01882,  -0.00919,   0.00306,  -0.01269,   0.02057,  -0.00044,   0.03808,  -0.06347,  -0.01094,   0.02933,   0.01007,   0.01007,  -0.02845,  -0.00744,  -0.06172,  -0.00044,  -0.03370,  -0.03195,  -0.00394,   0.02757,  -0.06172,  -0.09498,   0.06784,  -0.04246,   0.02407,  -0.00569,   0.07835,  -0.04246,   0.05384,  -0.06522,   0.02057,   0.02582,   0.02757,   0.01882,  -0.00919,   0.08885,   0.03808,  -0.01094,   0.04333,  -0.01444,  -0.01795,   0.05209,  -0.06347,   0.00481,   0.02057,  -0.04771,  -0.03020,   0.05034,   0.00832,   0.01882,  -0.01970,   0.00657,   0.05909,   0.06434,  -0.01094,  -0.11424,  -0.02495,   0.03458,   0.02582,  -0.03545,  -0.04771,   0.00481,   0.00131,   0.03808,  -0.03020,   0.03983,  -0.00744,   0.02933,  -0.06522,   0.06084,  -0.03370,   0.03983,   0.05384,   0.03633,   0.00657,  -0.09148,  -0.07747,   0.00657,   0.04683,  -0.01620,  -0.02320,  -0.02320,  -0.02670,   0.01532,  -0.05296,   0.00131,   0.03283,   0.03458,   0.10986,  -0.03545,  -0.02670,   0.03283,   0.00306,  -0.05822,   0.03108,   0.04858,  -0.08448,   0.03283,   0.03283,  -0.00219,   0.00131,   0.04333,  -0.05296,   0.04158,  -0.04771,  -0.01795,   0.05384,   0.06084,  -0.02495,  -0.06172,   0.09936,  -0.05822,  -0.02320,  -0.03896,   0.05034,  -0.04246,  -0.07572,   0.06784,  -0.06172,   0.01007,   0.01357,   0.01707,  -0.01269,  -0.08273,   0.01882,   0.01007,   0.07310,   0.03633,  -0.07747,   0.06434,   0.05384,   0.03808,   0.02057,   0.03108,   0.05909,   0.00657,   0.01182,  -0.00744,   0.05909,   0.02582,   0.06434,   0.06259,   0.05034,  -0.03721,  -0.04246,   0.02407,   0.01882,   0.06609,   0.08535,  -0.03195,   0.00657,   0.01532,   0.08010,   0.00657,  -0.08798,  -0.00394,   0.00832,  -0.05646,   0.03283,  -0.05296,  -0.01970,   0.03108,  -0.01094,  -0.03370,  -0.02845,   0.02582,   0.03283,   0.00657,  -0.00394,   0.02933,  -0.02495,  -0.02495,   0.01357,   0.07485,  -0.02670,   0.00832,  -0.05121,  -0.04421,   0.00131,  -0.05296,   0.03808,  -0.00744,   0.02407,   0.01007,   0.02232,  -0.03195,  -0.02320,  -0.03721,  -0.00744,  -0.01094,  -0.01795,   0.00131,  -0.02320,   0.02582,  -0.00919,  -0.01795,   0.06434,  -0.02495,   0.02407,  -0.06347,  -0.07222,   0.05734,   0.04858,   0.03283,   0.00832,   0.08360,   0.02933,   0.05034,  -0.01269,   0.06609,   0.04508,   0.08710,  -0.00744,  -0.05997,  -0.02145,   0.02232,   0.06084,  -0.10549,  -0.00044,  -0.00394,   0.02757,  -0.04421,  -0.00219,  -0.02145,  -0.00044,   0.03983,   0.03458,  -0.00044,   0.04683,  -0.09323,  -0.03020,  -0.05471,   0.03808,  -0.03020,  -0.03020,   0.03283,  -0.04246,   0.03108,   0.05384,  -0.04771,   0.06434,  -0.01269,  -0.05121,   0.02582,  -0.05296,  -0.01444,  -0.11249,   0.00481,  -0.06347,  -0.01795,   0.00306,  -0.02145,   0.04158,   0.06084,  -0.07747,   0.03983,   0.00481,  -0.05822,   0.01357,   0.08885,  -0.01444,   0.00306,   0.02933,  -0.01620,   0.02933,  -0.02145,  -0.03195,  -0.04071,   0.00131,   0.02232,   0.04158,   0.03633,   0.02757,  -0.00219,   0.02232,   0.08185,   0.09936,  -0.03020,   0.02933,   0.02407,  -0.01094,   0.05734,   0.01357,   0.00306,  -0.01444,   0.07660,  -0.03896,  -0.02320,   0.08185,  -0.03721,  -0.02495,  -0.01970,   0.00131,  -0.03545,   0.05209,  -0.02845,   0.02582,  -0.00394,  -0.06172,   0.04158,   0.00832,  -0.00744,  -0.04596,   0.00832,  -0.05121,  -0.02495,   0.03983,  -0.02495,  -0.08273,   0.01882,  -0.01444,  -0.05296,  -0.02495,   0.01532,   0.02757,   0.07835,   0.01182,   0.02407,   0.03108,   0.02232,   0.03458,   0.03808,   0.04333,   0.07310,  -0.02145,  -0.03896,   0.06084,   0.04683,  -0.01795,   0.03283,   0.03808,  -0.00569,   0.06434,  -0.02320,   0.01007,  -0.04071,  -0.04246,  -0.06347,  -0.03721,   0.05384,   0.04858,  -0.00744,   0.03633,   0.06959,  -0.04946,  -0.01795,   0.03633,  -0.08973,   0.04683,   0.02407,   0.01182,  -0.01620,  -0.00919,  -0.06347,   0.04858,  -0.04071,   0.07135,   0.07135,  -0.00219,  -0.01620,  -0.04421,   0.05559,   0.02232,   0.04508,  -0.09673,  -0.00044,   0.05909,   0.01007,   0.02757,  -0.00569,   0.05559,   0.08185,   0.00832,  -0.03195,  -0.07047,  -0.03896,  -0.01269,   0.02057,  -0.02145,  -0.06347,  -0.04421,  -0.02145,   0.00306,   0.03283,   0.02057,   0.03983,   0.00131,  -0.04596,  -0.04071,   0.02933,  -0.02145,  -0.05296,   0.02057,  -0.05296,   0.08710,  -0.03195,   0.03108,   0.02057,  -0.03195,  -0.05296,  -0.00569,  -0.06172,  -0.00394,  -0.00044,  -0.00919,   0.00657,   0.01357,  -0.01094,   0.09235,   0.08535,  -0.08448,  -0.04071,  -0.00044,   0.04158,  -0.00219,  -0.00044,   0.04683,   0.00481,   0.02057,   0.05034,   0.02407,  -0.11074,  -0.00394,  -0.01444,   0.00481,   0.07660,  -0.02670,   0.13437,   0.00657,   0.00481,  -0.03020,  -0.04246,   0.00832,   0.02407,  -0.01444,   0.01882,  -0.12300,   0.02057,  -0.02670,  -0.02145,  -0.06522,   0.00832
  -0.02145,  -0.03896,   0.05734,  -0.02845,   0.00131,   0.01357,  -0.02670,   0.01882,  -0.04596,   0.04333,   0.03108,   0.01882,   0.00657,   0.02407,  -0.06872,  -0.03020,  -0.06872,   0.01707,   0.06084,   0.01532,   0.04333,  -0.10549,   0.03283,   0.04333,  -0.03020,   0.04333,  -0.03020,  -0.04771,  -0.01970,   0.01182,   0.07135,  -0.04946,   0.02933,   0.00481,   0.04333,  -0.09498,  -0.03020,   0.07310,   0.05559,   0.00131,  -0.09673,   0.02582,  -0.03195,  -0.03195,  -0.02320,  -0.01970,  -0.02145,   0.01707,  -0.01094,   0.03983,   0.00306,   0.03808,   0.07135,  -0.01444,  -0.03721,   0.04858,  -0.03896,   0.04158,   0.02407,  -0.02845,   0.00657,   0.09761,   0.06084,   0.04683,   0.07310,  -0.02320,  -0.00219,   0.06434,   0.00657,   0.05384,   0.03633,  -0.00744,  -0.06522,  -0.08973,  -0.08973,   0.00306,  -0.03721,   0.01707,  -0.00744,   0.03108,  -0.03370,   0.09761,  -0.00044,  -0.02670,  -0.06872,  -0.03370,  -0.08623,   0.05909,   0.06784,  -0.03195,   0.06259,  -0.00394,   0.01532,   0.03458,  -0.06872,   0.01007,  -0.02495,  -0.04771,  -0.06522,  -0.06697,  -0.10023,   0.00131,   0.00481,   0.01532,   0.01182,   0.00657,  -0.03370,   0.01357,  -0.05121,  -0.08973,   0.00481,  -0.02670,   0.06434,  -0.00219,  -0.03020,   0.02407,  -0.00219,  -0.06697,  -0.00219,  -0.00044,   0.06609,  -0.08098,   0.06609,   0.04158,   0.07660,   0.00131,  -0.03370,   0.04858,   0.01357,   0.03108,  -0.01269,  -0.06347,  -0.01444,  -0.04771,   0.03983,   0.02933,   0.11687,  -0.01970,  -0.02320,  -0.05822,  -0.02145,  -0.03545,  -0.00219,   0.03458,   0.01882,   0.06784,   0.00131,  -0.00394,   0.08360,   0.02933,  -0.04246,  -0.06872,  -0.00044,  -0.04421,  -0.04946,   0.03808,  -0.00744,   0.06259,   0.03108,   0.05559,  -0.02145,   0.00832,   0.04333,   0.05034,  -0.05822,   0.01007,   0.09411,  -0.01269,   0.02582,   0.00306,   0.13087,  -0.00044,  -0.03545,  -0.00569,  -0.00219,  -0.02320,   0.00481,  -0.03370,  -0.05471,  -0.01620,   0.06084,  -0.01444,   0.03983,  -0.01795,   0.05384,  -0.04946,   0.03808,  -0.01094,  -0.03896,  -0.00569,   0.03108,  -0.02495,  -0.02320,  -0.06347,  -0.01444,  -0.02845,  -0.04421,   0.10286,   0.07660,   0.06434,  -0.00744,  -0.00219,  -0.00569,   0.01532,   0.00306,  -0.01269,  -0.03370,  -0.05296,  -0.04771,   0.03983,  -0.01094,   0.01007,  -0.04421,  -0.03370,  -0.03195,  -0.06697,  -0.03020,  -0.01269,   0.04858,   0.02407,  -0.04246,  -0.05296,   0.00832,   0.04333,  -0.00744,   0.03108,  -0.11599,   0.05034,   0.05384,  -0.01269,  -0.01620,   0.04508,  -0.07222,  -0.00044,  -0.00044,   0.02757,   0.01007,  -0.05121,  -0.01269,   0.01532,   0.00657,  -0.02145,   0.04158,   0.00832,  -0.03370,  -0.02320,   0.08360,   0.06609,   0.00131,   0.01007,   0.06609,   0.03283,   0.03808,  -0.01269,  -0.01444,  -0.03721,   0.01007,  -0.02845,  -0.04596,   0.05209,  -0.03545,  -0.06172,  -0.01269,  -0.05646,  -0.02145,   0.05734,  -0.01795,   0.01532,  -0.03545,  -0.03020,   0.05209,   0.01707,  -0.03370,   0.01882,   0.02407,   0.12737,  -0.05121,  -0.03020,   0.04683,  -0.04596,  -0.02670,   0.06084,  -0.01795,  -0.01795,   0.06959,  -0.03020,   0.04508,  -0.00919,   0.01532,  -0.04071,  -0.01795,  -0.05997,   0.08360,   0.05209,  -0.03020,   0.02757,   0.07135,  -0.00044,  -0.06172,  -0.03020,  -0.01795,   0.04508,  -0.00569,   0.00131,  -0.10724,  -0.07397,   0.03633,  -0.00219,  -0.05997,  -0.07047,  -0.04596,   0.01532,  -0.07047,  -0.03195,   0.00481,   0.02407,  -0.04071,   0.00131,  -0.03545,  -0.06172,   0.03283,   0.00481,   0.01532,  -0.03896,   0.01357,   0.00657,  -0.06872,   0.06259,  -0.05296,  -0.01094,  -0.08448,  -0.04421,  -0.02320,   0.04158,  -0.02145,   0.05384,   0.04158,   0.06609,   0.00657,   0.05909,   0.02232,  -0.11949,   0.04333,  -0.02845,   0.01357,   0.06959,  -0.02670,   0.03283,   0.04333,  -0.00044,   0.02057,  -0.00744,   0.05559,  -0.03020,  -0.03370,   0.05384,   0.02757,   0.00657,  -0.00744,  -0.00044,  -0.07222,  -0.00394,   0.02057,  -0.00044,   0.05559,   0.01532,  -0.02145,   0.02933,  -0.05997,  -0.04421,  -0.01269,   0.06259,  -0.05646,  -0.00044,   0.04858,   0.01357,   0.03633,  -0.00569,  -0.06172,   0.03808,   0.00481,   0.01882,  -0.01444,  -0.03020,  -0.06697,  -0.02320,   0.05909,   0.01532,  -0.01094,  -0.00569,  -0.02320,   0.08710,  -0.01269,  -0.06522,   0.00481,   0.01532,   0.03283,   0.00832,   0.02757,   0.07835,  -0.00044,   0.02757,   0.05209,  -0.03896,  -0.01620,  -0.04421,   0.04508,  -0.03370,   0.11161,   0.00481,  -0.03195,   0.01007,   0.02757,   0.03633,  -0.02495,   0.01707,   0.06084,   0.05559,  -0.01970,  -0.02845,  -0.02845,  -0.02320,   0.02933,  -0.02320,   0.02057,   0.06784,  -0.00919,  -0.07572,  -0.08098,  -0.04596,  -0.01269,  -0.06872,  -0.03721,   0.04333,  -0.06172,  -0.02845,   0.00481,  -0.08098,  -0.07572,  -0.00919,  -0.03195,  -0.08098,  -0.02670,  -0.00394,  -0.00044,   0.07310,  -0.03896,  -0.02845,  -0.00044,  -0.00919,   0.00832,   0.09060,  -0.04071,  -0.00569,  -0.01269,   0.01707,  -0.00394,   0.00657,  -0.00744,   0.01007,   0.10636,   0.03108,  -0.00219,   0.01007,  -0.00044,   0.00131,   0.01882,   0.00131,  -0.00044,  -0.01795,   0.03283,   0.00657,  -0.00744,  -0.03545,  -0.10023,   0.02582,  -0.02145,   0.01007,  -0.01795,   0.06259,   0.01707,   0.04158,  -0.01444,   0.02933,  -0.01269,   0.01182,   0.03458,   0.00832,  -0.03545,  -0.00394,   0.00832,  -0.04071,  -0.04421,  -0.06697,  -0.06347,   0.00481,   0.02057,  -0.09148,  -0.03195,   0.05209,  -0.00219,   0.04508,  -0.03195,   0.06959,  -0.04596,   0.03808,  -0.05822,   0.04333,   0.04683,   0.05384,   0.00306,  -0.01795,   0.01882,   0.01707,  -0.00394,   0.02057,   0.07485,  -0.00569,   0.00832,   0.03283,  -0.07922,   0.00306,   0.01882,   0.04508,   0.05559,   0.02757,   0.03108,   0.00131,  -0.04771,   0.01182,   0.02407,   0.02232,  -0.04596,   0.05734,  -0.04071,   0.04333,  -0.03020,  -0.00919,   0.01182,  -0.01444,  -0.09148,  -0.00044,  -0.03545,   0.05734,   0.07310,   0.01882,   0.01532,   0.01182,  -0.02145,  -0.02845,  -0.03370,  -0.00219,  -0.05296,  -0.00569,   0.03108,  -0.05646,   0.01707,   0.05384,   0.04508,  -0.09673,   0.01357,   0.01882,  -0.06522,  -0.02145,   0.04683,  -0.09148,  -0.03721,   0.02933,  -0.03195,   0.01182,  -0.05121,  -0.00394,  -0.04771,  -0.01970,  -0.00569,   0.02232,  -0.00569,  -0.00919,   0.10811,   0.03458,  -0.02495,  -0.02845,  -0.07747,  -0.05822,   0.02232,  -0.01620,  -0.02145,   0.06959,   0.01532,   0.06784,  -0.00744,  -0.03896,   0.07310,  -0.05471,  -0.01970,   0.06259,  -0.06172,   0.00657,  -0.01620,  -0.01620,   0.00131,  -0.08098,  -0.05822,  -0.00569,   0.01882,   0.01882,   0.03108,   0.03808,  -0.01444,  -0.04596,  -0.01444,   0.00306,   0.01882,   0.01357,   0.05559,  -0.00569,   0.01882,  -0.08623,   0.04508,   0.00131,  -0.02845,  -0.00919,   0.03458,   0.03808,  -0.00044,  -0.05646,   0.01007,   0.03808,  -0.08973,  -0.09148,  -0.10724,   0.02407,  -0.04946,  -0.01444,  -0.03896,   0.08010,  -0.02845,  -0.01620,  -0.01970,  -0.02320,  -0.05471,  -0.01269,   0.01007,   0.01182,  -0.02320,   0.01182,   0.02232,  -0.05997,  -0.01444,   0.05909,  -0.06347,   0.01007,   0.02582,   0.02757,  -0.04771,   0.02232,  -0.01444,  -0.04596,   0.03983,  -0.00044,  -0.03370,   0.03633,  -0.04771,   0.02057,  -0.00744,   0.05034,  -0.03896,  -0.08623,   0.09411,  -0.04596,   0.00657,  -0.02320,   0.00832,   0.00306,  -0.07572,  -0.01620,  -0.03896,  -0.02845,  -0.05471,   0.03283,   0.05734,   0.05909,  -0.01444,   0.03808,  -0.00919,   0.03108,  -0.01094,   0.00481,  -0.01795,  -0.00569,  -0.05296,   0.02582,   0.02757,  -0.02670,  -0.01795,   0.06259,  -0.01269,   0.02933,   0.05209,   0.02582,  -0.04071,   0.01007,   0.05209,  -0.03195,   0.06259,  -0.04771,   0.03283,  -0.05997,   0.02057,  -0.03020,   0.05034,   0.01007,  -0.02495,   0.00131,   0.12912,  -0.04246,   0.04858,  -0.00394,  -0.05646,   0.01357,  -0.00394,   0.05734,   0.03983,  -0.08098,   0.00131,   0.02057,  -0.00044,   0.01707,  -0.06697,   0.05559,  -0.00569,   0.00306,  -0.02670,   0.05559,  -0.00569,   0.07835,  -0.08273,   0.03283,   0.04333,   0.05034,   0.01182,  -0.10023,   0.05559,  -0.01620,  -0.00569,  -0.02495,   0.06259,  -0.02320,  -0.00219,   0.09586,  -0.00044,   0.00306,  -0.05997,   0.01882,  -0.04946,  -0.04421,  -0.00219,  -0.08098,   0.03458,   0.07135,   0.00481,  -0.01269,  -0.07922,   0.02057,  -0.00394,  -0.06172,   0.01007,  -0.00394,   0.01182,  -0.02145,   0.01357,   0.01182,   0.00657,  -0.08623,   0.00657,   0.00657,   0.00481,   0.00131,  -0.00219,  -0.02670,  -0.07397,  -0.02145,  -0.03195,   0.04508,  -0.00219,   0.00832,   0.03633,  -0.00569,  -0.00044,  -0.01444,  -0.01094,   0.04683,   0.01357,   0.06609,   0.04508,  -0.04421,  -0.04771,  -0.03721,   0.08010,  -0.01620,  -0.01269,  -0.02145,   0.06434,  -0.01970,   0.02232,   0.09586,  -0.00394,   0.02582,   0.08885,   0.03808,  -0.00569,   0.02232,   0.02057,  -0.07747,  -0.01444,  -0.07922,  -0.10899,   0.05209,   0.08885,   0.09411,   0.01882,  -0.00394,  -0.05646,   0.06434,   0.05559,   0.03633,   0.02407,   0.00131,   0.03808,  -0.00394,  -0.01620,  -0.08973,   0.05384,  -0.07047,   0.01357,  -0.03370,   0.03633,   0.00481,   0.05909,   0.01182,  -0.05471,  -0.08623,  -0.00219,   0.04508,  -0.04246,  -0.12124,  -0.03195,  -0.01620,   0.12912,  -0.03020,  -0.01620,  -0.02320,   0.07135,  -0.06697,   0.03983,   0.06259,   0.09586,  -0.02495,  -0.00219,   0.02407,  -0.01795,   0.03108,   0.06609,   0.05209,   0.03983,   0.04508,   0.01357,   0.03633,   0.04333,  -0.09673,  -0.00919,   0.02407,   0.07485,   0.03283,  -0.02845,   0.03633,  -0.03721,  -0.06522,  -0.00394,  -0.06522,  -0.00219,   0.05384,   0.01882,   0.03283,  -0.03545,  -0.09673,   0.03283,  -0.00394,   0.01007,  -0.04421,   0.03283,  -0.08448,  -0.02320,   0.05384,   0.05909,   0.08535,   0.02757,  -0.02670,  -0.03195,  -0.06522,  -0.01094,   0.04333,   0.08360,  -0.04771,   0.03808,   0.02582,   0.01532,  -0.06872,  -0.03896,   0.11161,   0.04333,   0.03808,   0.01882,   0.01532,  -0.08273,   0.02582,  -0.03721,   0.02057,   0.02232,   0.04333,  -0.06347,   0.00657,   0.01182,   0.09936,   0.00832,   0.04333,   0.05559,  -0.03195,   0.02407,  -0.03020,   0.00657,  -0.06347,   0.05209,   0.06609,  -0.03195,   0.03108,   0.16589,  -0.00044,  -0.08098,  -0.02845,   0.05734,   0.02232,   0.02757,   0.00481,   0.02933,  -0.02670,  -0.07747,  -0.05471,  -0.02145,   0.01182,   0.00306,   0.02407,   0.01357,  -0.00919,  -0.02495,   0.03808,  -0.07572,   0.09235,  -0.01269,  -0.02320,   0.01007,  -0.00044,  -0.00569,   0.03808,  -0.06522,   0.08360,  -0.07572,  -0.09498,  -0.04596,  -0.09148,  -0.00744,  -0.01094,   0.01007,   0.09936,  -0.04946,   0.00657,  -0.02320,  -0.05646,   0.05559,   0.01532,  -0.02845,   0.03983,   0.01707,   0.02582,  -0.00394,  -0.03370,   0.04683,   0.01182,  -0.00919,  -0.00919,  -0.03721,   0.03633,  -0.02145,  -0.02320,  -0.02320,   0.03633,   0.01882,  -0.03721,  -0.04946,   0.01532,   0.00657,   0.01532,   0.01182,   0.02582,  -0.00394,  -0.05646,  -0.10899,  -0.02495,  -0.05997,  -0.02320,   0.04333,  -0.03020,   0.00657,  -0.00219,  -0.03020,  -0.00044,  -0.00569,   0.03808,  -0.05822,   0.04508,  -0.02845,   0.07485,  -0.07397,   0.01007
  -0.05296,  -0.07397,   0.00832,   0.01882,  -0.06347,  -0.08273,  -0.05121,   0.05034,   0.07310,  -0.05296,  -0.02145,   0.02933,  -0.00744,  -0.07222,   0.01532,   0.06259,  -0.03195,   0.00657,   0.12037,   0.05384,  -0.05646,   0.00832,  -0.00044,  -0.03896,  -0.03195,   0.00131,   0.06434,   0.07485,   0.10286,   0.03808,   0.01707,  -0.09673,  -0.01795,   0.01182,   0.03458,  -0.00044,  -0.09498,  -0.03195,   0.11161,   0.03108,  -0.04071,  -0.00919,   0.01882,  -0.01444,   0.03458,  -0.02670,  -0.01269,   0.01707,   0.09235,   0.04508,   0.00657,  -0.00569,  -0.03896,  -0.05121,   0.05909,   0.02582,  -0.02845,   0.08010,   0.00131,  -0.01094,   0.04858,   0.01882,  -0.01795,  -0.04246,  -0.04246,  -0.05646,  -0.03721,  -0.06172,  -0.01444,   0.04333,  -0.04071,   0.02407,   0.02232,   0.06084,   0.03458,  -0.00219,  -0.02670,  -0.01620,  -0.03545,   0.03283,   0.02232,   0.01532,  -0.04596,  -0.06872,   0.09235,  -0.01444,   0.04158,   0.01007,   0.05909,  -0.04946,  -0.00919,  -0.01094,   0.01357,   0.01182,   0.03808,   0.03283,   0.04683,  -0.02320,  -0.00219,  -0.03370,  -0.02145,   0.01707,   0.05384,  -0.09673,  -0.01795,  -0.05646,  -0.01444,   0.00131,   0.06609,  -0.05822,  -0.06347,  -0.01269,   0.03283,  -0.01620,   0.00306,   0.03808,  -0.03370,  -0.01795,  -0.00919,   0.03808,  -0.04421,   0.01182,   0.02582,  -0.02670,  -0.03195,  -0.04771,  -0.01269,  -0.06347,  -0.00569,   0.04333,   0.04158,   0.07485,  -0.04071,   0.04858,   0.05559,  -0.01970,  -0.03721,  -0.04246,   0.02407,   0.08535,   0.04858,  -0.04946,   0.01357,   0.02407,  -0.00919,  -0.05646,   0.02057,  -0.05997,   0.02582,   0.00131,   0.01532,  -0.04246,   0.01882,   0.03108,   0.07310,   0.01882,  -0.06522,  -0.09148,   0.00832,   0.01007,   0.01532,  -0.05646,   0.02232,   0.05034,   0.02057,   0.10986,   0.12562,   0.02582,   0.00306,   0.05209,  -0.00394,   0.00131,  -0.03020,  -0.00919,  -0.05121,   0.05209,   0.01357,   0.00306,   0.02407,   0.01707,   0.00131,   0.03458,  -0.01620,   0.01182,   0.03633,   0.03458,   0.05034,   0.00131,   0.02582,  -0.00219,   0.00657,  -0.02145,  -0.02320,  -0.01094,  -0.03020,   0.02407,  -0.00744,  -0.03545,   0.01007,   0.04858,   0.02933,   0.00832,  -0.00044,   0.02407,  -0.03195,   0.01182,   0.00657,  -0.00569,   0.07660,   0.01707,   0.02757,  -0.00569,   0.00131,  -0.00044,  -0.00044,   0.07310,  -0.07397,   0.07310,   0.00131,  -0.03195,  -0.00044,  -0.00919,   0.03983,  -0.03721,  -0.01094,   0.03633,   0.04508,   0.08710,   0.01007,  -0.00919,   0.05909,   0.00481,   0.04333,   0.02407,  -0.03545,  -0.04771,   0.02933,  -0.07572,   0.00131,   0.03108,   0.06084,   0.03108,  -0.03721,  -0.06697,  -0.08448,   0.01707,  -0.00569,   0.01007,   0.07660,  -0.01444,   0.02757,   0.02933,  -0.02845,  -0.00919,  -0.00219,  -0.00044,   0.10986,   0.03108,  -0.06347,  -0.00219,  -0.02845,  -0.01620,  -0.05296,   0.01532,   0.02407,   0.02757,  -0.05296,   0.00657,  -0.02320,   0.00832,   0.02933,  -0.00569,  -0.05822,   0.02057,   0.00306,   0.07660,   0.06609,  -0.02845,   0.01182,   0.01357,  -0.05471,  -0.06347,  -0.01970,  -0.05471,  -0.01620,  -0.08098,   0.01007,  -0.08623,   0.05909,   0.12037,   0.05034,  -0.03020,  -0.07572,  -0.01094,  -0.03896,   0.07485,  -0.03896,   0.01532,  -0.05296,  -0.00919,   0.02057,  -0.03545,  -0.02145,  -0.03721,   0.00481,  -0.09323,   0.00306,  -0.01795,  -0.02845,   0.02582,   0.01707,   0.01882,  -0.05296,   0.08010,   0.02407,  -0.04421,   0.06084,  -0.00919,   0.01707,   0.00832,   0.02407,   0.05384,  -0.00744,  -0.07922,   0.00306,  -0.05121,  -0.03020,  -0.03370,  -0.01620,  -0.01094,   0.04683,  -0.00569,  -0.02845,  -0.01970,  -0.00044,  -0.01620,  -0.02845,  -0.01795,   0.04333,  -0.03721,   0.03108,  -0.05646,   0.00306,  -0.03545,  -0.01444,  -0.08623,   0.02582,   0.07485,  -0.02670,  -0.08273,  -0.07222,   0.04508,   0.01007,   0.02057,   0.01882,   0.04858,  -0.01444,   0.05559,  -0.02670,   0.07660,   0.06259,   0.00131,   0.06609,   0.01532,   0.10111,   0.04683,  -0.00744,  -0.04596,   0.08535,  -0.01795,   0.02757,   0.00481,   0.03283,   0.02582,   0.00306,  -0.07397,   0.00657,  -0.00044,   0.07310,  -0.01269,   0.01532,  -0.00569,  -0.03545,  -0.00219,   0.04683,   0.01007,   0.05559,  -0.01444,   0.00306,  -0.07747,   0.01007,   0.04158,  -0.03370,   0.03983,   0.07660,  -0.03370,   0.00131,  -0.08273,   0.02232,  -0.01620,   0.03283,   0.06784,   0.03633,   0.02582,  -0.00044,   0.02232,  -0.02670,  -0.00919,  -0.00744,  -0.01620,   0.03808,  -0.01620,   0.04508,   0.00481,   0.01182,   0.03808,   0.02057,  -0.02670,   0.04508,   0.02232,  -0.00394,   0.05209,   0.01182,  -0.05121,   0.02582,   0.00832,   0.09060,  -0.01795,  -0.01269,  -0.04071,   0.01882,   0.03983,   0.02757,  -0.00744,   0.07660,   0.07660,  -0.04946,  -0.11249,  -0.01795,  -0.03370,  -0.01444,  -0.02495,  -0.00569,  -0.02845,  -0.01269,   0.05034,  -0.03896,   0.00832,  -0.00744,  -0.01269,  -0.01269,   0.04333,  -0.00919,  -0.02670,  -0.03896,  -0.04071,   0.04508,  -0.03370,   0.03458,  -0.00394,   0.00657,  -0.02320,   0.02757,  -0.03370,  -0.02845,  -0.07572,   0.01182,  -0.03721,  -0.04771,  -0.00919,  -0.01620,   0.00481,  -0.01970,   0.08185,  -0.05471,   0.03283,  -0.00744,  -0.00044,   0.06609,   0.06434,   0.07485,   0.00832,   0.01882,  -0.01269,  -0.04596,   0.00131,  -0.06697,  -0.10374,  -0.04596,  -0.01269,   0.03808,   0.02933,   0.00306,   0.08360,   0.08360,  -0.01444,   0.00657,   0.03983,   0.02232,  -0.03195,   0.08885,   0.01357,  -0.04771,   0.02757,   0.01882,  -0.03896,   0.05034,   0.02057,  -0.04946,  -0.00744,   0.02057,  -0.05997,  -0.01620,   0.03283,   0.00306,  -0.00219,  -0.06522,   0.01707,   0.00131,  -0.00919,   0.01182,  -0.01795,   0.08360,  -0.00219,  -0.05121,   0.08535,   0.02232,  -0.02845,   0.06259,  -0.02845,   0.02057,   0.05034,   0.02757,  -0.03896,  -0.04596,   0.03808,   0.02407,   0.03633,  -0.01094,  -0.04071,  -0.04946,   0.04158,   0.00131,  -0.00044,  -0.10199,   0.06084,  -0.04071,   0.09060,  -0.00219,  -0.06172,   0.01882,   0.03283,  -0.01269,  -0.03195,   0.00657,  -0.04071,   0.09936,   0.04683,   0.01882,  -0.00569,  -0.05471,  -0.00219,   0.03808,  -0.04596,   0.01882,   0.01007,   0.00131,   0.07485,  -0.06522,  -0.01970,   0.01182,  -0.06172,   0.05559,   0.06784,   0.08185,   0.04683,   0.07660,   0.07660,   0.00306,  -0.01444,  -0.10724,  -0.00394,  -0.00744,   0.02933,  -0.07572,  -0.02495,  -0.03896,   0.01182,  -0.02670,  -0.01620,   0.06084,   0.02933,  -0.01970,   0.06084,   0.02232,   0.04158,  -0.00919,   0.02582,   0.00657,   0.02407,  -0.00044,  -0.04246,   0.02582,   0.05034,  -0.00919,   0.01707,  -0.05296,  -0.01269,  -0.01444,  -0.01620,   0.04508,  -0.00744,  -0.04071,  -0.04071,   0.04508,   0.06609,   0.08360,   0.01882,  -0.02145,   0.00657,  -0.00219,  -0.04071,   0.05384,  -0.00044,   0.02933,   0.00131,   0.05384,  -0.01094,   0.01182,   0.06259,   0.04333,   0.04858,  -0.03020,  -0.08798,  -0.02320,   0.04158,   0.01882,  -0.00744,  -0.03545,  -0.00219,  -0.01970,   0.06959,   0.00481,   0.06084,  -0.04421,  -0.01444,  -0.03020,   0.01182,  -0.02145,   0.01182,   0.02933,  -0.03195,   0.02582,   0.03633,  -0.01795,   0.03983,   0.03283,  -0.01444,   0.07660,   0.04683,  -0.00569,   0.00481,   0.01707,   0.04333,  -0.02145,   0.00657,  -0.00219,   0.01532,  -0.01795,  -0.10899,   0.04158,   0.12562,  -0.03545,  -0.03370,   0.01532,   0.05034,  -0.03545,  -0.02495,   0.06434,   0.00131,  -0.04421,  -0.00394,  -0.03896,   0.05559,   0.03458,  -0.04071,   0.04158,  -0.01444,  -0.01094,   0.00832,  -0.05646,  -0.02495,   0.03108,  -0.06172,  -0.06172,  -0.01094,   0.04508,   0.03283,   0.03108,   0.07135,   0.04508,  -0.03545,   0.02232,  -0.01094,  -0.05997,  -0.03721,  -0.02145,   0.00481,   0.02057,  -0.04071,   0.00832,   0.09586,   0.00306,  -0.01795,  -0.01444,   0.00657,  -0.06172,   0.02757,   0.01007,  -0.02670,   0.00306,  -0.07397,   0.01882,   0.01357,   0.02933,  -0.03020,  -0.00044,   0.01007,  -0.02495,   0.06784,  -0.00919,  -0.03370,  -0.00919,   0.02582,  -0.07047,  -0.09498,  -0.00919,  -0.04596,   0.01707,   0.01882,  -0.00219,  -0.09673,   0.03458,   0.04508,   0.02582,  -0.00394,   0.03633,  -0.02320,  -0.00394,   0.01357,  -0.06697,   0.03458,  -0.11949,   0.03283,  -0.01795,  -0.01970,   0.01182,   0.02757,  -0.00569,   0.02933,   0.03283,   0.07135,   0.01532,  -0.00744,  -0.02845,  -0.04421,   0.06434,   0.01182,   0.04508,   0.01182,  -0.04421,  -0.03896,   0.02057,  -0.06697,  -0.05822,  -0.02145,  -0.02845,   0.01182,  -0.05822,  -0.00219,   0.02933,   0.07135,  -0.04421,  -0.01620,  -0.00219,  -0.00044,   0.00657,  -0.00919,   0.03108,   0.03808,  -0.04771,   0.05559,   0.00306,   0.08885,  -0.07922,   0.05909,   0.03108,  -0.07047,  -0.02320,  -0.01444,  -0.03020,  -0.03896,  -0.01620,  -0.05822,   0.01182,  -0.01094,  -0.03545,  -0.03896,   0.01707,   0.02057,  -0.07222,  -0.06347,  -0.00919,  -0.04596,  -0.02495,   0.01532,  -0.01620,   0.01182,  -0.02145,  -0.01970,   0.05384,   0.11161,  -0.04246,  -0.01444,   0.07135,   0.01182,  -0.01269,   0.10811,  -0.10023,   0.01532,  -0.00219,   0.03808,   0.08360,  -0.05296,   0.05909,   0.02407,  -0.01269,  -0.02670,  -0.02670,  -0.02495,  -0.01970,  -0.00569,  -0.02495,  -0.01444,   0.02407,  -0.02320,   0.01882,   0.01532,  -0.03896,   0.02582,   0.03633,   0.01007,   0.02407,  -0.05646,  -0.01970,   0.00306,  -0.07922,  -0.09148,  -0.07747,  -0.03896,  -0.03896,   0.01882,  -0.03020,   0.01182,  -0.03545,   0.01182,   0.01007,   0.01532,  -0.01269,  -0.04071,   0.03458,   0.02057,  -0.02320,   0.01357,  -0.00919,   0.07485,  -0.00744,   0.01882,   0.00832,   0.08010,   0.00832,   0.03983,   0.05734,   0.00481,   0.09411,   0.00657,   0.06434,   0.03808,   0.06259,  -0.01795,  -0.00394,  -0.01970,  -0.01444,   0.05559,  -0.00394,   0.06259,   0.03633,  -0.07222,  -0.04421,  -0.04771,  -0.02320,  -0.04246,   0.01007,  -0.04071,   0.05209,   0.00832,  -0.07047,  -0.01094,   0.04858,  -0.06697,  -0.02845,  -0.00919,  -0.02320,  -0.01444,   0.04858,  -0.03721,   0.02407,   0.03633,  -0.04071,  -0.05997,  -0.02845,   0.00131,   0.00306,   0.00832,   0.08185,   0.02232,   0.01007,  -0.04771,  -0.01795,  -0.00219,   0.01882,   0.01357,  -0.05997,  -0.02145,   0.06259,   0.01007,  -0.01444,   0.11512,  -0.04246,   0.05909,   0.02582,  -0.07572,   0.05559,  -0.04071,   0.01182,  -0.04946,  -0.07922,  -0.02670,  -0.03896,  -0.04246,  -0.04596,  -0.03020,  -0.05471,   0.01532,  -0.04771,  -0.01444,  -0.00744,   0.00832,  -0.05646,  -0.06172,   0.02407,  -0.03195,  -0.00044,   0.02757,  -0.00569,   0.01357,  -0.07222,   0.01882,  -0.04421,   0.00306,   0.06259,   0.09761,   0.02757,  -0.05646,   0.05559,   0.00306,  -0.02670,   0.07310,  -0.06347,   0.00657,   0.08885,   0.07310,  -0.05646,  -0.00569,   0.03458,   0.07135,  -0.03370,  -0.10023,  -0.02670,  -0.01620,  -0.03721,   0.02933,  -0.03721,  -0.00744,   0.06084,   0.02407,   0.03458,   0.04158,  -0.01620,   0.06609,   0.01707,   0.01007,   0.02057,  -0.08273,   0.05734,  -0.03721,   0.06959,   0.06084,  -0.04246,   0.04333,   0.01007,  -0.06172,  -0.08623,  -0.00044,   0.00832,  -0.00744,  -0.05296,  -0.02845,   0.00832,  -0.03020,  -0.02145,   0.00481,   0.04683,   0.00832
   0.01357,  -0.07222,   0.01007,   0.04683,   0.07660,   0.08185,   0.04158,  -0.03195,  -0.01620,   0.01532,   0.01357,   0.02232,   0.02757,   0.09936,  -0.01970,   0.01707,   0.00481,   0.04333,   0.00131,  -0.01444,  -0.04246,   0.02232,  -0.04246,  -0.00569,  -0.03896,  -0.05646,  -0.00219,   0.01357,  -0.03545,  -0.03721,   0.03283,   0.04333,   0.07660,   0.04158,   0.01182,   0.02757,  -0.02145,  -0.04071,  -0.00394,  -0.02670,   0.01882,  -0.03370,   0.05559,  -0.00394,  -0.05997,  -0.03545,  -0.04246,   0.06259,  -0.05121,   0.02933,   0.00131,  -0.00394,  -0.04946,   0.03108,  -0.05296,  -0.02845,  -0.02320,  -0.01094,   0.02057,  -0.01620,   0.01532,   0.08010,  -0.01620,   0.00131,   0.01532,   0.05384,  -0.01094,  -0.03896,   0.05209,   0.01357,   0.01882,   0.00832,   0.03283,   0.00481,  -0.00919,   0.05384,  -0.00044,  -0.02320,   0.02057,   0.04858,   0.04858,   0.03808,  -0.00219,   0.04158,  -0.01970,  -0.03896,  -0.07397,  -0.08273,   0.01357,  -0.05296,  -0.04946,  -0.03195,   0.04858,   0.00306,  -0.02845,  -0.06872,  -0.02845,  -0.02670,   0.00481,   0.11862,  -0.08798,  -0.07747,  -0.05471,  -0.03020,  -0.06522,   0.01882,   0.02407,  -0.03721,   0.03808,  -0.03195,   0.09411,   0.00832,  -0.03370,  -0.04421,  -0.04771,  -0.06697,  -0.05121,   0.04333,   0.04858,   0.06609,  -0.02320,   0.02757,   0.03283,  -0.04596,  -0.03896,  -0.02670,   0.00832,   0.00832,  -0.05822,   0.01707,  -0.00744,  -0.02495,   0.01882,   0.07310,   0.02232,  -0.02320,   0.07135,   0.04683,   0.08535,   0.05034,   0.00657,  -0.06872,   0.04683,   0.02933,  -0.00044,  -0.05121,  -0.03020,  -0.03195,   0.05384,  -0.02145,   0.09411,  -0.00044,  -0.01620,  -0.10899,  -0.04421,   0.01182,  -0.01795,   0.03458,  -0.01795,   0.02582,   0.08710,   0.07485,  -0.06697,  -0.02320,  -0.02670,   0.10286,  -0.01444,   0.04158,  -0.03370,  -0.04071,  -0.00569,   0.05559,  -0.03195,   0.00306,  -0.00744,  -0.06347,  -0.05121,   0.01532,   0.00481,   0.00481,   0.01532,  -0.03370,  -0.06697,  -0.04071,  -0.02845,  -0.07047,   0.02582,  -0.02670,   0.01007,   0.01357,   0.04858,   0.00657,   0.00657,  -0.04771,   0.00481,   0.00832,  -0.00394,   0.06609,  -0.04946,   0.06084,   0.00657,  -0.05646,   0.04858,   0.00131,   0.06784,   0.00131,   0.02232,   0.03983,   0.04158,   0.05559,   0.00131,  -0.02320,  -0.04946,  -0.00919,   0.01357,   0.01007,  -0.00394,   0.03808,   0.00832,   0.02757,   0.12037,   0.03983,   0.08010,  -0.02145,  -0.02320,   0.02582,   0.08885,   0.01707,   0.10811,  -0.04596,   0.04333,   0.03983,  -0.00044,  -0.04246,   0.02757,  -0.05121,  -0.12825,   0.01707,  -0.04946,  -0.03195,   0.06084,   0.04508,   0.00481,  -0.03195,  -0.00219,   0.00657,  -0.00394,  -0.00044,  -0.04246,   0.00131,  -0.01269,  -0.05822,  -0.02670,   0.06259,  -0.03896,  -0.01444,   0.09936,  -0.04596,  -0.02320,  -0.07922,   0.01882,  -0.02320,   0.03808,   0.01882,  -0.00219,   0.02757,   0.06609,  -0.00219,   0.07485,   0.00131,   0.04333,  -0.04421,  -0.08448,  -0.03370,   0.04158,   0.00481,  -0.05822,  -0.08098,  -0.03195,  -0.05296,  -0.01970,  -0.01269,  -0.04071,  -0.05997,  -0.02145,  -0.01444,  -0.01094,   0.05909,   0.05209,   0.02582,   0.02757,  -0.01094,  -0.01970,  -0.03020,  -0.01094,  -0.00394,   0.08535,   0.00832,  -0.02495,  -0.03370,  -0.00919,   0.03458,   0.00131,  -0.02145,  -0.01444,  -0.07222,   0.00657,  -0.03545,   0.12212,  -0.03370,  -0.03195,   0.02232,  -0.03195,   0.05209,  -0.02145,   0.02057,  -0.04596,   0.10811,  -0.01094,   0.01357,  -0.05646,   0.05209,  -0.00744,   0.00306,   0.06609,  -0.03370,  -0.02845,  -0.00394,  -0.05822,  -0.00044,  -0.02145,  -0.01269,  -0.03545,  -0.00744,  -0.00044,   0.04508,  -0.05121,   0.04508,   0.01182,   0.02582,   0.01882,  -0.02145,  -0.00219,   0.07310,  -0.08623,   0.02582,   0.05209,   0.05209,   0.00306,   0.01707,   0.02057,  -0.02670,   0.07660,   0.03108,   0.01707,   0.05909,   0.02933,  -0.00044,   0.03808,   0.05734,   0.00481,  -0.01094,   0.02057,   0.02407,  -0.03370,  -0.07222,   0.01357,  -0.00219,  -0.08448,  -0.01620,   0.02757,  -0.01094,   0.02582,  -0.01970,   0.02407,  -0.04771,   0.04508,   0.11687,   0.02582,  -0.03195,   0.02757,  -0.01620,  -0.07047,   0.04158,   0.02757,   0.03633,  -0.07397,   0.04683,   0.07310,   0.06084,   0.05734,  -0.06172,   0.05034,  -0.06172,   0.04333,  -0.09148,  -0.01269,   0.00657,   0.01007,  -0.06522,   0.03283,  -0.04771,   0.05034,   0.01882,   0.02057,  -0.01444,  -0.02495,   0.04508,  -0.03195,  -0.00744,  -0.00569,   0.01007,   0.01007,   0.02582,  -0.04246,  -0.03545,  -0.03020,  -0.00394,   0.01707,  -0.04071,  -0.04246,  -0.04071,   0.01532,  -0.00569,   0.03108,  -0.02670,  -0.02495,  -0.01620,   0.09060,  -0.03370,  -0.01269,   0.01882,   0.02407,  -0.09848,  -0.10199,   0.06784,  -0.04421,   0.03458,   0.13788,   0.02582,  -0.00919,  -0.00394,   0.03108,  -0.01094,   0.06609,  -0.11949,   0.04158,  -0.01795,  -0.02320,  -0.03721,  -0.07572,   0.00481,  -0.00044,   0.03283,  -0.00919,  -0.05296,   0.04683,   0.07485,  -0.00219,  -0.00569,   0.06609,  -0.03545,  -0.00044,  -0.00744,   0.02757,  -0.01795,  -0.00744,   0.08360,   0.09235,  -0.00744,  -0.03721,  -0.02145,   0.01882,  -0.01620,  -0.04246,   0.01182,  -0.03721,  -0.06172,  -0.03896,   0.04333,   0.00306,   0.01182,   0.01007,   0.02057,   0.01357,  -0.03545,  -0.05997,  -0.00569,   0.05034,   0.00131,  -0.03195,   0.02232,   0.01532,   0.00832,   0.05209,  -0.01269,   0.03633,   0.00306,   0.01707,  -0.00394,  -0.05997,   0.11687,  -0.05296,  -0.00569,  -0.07747,  -0.00219,  -0.01444,   0.09936,   0.01182,  -0.00394,   0.00832,   0.03458,   0.05209,   0.01532,   0.00832,   0.00131,   0.03808,  -0.00394,  -0.01620,  -0.06522,   0.00131,   0.05559,   0.00481,   0.00832,  -0.07222,  -0.03721,  -0.04596,  -0.03545,  -0.02145,   0.03283,   0.00306,   0.04158,  -0.00219,  -0.01094,  -0.00394,   0.00131,   0.04158,   0.01532,  -0.01795,  -0.00744,   0.01357,   0.06609,  -0.02145,   0.02407,   0.00481,  -0.05997,   0.00131,  -0.02495,   0.01357,  -0.05296,   0.00657,  -0.05121,   0.03458,  -0.00919,   0.04508,   0.01182,   0.04858,   0.00306,   0.06084,   0.06084,   0.01707,  -0.00569,  -0.10899,  -0.01094,  -0.04771,   0.02582,  -0.01970,  -0.04246,   0.05734,   0.01707,   0.00306,   0.08535,   0.04158,   0.01007,   0.08535,  -0.07922,  -0.05997,  -0.09673,  -0.02145,   0.02933,   0.07135,   0.03108,  -0.01795,   0.02232,  -0.02145,  -0.03195,  -0.02495,  -0.07397,   0.01532,  -0.00744,   0.04333,  -0.04071,   0.00131,  -0.02845,  -0.03020,  -0.04596,   0.01357,   0.03458,  -0.03370,  -0.02845,  -0.04771,  -0.03020,  -0.02320,   0.00657,   0.00306,   0.04508,   0.05209,   0.03458,   0.02582,   0.01707,   0.02407,   0.02933,   0.01532,  -0.03370,   0.05209,  -0.04771,  -0.04596,   0.01532,  -0.04946,  -0.03896,   0.02757,   0.03983,   0.05559,   0.04333,   0.06434,   0.00657,   0.03808,  -0.01444,   0.04333,   0.02057,   0.05209,  -0.02670,   0.00306,   0.06784,  -0.02845,  -0.11774,   0.01182,  -0.00919,  -0.03020,   0.00657,  -0.00919,  -0.01620,  -0.03020,   0.06259,   0.03808,  -0.01444,   0.05734,  -0.06697,  -0.04596,   0.11687,   0.10286,  -0.01795,  -0.06172,  -0.03020,  -0.03896,   0.06259,  -0.07222,   0.06609,   0.01532,  -0.08273,   0.04158,  -0.02495,   0.11687,   0.04858,   0.06609,   0.02582,   0.01007,  -0.06697,   0.02582,   0.03458,  -0.11424,  -0.03195,  -0.02845,   0.02582,   0.13963,  -0.00219,  -0.07222,   0.07660,   0.03283,   0.08360,   0.09235,   0.04858,  -0.03370,   0.01182,   0.05034,  -0.03370,   0.02933,   0.02232,  -0.01444,   0.07310,  -0.01094,  -0.05822,  -0.03545,   0.10461,  -0.10549,   0.02232,  -0.04946,  -0.02670,   0.01532,  -0.06347,  -0.03896,   0.06959,  -0.03195,   0.01707,   0.02232,  -0.00569,  -0.00919,   0.01182,   0.00657,  -0.01970,   0.01357,  -0.00569,  -0.04771,   0.00832,   0.00131,   0.00481,  -0.04246,  -0.03020,   0.00306,  -0.04771,  -0.00219,   0.02933,  -0.02495,  -0.00044,  -0.03721,   0.01357,   0.04508,   0.04508,   0.01882,  -0.05121,   0.04683,   0.04508,   0.05384,  -0.05646,  -0.02145,   0.01182,  -0.01094,  -0.02670,  -0.04596,  -0.01970,   0.02582,  -0.01795,  -0.00219,  -0.09673,  -0.00569,   0.05734,   0.02057,  -0.01620,   0.02582,   0.06784,  -0.01094,   0.04508,  -0.05296,  -0.00744,  -0.07222,  -0.00744,  -0.05121,  -0.00219,   0.02057,   0.07135,  -0.02670,   0.06609,   0.03808,   0.02933,   0.03283,  -0.00394,  -0.00219,  -0.04771,   0.02407,   0.05209,   0.03458,   0.08360,   0.05909,   0.04508,   0.00481,   0.00657,  -0.04946,  -0.01444,   0.04858,  -0.00044,  -0.01970,  -0.01620,  -0.00219,  -0.00219,   0.03983,  -0.00394,   0.00657,  -0.05471,  -0.01970,  -0.05646,  -0.02845,   0.07485,   0.09060,  -0.00044,   0.05559,   0.01532,   0.05559,  -0.05997,   0.02232,  -0.00919,   0.02232,   0.00657,  -0.00744,   0.01007,  -0.04946,   0.07310,   0.04333,  -0.01795,   0.12912,  -0.03370,   0.02582,  -0.03370,   0.00657,  -0.00919,   0.02407,  -0.03545,   0.03633,   0.04858,  -0.06172,   0.01357,  -0.06347,   0.07135,   0.01182,   0.09060,  -0.02495,   0.02933,  -0.06697,   0.03108,  -0.00044,  -0.02845,  -0.00044,   0.00306,  -0.00919,  -0.01970,   0.04158,   0.02407,  -0.01444,  -0.03195,  -0.02320,   0.02757,   0.02407,  -0.00569,  -0.01620,   0.03108,   0.06609,  -0.04071,  -0.05997,   0.00657,  -0.01444,  -0.04596,   0.01532,   0.03808,   0.06609,  -0.02320,  -0.02320,   0.00306,  -0.07222,  -0.04946,   0.00832,  -0.06172,  -0.04071,   0.01182,  -0.03370,   0.03458,  -0.03545,   0.03458,  -0.01094,   0.03108,   0.01707,   0.05209,   0.02057,   0.02582,  -0.01444,   0.05909,   0.03983,  -0.02845,   0.07310,  -0.05646,   0.04683,   0.01882,  -0.01094,   0.05209,  -0.06172,  -0.02145,   0.03108,  -0.05471,  -0.08973,   0.05734,   0.04683,   0.03283,   0.01532,  -0.00044,   0.02757,  -0.00044,  -0.01795,   0.01182,  -0.03545,   0.04858,   0.01882,   0.04508,  -0.08098,   0.00657,  -0.00394,  -0.06172,   0.00657,  -0.02670,   0.02057,  -0.01094,  -0.01269,  -0.00919,  -0.01970,  -0.05822,  -0.05646,  -0.02670,  -0.02495,   0.01532,   0.00131,  -0.01620,   0.00832,   0.06959,   0.00481,  -0.04596,  -0.00394,  -0.03721,  -0.00219,   0.01532,  -0.03195,   0.02757,   0.03808,   0.03983,   0.00657,  -0.00394,  -0.03020,  -0.04771,  -0.06872,   0.01532,  -0.03020,   0.00306,   0.06784,   0.00657,   0.05384,   0.01182,   0.02232,   0.03633,   0.03983,   0.03108,   0.04683,  -0.03370,   0.09411,  -0.05997,  -0.02145,   0.03983,  -0.05121,  -0.01620,   0.00131,  -0.11424,   0.00832,   0.04158,   0.02232,  -0.02845,   0.06959,  -0.01094,   0.04683,  -0.00044,   0.04333,   0.05909,   0.01882,  -0.04246,  -0.04071,  -0.00394,  -0.00219,  -0.02670,   0.03458,  -0.01444,   0.07135,  -0.02145,  -0.01269,  -0.02495,   0.01532,   0.01707,  -0.02495,   0.01357,  -0.04246,   0.03633,  -0.03721,  -0.03195,  -0.00919,  -0.02320,   0.02407,   0.07310,  -0.06347,   0.07310,   0.03108,  -0.00919,   0.02757,   0.03808,   0.04683,   0.07485,  -0.01620,   0.03808,  -0.01970,  -0.01620,   0.02582,  -0.05121,   0.02407,  -0.02495,  -0.00219,   0.01182,  -0.05471,   0.01007,  -0.00219,   0.01007,   0.07135,  -0.03195,  -0.03896,  -0.00569,  -0.02320,  -0.04071,  -0.01094,  -0.06697,   0.02757,  -0.05121,  -0.04771,  -0.02145
  -0.03545,   0.05559,  -0.00219,  -0.07047,  -0.03020,   0.12912,  -0.04771,   0.02407,  -0.01620,  -0.03545,   0.01007,   0.03283,   0.01182,  -0.01795,  -0.03896,   0.02232,  -0.11424,   0.00657,   0.03458,  -0.06172,  -0.02845,   0.03633,  -0.04771,   0.04508,   0.06434,  -0.03020,   0.02057,   0.01182,  -0.01269,  -0.04596,  -0.00394,  -0.04771,  -0.01444,   0.00306,  -0.01795,   0.03108,   0.01357,  -0.11599,  -0.02670,   0.00306,   0.00306,   0.06084,  -0.02495,   0.02757,   0.05734,  -0.04946,  -0.00744,  -0.00919,  -0.00044,  -0.02495,  -0.01620,   0.00131,  -0.06872,  -0.01269,  -0.05646,  -0.07222,   0.00832,   0.04858,  -0.06522,   0.08360,  -0.04246,   0.01007,  -0.06872,  -0.01970,   0.04683,   0.01182,   0.01357,   0.00306,  -0.00394,  -0.06172,  -0.04771,   0.06609,   0.02232,  -0.03195,   0.01007,   0.03808,  -0.00569,   0.01707,  -0.05121,  -0.00394,  -0.05471,  -0.00744,  -0.01795,   0.01182,   0.01182,  -0.01970,   0.02407,   0.00131,   0.01182,   0.00832,   0.01882,   0.04333,   0.06784,   0.10461,  -0.02845,  -0.09148,  -0.05646,  -0.00919,   0.05909,   0.00481,  -0.04771,   0.01007,   0.01882,  -0.00744,   0.04333,   0.01182,  -0.00044,  -0.03195,   0.01532,  -0.01795,  -0.02145,   0.01007,   0.05209,   0.03633,  -0.02670,   0.02933,  -0.03370,  -0.04421,   0.06959,   0.00481,  -0.07047,   0.02057,  -0.02845,   0.04158,   0.04333,  -0.00044,  -0.01620,   0.05034,  -0.02495,   0.03458,   0.12037,   0.05209,  -0.00219,   0.01182,  -0.05121,  -0.04421,  -0.06347,  -0.08973,  -0.00919,   0.01007,   0.01532,   0.01882,  -0.00219,   0.02757,   0.03458,  -0.00744,   0.09060,   0.02232,  -0.01795,  -0.03195,  -0.05997,  -0.04421,   0.06084,   0.01357,  -0.05121,  -0.08098,   0.02582,  -0.01269,   0.05034,   0.05909,   0.05384,  -0.00744,  -0.01269,   0.01882,  -0.03896,  -0.01269,  -0.02320,  -0.10724,  -0.00394,   0.02582,   0.02057,   0.03283,   0.02582,  -0.02495,   0.02933,  -0.05646,   0.02407,  -0.09848,  -0.01094,  -0.02845,  -0.05822,   0.00481,  -0.02670,   0.03283,   0.04333,   0.02933,  -0.04071,   0.01357,   0.03983,  -0.03020,   0.06259,  -0.04946,   0.01182,   0.06784,  -0.02845,   0.02757,  -0.05121,   0.02582,   0.04158,  -0.03545,   0.06609,   0.01182,   0.04508,  -0.01620,   0.08185,   0.08185,   0.01357,  -0.01094,  -0.00044,  -0.05997,  -0.00394,  -0.02320,  -0.00394,  -0.00394,  -0.03721,  -0.04071,  -0.00044,   0.01357,   0.03458,   0.01707,  -0.05471,  -0.02495,   0.07660,   0.03458,   0.04858,   0.01182,   0.00481,  -0.04071,  -0.08798,  -0.04246,  -0.01795,   0.04858,  -0.00919,  -0.06172,   0.06434,  -0.00744,  -0.00044,  -0.00569,   0.01707,   0.01532,  -0.05121,   0.04683,   0.01182,   0.02582,   0.00306,  -0.00919,  -0.02145,  -0.03020,  -0.04421,   0.02057,   0.02057,  -0.00744,  -0.11424,  -0.00569,  -0.06347,   0.01882,  -0.09673,  -0.05121,   0.07835,   0.00131,   0.03458,   0.01882,  -0.00919,  -0.06172,  -0.02670,  -0.01444,   0.02057,   0.00832,  -0.02495,   0.02407,  -0.00569,  -0.03896,  -0.06522,  -0.00919,  -0.10549,   0.03458,   0.00306,   0.01882,  -0.10374,   0.00306,   0.03808,  -0.02495,  -0.03020,   0.04158,   0.00832,   0.00657,   0.02407,  -0.08273,  -0.04246,  -0.02145,   0.03283,   0.01357,  -0.05822,  -0.01970,   0.02232,  -0.04771,   0.02757,   0.06259,   0.02757,  -0.07397,   0.05034,  -0.07222,   0.03458,   0.03458,  -0.05121,  -0.07222,   0.00657,   0.00481,   0.00131,  -0.01444,  -0.07047,  -0.08098,  -0.03896,   0.13963,   0.00832,  -0.02495,   0.04158,  -0.04421,  -0.01269,  -0.02320,  -0.04771,   0.04333,  -0.01094,   0.03808,   0.04508,  -0.03545,   0.04508,   0.01357,   0.03808,  -0.04771,   0.00832,   0.02232,   0.01707,  -0.07222,  -0.03195,   0.03283,   0.06609,  -0.01444,  -0.03195,  -0.01970,  -0.03370,  -0.05296,   0.04508,   0.04683,   0.06259,   0.01532,   0.00832,   0.00832,  -0.01620,   0.03633,   0.04333,   0.02057,  -0.01970,  -0.01444,   0.05559,   0.05209,   0.05209,   0.00657,  -0.00569,   0.02407,  -0.06347,   0.03108,  -0.01444,   0.00306,  -0.00044,  -0.07397,   0.01357,   0.00832,  -0.00044,   0.03983,  -0.04771,   0.01707,  -0.03370,   0.03108,  -0.07397,   0.00131,  -0.02495,   0.00832,   0.04508,  -0.03020,  -0.04596,  -0.03195,  -0.04246,  -0.06697,   0.05909,  -0.05296,   0.10636,  -0.00219,   0.01707,   0.03983,   0.03283,  -0.01620,  -0.01970,  -0.00044,  -0.03370,   0.02057,  -0.08623,   0.06259,   0.02757,  -0.02320,  -0.08448,   0.05209,  -0.05997,   0.02582,   0.06609,   0.01882,   0.00481,  -0.03020,   0.04333,  -0.02320,  -0.08623,   0.00131,   0.09586,  -0.03545,   0.01007,  -0.01620,   0.02582,  -0.04246,   0.01707,  -0.01444,   0.00832,  -0.01444,  -0.04071,  -0.03545,  -0.02845,   0.04158,  -0.02320,  -0.03896,   0.01182,   0.06259,   0.02057,   0.01882,   0.02757,  -0.00394,  -0.08798,  -0.03195,   0.01882,  -0.02145,   0.00657,   0.01182,   0.00481,  -0.05121,  -0.09673,   0.07485,   0.06609,  -0.02320,   0.04683,  -0.07747,  -0.08448,   0.05034,   0.03808,   0.01707,   0.06959,  -0.00219,   0.05209,   0.00481,   0.00131,   0.05034,   0.01182,  -0.01970,  -0.02320,   0.04683,  -0.02845,  -0.04771,   0.00481,  -0.02670,   0.03283,   0.03983,  -0.03545,   0.05909,   0.03983,   0.05559,   0.01882,   0.03983,  -0.05121,  -0.02495,  -0.06347,  -0.04421,  -0.05646,  -0.01269,  -0.02495,  -0.01444,   0.03108,   0.02582,  -0.03721,  -0.00219,  -0.04071,  -0.01269,  -0.01620,   0.03983,  -0.04246,   0.07135,   0.00832,  -0.00394,   0.01707,   0.04858,  -0.05121,   0.08360,  -0.07572,  -0.06347,  -0.04771,  -0.01269,  -0.00744,   0.06084,   0.01357,  -0.02845,  -0.04946,   0.03283,   0.01882,  -0.04071,  -0.02320,  -0.05646,  -0.08448,  -0.03195,   0.07660,   0.03108,  -0.00044,  -0.04596,  -0.00219,  -0.04946,  -0.00044,   0.03633,   0.00306,   0.01007,   0.05209,   0.07660,  -0.01620,  -0.01970,   0.01882,  -0.00569,   0.01532,  -0.00919,  -0.00744,   0.06959,  -0.02145,   0.04158,   0.01182,  -0.08098,  -0.06172,   0.02057,   0.04158,  -0.05296,   0.00481,  -0.04421,   0.02582,  -0.00569,  -0.02145,   0.00131,  -0.00044,   0.05209,   0.06609,   0.02057,  -0.04771,   0.05559,  -0.07922,   0.01532,   0.01007,  -0.00219,  -0.03195,  -0.01094,  -0.02670,  -0.01620,   0.07135,  -0.04071,  -0.02145,   0.01707,   0.05734,   0.02582,   0.01007,   0.00306,   0.00657,  -0.00044,   0.02757,   0.03808,  -0.08098,  -0.02495,   0.06259,  -0.07047,   0.02933,   0.06784,   0.04683,  -0.03370,  -0.00044,  -0.12650,  -0.02495,  -0.01970,   0.03283,   0.03808,   0.08010,  -0.01620,  -0.02320,  -0.01795,  -0.04421,  -0.02670,  -0.02845,  -0.01970,   0.04683,   0.05909,   0.00832,   0.00306,   0.01707,   0.01882,   0.05209,  -0.00744,  -0.01444,  -0.06172,   0.00306,   0.01007,   0.05034,   0.06084,  -0.01444,  -0.10374,  -0.04771,   0.01357,  -0.03370,   0.01532,   0.00306,  -0.00219,  -0.01444,   0.08185,   0.07135,  -0.06347,   0.02757,  -0.03370,   0.09235,   0.06084,  -0.01795,   0.02407,   0.03983,  -0.01269,   0.03633,  -0.00919,   0.02232,   0.00306,  -0.07747,  -0.08273,   0.11336,  -0.09148,  -0.01444,   0.03108,  -0.05997,  -0.02670,  -0.03020,   0.00481,  -0.04771,  -0.03370,   0.06609,   0.02057,  -0.05997,  -0.01094,   0.00306,   0.01182,   0.05034,   0.03108,   0.04508,  -0.01269,   0.05559,  -0.04071,   0.07835,   0.00306,   0.00131,   0.08360,   0.00481,  -0.04946,  -0.03195,  -0.07047,   0.02057,   0.00481,   0.01532,  -0.10374,   0.02232,  -0.00394,  -0.03020,   0.01882,  -0.02145,  -0.02320,  -0.01094,  -0.01269,  -0.03195,   0.10111,   0.00657,  -0.00569,   0.01882,   0.08010,   0.03108,   0.05909,  -0.00744,   0.01882,  -0.01094,  -0.03896,   0.06609,  -0.02845,   0.03108,   0.02057,   0.03808,   0.01182,  -0.03370,  -0.00569,  -0.03545,   0.00657,  -0.02145,   0.00481,   0.01357,  -0.05121,   0.00657,   0.00832,  -0.05997,  -0.01444,  -0.02320,   0.08010,  -0.03721,   0.02232,   0.12387,  -0.00919,  -0.07747,  -0.08098,  -0.03195,  -0.04946,  -0.05997,  -0.04246,  -0.01444,   0.00832,   0.01532,  -0.06697,  -0.01444,  -0.03721,   0.06609,   0.01182,  -0.04596,   0.01707,   0.01357,  -0.02145,  -0.06522,   0.03983,   0.09761,   0.03283,  -0.05296,   0.08360,  -0.02145,   0.03983,  -0.06172,   0.00306,   0.06609,  -0.02145,  -0.03195,   0.06609,  -0.08448,   0.07310,   0.01357,  -0.07047,   0.03108,   0.00306,  -0.03195,   0.05209,  -0.02670,   0.01007,  -0.08448,   0.07660,  -0.03721,   0.01357,  -0.01970,   0.03633,  -0.04246,   0.01532,   0.02232,   0.07485,  -0.02320,   0.01182,   0.05559,   0.05559,  -0.04771,   0.05034,   0.02232,  -0.10374,  -0.01444,  -0.00569,  -0.05121,   0.05209,  -0.03370,  -0.01094,   0.05734,   0.01357,   0.01357,  -0.03370,  -0.06522,  -0.11774,   0.00832,   0.02757,  -0.03020,  -0.03195,   0.03458,  -0.00044,  -0.01094,  -0.07397,   0.04508,   0.05034,   0.01707,  -0.02145,  -0.03896,  -0.00919,  -0.08448,  -0.03721,  -0.03195,   0.06434,   0.00306,   0.03808,   0.05384,   0.07135,  -0.03370,   0.02057,   0.00306,  -0.03370,  -0.05121,  -0.02495,  -0.13000,  -0.01269,   0.05909,   0.06784,  -0.07572,   0.03458,   0.01357,   0.03808,   0.00832,  -0.01970,  -0.03020,  -0.04071,   0.05384,  -0.01970,   0.01707,  -0.04421,   0.01882,   0.01007,   0.09761,   0.02582,   0.02933,   0.02407,   0.00657,   0.05209,   0.01882,  -0.01970,  -0.05822,   0.01357,  -0.04596,  -0.07572,   0.00306,  -0.02845,  -0.00044,  -0.06872,   0.02582,  -0.10023,   0.00306,   0.02582,   0.03983,  -0.03195,   0.01357,   0.00481,   0.01182,  -0.03721,  -0.05471,   0.02057,  -0.01795,  -0.07047,  -0.03896,   0.00832,   0.00306,  -0.02670,   0.05209,   0.02057,  -0.00044,  -0.04071,   0.02582,   0.02232,   0.06609,  -0.04421,   0.05559,  -0.06522,  -0.06697,   0.01007,  -0.14225,  -0.04246,  -0.04421,  -0.01970,   0.00832,  -0.04071,  -0.01444,  -0.00919,   0.00306,  -0.01970,   0.01007,   0.10636,   0.00131,  -0.02845,  -0.08448,  -0.08973,  -0.07222,  -0.00919,  -0.03545,  -0.00044,  -0.05646,   0.00481,  -0.09323,   0.05034,  -0.01444,   0.12037,  -0.04946,   0.00131,   0.01357,   0.02232,  -0.06697,  -0.05822,  -0.07747,  -0.02670,  -0.03370,   0.02232,   0.00131,   0.01532,   0.03983,  -0.02495,   0.10986,   0.05734,  -0.06347,   0.02582,   0.00481,   0.05909,   0.06084,  -0.06347,  -0.00394,  -0.03020,   0.02582,  -0.04946,  -0.00044,   0.12737,   0.01532,   0.02407,   0.00481,   0.03283,   0.01357,  -0.11249,   0.02582,   0.02582,  -0.03545,  -0.03020,  -0.04596,  -0.03020,   0.03633,  -0.00394,   0.09235,  -0.01444,  -0.05997,   0.01707,   0.08360,  -0.01620,  -0.03195,   0.05559,  -0.09673,   0.05034,   0.02757,  -0.05471,  -0.06347,   0.04158,  -0.06172,   0.05559,   0.02757,   0.06084,   0.03108,  -0.02145,  -0.04246,  -0.02495,  -0.02145,  -0.02145,  -0.00219,   0.03633,  -0.00744,  -0.02670,   0.02582,  -0.02145,  -0.01269,   0.03458,   0.02582,  -0.00394,   0.06084,  -0.07397,  -0.04946,  -0.00044,   0.04683,  -0.03195,  -0.00044,   0.06434,  -0.00044,  -0.00919,  -0.00394,   0.06784,   0.06959,  -0.01970,   0.03808,   0.01532,  -0.01269,   0.07835,  -0.01444,   0.00832,  -0.05471,  -0.04246,  -0.00569,  -0.00044,  -0.01970,   0.00306,  -0.05296,   0.02232,   0.02057,  -0.03020,  -0.01970,  -0.02670,  -0.02320,   0.06084,   0.04158,  -0.05822,  -0.01094,  -0.01970,   0.00131,   0.04508,   0.06609,   0.08185,   0.01532,  -0.05471
  -0.05296,  -0.03020,   0.03808,  -0.04946,  -0.01620,   0.02757,  -0.00044,   0.02232,   0.02933,   0.03108,  -0.02145,   0.05559,   0.05909,   0.10636,   0.06259,  -0.03370,  -0.03370,  -0.02670,  -0.00569,  -0.08273,   0.01707,   0.01357,  -0.05822,  -0.01970,  -0.01970,  -0.06347,   0.01882,   0.03283,   0.05384,  -0.06872,  -0.00044,   0.01707,   0.05384,  -0.01795,  -0.02320,  -0.00044,  -0.05997,   0.08360,  -0.03370,   0.02057,   0.00306,  -0.06697,   0.03983,  -0.03721,  -0.04071,  -0.00919,  -0.05121,  -0.03721,  -0.00569,  -0.00044,   0.02933,   0.00481,   0.03983,  -0.00744,   0.08710,  -0.00744,  -0.03545,   0.03808,   0.05384,  -0.01444,  -0.03020,   0.00657,  -0.03545,  -0.02670,  -0.05121,   0.10286,   0.08885,  -0.00569,   0.04683,   0.04158,   0.01357,   0.01882,   0.03283,  -0.02670,  -0.03545,   0.10636,  -0.08623,  -0.05822,   0.03108,  -0.02145,  -0.00394,  -0.03020,  -0.01094,  -0.00044,   0.00657,   0.00306,  -0.00919,  -0.00919,   0.01357,  -0.04421,  -0.06172,   0.04508,   0.04158,  -0.00044,   0.00832,   0.06259,   0.03633,   0.03633,  -0.00394,   0.00832,   0.02582,   0.02933,   0.01882,  -0.00744,   0.00657,  -0.01795,  -0.06697,   0.00306,   0.04333,  -0.04421,   0.00657,  -0.01970,   0.10111,  -0.06522,   0.07835,  -0.05822,   0.02582,  -0.07047,   0.03283,   0.01882,   0.03458,   0.10286,  -0.00219,   0.03108,   0.02057,   0.03983,  -0.00919,  -0.00219,  -0.02145,  -0.05471,  -0.00394,   0.01532,  -0.01970,   0.08885,   0.05909,  -0.02845,  -0.02845,   0.00131,   0.01882,   0.06959,  -0.03721,   0.01532,  -0.00219,  -0.00744,   0.03633,   0.01707,   0.03808,   0.03808,   0.02933,  -0.07047,  -0.02145,   0.00306,  -0.03896,  -0.01970,   0.02582,   0.04858,  -0.06697,  -0.06872,  -0.03370,  -0.00744,   0.02232,   0.05734,   0.01357,   0.06434,  -0.01970,  -0.02320,  -0.03896,  -0.10724,  -0.03020,   0.00657,  -0.04421,  -0.01795,   0.06434,  -0.00919,   0.04158,   0.02057,   0.00481,  -0.01795,   0.06959,  -0.02845,   0.01707,   0.07310,  -0.03896,   0.07310,   0.00657,  -0.01269,   0.00131,  -0.00919,  -0.02145,   0.01182,   0.02407,  -0.03721,  -0.05646,   0.02757,  -0.01620,   0.06259,  -0.01970,  -0.04596,  -0.03545,  -0.06347,  -0.03370,  -0.04246,   0.00657,   0.02582,   0.03108,  -0.01444,  -0.05997,   0.02757,   0.00131,  -0.01620,  -0.00219,   0.00306,   0.04333,  -0.03195,   0.05559,   0.00832,  -0.04771,  -0.07047,   0.03108,  -0.01620,  -0.00744,  -0.17027,   0.02232,  -0.01620,   0.02057,   0.00657,   0.00832,  -0.01269,   0.03983,   0.02582,   0.05909,   0.00131,  -0.00919,  -0.00569,   0.02232,  -0.01620,   0.05909,  -0.00219,   0.01357,  -0.03545,  -0.01094,  -0.01269,  -0.00394,  -0.11949,   0.00657,  -0.08098,   0.02582,   0.06784,  -0.09498,   0.01707,   0.09235,   0.02232,  -0.10374,  -0.04596,  -0.03545,  -0.03545,  -0.02845,   0.01007,   0.06784,   0.01707,  -0.04421,   0.01182,  -0.00744,   0.06434,   0.03633,   0.01882,  -0.04421,   0.01882,  -0.00569,   0.02232,  -0.03370,   0.06084,   0.02757,  -0.02845,   0.01532,   0.02757,  -0.05121,  -0.02670,   0.03108,  -0.05471,   0.00481,   0.05384,  -0.06872,  -0.03370,  -0.03721,   0.08010,   0.02232,   0.07485,  -0.00394,  -0.03020,  -0.00219,   0.02582,   0.04333,  -0.01094,   0.02057,  -0.03896,  -0.03195,   0.03633,   0.04333,  -0.02670,   0.03983,  -0.03545,   0.07485,  -0.03896,   0.09060,   0.02057,   0.05209,  -0.01795,   0.03108,  -0.08973,  -0.06697,  -0.01795,   0.01007,   0.00306,  -0.01269,  -0.00919,   0.00481,   0.05384,   0.03458,  -0.00219,   0.00131,  -0.00569,   0.01182,  -0.04421,  -0.01444,   0.05559,   0.00131,   0.07310,  -0.06347,   0.01357,  -0.03721,   0.01182,   0.00657,   0.02407,   0.05384,  -0.03721,   0.04158,  -0.01620,   0.02582,   0.03458,  -0.03721,   0.03633,  -0.08273,  -0.01444,   0.02407,  -0.01094,   0.06084,   0.05034,  -0.01444,  -0.01269,  -0.09498,   0.00832,  -0.03370,  -0.06172,   0.01707,   0.05384,  -0.01970,   0.05909,  -0.11424,   0.02933,  -0.00744,  -0.02845,   0.00131,   0.04683,   0.00306,  -0.01269,  -0.02320,   0.03283,  -0.02670,  -0.00219,  -0.04771,  -0.01444,   0.07835,   0.02757,  -0.05646,  -0.01620,   0.01182,  -0.03545,   0.02933,   0.01882,   0.05909,  -0.01620,  -0.01444,  -0.03896,   0.00832,  -0.05646,   0.01532,  -0.05822,  -0.00219,  -0.03195,   0.00832,  -0.00044,   0.00657,   0.01532,   0.00481,   0.03108,   0.02057,  -0.05646,  -0.02320,  -0.04071,   0.04333,  -0.04771,   0.10636,  -0.02845,  -0.04421,  -0.05296,   0.02582,   0.01182,  -0.01269,  -0.03020,  -0.00744,   0.06434,  -0.05121,  -0.00919,   0.03283,  -0.00044,  -0.02845,  -0.09323,  -0.02670,   0.01357,   0.09235,  -0.04596,  -0.07572,   0.02057,  -0.06347,  -0.04246,   0.11161,   0.06959,   0.03808,  -0.04421,   0.00832,  -0.06697,  -0.10724,  -0.00044,   0.00657,   0.05384,  -0.01444,   0.01532,   0.01707,   0.02232,  -0.01094,   0.05384,   0.05734,   0.07135,   0.00131,  -0.00569,   0.02057,  -0.03370,   0.01532,  -0.01444,   0.04508,   0.02407,   0.01532,   0.01532,   0.01532,  -0.04421,  -0.03195,  -0.02320,  -0.01795,  -0.00044,  -0.01970,  -0.03020,  -0.02320,  -0.06172,  -0.09498,   0.02407,  -0.04596,   0.06434,  -0.04771,  -0.04071,  -0.00219,  -0.01269,  -0.03195,  -0.02145,  -0.06872,   0.01357,   0.03983,   0.03983,  -0.02320,  -0.04421,  -0.04596,  -0.01269,   0.01007,  -0.01444,   0.01707,   0.05384,   0.05034,   0.08010,  -0.06872,   0.03108,  -0.01620,   0.05034,   0.06959,  -0.01970,   0.03108,   0.02407,   0.00481,  -0.00569,   0.03633,   0.01357,  -0.00219,   0.01882,   0.00131,   0.00657,   0.05909,  -0.02145,   0.05034,  -0.03896,   0.07660,  -0.03896,   0.01532,   0.01707,   0.06434,  -0.04421,  -0.00569,  -0.01620,  -0.05997,  -0.04421,   0.02057,   0.04508,   0.05209,   0.05034,   0.01357,   0.04508,   0.01882,  -0.02845,   0.02057,   0.04158,   0.03633,   0.01007,   0.00657,  -0.01795,  -0.01970,   0.04508,   0.03458,  -0.07222,  -0.01620,  -0.01970,   0.00131,   0.07310,   0.08185,  -0.01620,   0.01357,  -0.03545,  -0.00394,  -0.00744,   0.01882,  -0.02670,   0.02757,  -0.01795,   0.01357,  -0.03545,   0.00131,  -0.10023,  -0.00744,  -0.01094,  -0.03721,   0.01007,  -0.00569,  -0.07397,  -0.05296,   0.01532,   0.07485,  -0.03545,  -0.00394,   0.01182,   0.03283,   0.01357,  -0.01620,  -0.00569,  -0.05646,  -0.00919,  -0.02145,   0.09761,   0.03633,  -0.00569,  -0.01444,   0.03283,  -0.07047,   0.03633,   0.02757,  -0.02670,  -0.00919,   0.01707,  -0.02670,  -0.06522,  -0.03545,   0.04508,  -0.01620,  -0.00569,  -0.02320,   0.05909,   0.02232,   0.01707,   0.04858,  -0.01094,   0.01357,  -0.02320,   0.01182,  -0.03721,   0.11336,   0.05209,  -0.05822,   0.00657,   0.02232,  -0.00744,   0.06959,  -0.03020,   0.00832,  -0.03020,   0.03983,  -0.02320,   0.02933,  -0.02320,  -0.01444,   0.07310,   0.01357,  -0.00219,   0.06259,  -0.07922,  -0.04071,   0.05209,   0.08885,   0.07310,   0.01707,   0.04508,   0.04158,   0.03458,   0.05734,  -0.01444,  -0.04421,   0.05034,  -0.06347,  -0.03896,  -0.00569,  -0.04596,   0.02757,  -0.04596,   0.02933,  -0.00569,   0.02757,   0.00481,   0.01007,   0.02407,   0.08885,   0.02582,   0.00131,  -0.03020,   0.05559,   0.03283,   0.01007,  -0.00919,   0.05909,   0.01007,  -0.02670,  -0.05121,   0.03108,   0.00657,   0.00306,   0.03283,  -0.01970,   0.02933,  -0.06347,  -0.02320,  -0.01620,  -0.01094,  -0.02845,   0.07135,   0.05384,  -0.01444,  -0.12124,   0.04333,   0.00306,  -0.01970,   0.03108,  -0.01620,  -0.00219,  -0.03545,  -0.00394,   0.01532,  -0.04596,   0.06784,  -0.00569,   0.05734,  -0.05997,   0.02057,   0.02232,  -0.08798,  -0.07922,  -0.01094,  -0.04421,  -0.03020,   0.02407,   0.01357,  -0.04946,  -0.03896,  -0.01620,   0.07310,  -0.02495,  -0.01444,  -0.08098,   0.01707,  -0.05646,  -0.01444,  -0.05471,  -0.02670,   0.02232,  -0.05822,  -0.04071,   0.05034,  -0.02495,   0.05909,  -0.00744,  -0.00394,   0.00131,  -0.01444,   0.05209,   0.04333,   0.01532,  -0.00744,   0.08010,  -0.00744,   0.17990,  -0.03370,   0.04683,   0.00131,   0.02232,   0.04508,  -0.05822,  -0.00744,   0.02232,  -0.01620,   0.02407,   0.00481,   0.03983,  -0.01970,  -0.00919,   0.03983,   0.05734,  -0.00919,   0.07135,   0.03808,   0.05559,   0.01007,  -0.00219,   0.00657,  -0.02320,  -0.02845,   0.00306,  -0.00744,  -0.02845,  -0.07922,  -0.07397,   0.00306,   0.01182,  -0.00919,  -0.02320,  -0.00919,  -0.07397,  -0.05646,   0.01007,  -0.02670,  -0.01620,   0.01007,   0.02407,  -0.00394,   0.03808,  -0.06172,  -0.06522,  -0.11774,   0.03283,   0.01182,  -0.00394,   0.05034,   0.03983,  -0.05471,   0.03983,  -0.01620,  -0.05121,  -0.03545,  -0.01269,   0.00657,   0.08710,   0.00657,   0.05559,  -0.02495,  -0.06522,  -0.02145,  -0.01795,   0.00131,  -0.05471,   0.02582,   0.00131,  -0.00744,   0.02757,   0.05384,   0.04333,   0.05209,  -0.03545,   0.04508,   0.04333,  -0.00219,   0.00481,   0.03808,   0.06609,  -0.03721,   0.00832,  -0.02145,   0.01007,  -0.02145,  -0.00394,  -0.02670,   0.03633,   0.00306,  -0.00569,   0.00832,   0.01882,  -0.03545,   0.00306,  -0.06697,   0.01007,   0.06259,   0.03983,   0.02933,  -0.01444,  -0.01620,  -0.01620,  -0.03370,  -0.00744,   0.00306,   0.08535,  -0.02495,  -0.00044,   0.02057,   0.02407,  -0.00219,  -0.03020,   0.02757,   0.03983,   0.01532,   0.01532,  -0.05471,  -0.04071,   0.01182,  -0.01094,  -0.07922,  -0.01970,   0.07310,  -0.03020,   0.02057,   0.00657,  -0.00569,  -0.00569,   0.02933,   0.06434,  -0.00394,   0.00131,  -0.03195,  -0.03896,   0.03633,  -0.01444,  -0.01795,   0.03108,   0.00481,  -0.04596,   0.00131,   0.02757,   0.02407,   0.01707,  -0.02145,  -0.01620,  -0.00394,   0.02582,  -0.04071,  -0.00569,  -0.03195,   0.01007,  -0.00219,  -0.00569,  -0.03370,   0.02407,  -0.08098,  -0.05121,   0.00657,   0.04333,  -0.00744,  -0.00569,  -0.00044,  -0.01094,   0.04333,   0.00657,  -0.04246,   0.02933,   0.04683,  -0.02320,  -0.01970,   0.01707,  -0.00394,   0.05209,  -0.02845,  -0.00044,  -0.01094,   0.01007,   0.02057,  -0.01620,  -0.03020,   0.02757,  -0.03896,  -0.01094,  -0.06872,   0.05034,  -0.01795,  -0.01444,  -0.09323,  -0.00744,  -0.00569,   0.03283,   0.00306,   0.02933,  -0.04071,  -0.03721,  -0.03020,  -0.06347,  -0.01970,  -0.11074,  -0.01444,  -0.01094,   0.03283,   0.04858,  -0.04071,  -0.06347,   0.13613,  -0.07922,  -0.08098,   0.02757,  -0.00569,  -0.01269,  -0.04771,  -0.00044,  -0.02845,  -0.04421,  -0.02320,   0.01882,   0.02582,   0.01882,   0.01882,   0.05384,  -0.00569,  -0.00569,   0.06259,  -0.00744,  -0.02320,   0.01532,  -0.05822,   0.02232,   0.00481,   0.06434,  -0.00219,  -0.01444,   0.05209,   0.05384,  -0.06872,  -0.03020,  -0.02145,   0.04158,   0.02232,   0.03283,   0.00481,  -0.03020,   0.07660,  -0.02320,   0.01182,   0.01007,   0.05559,  -0.08973,   0.00306,  -0.03195,  -0.00219,  -0.01094,  -0.01094,  -0.04421,  -0.02845,  -0.03896,   0.03983,  -0.02145,   0.02407,   0.01532,   0.06434,   0.03108,  -0.09498,   0.00657,  -0.02145,  -0.03370,  -0.09673,   0.03283,  -0.01444,   0.00306,  -0.00394,   0.08885,  -0.06522,  -0.01795,   0.06959,   0.03633,   0.07660,  -0.03545,  -0.00919,   0.00306,  -0.05822,   0.02232,   0.03458,  -0.00394,  -0.01269,   0.01182,  -0.01795,  -0.01970,  -0.04071,  -0.03020,   0.02057,  -0.03896,   0.09060,   0.06609,  -0.00219,  -0.03020,  -0.01620
  -0.00044,  -0.03020,   0.04858,  -0.04596,   0.02407,  -0.08973,   0.01007,  -0.00919,   0.02407,   0.02057,   0.02933,   0.02407,   0.02057,  -0.03721,   0.02232,   0.03283,  -0.01970,  -0.01970,  -0.00919,   0.07135,  -0.06697,   0.01182,   0.02057,   0.05559,  -0.01970,   0.02582,   0.01882,  -0.03195,  -0.00919,  -0.00919,  -0.01444,   0.02582,   0.00481,   0.00131,  -0.03195,   0.02232,  -0.00044,   0.00306,  -0.07047,   0.03633,   0.02407,   0.00306,   0.00657,  -0.02320,   0.02232,   0.05384,   0.04508,  -0.00744,   0.00131,  -0.00044,  -0.01269,  -0.05296,  -0.03545,   0.02582,  -0.08623,  -0.00394,   0.03108,  -0.06872,   0.02407,  -0.07047,   0.06784,  -0.00744,  -0.00744,  -0.08098,  -0.09673,   0.01357,   0.08710,  -0.03020,   0.03108,   0.08535,  -0.01269,  -0.03896,  -0.00919,  -0.01795,   0.08535,  -0.00044,   0.03633,  -0.08448,  -0.07572,  -0.00919,   0.00306,   0.10811,  -0.04596,   0.07835,   0.00306,  -0.01444,   0.03808,  -0.07922,   0.01007,   0.13788,  -0.09323,   0.01357,   0.01532,  -0.05822,   0.08535,   0.02407,   0.03458,   0.03633,   0.01182,   0.03283,   0.07835,   0.04508,   0.02582,  -0.03896,  -0.02145,  -0.03370,   0.00481,   0.04333,  -0.00569,   0.04508,   0.06609,  -0.01269,   0.05209,  -0.01970,   0.04683,  -0.05296,   0.00657,   0.01882,   0.01707,  -0.14926,   0.02057,   0.04158,  -0.02845,  -0.06522,  -0.04771,   0.03458,   0.05909,  -0.11074,  -0.03370,  -0.03545,   0.06784,  -0.03545,   0.03458,   0.04333,  -0.03721,   0.08010,  -0.05997,   0.05909,   0.00306,  -0.04071,   0.03108,  -0.03370,   0.04158,   0.05734,   0.01882,   0.01182,   0.01532,  -0.02495,  -0.05646,  -0.00219,  -0.03370,  -0.02845,   0.05559,   0.06084,   0.03633,  -0.07572,  -0.05471,  -0.01094,  -0.01620,   0.01357,   0.02933,  -0.01094,   0.10286,  -0.01269,  -0.03721,  -0.03195,   0.02057,  -0.00919,   0.00481,  -0.04246,   0.00481,   0.01182,  -0.07922,  -0.03020,   0.02057,   0.03458,   0.04858,  -0.04771,  -0.05121,   0.01532,  -0.02320,   0.04858,   0.03983,  -0.02670,  -0.07222,  -0.02495,  -0.04421,  -0.02320,  -0.00044,  -0.00394,  -0.06347,   0.02232,   0.01007,  -0.03721,  -0.03020,   0.15714,  -0.03545,  -0.01795,   0.07310,   0.04683,   0.02582,  -0.02320,   0.05909,   0.02057,  -0.01620,   0.03983,  -0.07922,  -0.06697,  -0.03370,   0.00832,  -0.05822,   0.03458,   0.00306,   0.02232,   0.00657,  -0.08798,  -0.01444,   0.00832,  -0.08273,  -0.09498,  -0.07747,   0.01182,  -0.04946,   0.04508,  -0.03370,  -0.05471,  -0.00394,  -0.04421,  -0.01094,  -0.05471,   0.06609,   0.03808,   0.01007,   0.08185,   0.01882,   0.07835,  -0.04421,  -0.00044,  -0.05471,   0.07835,  -0.01094,  -0.08448,  -0.00044,  -0.01970,   0.03633,   0.03458,   0.02407,  -0.05646,  -0.01444,  -0.04246,  -0.05296,  -0.01094,   0.01182,  -0.01795,  -0.01970,   0.08535,   0.02232,  -0.00044,  -0.07572,   0.01007,  -0.07047,   0.08535,  -0.06522,   0.03458,   0.04683,   0.06959,  -0.05646,  -0.00219,  -0.09148,  -0.02670,   0.01532,   0.06259,   0.00657,   0.02933,   0.00832,  -0.01094,   0.01532,   0.06959,  -0.03545,   0.00131,  -0.00919,   0.03108,   0.01007,  -0.01269,   0.01007,  -0.02845,   0.03283,  -0.02320,  -0.03195,  -0.09673,   0.02057,  -0.05646,  -0.09673,  -0.05471,  -0.03020,  -0.03721,  -0.04071,  -0.02845,  -0.07572,   0.04158,  -0.02495,   0.05034,  -0.00569,   0.00481,   0.03108,  -0.04596,  -0.05646,  -0.00394,  -0.06697,  -0.03721,  -0.07222,  -0.01269,   0.05384,  -0.02845,  -0.04596,   0.04508,  -0.03721,   0.00306,  -0.07397,   0.03983,  -0.07222,   0.00657,  -0.04246,  -0.01444,   0.13437,  -0.04946,  -0.02670,  -0.01444,   0.02933,   0.07310,  -0.03896,  -0.03195,  -0.01444,  -0.02670,   0.04508,  -0.02845,   0.01532,  -0.03721,  -0.00394,  -0.00569,   0.00306,  -0.01094,  -0.06872,  -0.00394,  -0.02670,  -0.00394,   0.04858,  -0.02670,  -0.00569,  -0.05997,   0.01357,  -0.04246,  -0.08973,  -0.02320,   0.01007,   0.04158,  -0.03545,   0.05559,   0.01007,  -0.02495,   0.08535,  -0.04946,  -0.03020,  -0.00744,   0.01707,  -0.01094,   0.01007,  -0.03370,  -0.03020,   0.01882,   0.06959,   0.03983,   0.04683,   0.06434,  -0.10199,   0.04508,  -0.01444,  -0.04071,  -0.07397,  -0.02495,   0.02232,  -0.03020,  -0.03020,   0.01007,   0.06784,  -0.01970,  -0.01620,   0.00657,   0.00131,   0.01357,  -0.01970,  -0.03896,   0.04508,   0.02232,   0.01007,  -0.05121,   0.07135,   0.01532,  -0.03545,  -0.04246,   0.01357,  -0.07222,   0.01707,   0.02582,   0.05909,   0.10461,  -0.01620,   0.02232,  -0.09498,  -0.03020,  -0.00394,   0.01532,   0.02582,  -0.02845,   0.04508,  -0.01094,  -0.00394,   0.05559,  -0.06522,  -0.00744,   0.04858,  -0.02670,  -0.01620,  -0.11599,  -0.00919,  -0.06172,   0.03633,  -0.05296,   0.02757,  -0.07047,  -0.03721,  -0.05471,  -0.04246,  -0.03195,  -0.01795,  -0.00394,   0.02757,  -0.01444,  -0.01620,   0.10636,  -0.03545,   0.07135,   0.04858,  -0.04596,  -0.03545,   0.01182,  -0.02670,  -0.01269,  -0.09323,  -0.04771,   0.00657,  -0.04946,   0.03283,  -0.02320,  -0.06347,  -0.09673,   0.01182,  -0.01620,  -0.01620,  -0.01620,   0.03108,  -0.02145,   0.02057,  -0.05121,  -0.02495,   0.00131,   0.04158,   0.03983,   0.02933,   0.02232,   0.05909,   0.06959,  -0.09148,   0.07660,  -0.09323,   0.02582,  -0.06872,   0.05909,   0.07660,   0.02232,   0.00832,  -0.04946,  -0.00044,  -0.00219,  -0.00044,   0.02757,   0.00832,   0.05734,   0.08010,  -0.00044,   0.01182,   0.00481,   0.03458,  -0.05121,  -0.05296,  -0.04596,  -0.00919,   0.03458,   0.05209,  -0.05471,  -0.06697,   0.01182,   0.02933,  -0.04596,  -0.08448,  -0.06872,  -0.00569,  -0.00919,  -0.07572,   0.01182,  -0.05121,   0.04508,  -0.01269,  -0.04246,  -0.00919,   0.05909,   0.04333,  -0.00044,  -0.03721,   0.03983,  -0.00744,   0.00657,  -0.02145,   0.01357,  -0.01444,  -0.03195,  -0.13350,  -0.01620,   0.10636,  -0.06522,   0.09936,  -0.05471,  -0.06347,  -0.01269,   0.02582,  -0.13175,  -0.08448,  -0.01094,   0.00481,  -0.05296,  -0.11774,  -0.01620,   0.02232,   0.10286,   0.03983,  -0.01269,  -0.04596,  -0.00394,   0.05384,  -0.01970,  -0.07922,   0.08535,   0.01357,  -0.01970,   0.03808,   0.02582,   0.02407,  -0.00044,   0.01532,   0.01182,   0.03108,  -0.01269,   0.01882,   0.02232,  -0.07397,   0.00832,  -0.03721,   0.02232,   0.00481,  -0.08448,  -0.05121,   0.01182,   0.08010,  -0.01795,   0.03283,  -0.05822,  -0.04246,  -0.03195,   0.04508,   0.02757,  -0.13700,  -0.01269,  -0.00744,   0.08185,  -0.09148,   0.01007,   0.06609,  -0.00919,   0.01357,   0.01007,   0.06609,  -0.00044,   0.05734,   0.03458,   0.05034,   0.01707,   0.01007,  -0.03020,  -0.00219,   0.00131,  -0.02845,  -0.01970,   0.02407,  -0.07572,  -0.04246,  -0.01444,  -0.05121,  -0.04421,   0.06084,  -0.03721,   0.01182,   0.01357,   0.01532,   0.08535,  -0.01269,   0.09060,   0.00481,  -0.00394,   0.03283,  -0.01620,  -0.07747,  -0.01620,   0.07835,   0.00832,  -0.02670,  -0.02845,   0.01182,   0.03633,  -0.03545,   0.01182,   0.02232,   0.05909,   0.04683,   0.00832,  -0.04246,  -0.02495,   0.06259,  -0.06697,  -0.03020,   0.00131,   0.02933,  -0.07747,   0.03983,  -0.01444,  -0.00219,  -0.01970,  -0.03020,   0.10986,  -0.02320,   0.02407,  -0.04596,   0.11862,  -0.03195,  -0.08798,   0.07310,   0.01357,   0.03458,   0.01882,   0.05734,  -0.01094,   0.03458,  -0.00394,  -0.01970,  -0.02845,  -0.04246,  -0.01970,  -0.00394,   0.00131,  -0.04946,  -0.01269,  -0.01094,  -0.06522,  -0.00219,   0.09235,   0.01532,   0.02232,   0.02407,   0.04333,   0.08010,   0.00657,  -0.03020,  -0.03195,   0.05034,  -0.06347,   0.02757,  -0.03370,  -0.06347,   0.08010,  -0.02495,  -0.03545,   0.07485,   0.08710,  -0.00219,   0.01357,   0.01882,   0.07835,  -0.02320,  -0.01620,  -0.04246,  -0.00394,  -0.00219,  -0.05997,   0.01007,  -0.04246,   0.04333,   0.11336,   0.00657,  -0.01970,  -0.08798,   0.00131,   0.00131,  -0.01970,   0.03633,  -0.01269,   0.01532,  -0.08448,   0.00306,   0.08535,  -0.03721,  -0.08273,  -0.00744,  -0.02670,   0.06259,   0.09586,   0.04508,   0.07835,  -0.02320,  -0.07922,   0.05034,  -0.01269,   0.06434,   0.02232,   0.04158,  -0.00744,  -0.03020,  -0.05296,   0.01182,   0.02407,   0.01532,  -0.02495,  -0.06347,   0.13788,   0.07835,  -0.04421,  -0.05997,   0.00481,   0.03808,  -0.08273,   0.02057,   0.04158,  -0.01094,  -0.04596,  -0.04246,  -0.05471,   0.03633,  -0.01970,  -0.03370,   0.04508,   0.02582,  -0.02320,   0.04858,  -0.01795,   0.00657,   0.00131,  -0.02670,  -0.01620,  -0.03020,   0.06434,  -0.03896,   0.08360,   0.00657,  -0.06347,  -0.05646,  -0.00044,   0.02057,  -0.04421,   0.00832,  -0.00394,  -0.00919,  -0.09673,   0.02232,   0.05909,   0.03458,  -0.01444,   0.01882,  -0.01444,  -0.02320,   0.00306,  -0.04421,   0.08535,  -0.01269,   0.00131,   0.11161,  -0.00044,  -0.01444,   0.03808,  -0.01094,  -0.01444,  -0.03545,   0.01882,  -0.05822,   0.04683,   0.02407,  -0.06872,  -0.08273,  -0.04771,  -0.02495,   0.03458,   0.03633,  -0.03370,   0.08185,   0.03633,   0.02582,  -0.00919,  -0.04246,   0.04683,  -0.00569,  -0.02145,   0.01707,   0.03108,   0.02757,  -0.05822,  -0.02495,   0.05734,  -0.02670,  -0.07922,  -0.02670,  -0.04596,   0.07660,   0.02407,   0.04858,   0.01882,   0.03458,   0.04333,  -0.01444,   0.08185,  -0.02495,   0.00306,  -0.00919,  -0.04596,  -0.02495,  -0.03020,  -0.02145,  -0.05471,  -0.00919,   0.09235,  -0.05296,   0.00131,   0.03808,  -0.05121,   0.04508,  -0.03370,  -0.04246,   0.02232,  -0.05471,   0.06609,  -0.01269,  -0.04071,   0.06609,  -0.00569,   0.00306,  -0.04071,  -0.03896,  -0.02845,  -0.02670,   0.08010,  -0.06872,  -0.06522,  -0.03545,   0.06434,   0.05909,   0.02232,   0.08885,   0.02757,  -0.06347,   0.03458,  -0.03020,   0.02582,   0.05209,  -0.00219,  -0.00219,  -0.04421,  -0.00744,  -0.06172,   0.04683,  -0.00044,   0.05209,  -0.05471,   0.01882,  -0.01795,  -0.05471,   0.03283,   0.02933,  -0.00044,   0.00657,   0.04333,   0.01357,  -0.00919,  -0.00744,   0.10986,   0.00131,   0.08885,   0.03458,  -0.00569,  -0.01094,  -0.02495,  -0.00219,   0.00131,  -0.01444,   0.07660,   0.12037,   0.00481,  -0.04771,   0.00832,   0.03983,  -0.04946,   0.01882,   0.02582,  -0.02320,  -0.03545,  -0.00394,   0.05909,   0.03108,  -0.01444,  -0.05822,   0.06259,   0.02232,   0.07485,   0.05384,   0.08710,   0.05209,  -0.00744,   0.04858,  -0.00569,  -0.00744,   0.07660,  -0.02145,   0.08360,  -0.04946,   0.03808,   0.05209,   0.01182,  -0.04071,  -0.06347,  -0.04596,  -0.05822,  -0.05822,  -0.03370,   0.01707,   0.03983,  -0.00569,   0.08360,   0.03633,  -0.02670,  -0.01444,   0.07485,   0.00131,  -0.05121,   0.03808,   0.01357,   0.00832,  -0.00219,  -0.00744,  -0.00044,   0.07135,   0.00306,   0.03458,   0.03808,   0.03808,   0.05209,   0.01007,  -0.00044,  -0.08098,  -0.04421,   0.10461,   0.02232,  -0.01620,  -0.02845,  -0.00744,   0.00306,   0.04158,  -0.00919,   0.00481,   0.00481,  -0.06347,  -0.05471,   0.05909,  -0.00394,  -0.01620,   0.03283,   0.01882,  -0.05471,   0.07660,   0.07310,  -0.06522,  -0.04246,  -0.03545,   0.00306,  -0.00744,   0.04683,   0.05034,   0.02057,   0.06434,   0.12562,  -0.03370,  -0.02845,  -0.00744,   0.03983,   0.03633,  -0.03195,  -0.02845,  -0.06347,  -0.04946,  -0.00919,   0.02407,  -0.00394,  -0.00744,   0.01182,   0.03633,   0.04508,   0.02757,   0.03983,  -0.05121,  -0.05121
   0.00306,  -0.02845,   0.11512,   0.00131,  -0.02145,  -0.01795,   0.02057,  -0.04246,   0.02757,   0.01882,   0.02757,  -0.01269,  -0.01620,  -0.04596,  -0.02145,  -0.04071,  -0.07572,  -0.01795,   0.02757,   0.01882,   0.03458,   0.00832,   0.00131,   0.04858,  -0.02845,   0.01182,  -0.01970,   0.04683,   0.10986,  -0.02320,  -0.06172,  -0.00044,  -0.01970,  -0.02145,  -0.05646,   0.01532,   0.06609,   0.01707,   0.06784,   0.05034,   0.02757,   0.03808,   0.00481,  -0.00744,  -0.05997,   0.01707,  -0.08623,  -0.10199,  -0.05121,   0.00306,  -0.08798,   0.04508,  -0.03545,   0.06259,   0.03633,   0.06609,  -0.03721,   0.08535,  -0.00219,   0.02057,   0.01532,   0.03983,  -0.02145,  -0.00919,   0.00657,   0.06259,  -0.02670,   0.04158,   0.01007,  -0.02845,   0.01182,   0.04333,   0.06084,   0.00131,  -0.00219,   0.00131,   0.04158,  -0.03020,   0.07135,  -0.06347,   0.03633,   0.04158,   0.05209,   0.04333,  -0.04596,  -0.00919,   0.05734,  -0.00919,   0.05384,  -0.08098,  -0.05646,   0.06959,   0.07135,   0.06609,   0.02407,  -0.02845,  -0.00219,   0.05034,   0.02057,   0.04508,  -0.03020,   0.03283,  -0.06172,  -0.00044,  -0.03020,   0.02757,   0.06959,  -0.02495,   0.06609,   0.06959,   0.05734,  -0.03195,  -0.00044,   0.01707,   0.04333,  -0.04071,   0.10111,   0.04158,  -0.00044,   0.02582,  -0.08798,   0.02933,  -0.05822,   0.02582,  -0.03896,   0.05034,   0.07485,   0.05559,  -0.05822,  -0.03545,   0.07135,  -0.01094,  -0.00919,   0.05734,   0.05909,  -0.01970,   0.03458,  -0.00219,  -0.04246,  -0.00044,  -0.07572,  -0.00744,  -0.01444,   0.05559,  -0.01970,  -0.05471,   0.00832,  -0.10199,  -0.10374,   0.00131,   0.06084,   0.05559,   0.03458,  -0.02670,  -0.02845,  -0.04596,   0.01182,   0.06959,  -0.01269,  -0.01795,  -0.07047,   0.00481,   0.03808,   0.01532,   0.04333,   0.02232,  -0.02670,   0.05559,   0.02757,  -0.01444,  -0.04596,  -0.01444,   0.03458,   0.01882,   0.00131,  -0.01620,   0.07835,   0.02933,  -0.07572,  -0.04771,   0.02057,  -0.02320,   0.04158,  -0.00919,   0.02057,  -0.03545,   0.03633,   0.01357,   0.06259,   0.01882,   0.03108,  -0.02495,  -0.03195,   0.01532,  -0.04596,  -0.01269,  -0.02320,  -0.03545,   0.01007,   0.03108,   0.03633,   0.04333,   0.04333,  -0.03545,  -0.04246,   0.03108,  -0.04771,   0.00131,  -0.02320,   0.01007,  -0.00219,   0.02057,  -0.01970,   0.12912,   0.05034,  -0.03370,  -0.01444,  -0.01795,   0.04858,  -0.00919,   0.07135,   0.02757,   0.08535,   0.02232,   0.00832,   0.03458,  -0.06347,  -0.00919,   0.03633,  -0.07572,   0.03458,  -0.02845,   0.02407,   0.10461,  -0.03020,  -0.03896,   0.02933,  -0.02670,  -0.00394,   0.02407,  -0.05646,  -0.00219,   0.00306,   0.05384,   0.01707,   0.02232,  -0.03721,   0.02582,  -0.04071,  -0.00744,   0.03108,  -0.07572,   0.01532,  -0.04771,   0.05384,  -0.07572,  -0.01444,  -0.04946,   0.01882,   0.01007,  -0.00219,  -0.00044,  -0.00569,   0.05209,  -0.03195,   0.05559,   0.02057,  -0.01970,  -0.01620,  -0.04071,  -0.03020,   0.06784,  -0.03020,   0.01532,   0.06084,  -0.09848,  -0.03195,   0.09235,  -0.02845,   0.01532,   0.03633,  -0.02145,  -0.01094,  -0.01094,  -0.04596,   0.03458,  -0.07397,   0.02057,  -0.08798,  -0.00044,  -0.04596,   0.01357,  -0.06697,   0.00306,   0.03458,   0.05734,   0.02582,  -0.03195,   0.01882,  -0.03370,  -0.02845,   0.01357,  -0.01970,  -0.01444,   0.01532,   0.02757,   0.04158,  -0.08623,  -0.09323,  -0.02145,   0.02933,  -0.00569,   0.02757,  -0.04596,  -0.06347,   0.00657,  -0.03545,   0.02582,   0.04683,  -0.03370,  -0.04246,  -0.01269,  -0.00919,  -0.02495,   0.03108,  -0.00569,  -0.01094,   0.05559,  -0.09148,  -0.03721,  -0.06347,  -0.02670,   0.00657,  -0.01444,  -0.03545,   0.01182,  -0.04421,  -0.00219,  -0.00919,   0.05034,   0.05209,  -0.00044,   0.00657,   0.05559,  -0.00919,   0.06259,  -0.02145,   0.00832,   0.04158,  -0.00394,  -0.06172,  -0.01970,  -0.02320,  -0.03370,   0.00306,   0.02582,  -0.04946,  -0.00919,   0.04333,  -0.02145,  -0.02670,  -0.01795,  -0.06172,  -0.02670,  -0.02320,   0.03283,   0.01182,  -0.02320,   0.02407,  -0.03721,   0.03808,  -0.02845,   0.01707,  -0.03896,   0.02582,  -0.02320,  -0.01094,   0.07835,   0.03983,   0.04858,   0.01532,  -0.03195,   0.02057,   0.03983,   0.03983,  -0.08973,  -0.03545,  -0.07747,  -0.01444,   0.07310,  -0.03545,  -0.03370,  -0.00394,  -0.00569,   0.05209,   0.03458,   0.09235,  -0.05471,   0.03283,  -0.06172,   0.00657,  -0.05471,   0.05384,  -0.02670,   0.04333,   0.02057,   0.00481,  -0.05822,   0.04158,  -0.04771,  -0.03896,  -0.01795,   0.04508,  -0.08798,   0.05034,   0.00657,  -0.02145,  -0.02495,  -0.02670,   0.06259,  -0.01795,  -0.02495,  -0.02845,  -0.01094,  -0.01970,   0.02933,   0.02407,  -0.01620,  -0.01444,   0.02407,   0.00131,  -0.09323,  -0.00744,  -0.01795,   0.10286,   0.02933,  -0.00569,   0.02407,   0.06259,   0.00657,  -0.00569,   0.01007,  -0.00744,   0.01007,  -0.05646,  -0.03020,  -0.03020,  -0.04771,  -0.03721,  -0.04596,   0.02407,  -0.05471,  -0.00394,   0.01707,  -0.04771,   0.01182,  -0.01795,   0.00832,   0.01182,   0.07135,  -0.07572,  -0.05471,   0.01882,  -0.05646,   0.03283,   0.03458,  -0.04421,  -0.04771,  -0.00919,  -0.09148,  -0.01620,   0.06434,   0.00481,   0.08185,  -0.00919,  -0.11249,   0.02757,  -0.02320,  -0.00919,  -0.10549,   0.01357,   0.03108,   0.02757,   0.08710,  -0.03545,   0.00657,   0.01532,  -0.04946,  -0.03195,  -0.00569,   0.01532,  -0.05471,   0.06784,   0.05909,   0.09586,  -0.01970,  -0.04771,  -0.01620,  -0.00394,   0.03983,  -0.00044,  -0.04421,   0.00832,  -0.09323,  -0.01795,  -0.04596,  -0.03020,   0.02057,   0.01357,  -0.00219,  -0.03370,   0.01882,   0.00657,  -0.05646,   0.02582,   0.00657,   0.05209,  -0.05296,  -0.01094,   0.00131,   0.03458,  -0.03020,  -0.01795,  -0.06872,   0.07485,  -0.06697,  -0.02670,   0.03458,   0.02232,  -0.06172,   0.01707,  -0.02145,  -0.01795,   0.06084,   0.03458,   0.06784,  -0.00044,   0.00481,  -0.02320,   0.02407,  -0.01269,  -0.03020,  -0.07747,   0.02757,   0.03983,  -0.06872,  -0.03370,  -0.01620,   0.00306,  -0.02145,  -0.06522,  -0.01970,   0.01007,   0.01007,   0.01532,  -0.00569,  -0.03370,  -0.02845,   0.02933,  -0.04596,   0.02232,   0.06959,  -0.04421,  -0.01970,   0.00657,  -0.04771,  -0.03020,  -0.03020,   0.01007,   0.02933,  -0.00569,   0.01882,   0.05559,   0.07135,   0.04508,   0.02933,   0.14838,   0.02057,  -0.06522,   0.02757,   0.02057,  -0.04071,  -0.08098,  -0.03721,  -0.01620,  -0.02845,  -0.00569,  -0.06347,   0.00657,  -0.03020,  -0.01269,  -0.04596,   0.01007,  -0.02495,   0.03808,  -0.07222,  -0.00744,   0.02933,   0.02407,   0.03458,  -0.06697,   0.00832,   0.01882,  -0.01970,  -0.00219,  -0.00744,  -0.00919,  -0.01970,  -0.02845,   0.00306,   0.00131,   0.01707,   0.07310,  -0.04246,  -0.01269,   0.00131,  -0.01795,  -0.01444,  -0.07397,  -0.02845,  -0.06522,  -0.07047,  -0.03020,   0.01182,  -0.06697,  -0.01094,  -0.01269,   0.00306,  -0.06172,  -0.04071,   0.03808,  -0.05646,   0.01882,   0.04158,   0.03983,  -0.09498,  -0.04946,  -0.09148,   0.01707,  -0.11424,   0.08360,   0.01357,   0.00657,   0.02933,  -0.00394,  -0.04421,   0.00481,  -0.00219,   0.01182,   0.02057,   0.05034,   0.00306,   0.01007,   0.01707,   0.06609,  -0.07047,   0.03108,   0.00832,  -0.01620,   0.01882,  -0.03896,  -0.02145,  -0.03721,   0.03458,   0.03633,  -0.03896,  -0.00219,  -0.01970,  -0.00569,  -0.06872,  -0.02145,  -0.00919,  -0.10724,   0.05209,   0.03283,  -0.02670,  -0.03545,   0.09761,   0.02232,   0.03108,  -0.00569,   0.11336,  -0.00919,   0.03633,  -0.00219,   0.02232,   0.00131,  -0.04946,   0.01882,   0.06084,  -0.01094,  -0.04946,  -0.00919,   0.01532,   0.11161,   0.08010,  -0.01970,  -0.05646,  -0.02670,   0.05734,  -0.01620,  -0.01444,  -0.01970,  -0.00744,  -0.07222,  -0.07047,   0.01532,   0.02407,  -0.10899,   0.06609,  -0.05646,  -0.04946,  -0.00569,  -0.07747,   0.05209,   0.02407,   0.02582,  -0.05121,  -0.01269,   0.00306,   0.04508,  -0.04246,   0.05559,  -0.00569,   0.03808,  -0.02845,  -0.00919,  -0.05471,   0.00481,   0.09586,   0.07835,   0.04158,   0.05209,  -0.05997,   0.00832,  -0.00044,  -0.01269,   0.08010,  -0.10374,  -0.07747,  -0.02495,   0.02057,  -0.06172,  -0.01795,   0.02407,  -0.03020,  -0.00219,   0.11336,  -0.00394,   0.10461,  -0.00569,   0.01707,  -0.05121,  -0.05121,  -0.01269,  -0.03370,   0.00481,   0.07835,   0.08185,   0.01182,  -0.09673,  -0.09148,  -0.00394,   0.00832,  -0.09323,   0.03808,   0.00657,   0.04158,   0.03983,  -0.01795,   0.06434,  -0.04246,  -0.02145,   0.00481,   0.05734,   0.01882,   0.00481,   0.04683,  -0.03020,   0.08360,  -0.01269,   0.03983,  -0.00919,   0.00481,   0.06084,   0.02407,   0.03283,   0.09761,   0.02582,   0.00657,   0.04858,   0.02582,   0.01532,   0.00131,   0.03458,   0.03808,   0.05734,  -0.00569,  -0.01970,  -0.04071,   0.02933,  -0.00394,   0.07835,  -0.01444,  -0.03721,   0.00657,  -0.01094,  -0.01444,   0.02757,  -0.01795,  -0.03195,  -0.02670,   0.04158,   0.05909,   0.02757,   0.02582,  -0.00919,  -0.03370,   0.05909,  -0.04771,   0.02757,   0.02407,   0.05209,  -0.00219,   0.02757,  -0.04946,  -0.04596,  -0.04071,  -0.00569,  -0.01620,   0.06959,  -0.02145,  -0.10374,   0.02057,   0.01007,   0.01007,  -0.01269,   0.00481,   0.04508,  -0.03721,  -0.03020,   0.02757,  -0.06522,   0.01182,  -0.05997,  -0.00044,   0.00832,   0.06959,  -0.01269,  -0.05997,   0.06259,  -0.05997,  -0.05296,   0.04333,  -0.00569,   0.02057,  -0.05121,   0.01182,  -0.03545,  -0.00044,  -0.05646,   0.06259,   0.05209,   0.05034,  -0.01795,   0.01882,   0.03283,   0.03108,   0.04333,   0.03808,  -0.04246,  -0.02845,   0.01007,  -0.02145,  -0.03545,   0.01882,   0.02407,   0.02933,  -0.06697,   0.03283,   0.05384,  -0.01269,  -0.03020,   0.01007,   0.04508,  -0.01094,   0.00832,   0.00832,   0.07485,  -0.00744,  -0.04246,  -0.00569,  -0.00044,   0.08010,  -0.05121,   0.03458,   0.05559,   0.02057,  -0.00044,   0.06434,  -0.06872,  -0.03545,  -0.03721,  -0.08798,   0.05559,  -0.03370,  -0.01970,  -0.01269,   0.05384,   0.02757,   0.00657,  -0.00394,  -0.02495,  -0.02320,  -0.02670,   0.05559,   0.09235,   0.02582,  -0.00394,   0.02933,  -0.01094,  -0.04596,  -0.05471,   0.01707,  -0.00394,   0.01532,  -0.03020,   0.03283,   0.01882,  -0.08973,  -0.01444,   0.06609,   0.06259,  -0.00919,  -0.00569,   0.03983,   0.08360,  -0.01970,  -0.01269,   0.01532,  -0.00394,   0.04858,   0.03283,  -0.04946,   0.05209,   0.05384,   0.05909,   0.07135,   0.03283,  -0.02845,   0.06784,  -0.03020,   0.07660,  -0.00744,  -0.04421,  -0.00569,  -0.01269,  -0.00219,  -0.03020,  -0.08273,   0.01532,   0.03283,  -0.05471,   0.01532,   0.03808,  -0.04771,  -0.06172,   0.02933,   0.08535,   0.05909,  -0.03020,  -0.01094,  -0.00219,  -0.00744,   0.01707,   0.01532,  -0.03721,  -0.01620,  -0.01094,  -0.05646,   0.05909,  -0.01795,  -0.06872,   0.01182,   0.07660,   0.06784,  -0.00044,   0.00657,  -0.10899,  -0.02670,  -0.00919,   0.02407,  -0.02845,  -0.03370,   0.01007,   0.04333,   0.11161,  -0.07747,   0.04683,  -0.04596,   0.02407,  -0.05296,   0.10286,  -0.07397,   0.03633,  -0.01094,   0.01882,   0.04683,   0.00481,   0.01182,   0.08010,   0.00306,  -0.03545,  -0.02670,   0.03808,  -0.05822,   0.02933,  -0.03195,   0.03458,   0.10286,   0.01357,   0.04333,  -0.03020,   0.03283
  -0.02495,   0.01882,  -0.03370,  -0.07922,   0.07660,   0.03458,   0.07835,  -0.02320,  -0.05997,  -0.01269,  -0.02320,  -0.00919,   0.01707,   0.02057,  -0.01444,   0.03283,   0.01707,  -0.00919,   0.04508,   0.01532,  -0.01444,   0.08185,   0.02933,  -0.05121,   0.04333,   0.00131,   0.07835,   0.00832,  -0.09498,  -0.10549,   0.00481,  -0.00394,  -0.06697,   0.01882,   0.11336,   0.00306,   0.06259,   0.08010,   0.01357,  -0.07047,  -0.01444,   0.01357,   0.04683,  -0.13700,   0.07835,  -0.04421,   0.05909,  -0.00044,   0.01182,   0.02933,  -0.00219,  -0.01620,  -0.05121,   0.05909,  -0.11774,   0.00481,  -0.02845,  -0.08798,  -0.00919,  -0.01269,  -0.00919,   0.02582,  -0.02845,   0.02757,   0.04158,  -0.06347,   0.03983,  -0.00569,   0.03633,  -0.01094,  -0.01269,  -0.03020,   0.04858,  -0.02145,  -0.03195,  -0.02145,  -0.05822,  -0.03896,  -0.00219,  -0.01970,   0.01182,  -0.00394,  -0.05997,  -0.03370,   0.01007,   0.09060,  -0.02145,  -0.02845,  -0.03896,   0.07135,  -0.03020,  -0.04246,   0.04158,  -0.04071,   0.01532,  -0.04596,  -0.01094,  -0.02495,   0.02582,  -0.01444,  -0.03545,   0.01007,  -0.02495,   0.07485,  -0.01970,   0.03458,  -0.05646,  -0.03370,  -0.00569,   0.06259,   0.05209,  -0.04071,   0.09235,   0.06959,  -0.00919,  -0.05296,   0.00832,   0.01532,   0.02933,  -0.01795,  -0.00919,   0.00481,   0.08710,  -0.02495,   0.01532,   0.03983,  -0.04421,   0.02582,   0.02582,  -0.04596,   0.03633,   0.02407,   0.08535,   0.02057,   0.06959,   0.07485,   0.05209,   0.00657,   0.06434,   0.02757,  -0.00744,  -0.06522,  -0.10199,  -0.00919,   0.02232,  -0.05121,  -0.07047,  -0.00744,  -0.03896,   0.00657,  -0.06347,   0.04333,  -0.02320,  -0.16501,  -0.04596,   0.01357,  -0.00044,  -0.05471,  -0.05997,   0.06084,  -0.06697,   0.01882,  -0.07397,  -0.05822,   0.03808,  -0.01269,  -0.04596,  -0.09498,   0.03808,  -0.07222,   0.06434,  -0.03721,   0.04683,  -0.08098,   0.00481,   0.00306,   0.05734,  -0.05296,   0.07660,   0.09060,  -0.00919,  -0.06697,   0.00657,   0.03108,   0.05909,  -0.02845,  -0.00919,  -0.01094,  -0.00919,   0.02057,   0.02057,   0.02407,   0.03808,   0.03633,  -0.06697,  -0.03195,  -0.03195,   0.09411,   0.07310,  -0.02495,  -0.00569,   0.04508,  -0.03370,  -0.00044,   0.07485,  -0.04771,  -0.02495,  -0.05471,   0.00306,   0.02757,   0.08360,  -0.02670,  -0.05997,   0.03808,   0.01182,  -0.01795,  -0.04596,  -0.06697,   0.01882,   0.11862,  -0.08973,  -0.01269,  -0.03545,   0.01707,  -0.05471,   0.03108,   0.06259,  -0.06697,   0.02232,  -0.03545,   0.00131,  -0.02495,   0.01357,  -0.04246,  -0.01269,  -0.04771,  -0.02320,  -0.03020,  -0.05471,  -0.00394,   0.03808,  -0.05997,  -0.04421,  -0.04421,   0.01882,   0.03458,   0.06784,   0.01882,  -0.03896,  -0.03721,  -0.01620,  -0.00569,   0.06959,   0.09936,  -0.11074,  -0.00044,   0.01357,   0.02757,   0.01182,  -0.06872,   0.07485,  -0.00219,  -0.06347,  -0.05471,   0.06959,   0.12562,  -0.03195,   0.01532,  -0.01444,   0.02407,   0.04333,   0.04683,  -0.06172,   0.04158,   0.09761,  -0.04596,  -0.05121,   0.04683,   0.03983,  -0.00219,  -0.04771,   0.11336,   0.06084,  -0.08623,   0.07135,  -0.01795,   0.00832,  -0.05471,  -0.01970,   0.09411,  -0.05121,   0.08010,   0.01182,  -0.09673,  -0.01795,  -0.00744,  -0.01094,  -0.01620,   0.01007,  -0.01269,  -0.02670,  -0.10023,  -0.03896,   0.04858,  -0.03721,  -0.02845,   0.07310,  -0.04596,  -0.03020,  -0.04596,   0.01357,   0.00131,  -0.00219,   0.01882,   0.07485,  -0.04596,  -0.05296,   0.03808,   0.05209,  -0.02670,   0.00306,  -0.02845,  -0.04246,  -0.00044,   0.04858,   0.03808,  -0.02670,  -0.03370,   0.00131,   0.07135,  -0.01444,   0.05034,   0.03808,  -0.02320,   0.05734,  -0.03545,  -0.00919,   0.02232,  -0.00744,  -0.02320,  -0.03370,  -0.07922,  -0.07222,   0.03983,  -0.08098,  -0.02145,  -0.01269,   0.04858,   0.00481,  -0.03020,   0.03458,   0.07485,   0.02407,   0.03108,  -0.03896,  -0.03020,   0.02407,  -0.03195,  -0.00219,  -0.08798,   0.05034,  -0.03370,   0.04683,  -0.01795,  -0.05997,   0.07135,   0.01182,  -0.01620,   0.14488,   0.00131,  -0.09148,   0.08885,  -0.05822,  -0.01094,   0.02933,   0.03633,   0.03633,  -0.05471,  -0.08098,  -0.01795,  -0.01970,  -0.01269,   0.03808,   0.02582,  -0.01269,   0.06609,   0.02232,   0.06084,   0.05034,   0.02757,   0.08360,   0.04683,   0.03983,  -0.04421,  -0.05296,  -0.01620,  -0.01620,  -0.00919,  -0.13350,   0.03983,  -0.05822,   0.01357,  -0.02670,   0.01007,   0.03983,   0.02232,   0.10111,   0.00657,   0.07660,   0.02407,   0.00481,   0.01707,   0.00481,   0.00657,  -0.02145,  -0.04596,  -0.02145,  -0.04071,  -0.07572,  -0.05296,  -0.00919,   0.08185,   0.02407,   0.04858,   0.01882,   0.01707,  -0.00044,   0.04683,  -0.04771,  -0.02495,   0.05209,   0.01532,  -0.05646,   0.02582,  -0.16151,   0.00832,   0.02232,   0.00832,  -0.09673,  -0.07047,   0.10986,   0.01357,  -0.10374,   0.03283,  -0.04771,  -0.03896,  -0.01970,   0.05559,  -0.01269,   0.13437,  -0.03545,   0.03108,   0.07660,  -0.03721,  -0.04071,   0.04158,  -0.03370,  -0.08448,   0.03108,  -0.10023,   0.04158,   0.01182,   0.05734,  -0.01620,   0.01357,   0.03108,  -0.01795,   0.03283,  -0.05296,   0.01357,  -0.03020,   0.03633,  -0.04071,  -0.07922,  -0.11599,  -0.06872,  -0.05646,  -0.08273,  -0.01444,  -0.01620,   0.02933,   0.04158,   0.02232,   0.05909,   0.11862,  -0.02145,   0.04683,  -0.00569,   0.00832,   0.07835,  -0.02670,   0.09411,  -0.01795,  -0.00044,  -0.03896,   0.01182,   0.05384,  -0.07047,  -0.02845,   0.01882,   0.03808,  -0.00044,   0.05384,   0.09761,  -0.00919,   0.00481,   0.05209,  -0.04946,  -0.02320,  -0.02670,  -0.03195,  -0.07747,  -0.02145,  -0.04596,   0.06434,   0.07135,   0.10111,   0.03283,   0.08710,  -0.02320,   0.02057,   0.04508,   0.00657,   0.08710,   0.04508,   0.13087,   0.02057,   0.02757,  -0.03370,   0.01532,   0.02582,   0.01882,   0.04508,   0.06784,   0.05209,   0.02232,   0.05734,   0.00306,   0.00481,  -0.00744,   0.04683,   0.01707,   0.00832,   0.01707,  -0.04071,   0.00657,  -0.03896,   0.05559,  -0.00569,   0.00131,   0.12212,   0.03633,  -0.06347,   0.03983,   0.00832,   0.02057,  -0.04071,   0.06959,  -0.10724,  -0.03020,  -0.02670,   0.01182,   0.04858,  -0.01094,  -0.00744,   0.03983,   0.02232,  -0.01444,   0.02407,   0.03808,  -0.10023,  -0.01444,   0.00657,   0.02232,   0.08885,   0.11161,  -0.03195,  -0.06872,  -0.02670,  -0.02320,   0.01007,   0.03808,  -0.02845,  -0.03020,   0.04683,  -0.01795,   0.05909,   0.00657,   0.06259,   0.07835,  -0.06172,  -0.07747,   0.04858,  -0.02845,   0.01357,   0.07135,   0.02232,   0.03633,   0.04158,   0.00306,  -0.00919,  -0.07747,  -0.07572,   0.04858,  -0.05121,   0.02933,  -0.00044,  -0.04596,  -0.00919,   0.04333,  -0.00394,   0.07485,   0.04508,  -0.00919,  -0.01269,  -0.04071,   0.07310,  -0.05296,  -0.07222,  -0.03020,   0.03458,   0.10636,   0.03108,   0.10111,   0.02407,  -0.04421,   0.08535,   0.05734,   0.03808,   0.01182,   0.03283,   0.01882,   0.05909,  -0.04771,  -0.01970,  -0.01795,  -0.02145,  -0.01795,  -0.03020,   0.05384,  -0.00569,  -0.06172,  -0.04421,  -0.04071,   0.03458,  -0.06172,  -0.01269,  -0.04071,  -0.09323,   0.09761,   0.03983,  -0.05121,  -0.03370,  -0.02495,  -0.08623,   0.09936,  -0.01970,  -0.07747,  -0.01444,  -0.09148,  -0.03721,  -0.00044,   0.03108,  -0.01970,  -0.01795,   0.05384,   0.00131,  -0.00394,  -0.00394,   0.00657,   0.03633,   0.09235,   0.04858,  -0.05296,  -0.04071,   0.02582,   0.09936,  -0.04771,  -0.05646,  -0.01444,  -0.06347,   0.00657,  -0.04071,   0.08360,   0.02933,   0.06609,   0.02933,  -0.02320,  -0.04596,  -0.01970,   0.03283,   0.02933,   0.09761,  -0.02320,  -0.04596,   0.00131,   0.06434,   0.01182,   0.06784,   0.06784,  -0.01269,  -0.01795,   0.05209,   0.10461,  -0.00044,  -0.05471,  -0.02145,   0.05909,   0.03108,   0.05734,  -0.00219,  -0.03020,   0.07135,   0.06259,   0.08535,  -0.00219,   0.09761,   0.04508,   0.02232,   0.09060,  -0.04071,  -0.08098,  -0.03545,  -0.07922,   0.01357,   0.02407,   0.06434,   0.02057,  -0.08273,  -0.01970,  -0.01269,  -0.05121,   0.04508,   0.04158,   0.09060,   0.09411,  -0.07047,   0.01007,   0.03283,  -0.03545,   0.02407,   0.01357,  -0.04071,   0.00306,   0.01357,  -0.02845,   0.08010,  -0.03370,  -0.03896,   0.03108,   0.05209,  -0.00919,  -0.03545,  -0.00044,  -0.09323,   0.06434,   0.05734,  -0.06347,   0.00131,   0.07135,  -0.01444,  -0.06172,   0.04858,  -0.04071,  -0.01970,  -0.05646,  -0.04771,  -0.02845,   0.01532,  -0.08623,   0.00832,   0.01182,  -0.02320,   0.04508,   0.03983,  -0.02320,  -0.00394,  -0.01795,  -0.00394,  -0.08973,   0.05384,  -0.09323,   0.02407,  -0.01620,  -0.00569,   0.03633,   0.10111,  -0.06347,  -0.02145,  -0.03545,   0.04158,  -0.06697,  -0.00044,   0.09060,   0.02407,   0.03983,  -0.00219,  -0.01970,   0.05384,  -0.01795,  -0.04596,  -0.03195,  -0.00044,  -0.01269,   0.07485,  -0.04071,  -0.03545,  -0.03020,   0.06959,   0.03983,   0.02057,  -0.04246,  -0.01269,  -0.01444,   0.07135,   0.01707,  -0.01620,  -0.00744,  -0.00569,   0.06784,   0.02757,   0.10286,   0.00481,   0.03808,  -0.06172,   0.01532,   0.05559,   0.02232,   0.05559,   0.02057,   0.08360,   0.02057,   0.02232,   0.01532,   0.08885,   0.00481,   0.04333,   0.04333,   0.12212,  -0.00744,   0.09586,   0.03983,   0.05034,   0.02057,   0.01007,  -0.00744,   0.00131,  -0.02320,  -0.01269,  -0.04421,  -0.04071,   0.13613,   0.01007,  -0.03370,   0.03633,  -0.08273,   0.03633,  -0.08273,   0.02057,   0.01357,   0.01882,  -0.02145,   0.00481,  -0.04246,  -0.00744,   0.01532,  -0.01094,  -0.00219,   0.02933,  -0.05822,   0.07135,  -0.07747,  -0.01620,   0.02407,  -0.00744,   0.05559,   0.00481,   0.01707,  -0.11949,   0.02407,  -0.10724,  -0.05296,   0.01707,   0.01357,   0.08185,  -0.03020,  -0.00569,  -0.00569,   0.04333,  -0.07397,  -0.04596,  -0.04946,  -0.05296,  -0.00569,  -0.05822,  -0.05296,  -0.04596,  -0.04946,  -0.06872,  -0.00219,   0.14313,   0.05384,  -0.02495,   0.05384,   0.01357,   0.01007,  -0.06172,   0.04158,   0.04333,  -0.01269,  -0.00219,   0.04858,   0.00657,   0.01882,   0.02582,  -0.04421,  -0.01444,   0.00832,   0.06784,  -0.07397,   0.01007,  -0.00919,  -0.05997,   0.01182,  -0.00744,  -0.02495,  -0.06522,  -0.02670,  -0.01269,   0.04333,   0.10811,  -0.01795,   0.01007,   0.02232,   0.10286,  -0.09498,   0.02057,   0.00657,  -0.02670,   0.01357,   0.05909,   0.09761,   0.00481,   0.08710,   0.02057,   0.00131,  -0.02845,   0.04683,  -0.00044,   0.08535,  -0.00744,   0.02407,   0.04158,   0.04333,  -0.01269,   0.00832,  -0.05296,  -0.02670,  -0.08623,  -0.04246,  -0.06172,  -0.08798,   0.01007,   0.05909,   0.02582,  -0.03195,  -0.03195,   0.06084,   0.01882,   0.04683,  -0.01444,  -0.00569,  -0.01094,  -0.00219,   0.03983,  -0.03721,  -0.06522,   0.00481,   0.00306,  -0.02670,  -0.03721,  -0.03020,  -0.05997,   0.06609,   0.03283,  -0.02670,   0.05209,  -0.02145,   0.03983,   0.05909,   0.10986,  -0.02670,  -0.07572,   0.01532,  -0.04946,  -0.11949,   0.05034,   0.01182,  -0.04596,   0.03108,  -0.00394,   0.02757,  -0.00569,  -0.01620,   0.02582,  -0.07572,  -0.04421,   0.02757,  -0.03721,   0.01182,   0.02933,   0.00306,   0.05209,  -0.03020,   0.09761,  -0.02145,  -0.07397,  -0.05646,  -0.02495,  -0.06172,   0.00131,   0.08010,   0.03808,  -0.01269
  -0.10199,  -0.04071,  -0.04771,  -0.04771,  -0.01269,   0.00657,   0.09761,  -0.03721,  -0.05646,   0.12562,   0.06609,  -0.00744,  -0.07572,  -0.00044,   0.04858,   0.05209,  -0.02145,  -0.01970,   0.05734,  -0.09673,  -0.04946,  -0.00044,  -0.10023,  -0.06347,   0.04158,  -0.00569,   0.01707,  -0.02495,  -0.05121,   0.06434,  -0.02145,   0.03108,  -0.03020,  -0.05121,  -0.01269,  -0.03370,  -0.01269,  -0.00919,   0.05734,   0.09761,   0.11687,   0.04508,   0.05209,   0.04333,   0.04158,  -0.01444,   0.02407,   0.08185,   0.00832,   0.02407,   0.01532,   0.01182,   0.05034,   0.03458,  -0.02495,  -0.03370,  -0.03195,  -0.03545,   0.00832,  -0.02845,   0.00306,   0.04683,   0.05734,  -0.01620,  -0.05121,  -0.04421,   0.08360,  -0.01269,  -0.01444,  -0.04421,   0.02407,   0.00306,   0.07660,   0.06784,  -0.01094,   0.00306,   0.03633,  -0.01970,  -0.04246,   0.06434,   0.02057,   0.02757,  -0.01620,   0.04858,   0.00832,   0.05209,  -0.02145,   0.06784,   0.06434,   0.03458,  -0.01620,   0.01532,   0.08710,  -0.02145,   0.04683,   0.11687,   0.01007,  -0.04246,   0.01707,   0.02933,  -0.00919,  -0.02495,   0.03283,   0.06084,  -0.01094,  -0.02145,   0.05034,  -0.05296,   0.04158,  -0.00744,  -0.07222,  -0.00919,   0.07835,  -0.02670,  -0.02845,  -0.01795,   0.02232,  -0.03545,  -0.07572,  -0.01620,   0.08360,   0.05034,   0.08535,   0.03633,   0.04508,  -0.00044,   0.08010,  -0.07922,   0.01882,  -0.00219,  -0.04771,  -0.07922,   0.04508,   0.00657,  -0.07047,   0.01007,   0.01182,  -0.04421,   0.03983,  -0.02670,   0.04508,  -0.00044,   0.02232,   0.01707,  -0.01795,  -0.01970,  -0.03370,   0.07660,  -0.01094,  -0.00569,  -0.10549,   0.04333,  -0.07747,  -0.00044,  -0.05822,   0.01532,  -0.01269,   0.04858,  -0.00744,   0.00481,   0.00131,   0.00131,  -0.04421,  -0.05296,   0.01357,   0.04158,  -0.01795,   0.04333,  -0.07922,  -0.00044,  -0.04071,   0.11862,  -0.03195,   0.03108,  -0.05997,  -0.07572,   0.04508,  -0.04421,   0.00657,   0.05559,  -0.06347,  -0.05822,  -0.04771,  -0.00394,   0.02232,   0.03983,   0.02757,  -0.15626,  -0.04421,   0.01357,   0.05734,  -0.03721,  -0.04246,   0.03983,  -0.00219,  -0.02495,  -0.02145,   0.02582,   0.06084,  -0.03370,   0.03808,   0.00657,   0.00306,   0.02582,   0.02757,   0.07310,  -0.04246,  -0.06347,  -0.01970,   0.06959,  -0.03195,   0.07835,  -0.04771,   0.05384,  -0.07397,  -0.03721,   0.03983,  -0.01269,  -0.02845,   0.03108,   0.00131,   0.01182,   0.07135,   0.04333,  -0.02495,  -0.01620,   0.07485,   0.00481,  -0.01970,  -0.07572,   0.05559,  -0.06347,   0.10636,   0.00657,   0.02232,   0.06609,   0.05034,   0.04333,  -0.03545,   0.00306,  -0.02145,  -0.03195,   0.01882,  -0.01444,   0.06434,  -0.01970,   0.04683,   0.10636,   0.10461,   0.01532,  -0.05997,   0.02407,   0.02582,   0.00832,   0.05734,   0.07660,  -0.04421,  -0.06522,  -0.05997,   0.04333,  -0.06697,  -0.00044,  -0.00744,  -0.02845,  -0.00394,   0.04158,   0.02933,  -0.00219,   0.02582,   0.01882,   0.03283,   0.01882,   0.02407,   0.00306,   0.01532,   0.01007,  -0.00569,  -0.03545,  -0.06522,  -0.01269,  -0.00394,   0.06959,   0.06434,  -0.01970,   0.03633,  -0.08273,  -0.02845,  -0.06697,  -0.08448,   0.00481,   0.03458,   0.05909,  -0.00044,  -0.06347,   0.01882,   0.01182,   0.03633,  -0.10374,   0.01532,   0.02057,   0.00131,  -0.02320,   0.01707,   0.02582,  -0.01970,  -0.00394,   0.02582,   0.01357,  -0.03020,  -0.02145,   0.00657,   0.03283,  -0.02670,   0.01357,  -0.01795,   0.02582,   0.03458,   0.08185,   0.05559,  -0.08098,  -0.04071,  -0.00744,   0.01357,   0.05734,   0.13613,  -0.11074,  -0.00044,   0.05909,   0.04858,   0.08885,  -0.06697,  -0.03370,   0.00481,  -0.07397,  -0.01444,   0.00657,   0.03108,  -0.00744,  -0.02495,  -0.09148,   0.06784,  -0.01970,   0.02232,  -0.03370,  -0.02145,  -0.02845,   0.04858,  -0.02495,   0.02582,   0.01182,   0.04333,  -0.05646,   0.03283,   0.03108,   0.01532,  -0.01094,   0.02057,  -0.05121,   0.10461,  -0.00219,   0.01007,  -0.01970,  -0.00394,  -0.03370,   0.03458,  -0.00394,   0.03283,   0.02407,  -0.01795,   0.07485,  -0.02320,  -0.06172,  -0.00219,   0.01007,  -0.03195,   0.04683,  -0.02845,  -0.00044,   0.03633,   0.00832,  -0.11074,   0.05909,   0.10811,  -0.01620,   0.06784,  -0.07572,   0.03283,   0.04333,  -0.03896,   0.01007,   0.02582,   0.01357,   0.03108,  -0.03370,  -0.05471,  -0.08798,  -0.01269,   0.04508,   0.07135,   0.04333,  -0.07397,  -0.05646,   0.02232,   0.02232,   0.00306,  -0.00919,  -0.01094,  -0.00219,   0.06259,   0.10986,   0.07135,   0.11862,  -0.01970,  -0.09323,  -0.01269,  -0.05471,   0.01007,  -0.03896,   0.00481,  -0.04946,   0.03108,   0.09761,   0.03458,   0.06784,  -0.01620,   0.05384,  -0.01795,   0.03633,  -0.04421,   0.03283,   0.00481,  -0.05646,  -0.08623,  -0.00569,  -0.11599,  -0.03195,   0.03633,   0.02757,  -0.04596,   0.03983,   0.07660,  -0.01795,  -0.01795,   0.02582,  -0.04421,  -0.02495,  -0.03896,   0.02582,   0.01882,  -0.00219,   0.05734,  -0.05822,  -0.02845,  -0.03545,   0.01882,  -0.09148,  -0.00919,   0.05209,  -0.01094,  -0.08798,  -0.03020,  -0.05822,   0.04858,   0.09411,   0.02582,  -0.04946,   0.06259,   0.01882,  -0.00394,  -0.04946,   0.02582,  -0.00044,  -0.01269,  -0.07222,  -0.04421,  -0.00744,  -0.07397,  -0.04421,   0.02582,   0.06609,   0.00306,  -0.02495,   0.09761,  -0.01094,  -0.03721,   0.00481,   0.02057,   0.01007,   0.06784,   0.06434,  -0.07747,   0.09936,   0.00481,   0.05734,   0.01532,  -0.04071,  -0.03896,  -0.02320,   0.00657,  -0.04771,  -0.02320,   0.08185,  -0.01094,  -0.00919,  -0.07222,  -0.05296,   0.08010,  -0.00919,  -0.03721,   0.03283,  -0.01970,   0.04858,   0.03283,   0.05209,   0.01182,   0.08010,   0.02232,   0.01007,  -0.00569,   0.06609,  -0.04596,  -0.03020,  -0.00569,   0.02757,   0.05034,  -0.03020,   0.03983,  -0.03545,   0.02757,   0.02057,   0.04683,  -0.03370,   0.03808,   0.08885,  -0.05296,  -0.00044,  -0.06872,   0.02582,   0.11687,  -0.03020,  -0.06522,  -0.01269,  -0.04596,  -0.01094,  -0.04771,  -0.01620,   0.04683,   0.00306,   0.06609,  -0.03545,  -0.02145,  -0.01970,   0.01182,   0.02757,   0.04858,   0.05384,  -0.08273,  -0.06697,  -0.03721,  -0.07747,  -0.01094,  -0.01620,  -0.00569,   0.01707,   0.02057,  -0.01444,   0.00131,  -0.00569,   0.03983,  -0.07397,   0.07310,   0.04683,  -0.01444,   0.02933,  -0.04771,   0.06959,  -0.05296,   0.02407,   0.02757,   0.02232,  -0.05296,  -0.05471,   0.00481,   0.02057,  -0.07572,   0.00481,   0.03458,   0.02232,   0.02057,   0.02582,   0.01882,   0.08185,  -0.06522,  -0.07747,   0.03458,   0.00306,  -0.06347,   0.00481,   0.00481,   0.00657,   0.06084,  -0.05471,   0.03633,   0.07310,  -0.00569,   0.04683,   0.03283,   0.00832,  -0.02495,   0.10111,  -0.02320,  -0.01970,  -0.00569,  -0.02845,  -0.02495,  -0.03370,   0.08360,  -0.00394,  -0.08273,  -0.02845,   0.05384,  -0.11249,  -0.01620,   0.01882,   0.01532,   0.04508,  -0.04421,   0.05559,  -0.05121,   0.03283,  -0.07222,  -0.03721,   0.02757,   0.04333,  -0.06522,  -0.03545,   0.05034,   0.03633,  -0.01620,  -0.07747,   0.07135,   0.00657,  -0.01444,   0.09411,  -0.06172,  -0.03195,   0.00832,   0.02407,   0.00832,  -0.08973,   0.04683,   0.01707,  -0.04071,  -0.01094,   0.00832,  -0.01795,   0.00832,   0.02407,  -0.02670,   0.01182,  -0.01269,  -0.03545,  -0.08448,   0.03108,  -0.04596,  -0.05646,  -0.02495,  -0.12650,   0.09411,   0.00306,   0.05384,   0.08885,  -0.03896,  -0.00919,  -0.05296,  -0.05121,  -0.04246,  -0.01269,  -0.05296,  -0.01795,   0.04683,  -0.06347,  -0.02845,   0.03283,  -0.06872,   0.02582,  -0.09673,  -0.03896,  -0.09848,   0.05209,  -0.02845,   0.00131,   0.01182,   0.01707,   0.03808,  -0.03370,   0.04158,   0.05384,  -0.05822,   0.00657,  -0.00394,  -0.10023,  -0.01795,   0.05559,   0.06784,  -0.01795,  -0.03020,   0.04508,  -0.03721,   0.03983,   0.02582,   0.06084,  -0.00044,   0.01007,  -0.00044,   0.07135,  -0.12475,  -0.13175,  -0.02320,   0.04683,   0.01707,  -0.00044,   0.01182,  -0.07222,   0.08360,   0.07135,   0.03283,   0.03983,  -0.08098,   0.03633,   0.01357,  -0.03195,   0.07660,   0.09936,   0.07660,   0.03283,  -0.01620,   0.03458,   0.03633,  -0.06697,  -0.00919,   0.01007,  -0.04771,   0.06959,  -0.02670,   0.03283,   0.02057,  -0.02845,  -0.07047,  -0.03721,   0.04683,   0.00131,  -0.08973,  -0.00044,  -0.04771,  -0.03020,   0.07310,   0.08010,  -0.03721,   0.02757,   0.02232,   0.02933,   0.08185,  -0.03195,  -0.03545,   0.02407,  -0.05471,   0.00131,   0.01882,  -0.04246,  -0.00394,   0.01882,   0.00657,   0.01357,  -0.02320,  -0.00744,  -0.01094,   0.00657,   0.03458,  -0.03370,  -0.01795,   0.02582,   0.06434,  -0.00919,  -0.00744,  -0.00919,  -0.01620,   0.04683,   0.01532,  -0.04246,  -0.03896,  -0.06172,   0.06259,   0.03108,  -0.05121,   0.00481,  -0.01795,   0.04858,  -0.01970,  -0.00919,   0.05209,   0.01007,  -0.07397,   0.02057,  -0.06347,   0.10111,  -0.02495,  -0.00044,   0.07660,  -0.04771,   0.07485,   0.03808,   0.03983,  -0.10199,   0.08185,   0.02757,   0.06784,   0.08010,  -0.04421,  -0.00919,   0.02757,   0.01532,   0.00832,  -0.02495,   0.02757,  -0.05997,   0.04508,   0.04333,   0.02057,  -0.02495,  -0.00219,  -0.01795,   0.01707,   0.05734,  -0.00219,  -0.05646,   0.04858,   0.00832,  -0.00569,  -0.00044,  -0.00219,   0.08710,   0.00481,  -0.02320,   0.01182,   0.06609,   0.02232,  -0.04071,  -0.00044,  -0.07572,  -0.13700,   0.03808,   0.10986,  -0.00744,  -0.01620,   0.00832,  -0.01269,   0.05384,  -0.14751,   0.01357,   0.02933,   0.02407,   0.00832,   0.01532,   0.01707,   0.08885,  -0.02495,   0.04508,  -0.04596,  -0.01444,   0.01182,   0.03633,  -0.04421,   0.05559,  -0.03195,   0.01007,   0.03458,  -0.04421,  -0.07397,  -0.04946,  -0.01444,   0.00832,   0.01007,  -0.04246,  -0.02670,  -0.06522,   0.01882,   0.02232,   0.03633,  -0.01269,  -0.05646,  -0.05471,   0.00832,   0.05734,   0.03808,  -0.01269,   0.04158,   0.05559,  -0.03020,  -0.04071,  -0.03545,  -0.03020,   0.00131,  -0.01620,  -0.00744,  -0.03545,  -0.04946,   0.08885,   0.02407,   0.05384,  -0.12475,   0.01882,  -0.02320,   0.03808,   0.04508,   0.03108,   0.11512,   0.04508,   0.01182,   0.05909,   0.03458,   0.04158,  -0.04946,   0.01357,   0.00657,   0.08010,   0.04683,   0.01182,   0.00832,   0.01357,   0.04333,   0.01357,  -0.02320,  -0.02495,   0.01357,  -0.02320,  -0.05121,   0.05384,  -0.00569,  -0.03020,   0.04508,   0.02057,   0.03983,  -0.04246,  -0.08098,   0.01707,   0.04683,   0.00657,   0.09060,   0.03633,   0.08010,   0.00832,  -0.04071,   0.01532,   0.02582,   0.07135,  -0.02145,  -0.04071,  -0.04596,   0.00131,   0.12912,  -0.04421,  -0.07922,   0.02057,   0.02933,  -0.04946,   0.02232,  -0.01620,  -0.05997,   0.06084,   0.08185,  -0.04946,  -0.00044,  -0.01795,   0.00657,   0.05384,   0.03108,  -0.00919,  -0.09498,  -0.03545,   0.02757,  -0.02670,   0.02933,   0.03458,  -0.04246,   0.02933,   0.00657,  -0.00569,  -0.04071,  -0.00919,   0.04858,   0.01007,  -0.02845,  -0.02495,  -0.02670,  -0.03896,  -0.02495,  -0.01795,  -0.03020,   0.02057,   0.00481,   0.11161,  -0.03020,  -0.02320,   0.01357,   0.02933,   0.07485,  -0.00044,   0.03458,  -0.01795,   0.05209,  -0.03195,  -0.01269,   0.01182,   0.00657,  -0.03195,  -0.03896,  -0.01620,  -0.01269,   0.02232,  -0.06697,  -0.00569,   0.01357,  -0.03195
  -0.06872,  -0.06172,   0.01007,  -0.04596,   0.03983,  -0.03721,   0.01532,   0.03108,   0.00481,  -0.01094,  -0.01094,   0.03283,   0.07135,  -0.00044,  -0.07397,   0.00481,  -0.03195,  -0.02845,  -0.02495,  -0.02845,  -0.06872,   0.02757,  -0.03721,  -0.06347,   0.06259,  -0.03020,   0.03983,  -0.03896,  -0.05121,   0.03983,   0.01707,   0.00131,   0.04858,   0.04858,  -0.06347,   0.00131,  -0.02320,  -0.04071,  -0.00569,   0.00306,  -0.00044,  -0.02670,   0.03108,   0.03283,  -0.00569,  -0.00394,  -0.03896,   0.01357,  -0.00569,   0.05734,   0.01182,   0.07135,   0.00832,   0.05734,  -0.03370,  -0.01094,  -0.00044,   0.03458,   0.02057,   0.04333,  -0.00044,  -0.01444,  -0.03020,  -0.00044,   0.02407,   0.01182,  -0.01795,   0.08535,  -0.06872,  -0.01620,  -0.01444,   0.05734,   0.00131,   0.00832,  -0.01795,  -0.01094,  -0.03545,   0.09761,   0.05559,   0.01357,  -0.01269,  -0.01795,   0.08185,  -0.01620,   0.06609,  -0.06172,   0.03458,   0.01007,   0.07310,  -0.02320,   0.02407,   0.00131,   0.02933,   0.00481,  -0.09673,  -0.02320,   0.03983,  -0.04596,  -0.02320,  -0.08798,   0.05384,   0.06084,  -0.01444,  -0.00919,  -0.03195,  -0.04596,  -0.03195,  -0.04071,  -0.02670,  -0.00919,  -0.00744,   0.01532,  -0.04246,   0.00657,   0.04858,  -0.00219,  -0.02145,   0.02757,  -0.00219,   0.04158,   0.05209,  -0.00744,  -0.01269,  -0.00744,  -0.00744,   0.05734,  -0.11774,   0.02057,   0.02582,  -0.05646,   0.01182,   0.05734,   0.11161,   0.05034,  -0.02145,  -0.01269,   0.00832,  -0.05646,  -0.00044,  -0.02145,  -0.00219,   0.03108,   0.00657,   0.03283,   0.07310,   0.02057,   0.06784,  -0.01094,  -0.01269,   0.01882,  -0.03721,  -0.01620,  -0.00569,   0.03108,  -0.00044,  -0.03020,  -0.07572,   0.06084,   0.05034,   0.03983,   0.05734,  -0.05121,  -0.01094,  -0.00394,   0.01007,  -0.02145,   0.07485,  -0.00394,   0.09060,   0.01182,  -0.03370,  -0.05822,   0.01882,   0.00481,   0.01882,   0.03283,   0.02232,  -0.08973,   0.06084,  -0.04071,   0.01357,  -0.05121,   0.05209,  -0.02670,   0.00832,  -0.01094,  -0.03896,   0.02407,   0.07485,   0.01882,   0.03108,  -0.03020,  -0.00219,   0.02757,  -0.01620,  -0.08973,  -0.02320,  -0.04596,   0.06609,  -0.05121,  -0.04771,   0.01357,  -0.02145,   0.00306,  -0.04771,  -0.00744,  -0.02670,   0.02933,  -0.02320,  -0.03545,  -0.00044,   0.06609,  -0.04596,  -0.08448,   0.02933,   0.06084,   0.00131,  -0.03545,  -0.05471,   0.06959,   0.03458,  -0.03020,   0.03983,   0.02407,  -0.01970,  -0.05471,   0.01357,  -0.01094,   0.03108,  -0.01795,  -0.00044,   0.06259,   0.02757,  -0.13350,  -0.01970,   0.01532,  -0.07047,  -0.06872,  -0.04771,   0.00481,   0.00306,   0.04333,   0.01532,  -0.00744,   0.05384,   0.09586,  -0.04421,   0.03633,   0.00306,   0.01357,  -0.00744,  -0.04596,   0.00131,   0.01007,   0.03108,  -0.07572,  -0.08448,  -0.00569,   0.02057,  -0.02145,  -0.03195,   0.02232,   0.04683,  -0.03896,   0.07485,   0.06784,   0.00832,   0.03808,   0.04158,  -0.03370,   0.03983,  -0.00744,  -0.00394,   0.03808,  -0.03896,  -0.03370,   0.03283,  -0.02845,  -0.01269,  -0.07922,  -0.01444,  -0.01970,  -0.06697,   0.08185,  -0.02145,  -0.05471,  -0.06347,   0.02757,   0.01357,   0.00657,   0.01182,   0.02057,  -0.06522,   0.03983,   0.01357,  -0.03896,  -0.02145,   0.06084,  -0.00044,  -0.00219,   0.09411,   0.03808,  -0.03020,   0.07660,  -0.02145,  -0.02495,   0.03458,  -0.04246,   0.07835,   0.02232,  -0.04246,  -0.04771,   0.03108,   0.08010,   0.00131,  -0.01269,  -0.04946,   0.08360,   0.08185,   0.04333,   0.08535,   0.03633,  -0.05471,   0.03108,  -0.01269,   0.05034,   0.02407,  -0.02670,  -0.07397,   0.00306,  -0.03370,  -0.01444,  -0.03020,   0.02757,   0.00306,  -0.01620,  -0.01620,   0.05734,  -0.05471,   0.09235,   0.01357,   0.07660,  -0.00044,   0.05559,   0.07135,  -0.04071,  -0.01269,   0.08885,  -0.02320,   0.09235,  -0.07572,   0.03458,   0.06259,  -0.03020,  -0.00219,  -0.02145,  -0.02145,   0.03983,  -0.00219,  -0.05296,  -0.02320,  -0.02145,  -0.07922,   0.03108,  -0.02145,  -0.06172,   0.03283,  -0.04596,  -0.02320,   0.01007,  -0.06697,   0.01357,  -0.02320,  -0.03896,  -0.03721,  -0.04071,  -0.03545,   0.02757,  -0.01269,   0.01007,   0.04508,  -0.04946,  -0.02495,  -0.07922,   0.00131,  -0.05296,  -0.00219,  -0.00219,   0.03983,  -0.03545,  -0.00569,   0.00481,   0.10811,   0.06434,   0.00657,  -0.10899,   0.00657,   0.03458,   0.00657,  -0.03370,  -0.05822,  -0.08798,  -0.01094,   0.04158,   0.04333,  -0.02845,  -0.00919,  -0.07397,   0.01357,  -0.00394,   0.06609,  -0.00919,   0.05034,   0.00832,   0.02933,  -0.02145,  -0.00569,   0.00657,  -0.00394,   0.04508,   0.00306,   0.02057,  -0.00044,   0.01007,   0.03108,  -0.00044,  -0.01620,   0.04333,   0.01007,  -0.04771,   0.02232,  -0.05822,   0.05384,  -0.01444,  -0.00394,  -0.03896,   0.03108,   0.03108,  -0.02495,  -0.00569,   0.05034,  -0.04946,  -0.12825,   0.03633,   0.06784,   0.04158,   0.02057,  -0.00044,  -0.00394,  -0.05997,  -0.02845,  -0.01269,  -0.02670,  -0.03195,  -0.01094,   0.01532,  -0.04421,   0.05909,   0.09586,   0.04508,  -0.01444,  -0.01269,  -0.03721,   0.04333,   0.00131,  -0.00394,  -0.00394,  -0.07572,  -0.04246,   0.01007,   0.03283,   0.08185,   0.01532,  -0.01970,   0.02757,  -0.02320,  -0.04421,  -0.05121,  -0.01269,   0.01532,   0.01882,  -0.01094,   0.03808,   0.07135,  -0.03721,  -0.00744,  -0.03896,  -0.00394,  -0.03020,   0.01357,  -0.00569,   0.08535,  -0.03020,  -0.05471,  -0.01444,  -0.03721,  -0.00569,  -0.01094,  -0.07222,  -0.04946,   0.02407,  -0.03721,   0.04333,  -0.03896,  -0.05296,  -0.03370,   0.04508,   0.01357,   0.02582,  -0.00044,  -0.00219,   0.03983,  -0.02670,  -0.07047,  -0.03195,  -0.04596,  -0.06347,   0.01882,   0.04333,  -0.02320,  -0.05296,   0.04683,  -0.03195,   0.01007,  -0.05471,  -0.00569,   0.06259,  -0.02670,   0.04158,  -0.01269,   0.00481,  -0.02320,  -0.05296,   0.04858,   0.07835,   0.06609,  -0.01620,  -0.03020,  -0.02845,   0.04683,  -0.05471,  -0.04071,   0.01707,   0.02407,  -0.04771,   0.09936,  -0.03195,   0.03283,  -0.00919,  -0.03195,  -0.00569,  -0.00569,   0.09235,   0.01357,  -0.04071,   0.03458,   0.01707,  -0.02145,   0.00306,  -0.07572,  -0.02845,  -0.01094,   0.02407,  -0.08098,   0.00131,   0.01882,  -0.00569,  -0.00744,   0.01532,   0.01532,  -0.03896,   0.00832,   0.02057,  -0.00919,   0.00832,   0.07835,  -0.03545,  -0.02670,   0.06084,   0.01182,   0.05559,  -0.07572,   0.02232,  -0.03721,  -0.04246,  -0.02670,   0.04858,  -0.00744,   0.00657,  -0.05997,   0.05559,  -0.00919,  -0.04421,   0.03458,   0.00306,  -0.00919,   0.02757,   0.02582,   0.00131,   0.02933,  -0.04246,  -0.03721,   0.01532,  -0.00044,  -0.00044,   0.01007,  -0.03020,  -0.03370,   0.05034,   0.05034,  -0.01094,   0.07310,  -0.06347,   0.09235,   0.02933,  -0.02845,  -0.00919,   0.09936,   0.00657,  -0.07572,   0.04333,   0.02232,  -0.06172,   0.00131,  -0.03370,  -0.03721,  -0.10374,  -0.01094,  -0.08098,   0.02582,  -0.03370,  -0.03370,   0.01707,   0.01532,   0.01182,   0.05909,   0.02232,  -0.08098,  -0.03195,   0.01882,  -0.01620,  -0.00569,   0.00657,  -0.04246,   0.01532,   0.02057,  -0.09323,   0.04858,  -0.03545,  -0.00919,   0.00832,   0.01532,  -0.01094,  -0.03721,   0.04683,   0.02582,   0.05209,  -0.02145,   0.05909,   0.00481,  -0.04071,  -0.05471,   0.03283,  -0.00044,  -0.00394,  -0.01269,  -0.02320,   0.01707,   0.03458,  -0.10199,   0.02582,   0.00131,  -0.05997,  -0.01970,  -0.10199,  -0.05822,   0.00832,   0.01707,  -0.03545,   0.05209,  -0.05646,  -0.05121,   0.00832,  -0.01444,   0.01882,   0.03983,  -0.01970,  -0.07572,  -0.02845,  -0.04246,   0.02582,   0.02407,  -0.00569,  -0.03370,   0.05909,  -0.09323,   0.07660,  -0.10724,  -0.06522,  -0.00044,  -0.03195,  -0.06872,  -0.02845,   0.00832,  -0.03020,   0.04333,  -0.06872,   0.00131,  -0.02845,   0.01707,  -0.01444,  -0.04771,   0.02057,  -0.03020,  -0.01970,   0.10636,   0.01182,  -0.04596,  -0.05296,  -0.01444,  -0.02845,   0.03633,  -0.00044,  -0.05822,  -0.01795,  -0.04421,  -0.00219,   0.00481,  -0.03370,  -0.03370,  -0.01970,   0.00306,   0.01357,  -0.01094,  -0.00569,   0.02232,  -0.03545,   0.04508,   0.02407,  -0.00569,   0.02933,   0.00306,  -0.03721,   0.03283,   0.00131,   0.01357,   0.05559,   0.08185,  -0.05121,  -0.05822,   0.00481,   0.07485,  -0.00569,   0.03633,   0.02933,   0.03458,  -0.02320,   0.04508,   0.02407,   0.09060,  -0.06172,   0.05034,  -0.02495,  -0.02145,   0.04158,   0.06259,   0.02933,   0.04333,   0.03808,   0.03283,  -0.02845,  -0.01269,   0.01532,   0.02757,   0.05209,  -0.03896,   0.03283,   0.06609,   0.03633,   0.08185,  -0.01094,   0.01357,  -0.01970,  -0.01444,   0.02757,  -0.03195,  -0.04071,   0.05734,  -0.09673,   0.00481,  -0.02495,   0.04158,   0.02057,  -0.02845,   0.06434,  -0.01269,   0.02232,  -0.03896,   0.02232,   0.02232,  -0.03020,  -0.02670,   0.08535,   0.02407,  -0.01970,  -0.03195,   0.09060,  -0.00569,   0.08010,  -0.01970,  -0.08448,   0.03283,   0.01182,  -0.00919,  -0.03545,   0.03108,   0.06784,  -0.01620,  -0.01970,  -0.00219,  -0.06172,   0.09761,  -0.00044,  -0.00219,   0.01357,   0.03458,   0.05384,  -0.08448,   0.01707,   0.00306,   0.02407,   0.03983,   0.03283,  -0.01795,   0.03633,  -0.01795,   0.01007,   0.09586,   0.01007,   0.00832,   0.02407,   0.03983,   0.00131,  -0.02670,   0.00131,  -0.02320,  -0.03195,   0.05034,  -0.01795,   0.03458,  -0.00044,   0.05034,   0.05384,  -0.04246,   0.00481,  -0.01620,  -0.01970,   0.02933,  -0.04071,   0.03633,  -0.05646,   0.01882,  -0.03896,  -0.07747,   0.03633,  -0.06347,  -0.00219,   0.03808,  -0.04421,  -0.03896,   0.03983,   0.02232,   0.01707,  -0.00219,   0.01882,   0.04158,   0.07485,   0.02057,  -0.05121,   0.05209,   0.05209,  -0.00919,  -0.04946,  -0.08448,   0.00832,  -0.03195,  -0.06522,   0.00131,   0.07660,   0.02232,   0.02407,  -0.07222,   0.01707,  -0.00044,   0.06784,  -0.03896,   0.03983,   0.02057,  -0.01620,   0.03283,  -0.09498,   0.03108,  -0.03545,   0.03283,  -0.04946,   0.00832,  -0.02495,  -0.03020,  -0.06872,  -0.03195,  -0.04421,  -0.05997,  -0.00394,  -0.05471,  -0.05646,   0.07310,   0.03108,   0.07310,  -0.01620,   0.09235,  -0.00394,  -0.04421,   0.01707,  -0.00044,  -0.03545,   0.02232,  -0.05822,   0.00657,  -0.04071,   0.06784,  -0.03195,   0.08885,  -0.00219,  -0.02845,  -0.03721,  -0.11424,  -0.03721,   0.03458,   0.05209,   0.02232,   0.00657,  -0.04771,  -0.03896,   0.04333,  -0.05646,   0.05209,  -0.04246,  -0.03020,   0.03983,   0.04683,   0.11862,  -0.04946,   0.02057,  -0.07922,   0.01882,  -0.01795,  -0.00394,  -0.03020,   0.06609,  -0.03896,  -0.09323,   0.07135,  -0.02845,  -0.06522,   0.03108,  -0.00744,   0.06784,  -0.01795,  -0.01094,   0.01357,  -0.06872,  -0.04596,  -0.02495,  -0.04071,  -0.08098,   0.03458,  -0.00744,  -0.01795,   0.00481,  -0.02320,   0.01532,  -0.01094,   0.06434,   0.10461,  -0.01444,  -0.02670,  -0.02670,   0.03108,  -0.02845,   0.03108,   0.00131,   0.02407,   0.03283,   0.00131,  -0.02845,  -0.00744,  -0.05121,  -0.03896,   0.05209,  -0.00744,  -0.07047,   0.01182,   0.08885,   0.04858,  -0.03020,   0.07310,  -0.03721,   0.05034,   0.01357,   0.02757,   0.01182,  -0.01970,  -0.02845,  -0.00219,   0.08885,   0.03108,   0.00832,  -0.04421,   0.06959,   0.02232,  -0.03721,   0.05034,  -0.01795,  -0.11949
   0.01707,  -0.05646,  -0.01620,  -0.02145,  -0.05296,   0.00832,   0.03108,   0.02407,   0.04683,  -0.01620,   0.02933,   0.01532,   0.01707,   0.03283,  -0.00569,  -0.00219,   0.03108,   0.00657,  -0.06872,  -0.01620,   0.01357,   0.02933,  -0.01094,  -0.05296,   0.01182,  -0.02320,   0.03458,  -0.00744,  -0.01970,  -0.01444,  -0.00044,   0.01532,   0.06259,  -0.01970,  -0.01444,  -0.00569,   0.06434,   0.01182,   0.08360,  -0.06872,  -0.00219,   0.00657,  -0.03020,   0.04158,   0.00657,   0.00832,  -0.01620,   0.02757,  -0.00219,  -0.00744,  -0.01970,  -0.00919,   0.05909,   0.00481,  -0.04071,   0.04333,   0.01357,  -0.05646,  -0.04071,  -0.05997,   0.02232,   0.04683,   0.05034,   0.06259,   0.04508,   0.02407,  -0.00044,  -0.01795,   0.02757,   0.05384,  -0.03545,  -0.02495,   0.03283,   0.03808,  -0.00744,   0.05209,   0.04683,   0.00481,  -0.03370,   0.02232,  -0.05997,  -0.05471,  -0.05646,   0.05384,  -0.00044,   0.01532,   0.00481,   0.00481,  -0.00044,  -0.02145,  -0.00219,   0.01707,   0.07835,   0.00306,  -0.04771,   0.04858,   0.02933,  -0.06697,   0.04333,  -0.08623,  -0.02320,  -0.02145,  -0.00919,  -0.06522,   0.00131,   0.14663,  -0.05121,   0.01707,   0.02582,   0.00306,  -0.01444,  -0.03545,   0.02232,  -0.04946,   0.01882,  -0.05822,   0.05034,  -0.09323,   0.06609,   0.00306,  -0.02495,   0.00481,   0.00832,  -0.00044,   0.02582,   0.01882,  -0.01444,   0.06959,   0.00306,   0.00481,  -0.00219,  -0.00919,  -0.02845,   0.03283,  -0.05296,   0.02232,   0.01007,  -0.01795,  -0.02845,  -0.03020,  -0.01970,  -0.04596,  -0.00044,   0.00131,   0.01357,  -0.05646,  -0.02145,   0.02407,   0.03633,   0.00306,  -0.02845,  -0.01444,  -0.02145,  -0.00044,   0.03283,  -0.02145,   0.00131,  -0.06172,   0.01182,   0.03108,   0.05384,   0.01707,  -0.05822,   0.03633,  -0.03721,  -0.04946,  -0.00394,   0.03808,   0.03283,   0.02933,   0.05209,  -0.07572,   0.04508,  -0.03370,   0.04158,  -0.02145,  -0.00744,   0.01532,  -0.01444,  -0.00394,  -0.01620,   0.00832,  -0.00569,   0.00306,   0.02582,  -0.01620,   0.01357,  -0.03195,   0.02757,  -0.01444,   0.03283,  -0.05822,  -0.00394,  -0.02845,  -0.05296,  -0.01269,   0.02933,  -0.02845,  -0.01620,  -0.07922,  -0.10199,   0.01357,  -0.00394,  -0.04596,   0.00131,  -0.01970,  -0.00219,  -0.01269,   0.09411,   0.02407,   0.01007,  -0.04771,   0.04858,   0.04683,  -0.04596,  -0.01094,  -0.04596,   0.01007,  -0.02145,   0.08535,  -0.00219,   0.03108,  -0.04596,  -0.04071,  -0.05646,   0.01882,  -0.03370,   0.00657,  -0.07397,   0.02933,   0.02582,  -0.01269,   0.03633,  -0.03020,  -0.03545,   0.02582,   0.00131,   0.02057,  -0.00744,   0.01882,   0.02933,   0.02933,   0.02757,  -0.01269,   0.05384,   0.06609,   0.03633,   0.02232,   0.06609,   0.04333,   0.01007,  -0.07397,  -0.01094,  -0.02845,  -0.02495,  -0.00569,   0.02582,   0.01882,   0.02407,  -0.02670,  -0.04421,  -0.01269,  -0.00919,   0.03633,   0.01007,  -0.01970,  -0.04071,  -0.02670,   0.06259,   0.02407,  -0.01620,   0.02582,   0.00306,  -0.05121,  -0.01970,   0.06434,  -0.00569,  -0.02670,   0.10636,  -0.07572,   0.03458,  -0.04946,   0.05909,   0.04508,  -0.02145,   0.08710,   0.00131,   0.02057,   0.06259,   0.00481,   0.05209,   0.01707,   0.02582,  -0.02670,  -0.02495,  -0.04246,  -0.01269,  -0.01444,   0.08360,  -0.09323,   0.03983,  -0.13175,   0.04333,  -0.01094,   0.03108,   0.00481,  -0.03896,  -0.00919,  -0.01094,   0.02057,   0.02232,   0.00481,  -0.02495,   0.01707,  -0.00394,  -0.02495,   0.02232,   0.04333,  -0.04246,   0.08010,  -0.01444,  -0.03896,   0.07485,  -0.03195,   0.00131,   0.07135,  -0.08098,  -0.03896,  -0.04771,   0.01882,  -0.00744,   0.03983,   0.02407,  -0.01970,  -0.02845,   0.03458,   0.03458,   0.07310,  -0.02670,  -0.02495,   0.02757,   0.00657,  -0.01620,   0.02933,   0.00306,   0.06609,  -0.03020,  -0.02670,   0.00306,  -0.03195,  -0.00744,  -0.04421,  -0.01094,   0.00832,  -0.01795,  -0.04071,   0.07835,  -0.04071,  -0.01269,   0.00657,   0.01182,  -0.03545,   0.01182,  -0.03545,   0.09060,  -0.01795,   0.09060,   0.02407,  -0.02495,  -0.01970,  -0.00394,  -0.02495,   0.00481,  -0.04771,  -0.05296,  -0.01444,  -0.06697,  -0.04071,   0.00832,  -0.01269,  -0.00044,  -0.03195,  -0.03195,  -0.01094,  -0.11424,  -0.04246,   0.03108,   0.00481,   0.01882,  -0.02320,   0.00481,  -0.10549,   0.04333,   0.01182,  -0.01620,   0.06259,  -0.02145,   0.02057,  -0.03896,   0.02057,  -0.02845,   0.07135,   0.05209,  -0.01269,  -0.00569,   0.04158,  -0.01094,  -0.01970,  -0.02670,  -0.02670,   0.00306,   0.01357,   0.02407,   0.02232,  -0.07222,  -0.04246,  -0.07047,   0.03108,  -0.00744,   0.09761,   0.02407,  -0.01444,   0.03808,   0.06259,   0.08185,  -0.02845,  -0.02495,  -0.03020,   0.02232,  -0.03370,  -0.11599,  -0.06697,   0.08535,   0.06259,  -0.00219,   0.01532,  -0.03020,   0.01707,  -0.09673,   0.04858,  -0.00569,   0.02933,  -0.00394,   0.02582,   0.06259,  -0.01795,  -0.02670,   0.01182,  -0.01795,  -0.03370,  -0.00919,  -0.05646,  -0.01795,  -0.00219,  -0.09673,   0.04508,   0.02582,  -0.09673,  -0.03721,   0.01007,   0.02232,  -0.03896,   0.00481,   0.01532,  -0.02145,   0.07310,   0.02057,   0.02407,   0.01007,  -0.00919,  -0.03020,  -0.05471,   0.07135,   0.00306,  -0.03020,   0.06084,  -0.02320,  -0.01795,  -0.06697,  -0.00219,  -0.02495,   0.07660,   0.02232,  -0.00569,   0.02057,   0.05559,  -0.01269,  -0.02145,  -0.07047,   0.02232,   0.00481,   0.02582,   0.08010,   0.05209,   0.03633,  -0.07747,  -0.01094,  -0.01444,  -0.02320,   0.00657,  -0.05646,   0.03633,  -0.05121,  -0.03721,   0.00131,   0.08535,  -0.00569,   0.07310,  -0.00394,  -0.00919,   0.03983,   0.05034,   0.00657,   0.00306,   0.04158,  -0.05997,  -0.06697,  -0.01094,  -0.01444,  -0.02670,   0.04683,   0.00832,  -0.08798,  -0.03195,  -0.03545,  -0.03545,  -0.00919,   0.01707,   0.04683,  -0.02845,   0.03808,  -0.06172,  -0.00569,   0.03458,  -0.01269,  -0.05822,  -0.01444,  -0.09323,   0.06784,  -0.01269,   0.04158,  -0.01795,  -0.01795,   0.01007,  -0.01094,   0.02757,   0.00131,  -0.00044,  -0.01094,   0.01532,  -0.02320,  -0.02145,  -0.00919,   0.01707,   0.05909,   0.03983,  -0.05997,  -0.00219,  -0.00744,   0.00481,  -0.00569,   0.03108,   0.04508,   0.10636,   0.02057,  -0.05822,  -0.00744,  -0.03195,   0.02057,  -0.00044,   0.02757,   0.00131,   0.01707,   0.04683,  -0.01620,  -0.00919,  -0.02845,  -0.05121,  -0.08623,   0.02933,   0.01007,   0.02407,  -0.01620,  -0.01970,   0.00131,  -0.04246,   0.06084,  -0.03545,  -0.02495,   0.05384,   0.02582,  -0.05471,  -0.07397,   0.01007,   0.01707,   0.03983,  -0.01620,  -0.03195,   0.11161,   0.00131,   0.03458,   0.00481,  -0.03896,  -0.03020,  -0.04596,  -0.03545,  -0.05296,   0.02582,   0.01007,   0.01882,   0.04858,   0.01882,  -0.01269,  -0.00569,  -0.04421,   0.05209,   0.01532,  -0.00044,  -0.00919,  -0.00569,   0.06259,   0.02582,   0.00481,   0.11161,  -0.02145,  -0.00044,  -0.00744,  -0.02145,  -0.03370,   0.01707,  -0.00569,  -0.01269,  -0.04946,   0.00306,  -0.03370,  -0.03195,   0.02582,  -0.04071,   0.02407,   0.03108,   0.02407,   0.03458,   0.01882,  -0.11249,   0.03458,   0.03458,   0.02757,  -0.04771,  -0.05997,  -0.00744,  -0.05997,   0.01182,  -0.03545,  -0.01444,   0.01707,  -0.05997,  -0.00744,  -0.00219,  -0.00044,  -0.00219,  -0.00569,  -0.03896,   0.01182,   0.02933,  -0.01795,   0.03808,  -0.01970,   0.01357,  -0.02145,   0.03283,   0.04333,  -0.03545,   0.01707,   0.02933,   0.03108,   0.09586,  -0.01094,   0.01007,  -0.07922,   0.02057,  -0.00044,  -0.04421,  -0.00394,   0.04683,  -0.01970,  -0.01795,  -0.00044,   0.01007,  -0.02845,   0.00306,  -0.00744,  -0.03545,  -0.03370,   0.06259,  -0.00569,  -0.03721,  -0.00394,   0.08710,  -0.03020,  -0.01094,  -0.01795,   0.08185,   0.08185,  -0.00569,  -0.01620,  -0.06172,  -0.00044,   0.02582,  -0.01970,  -0.02845,  -0.03020,  -0.02495,  -0.00394,   0.00832,   0.03633,  -0.07922,  -0.02145,   0.03808,   0.02232,   0.03108,   0.02057,  -0.03020,   0.02057,   0.03808,   0.00131,   0.01707,   0.03808,   0.03458,   0.02582,  -0.00044,   0.00832,  -0.00044,  -0.04071,  -0.02145,  -0.00744,   0.01707,  -0.00744,   0.06084,   0.02057,   0.02582,   0.01182,   0.01357,  -0.01970,  -0.01795,   0.07310,   0.01882,  -0.00394,   0.00657,  -0.01620,  -0.05646,   0.00832,   0.02933,  -0.05296,   0.08535,   0.01707,   0.04158,  -0.04421,   0.00131,  -0.01795,  -0.00744,  -0.01444,  -0.03370,   0.05209,  -0.01620,  -0.03721,  -0.00044,   0.01882,  -0.05822,   0.03983,   0.02582,   0.00657,  -0.00394,  -0.05997,   0.02757,  -0.02145,   0.06784,  -0.01444,  -0.00394,   0.04333,   0.00657,   0.01007,  -0.07572,  -0.05121,  -0.03721,   0.02582,  -0.00219,   0.02757,   0.02232,   0.03283,   0.06784,  -0.00394,   0.03808,  -0.07047,  -0.01795,   0.00131,  -0.00044,   0.06784,  -0.02320,  -0.03721,   0.06084,   0.00131,   0.03458,   0.06784,  -0.01620,  -0.04421,  -0.02670,   0.03633,   0.00657,  -0.02845,   0.00481,  -0.04246,  -0.02495,   0.01007,  -0.02145,   0.01532,  -0.01094,  -0.02670,   0.02407,  -0.01970,  -0.02845,   0.06609,   0.06959,   0.01007,   0.01882,  -0.02670,   0.02757,   0.04683,   0.03458,  -0.04596,   0.02933,   0.00131,  -0.02670,   0.01532,   0.03283,  -0.04596,  -0.00044,   0.02232,  -0.11774,   0.02232,   0.00832,   0.00832,   0.05559,  -0.06172,  -0.00919,  -0.03195,  -0.01795,  -0.04246,   0.01707,   0.02582,   0.02057,   0.04158,   0.00131,   0.03633,   0.03983,   0.02582,   0.02057,  -0.04071,   0.02757,   0.03633,  -0.09673,   0.00131,   0.00832,   0.00131,   0.03808,  -0.05471,   0.04158,  -0.00569,   0.01707,   0.00131,  -0.04421,  -0.03020,   0.02757,   0.05034,   0.02407,  -0.05121,   0.02407,   0.01532,   0.01357,  -0.01094,  -0.03195,   0.01882,   0.00657,   0.08710,  -0.01094,   0.00481,  -0.05997,  -0.06697,  -0.05296,   0.01882,  -0.03721,   0.00131,   0.03458,   0.03983,  -0.00219,   0.04683,   0.05734,  -0.00744,   0.02057,  -0.03721,  -0.02145,   0.07135,   0.04333,   0.02057,  -0.07397,  -0.06697,   0.07310,  -0.05646,  -0.05471,  -0.00919,  -0.02145,  -0.04421,   0.02407,   0.03108,  -0.06172,   0.00657,  -0.02495,   0.01532,  -0.01970,   0.03283,   0.03458,  -0.04771,   0.02933,  -0.06697,   0.03108,  -0.00919,  -0.03545,   0.04683,   0.00306,   0.01882,  -0.02845,   0.00832,   0.03983,  -0.02845,  -0.00394,  -0.00044,  -0.05296,   0.02582,  -0.05822,  -0.01795,   0.03983,   0.04858,  -0.03545,  -0.09323,   0.02057,  -0.02495,   0.01532,   0.09235,  -0.03896,   0.05734,  -0.00219,  -0.02320,  -0.05822,   0.07310,   0.01707,   0.02407,  -0.07922,   0.03808,  -0.08273,   0.03283,   0.02757,   0.01182,  -0.05646,  -0.04246,  -0.05296,   0.05909,  -0.03020,   0.00657,  -0.00219,   0.02757,  -0.01620,  -0.00044,   0.03283,   0.00481,  -0.04421,   0.00657,  -0.00219,   0.03458,   0.01182,   0.01707,  -0.00044,  -0.00919,   0.04858,  -0.00219,   0.03633,   0.02933,   0.04158,   0.09936,   0.02232,   0.04333,  -0.03020,   0.02232,  -0.02495,  -0.01970,  -0.06872,   0.05034,  -0.02670,   0.01182,   0.02232,   0.01007,   0.05559,   0.03808,   0.03633,   0.00832,   0.02933,   0.04858,  -0.01970,   0.00481,  -0.06697,  -0.04596,  -0.03896,  -0.01970,   0.06609,   0.01882,  -0.06347,   0.00657,  -0.00919,   0.01182,  -0.00569,  -0.05822,   0.01182,   0.03458,   0.01532,   0.01007,   0.05909
   0.01182,   0.07485,  -0.00219,   0.02232,   0.03983,   0.07660,  -0.04246,   0.04683,  -0.03020,   0.02582,   0.04508,  -0.04071,  -0.00219,   0.02057,  -0.00744,  -0.04946,   0.05909,  -0.02845,   0.01182,   0.01882,  -0.03545,   0.04858,   0.03633,   0.01007,   0.07660,   0.01007,   0.06434,  -0.00919,   0.01532,   0.01357,  -0.01970,  -0.03195,   0.02933,  -0.01795,  -0.01970,  -0.03545,   0.02407,   0.02232,   0.01882,   0.00481,   0.03983,  -0.05296,   0.00657,   0.06784,  -0.00394,  -0.03545,  -0.03020,  -0.05296,  -0.03195,  -0.05997,   0.00481,  -0.03721,   0.01532,  -0.07047,  -0.00044,   0.04158,   0.02407,   0.00657,  -0.04771,   0.04333,  -0.00044,  -0.04421,  -0.00569,   0.01707,  -0.02145,   0.02933,   0.01007,  -0.05471,   0.03983,   0.00481,   0.08710,  -0.00219,  -0.03020,   0.01707,   0.00131,  -0.06347,  -0.01970,   0.01882,  -0.00394,   0.01007,   0.01707,   0.03808,  -0.02145,   0.05384,  -0.02145,   0.02057,   0.03808,  -0.03195,  -0.05471,   0.00657,  -0.06522,   0.06609,  -0.09148,  -0.01970,  -0.05471,  -0.06347,  -0.01795,   0.03808,  -0.04421,  -0.01970,   0.02933,  -0.04596,  -0.02670,  -0.00044,  -0.00394,  -0.08273,   0.06259,  -0.02495,  -0.00219,   0.01007,   0.03108,  -0.00569,   0.05209,   0.04333,   0.03633,   0.01357,   0.04683,  -0.03545,  -0.06522,   0.03458,  -0.00569,   0.03108,   0.02407,  -0.07397,  -0.03545,  -0.00394,  -0.05296,  -0.01970,   0.05559,   0.10461,  -0.00744,  -0.00394,  -0.00744,   0.02057,   0.02582,   0.02582,   0.01182,  -0.00044,  -0.02320,   0.06434,  -0.00919,   0.09060,   0.01707,  -0.01269,  -0.03545,   0.14663,   0.03458,  -0.04246,   0.03808,  -0.02670,  -0.05997,   0.05209,  -0.03545,  -0.01795,   0.08185,  -0.04946,   0.00131,  -0.03545,   0.03633,   0.06784,   0.03108,  -0.03545,  -0.01795,   0.02057,   0.02232,   0.02582,   0.05734,   0.07135,  -0.05822,   0.01532,  -0.01269,  -0.03020,   0.00657,   0.03983,   0.05034,   0.00657,  -0.02320,   0.00131,   0.03458,  -0.00219,   0.03633,  -0.07397,   0.03108,   0.03983,  -0.03195,  -0.01269,   0.05384,  -0.02670,   0.01357,   0.06434,   0.01707,  -0.05822,  -0.00394,   0.02057,  -0.04071,   0.01707,   0.02407,  -0.11074,  -0.00744,  -0.05296,   0.01532,   0.02757,   0.04683,   0.01532,   0.10636,   0.04683,   0.01707,   0.03283,  -0.01620,  -0.00744,   0.00657,  -0.01795,  -0.05646,   0.04683,   0.02407,   0.03808,  -0.05822,  -0.03195,  -0.03370,  -0.07922,   0.00481,   0.01357,  -0.08973,  -0.03721,   0.02933,  -0.01094,  -0.00569,  -0.01795,  -0.03195,   0.01007,   0.10461,  -0.00744,  -0.02670,  -0.00394,  -0.00394,   0.04158,   0.03458,   0.00657,   0.02057,  -0.03370,   0.02407,  -0.02145,  -0.02495,  -0.02845,  -0.03370,   0.01707,  -0.04071,  -0.03896,   0.01007,  -0.00394,  -0.02320,   0.02407,   0.01182,  -0.04421,   0.04508,  -0.00919,   0.03283,   0.03283,  -0.03721,  -0.04596,   0.02933,   0.02057,   0.05209,   0.00306,   0.02407,  -0.01269,   0.02057,  -0.00394,   0.00481,  -0.00744,  -0.02670,   0.02407,   0.01182,  -0.06697,  -0.01620,  -0.06697,   0.10461,   0.01882,  -0.02670,   0.08360,  -0.03896,  -0.00394,   0.03633,  -0.02145,   0.00306,   0.01357,  -0.06347,  -0.02145,   0.01532,   0.06434,  -0.04421,   0.03808,  -0.02145,  -0.01970,  -0.00394,  -0.05121,   0.00131,   0.08185,   0.03808,  -0.00044,  -0.05646,  -0.06522,  -0.08273,   0.06959,  -0.05471,   0.05034,   0.04158,   0.03108,   0.01532,  -0.01269,   0.07310,  -0.00219,  -0.05822,  -0.01620,  -0.02145,  -0.03896,  -0.05997,  -0.00744,   0.02232,  -0.01970,  -0.06522,  -0.06872,  -0.02145,   0.06959,   0.00481,  -0.07572,  -0.03721,   0.00481,  -0.04246,  -0.03721,   0.12737,   0.06609,   0.01882,  -0.08798,  -0.00044,   0.00832,   0.01182,   0.03108,   0.02232,   0.00832,   0.01182,  -0.05997,   0.06084,  -0.03195,  -0.04596,  -0.03370,  -0.02845,  -0.02495,   0.02757,   0.07485,   0.07485,  -0.01795,   0.04158,  -0.00919,   0.13087,  -0.02145,   0.03633,  -0.00569,  -0.07747,  -0.01094,  -0.03020,  -0.03195,  -0.01795,   0.04683,   0.06084,  -0.05121,  -0.01444,   0.00306,   0.04683,   0.05384,   0.07485,  -0.02320,   0.00481,  -0.03545,   0.03108,  -0.02145,  -0.02670,   0.12037,   0.03283,  -0.03545,  -0.01094,   0.02582,   0.04508,   0.01532,   0.00832,   0.00481,   0.00131,   0.03283,   0.02057,   0.01882,  -0.06522,  -0.04246,  -0.02495,  -0.04246,  -0.01094,  -0.01444,   0.02933,  -0.03896,  -0.00219,  -0.05121,  -0.05121,  -0.00744,  -0.01269,   0.04333,   0.02057,   0.03283,  -0.05646,   0.04858,  -0.00219,   0.05034,   0.03108,   0.03108,   0.03458,   0.00481,  -0.05471,   0.06084,   0.01532,  -0.03020,   0.03283,  -0.07747,   0.00657,   0.02057,  -0.00744,   0.06434,  -0.01269,  -0.02845,   0.04158,   0.00131,   0.01882,   0.10461,  -0.04596,   0.00481,  -0.00744,  -0.02145,  -0.05471,  -0.03370,   0.05034,  -0.00394,   0.01532,  -0.02845,  -0.02145,   0.00131,   0.02582,   0.01357,  -0.02845,  -0.05296,   0.02057,   0.06434,  -0.00394,  -0.03545,  -0.00044,   0.01707,  -0.04071,  -0.09498,   0.02582,   0.05559,   0.00481,  -0.05121,   0.05909,   0.10111,  -0.02320,   0.01007,   0.02757,   0.03633,  -0.02845,   0.05734,   0.04858,  -0.03020,   0.12212,   0.02057,  -0.00394,  -0.08098,   0.01532,  -0.03545,   0.10986,   0.02582,   0.06434,   0.10461,   0.05734,  -0.05121,   0.02757,  -0.00919,   0.07310,   0.00131,  -0.03721,  -0.02495,  -0.03370,  -0.00219,   0.01007,   0.05559,   0.08185,   0.06259,  -0.04071,  -0.00044,  -0.00569,   0.07485,   0.00131,  -0.02145,  -0.01620,   0.06259,  -0.00569,   0.04858,   0.05909,   0.06959,   0.02232,   0.03808,  -0.01620,   0.00832,  -0.06872,   0.04683,   0.08710,   0.04858,   0.01882,  -0.07747,  -0.05822,  -0.01444,   0.00131,   0.00306,  -0.04946,   0.02407,  -0.03896,  -0.07047,   0.01357,  -0.00569,   0.02057,   0.07135,   0.01882,   0.01182,   0.03108,   0.01707,   0.01007,   0.00131,   0.00832,  -0.05296,   0.01182,  -0.03020,  -0.03721,   0.04158,  -0.07047,  -0.01094,  -0.02145,   0.01532,   0.11161,   0.03458,  -0.03020,  -0.00044,  -0.04246,   0.07660,   0.08710,  -0.04946,  -0.07397,  -0.04246,   0.01357,   0.01532,  -0.00919,  -0.02320,   0.02933,   0.02232,  -0.05121,  -0.05296,  -0.03020,   0.00306,   0.02757,  -0.07747,   0.01182,  -0.04596,  -0.01444,  -0.01620,  -0.05997,   0.06084,   0.02933,   0.02757,  -0.01094,   0.10111,   0.01707,  -0.01269,  -0.05471,   0.05559,   0.01007,  -0.00569,  -0.05822,  -0.01444,   0.02232,  -0.03370,   0.03108,  -0.02145,   0.05034,  -0.01444,   0.05734,   0.05209,   0.03283,   0.00131,  -0.00394,  -0.08273,   0.00306,  -0.07397,   0.06609,  -0.02145,   0.04333,  -0.02320,   0.02057,  -0.05471,   0.00657,  -0.03721,   0.04858,  -0.04946,   0.01357,   0.05559,  -0.04596,  -0.03195,   0.01707,   0.06784,   0.00306,   0.06959,   0.07835,   0.06609,  -0.06347,  -0.03195,  -0.05822,   0.04158,   0.00131,  -0.02320,  -0.08623,   0.03808,   0.07660,  -0.00569,   0.01882,  -0.03896,   0.01007,  -0.04771,  -0.05121,   0.02232,  -0.00394,   0.06434,  -0.00394,   0.01357,   0.02232,   0.05209,  -0.04596,  -0.00569,  -0.04946,   0.01882,   0.10461,   0.05734,  -0.04071,  -0.05822,  -0.04946,  -0.02495,  -0.00044,   0.04333,   0.04683,   0.01007,   0.06609,   0.05909,  -0.04246,   0.00832,  -0.00044,  -0.02670,   0.01007,  -0.10724,  -0.02670,  -0.02670,  -0.01269,  -0.05646,  -0.01620,  -0.02320,   0.03108,  -0.05471,  -0.00219,  -0.04421,   0.01007,  -0.03721,   0.02057,   0.00131,   0.01357,   0.00131,   0.04158,  -0.01269,   0.05384,  -0.05296,   0.00481,  -0.00744,   0.05209,  -0.01094,  -0.04421,  -0.01269,   0.00131,   0.10111,  -0.07222,  -0.02495,  -0.03896,  -0.03195,  -0.10023,   0.01882,  -0.03721,   0.03108,  -0.01795,  -0.05296,   0.03983,  -0.00044,   0.00481,   0.01007,   0.01007,  -0.01620,  -0.08448,  -0.02495,   0.09936,   0.08185,   0.08010,  -0.07572,  -0.00044,   0.03283,  -0.00044,   0.05734,   0.00481,  -0.04946,   0.00832,  -0.06172,  -0.00044,  -0.02495,  -0.02495,  -0.06872,   0.03283,  -0.00919,  -0.04071,   0.01532,   0.01882,  -0.03545,   0.01182,  -0.06522,   0.02757,   0.00131,   0.01182,   0.01182,  -0.03020,  -0.00569,   0.01182,  -0.04071,  -0.01269,  -0.02670,  -0.05471,   0.01182,  -0.09498,  -0.04421,   0.00481,  -0.02145,   0.00131,   0.00481,   0.06784,   0.01882,  -0.09323,  -0.04246,   0.00306,  -0.04421,   0.00306,   0.01882,   0.01707,   0.01707,  -0.04246,  -0.05646,   0.11161,   0.02232,   0.03808,   0.05384,  -0.02495,   0.01357,   0.00481,  -0.04596,  -0.00219,   0.05209,   0.00832,  -0.01970,   0.07485,  -0.00044,  -0.05296,   0.00306,   0.00657,   0.03458,   0.04683,  -0.08273,  -0.02320,   0.00306,  -0.05471,   0.03283,   0.09936,   0.01007,   0.03808,   0.01882,   0.07835,  -0.05646,   0.07135,   0.01707,   0.00832,  -0.01269,   0.00131,  -0.02320,  -0.00044,   0.03808,   0.04333,  -0.02320,  -0.08273,   0.03283,   0.05209,   0.01357,   0.00832,   0.03808,   0.10636,  -0.03370,   0.03458,  -0.03370,   0.08185,  -0.04071,  -0.00219,   0.02582,  -0.04071,  -0.07047,   0.00832,   0.02057,  -0.08798,  -0.00919,   0.03633,  -0.03020,  -0.00919,   0.00306,  -0.01444,  -0.01795,  -0.03370,  -0.03896,  -0.00394,   0.09936,   0.05209,   0.04683,  -0.05121,  -0.00919,  -0.04246,  -0.00394,  -0.05296,  -0.01444,  -0.03020,   0.10461,   0.08360,   0.12387,  -0.05296,   0.08535,   0.04333,   0.02933,   0.03808,  -0.04421,   0.10636,   0.00306,   0.03108,   0.00306,  -0.03896,   0.00657,  -0.06697,   0.00657,  -0.00744,   0.03808,  -0.04946,   0.01007,  -0.00744,  -0.04246,   0.06084,   0.00832,  -0.01094,  -0.00744,   0.00832,   0.07310,   0.01707,   0.01182,  -0.05822,  -0.04771,   0.06609,   0.04683,   0.04683,   0.06784,  -0.00569,  -0.00044,   0.01532,   0.08185,   0.02407,   0.12562,  -0.01094,   0.01532,  -0.03545,   0.02057,   0.13788,  -0.02670,   0.05559,  -0.02495,  -0.08273,   0.04508,  -0.05822,   0.02757,   0.02757,  -0.03020,   0.08710,   0.01182,  -0.02145,   0.03633,  -0.04771,   0.01707,  -0.00219,  -0.03195,   0.05034,  -0.00044,   0.06434,   0.14838,  -0.00919,  -0.02845,  -0.07572,  -0.05121,   0.00657,   0.02407,   0.03458,   0.00306,  -0.06872,   0.00657,  -0.04246,   0.03983,   0.01007,   0.04158,   0.01182,   0.02757,   0.00306,   0.00131,  -0.03545,   0.01357,  -0.00219,  -0.01444,   0.01357,   0.06434,   0.02757,  -0.10023,   0.02407,   0.06259,   0.06784,  -0.03896,   0.06434,  -0.04946,  -0.01269,  -0.01269,  -0.03721,   0.05559,  -0.01269,   0.01007,  -0.02145,   0.01007,  -0.00919,   0.02232,   0.01707,  -0.00919,  -0.02495,  -0.03370,  -0.04421,   0.01182,  -0.01970,  -0.00044,   0.02407,  -0.00919,  -0.00219,   0.01007,  -0.01620,  -0.00919,   0.03283,  -0.07047,  -0.01620,  -0.07922,  -0.04596,   0.04158,  -0.00044,   0.01532,  -0.02670,   0.01707,  -0.00394,  -0.00919,   0.05734,   0.04158,  -0.01970,  -0.02145,  -0.00394,  -0.04596,   0.11161,  -0.03896,  -0.04421,  -0.01795,  -0.10374,  -0.00569,   0.06959,   0.06434,  -0.01094,   0.06434,   0.06959,  -0.04071,   0.02757,  -0.03020,   0.00481,  -0.01094,   0.01357,   0.03633,  -0.04071,  -0.04596,  -0.03545,   0.03458,  -0.04596,  -0.06172,   0.03633,  -0.01444,   0.08185,  -0.02145,   0.01532,   0.04508,  -0.02145,   0.00657,  -0.06347,   0.00832,  -0.00394,  -0.02845,  -0.01094,   0.03108,   0.01532,  -0.04596,  -0.01970,   0.08185
  -0.00219,   0.05384,   0.06609,   0.04858,  -0.04421,  -0.12124,   0.02582,   0.07310,  -0.00919,  -0.04071,   0.03633,  -0.03721,  -0.03896,   0.03458,   0.02407,  -0.00394,   0.02933,   0.00832,   0.08535,  -0.07747,  -0.00569,  -0.00744,  -0.03195,  -0.03896,   0.06959,  -0.03721,   0.04508,  -0.00569,  -0.02145,  -0.03545,  -0.01094,   0.01707,   0.00131,  -0.03195,  -0.05121,  -0.01970,   0.00657,   0.03808,   0.05559,   0.04683,  -0.05121,   0.00657,  -0.00919,  -0.02845,   0.05909,  -0.03370,   0.12737,  -0.03020,   0.04683,  -0.02845,  -0.04246,  -0.01795,   0.02582,  -0.01970,   0.01007,   0.06084,   0.04683,  -0.04596,   0.03983,   0.00832,   0.09411,  -0.00394,   0.01357,   0.01182,  -0.06872,  -0.03370,   0.02057,   0.10986,   0.09936,   0.01357,   0.05034,  -0.05997,  -0.03195,  -0.06347,   0.05734,  -0.13525,  -0.07922,   0.04858,  -0.01620,  -0.00744,  -0.01094,  -0.00044,  -0.01795,   0.01882,   0.05384,  -0.00569,  -0.01620,   0.00481,  -0.05822,   0.05034,   0.01357,  -0.08448,   0.01707,  -0.07572,   0.05034,  -0.00219,   0.05734,   0.07835,  -0.04946,  -0.04071,  -0.03545,  -0.09148,  -0.01444,   0.02407,   0.04683,  -0.01970,  -0.05471,  -0.00569,  -0.01444,   0.13087,  -0.00744,   0.02407,  -0.13350,  -0.02845,  -0.03721,   0.03283,  -0.02845,  -0.05121,  -0.01970,   0.00131,   0.04158,  -0.02845,  -0.04771,   0.02757,  -0.03020,   0.03983,   0.01182,   0.02757,   0.00481,  -0.00569,   0.01707,  -0.00569,  -0.02495,  -0.07572,   0.06259,  -0.00044,   0.04683,   0.00832,   0.03808,  -0.05296,   0.06609,   0.04858,  -0.07397,   0.06259,  -0.00219,   0.01882,   0.01182,   0.01707,  -0.04946,  -0.03020,   0.03283,  -0.00919,  -0.02845,   0.00657,  -0.05296,   0.07835,  -0.01094,  -0.02495,  -0.00044,   0.02933,   0.05734,  -0.01795,   0.07835,   0.03458,  -0.02845,  -0.00219,  -0.07047,  -0.00569,   0.11336,   0.01357,  -0.05296,   0.07135,  -0.04421,   0.04333,  -0.03370,   0.01357,   0.03283,  -0.09323,   0.01882,   0.02933,   0.04683,   0.06959,   0.09761,  -0.01970,  -0.01094,   0.00131,  -0.04946,   0.01707,   0.00306,   0.05034,  -0.07047,   0.02933,  -0.00744,   0.06784,  -0.02145,  -0.00044,  -0.01094,  -0.01269,   0.02582,   0.04858,  -0.00394,  -0.08448,  -0.00919,  -0.00919,   0.06084,   0.05559,   0.04508,  -0.04596,   0.03633,  -0.04946,   0.05034,  -0.06172,   0.00131,   0.01532,   0.02057,   0.05909,  -0.01094,  -0.00569,  -0.01620,   0.00131,  -0.02145,   0.02057,  -0.03020,   0.02757,   0.01707,  -0.03545,  -0.02145,  -0.02320,   0.00481,   0.05034,  -0.04771,  -0.00044,  -0.01620,   0.05559,  -0.02320,   0.00481,   0.02933,   0.03808,   0.04683,  -0.00219,   0.06959,   0.03283,   0.02757,   0.01532,  -0.01795,  -0.06522,  -0.02670,   0.01357,   0.00832,   0.02582,  -0.01444,  -0.01094,  -0.03195,   0.01007,  -0.04771,  -0.01795,  -0.01094,   0.04683,   0.02232,  -0.04421,  -0.03721,   0.05734,   0.06084,  -0.00044,  -0.01620,  -0.04246,  -0.00219,   0.02933,   0.06084,   0.00306,   0.02582,  -0.04071,   0.00481,  -0.03195,   0.01707,  -0.03896,  -0.02320,  -0.03370,   0.03283,   0.14138,  -0.05121,  -0.01444,   0.01182,   0.06959,  -0.07397,   0.04333,   0.03283,   0.01882,  -0.01094,   0.04508,  -0.03721,  -0.02320,   0.04333,   0.02407,  -0.02320,  -0.07572,  -0.00219,   0.00657,  -0.01795,  -0.07222,  -0.01269,   0.16764,  -0.05296,   0.08885,  -0.07922,   0.12737,   0.01182,  -0.00569,   0.01882,   0.02582,   0.01182,  -0.04596,   0.04333,   0.00131,  -0.01094,   0.00657,  -0.04071,   0.05209,  -0.04246,   0.03808,   0.00481,  -0.03370,  -0.01970,  -0.02320,   0.00832,  -0.03896,   0.02582,   0.00306,  -0.00394,   0.01182,  -0.04071,  -0.05997,  -0.01269,   0.02057,   0.01532,  -0.07222,  -0.00569,  -0.04421,  -0.09148,  -0.08798,   0.03983,  -0.04946,   0.03633,  -0.02670,  -0.07747,  -0.00744,  -0.02145,  -0.10724,   0.03283,  -0.01094,   0.04858,   0.05734,  -0.04246,   0.02757,  -0.06522,   0.03633,   0.00306,   0.01707,   0.02407,   0.02232,   0.06609,   0.05209,   0.08010,  -0.00744,   0.01007,   0.04508,   0.02057,   0.03808,   0.00481,   0.02757,   0.03633,   0.01357,   0.00131,   0.06434,   0.01007,   0.02232,  -0.03721,  -0.05296,   0.06784,   0.02407,   0.03808,   0.02232,   0.02232,   0.00832,  -0.01620,  -0.02845,   0.00131,  -0.04771,   0.01357,  -0.01444,   0.08010,  -0.08448,   0.07135,   0.03983,  -0.03370,   0.04333,   0.08010,   0.06784,  -0.06522,  -0.00394,  -0.03721,  -0.00744,   0.03283,  -0.00044,  -0.00919,  -0.02495,  -0.03721,  -0.03020,   0.06609,  -0.00394,  -0.04596,  -0.01094,   0.00832,  -0.02320,  -0.01269,  -0.00219,   0.01882,   0.09761,   0.01707,   0.00657,  -0.04946,   0.06959,  -0.00394,   0.03808,   0.09761,   0.03983,   0.03458,  -0.06347,   0.04508,  -0.03195,  -0.00219,   0.03808,  -0.05997,  -0.08098,   0.03458,   0.01882,  -0.00744,  -0.10549,  -0.03545,   0.01182,  -0.02320,   0.11161,  -0.03896,  -0.01970,   0.02582,   0.01007,  -0.02845,   0.00832,   0.03283,  -0.01620,  -0.02845,   0.04333,   0.01007,   0.03983,  -0.01620,  -0.03545,   0.04508,  -0.02670,   0.01532,   0.00131,   0.04683,  -0.05121,   0.06434,   0.00306,  -0.02320,   0.01707,  -0.00219,   0.07135,   0.10286,  -0.02495,   0.01707,  -0.02670,   0.00481,  -0.01970,  -0.04596,   0.02057,   0.08010,   0.06259,   0.06959,   0.14138,  -0.03020,   0.05034,  -0.00919,  -0.05471,   0.05734,   0.06259,  -0.04071,  -0.01620,  -0.00744,  -0.00744,   0.06434,  -0.00044,  -0.01094,   0.00481,   0.05384,  -0.02670,   0.03108,   0.08185,   0.04683,  -0.03896,  -0.02320,  -0.00919,  -0.04946,  -0.01094,   0.02057,  -0.08273,   0.05559,  -0.02320,  -0.10374,   0.01707,  -0.00219,   0.09411,   0.06609,   0.00306,  -0.04421,   0.00832,   0.02057,   0.09761,  -0.00219,  -0.00744,  -0.04421,  -0.04246,  -0.02670,   0.02582,  -0.06697,   0.00306,  -0.02145,   0.02232,  -0.02320,  -0.07572,   0.05034,   0.04683,   0.03983,   0.03458,  -0.04946,  -0.05646,  -0.03896,  -0.03896,  -0.01970,  -0.02670,   0.02407,   0.04158,  -0.02495,  -0.08448,   0.05209,   0.01182,  -0.05646,  -0.11599,   0.00481,   0.01357,  -0.03721,   0.00131,   0.06609,  -0.01094,  -0.02670,  -0.02670,   0.02757,   0.00832,   0.06959,  -0.00744,   0.05034,   0.00832,   0.01532,  -0.03721,  -0.01094,  -0.04071,   0.02933,  -0.01094,  -0.07047,   0.01182,  -0.07397,   0.01007,  -0.02320,   0.06084,  -0.07747,  -0.00919,  -0.00744,  -0.00044,  -0.00394,  -0.04421,   0.01882,   0.01357,  -0.06172,  -0.01444,   0.01007,  -0.01094,  -0.02845,   0.01707,   0.01182,  -0.02495,   0.07660,  -0.01269,   0.00832,   0.01707,   0.05209,   0.02933,  -0.03370,   0.02232,  -0.00219,  -0.02320,  -0.00044,   0.01882,  -0.03896,  -0.02670,  -0.01444,   0.03458,   0.02582,  -0.03020,  -0.03195,  -0.05997,   0.06434,  -0.02670,  -0.01094,   0.07135,  -0.01444,  -0.02495,  -0.07572,  -0.04246,   0.03108,  -0.00744,   0.03808,   0.06259,  -0.02495,  -0.01269,  -0.07747,  -0.06347,  -0.08623,   0.00657,  -0.03020,   0.02407,  -0.03721,  -0.05121,  -0.00569,   0.05559,   0.03283,  -0.01970,  -0.10899,  -0.00044,  -0.00744,   0.00832,   0.06259,  -0.01795,   0.00306,   0.01357,  -0.07397,   0.06084,  -0.16501,  -0.06172,  -0.02320,  -0.02670,  -0.02145,   0.07135,  -0.03721,  -0.10724,   0.02582,  -0.00394,  -0.02845,  -0.00394,   0.03983,  -0.04421,   0.03983,   0.06959,  -0.02320,   0.06609,   0.04508,   0.03283,   0.02407,  -0.03020,  -0.01444,   0.08710,  -0.04771,  -0.00044,   0.05034,   0.02582,   0.02582,  -0.01620,  -0.00219,   0.02407,  -0.02670,  -0.02495,   0.00657,   0.00131,   0.04508,   0.01357,   0.05034,   0.04333,   0.01357,   0.02757,   0.01357,   0.04158,   0.03108,   0.01182,  -0.00394,  -0.04421,  -0.03195,   0.02582,   0.06084,  -0.02320,  -0.00219,   0.06609,   0.03108,   0.03108,  -0.02845,   0.00481,   0.03633,  -0.00044,   0.04683,  -0.01269,   0.03458,  -0.01795,  -0.01444,   0.01007,  -0.05646,   0.05734,   0.03108,   0.12387,   0.05559,  -0.00744,   0.01882,  -0.01094,   0.04508,  -0.01269,  -0.00919,   0.04158,  -0.04946,   0.02757,  -0.05121,   0.02933,  -0.02320,   0.02757,   0.01882,   0.03983,   0.01357,   0.08010,  -0.01094,   0.01357,  -0.01269,   0.00131,  -0.01970,  -0.03896,   0.03108,  -0.03020,  -0.01269,   0.07485,   0.02232,   0.04683,   0.07135,   0.07310,  -0.04946,   0.01182,  -0.05471,  -0.01970,  -0.01620,  -0.02320,   0.05559,  -0.08973,   0.03108,  -0.04771,   0.06259,   0.05734,  -0.00744,   0.03983,   0.00131,  -0.04596,   0.10986,   0.01007,   0.03983,   0.00131,  -0.04771,  -0.03370,   0.08185,  -0.02845,   0.08710,   0.02407,   0.02933,  -0.00919,  -0.07222,   0.03808,  -0.03721,  -0.03545,  -0.00744,  -0.02145,   0.06959,  -0.04421,  -0.01444,  -0.12650,   0.07485,   0.00306,   0.02757,   0.02232,   0.00131,  -0.06172,  -0.05997,  -0.08623,  -0.00219,  -0.02845,   0.01532,   0.02757,   0.02933,  -0.03195,   0.06434,  -0.05121,   0.04683,  -0.01269,  -0.01094,  -0.07572,   0.09586,  -0.01269,   0.03108,  -0.03896,   0.01007,  -0.01444,   0.04158,   0.02757,   0.06434,   0.01532,  -0.08098,   0.08010,  -0.08448,  -0.04071,   0.03808,  -0.00219,   0.08710,   0.08360,  -0.03721,   0.00657,   0.07485,  -0.05296,  -0.05646,  -0.05646,  -0.00919,   0.02057,  -0.02145,   0.00481,  -0.05296,   0.01007,   0.05209,  -0.04071,   0.00657,  -0.01970,  -0.01795,  -0.10549,  -0.06172,   0.02582,   0.02757,  -0.02145,  -0.02495,  -0.07922,  -0.02145,   0.03458,  -0.06697,   0.02582,  -0.04246,   0.00657,   0.00306,   0.02057,  -0.00744,  -0.04071,   0.06259,   0.01532,   0.02057,  -0.03195,  -0.04421,  -0.06697,  -0.02320,   0.03808,  -0.03721,   0.00306,   0.08535,   0.02757,  -0.01444,   0.03283,  -0.00744,  -0.01620,   0.03633,   0.05559,  -0.00219,  -0.04946,   0.02933,   0.04158,   0.03983,  -0.05822,  -0.03545,  -0.04246,   0.08360,  -0.07047,   0.06609,   0.13437,   0.08885,   0.04683,   0.06434,   0.01357,  -0.05121,   0.01707,  -0.02670,   0.01707,  -0.00044,   0.05034,   0.07835,   0.00481,   0.03983,  -0.00044,  -0.05822,   0.06784,   0.02232,  -0.03195,   0.03458,  -0.02845,  -0.01444,  -0.01094,   0.01532,   0.01882,  -0.03896,  -0.07047,   0.00481,   0.02057,   0.00131,   0.02407,   0.00481,   0.00657,  -0.03545,  -0.00394,   0.02232,   0.11687,   0.00306,  -0.01094,  -0.06872,  -0.05296,  -0.03370,   0.00131,   0.03108,  -0.08098,  -0.02495,  -0.01970,  -0.05296,   0.07835,   0.03108,  -0.07222,   0.02757,   0.02757,  -0.03370,  -0.04421,  -0.05471,   0.03808,  -0.01444,   0.00832,  -0.07572,  -0.00394,  -0.07047,  -0.01444,   0.06609,  -0.01444,  -0.01444,  -0.05121,   0.04508,   0.01532,   0.03108,  -0.02845,   0.12562,  -0.03370,  -0.03195,  -0.00919,  -0.03721,   0.01182,  -0.06347,  -0.02495,   0.01882,   0.00481,  -0.00744,  -0.03721,  -0.08273,   0.01357,  -0.00569,  -0.04071,   0.03808,   0.04508,   0.04858,  -0.03195,  -0.00744,  -0.04946,  -0.07222,   0.00657,   0.10111,  -0.00569,   0.02933,   0.07135,   0.01357,   0.01707,  -0.00744,  -0.00219,  -0.07572,   0.04858,  -0.00394,  -0.05822,  -0.08973,   0.07135,   0.09411,   0.01182,  -0.04946,  -0.03020,  -0.00919,  -0.00394,  -0.06347,  -0.07397,  -0.02495,   0.03633,   0.00306,   0.02757,  -0.04071,  -0.03721,  -0.02845,  -0.00569,  -0.01444,   0.01007,   0.05559,   0.02933,  -0.07047,  -0.00394,  -0.03721,   0.02232,   0.02057,  -0.11074,   0.03808,   0.07135
  -0.03721,   0.04333,  -0.08798,  -0.11774,   0.01882,  -0.02845,   0.01882,  -0.00919,  -0.03721,   0.06084,   0.00131,  -0.06172,   0.01007,   0.03108,  -0.00044,  -0.03195,   0.01007,  -0.03370,   0.04333,   0.00306,  -0.00219,  -0.06347,  -0.00569,   0.02407,   0.01357,  -0.03195,  -0.04596,   0.06259,  -0.02495,   0.02057,   0.02407,   0.02933,   0.06959,   0.00832,  -0.04421,  -0.05296,   0.05559,  -0.08798,   0.11161,   0.01707,   0.03633,  -0.03545,  -0.02495,   0.03458,   0.01357,  -0.01269,   0.03983,   0.06434,   0.02232,   0.03808,  -0.03195,  -0.01795,   0.03983,   0.00481,   0.03458,   0.10286,  -0.00744,  -0.01620,   0.08185,   0.05034,  -0.00394,   0.05734,  -0.01970,   0.04683,   0.02057,  -0.00394,   0.02057,   0.03458,  -0.04421,   0.02407,   0.00481,  -0.02145,  -0.01620,  -0.07047,  -0.02320,   0.02582,  -0.00744,  -0.05296,   0.07135,   0.00657,   0.05034,  -0.02320,  -0.00744,   0.07485,  -0.01795,   0.04158,  -0.03545,  -0.00394,  -0.03370,   0.01182,  -0.02845,  -0.01620,   0.00832,  -0.05646,   0.02232,  -0.05997,  -0.02320,   0.03458,   0.05734,  -0.01970,  -0.03370,  -0.09148,   0.06609,   0.01532,  -0.00219,   0.07835,   0.06084,   0.03458,  -0.03370,   0.04683,  -0.03020,   0.01357,  -0.04421,  -0.04596,  -0.03721,   0.00657,  -0.00394,  -0.00919,  -0.01269,   0.06959,   0.04683,  -0.06697,   0.03808,   0.01007,   0.06084,  -0.09148,  -0.12124,   0.01532,   0.01882,   0.00657,  -0.07397,  -0.04421,   0.00832,  -0.03020,  -0.01620,   0.03108,   0.06434,   0.01182,  -0.06172,  -0.05296,   0.06784,   0.01532,   0.00131,  -0.02670,  -0.00744,  -0.03896,  -0.02845,   0.05559,  -0.00394,  -0.03545,  -0.03545,   0.00657,  -0.08448,  -0.00919,  -0.01269,  -0.04596,   0.04683,   0.02757,  -0.00044,   0.06084,   0.02582,   0.04683,   0.01882,   0.09586,   0.07310,  -0.00044,  -0.07047,   0.03633,   0.03108,   0.08185,   0.04683,  -0.02320,   0.01707,   0.07135,  -0.01970,  -0.08448,   0.00481,   0.02933,   0.06609,  -0.00044,  -0.03545,  -0.02320,   0.07485,  -0.04946,  -0.07222,  -0.04421,   0.04858,   0.00832,  -0.00744,   0.01007,   0.01182,  -0.03545,  -0.01269,  -0.00394,   0.05559,   0.02757,  -0.02670,   0.01007,   0.05734,   0.08010,  -0.05121,  -0.13175,  -0.04246,  -0.03020,   0.01182,  -0.03020,  -0.05471,   0.02933,   0.02057,  -0.01269,  -0.01094,   0.04683,  -0.02845,   0.02057,   0.06434,   0.04158,  -0.01444,   0.04683,  -0.03020,   0.00657,   0.07660,   0.01532,   0.05034,   0.02582,   0.01532,  -0.04421,   0.03458,   0.03108,   0.00832,   0.04158,   0.02933,   0.04333,   0.04683,   0.00306,  -0.00569,   0.05384,  -0.07397,  -0.01444,  -0.02320,  -0.01620,   0.02232,   0.02933,   0.00306,   0.06084,  -0.00394,  -0.07922,  -0.00569,   0.05034,   0.01182,  -0.03020,   0.08535,  -0.02670,   0.01532,  -0.00569,  -0.02145,   0.04508,   0.01707,   0.05209,  -0.08448,   0.02757,   0.07485,   0.00657,   0.06784,  -0.04246,  -0.04596,   0.03283,   0.07310,  -0.04596,  -0.02495,   0.06784,   0.01707,   0.03808,  -0.05296,   0.02232,   0.09761,   0.05034,   0.03808,   0.04858,   0.00832,   0.02407,  -0.00569,   0.07835,   0.00832,   0.00131,   0.03808,   0.00832,  -0.06522,  -0.07572,  -0.04246,   0.00481,   0.01182,   0.03283,   0.05559,   0.01357,  -0.00744,  -0.03370,  -0.02495,   0.02407,   0.03983,  -0.00919,   0.04333,   0.01007,   0.03808,  -0.01269,  -0.01620,   0.08885,  -0.02145,  -0.02145,  -0.00569,  -0.03545,  -0.03020,  -0.01970,  -0.05296,   0.00481,  -0.02670,   0.00481,  -0.02320,   0.00657,  -0.02320,  -0.00044,  -0.03370,   0.01882,  -0.00044,   0.05034,   0.08185,   0.07310,  -0.05121,  -0.01970,   0.02407,  -0.00044,  -0.01269,  -0.00219,   0.02232,   0.00481,  -0.02320,  -0.01970,  -0.01620,  -0.03195,   0.03283,   0.00306,   0.07835,  -0.00394,   0.00657,  -0.00744,  -0.06522,  -0.03721,  -0.05471,  -0.00569,   0.03458,   0.06784,   0.01182,   0.03808,  -0.01795,   0.01357,   0.00306,   0.00657,  -0.01970,  -0.06872,  -0.02845,  -0.03195,  -0.04246,  -0.00044,  -0.01094,  -0.02670,   0.08885,   0.04683,  -0.10199,   0.06434,  -0.00919,   0.02933,   0.06784,  -0.04071,  -0.09148,  -0.06172,  -0.08623,  -0.03195,  -0.01620,  -0.01795,   0.01532,   0.06434,  -0.00044,   0.00481,   0.00306,   0.00832,   0.02057,  -0.02845,   0.06084,   0.03458,  -0.03020,   0.03808,  -0.01795,  -0.01620,   0.00832,   0.08710,  -0.03721,   0.00832,   0.02232,  -0.02320,  -0.05121,   0.05209,  -0.01970,  -0.04421,   0.01882,   0.04858,   0.03108,  -0.03195,   0.02407,  -0.05822,   0.00131,  -0.00919,  -0.01970,   0.07485,   0.04683,  -0.02495,  -0.04071,   0.00657,  -0.07572,   0.03983,  -0.00744,  -0.08098,   0.00306,  -0.05296,  -0.08448,   0.06959,   0.10811,  -0.01795,   0.02232,   0.01882,   0.00657,  -0.03545,   0.04508,   0.05734,  -0.08623,  -0.02670,  -0.02320,   0.02407,  -0.00394,  -0.04596,   0.05559,   0.05384,   0.04333,  -0.03721,  -0.07397,  -0.06172,   0.02582,   0.01007,   0.02057,   0.00131,  -0.10199,  -0.00919,  -0.02670,   0.00306,  -0.07572,  -0.02670,  -0.02845,   0.05209,   0.01357,  -0.00744,  -0.02145,  -0.02670,   0.00657,   0.05734,   0.09936,  -0.00219,   0.08710,   0.02407,   0.06959,  -0.01444,   0.10636,   0.05209,   0.03108,   0.04683,  -0.00919,  -0.03195,   0.01707,  -0.01970,   0.01182,   0.00657,   0.03458,  -0.08798,   0.03108,   0.02757,   0.02582,  -0.00044,  -0.02320,   0.05034,   0.02582,  -0.02845,   0.00657,  -0.00219,  -0.04771,   0.05909,   0.10461,  -0.01620,   0.02757,  -0.03545,  -0.06172,   0.02057,   0.00306,   0.03633,  -0.03721,  -0.02495,   0.04158,  -0.07922,   0.04858,  -0.01620,  -0.02845,   0.04333,  -0.05997,  -0.02145,  -0.02145,   0.00131,  -0.05121,  -0.04246,  -0.05296,   0.05559,   0.02057,   0.01532,  -0.04596,  -0.00044,   0.01707,  -0.00219,  -0.11074,   0.02933,  -0.05471,  -0.03545,   0.02582,   0.05384,  -0.02670,  -0.05646,   0.00481,  -0.01094,  -0.01795,  -0.01094,  -0.01269,   0.04683,  -0.03020,  -0.03020,   0.03808,   0.00481,  -0.02320,   0.03983,  -0.05822,   0.07835,   0.02057,  -0.01269,   0.00832,  -0.00044,   0.06084,  -0.04946,   0.06259,  -0.06697,   0.00131,   0.02757,   0.02057,   0.02232,  -0.07047,   0.02057,  -0.03370,  -0.04946,   0.01882,   0.05384,   0.01182,   0.03633,   0.05734,  -0.00394,   0.03983,  -0.03020,   0.04333,   0.03808,   0.04333,  -0.00744,  -0.03896,   0.05034,   0.03633,   0.01007,   0.01182,  -0.07572,  -0.05822,  -0.00744,   0.10286,  -0.00569,   0.05209,  -0.04596,  -0.00744,  -0.00394,   0.03283,  -0.04946,  -0.01970,   0.01357,   0.03633,   0.02757,  -0.05646,   0.06959,   0.01882,   0.01182,  -0.03195,   0.02407,  -0.01444,   0.02232,  -0.02670,   0.03808,   0.03633,  -0.01094,  -0.01094,   0.00481,  -0.01970,   0.06609,   0.08885,   0.01707,   0.00481,   0.06434,  -0.04771,   0.05734,   0.06784,   0.00131,   0.04333,  -0.00044,  -0.03721,  -0.03370,   0.03808,  -0.07222,  -0.02845,   0.03108,  -0.06347,   0.03983,  -0.06347,  -0.01444,   0.05034,  -0.09498,  -0.08973,  -0.00044,   0.00481,   0.01182,   0.04683,   0.02232,  -0.07397,  -0.05997,   0.00306,   0.00131,   0.01007,   0.02407,  -0.06522,  -0.03896,  -0.00044,   0.00657,  -0.04071,  -0.01970,   0.02057,  -0.08273,   0.02582,   0.07835,   0.06784,   0.03633,   0.03283,   0.02057,  -0.05121,   0.01532,  -0.00219,  -0.07397,   0.03633,   0.01707,   0.01882,  -0.07222,  -0.08448,   0.05734,  -0.02495,  -0.01269,   0.04158,  -0.06697,  -0.06347,  -0.02670,   0.00657,  -0.04946,  -0.02845,  -0.00219,  -0.01795,   0.00832,   0.06959,   0.00131,   0.02757,   0.03808,  -0.01094,   0.08535,  -0.02495,  -0.03896,   0.05734,  -0.07047,  -0.03896,  -0.03896,   0.00832,   0.00306,   0.01707,  -0.10199,   0.04158,  -0.06172,  -0.02845,  -0.00744,   0.04158,  -0.02320,  -0.00394,  -0.00044,   0.05034,   0.00657,  -0.03370,   0.03108,  -0.04071,  -0.04421,   0.01007,   0.10286,   0.04858,  -0.03721,  -0.00919,  -0.00569,  -0.04071,   0.03808,  -0.02845,  -0.02320,   0.08010,   0.02933,   0.01882,   0.01007,   0.00657,   0.00657,   0.07310,   0.01007,   0.08185,   0.00657,  -0.01970,   0.00657,   0.00306,   0.02757,   0.00481,   0.00481,  -0.03721,  -0.01970,  -0.04071,   0.05209,   0.04508,   0.09411,   0.02232,   0.02757,  -0.00394,  -0.00044,   0.00832,  -0.02495,   0.02582,   0.03808,   0.00832,  -0.03896,  -0.00919,  -0.05822,   0.00306,  -0.00569,   0.07660,  -0.03545,   0.01357,  -0.03370,  -0.00219,  -0.07747,  -0.01094,   0.07485,   0.07135,  -0.03370,  -0.01620,   0.03808,  -0.02495,  -0.05471,  -0.01094,   0.01532,  -0.04946,   0.01707,  -0.01620,   0.03458,  -0.08798,  -0.05296,  -0.00219,   0.00306,   0.02582,  -0.05646,  -0.03721,  -0.03195,   0.01182,   0.01707,   0.05384,  -0.05997,   0.08360,   0.02933,  -0.00394,  -0.04246,  -0.04246,  -0.03020,   0.03108,   0.02232,   0.00832,  -0.07397,  -0.04071,  -0.04946,   0.01007,   0.05559,  -0.00744,   0.03808,  -0.02320,  -0.07747,  -0.00219,   0.06259,   0.02933,  -0.02320,  -0.00394,  -0.03370,  -0.00744,   0.03108,   0.00131,  -0.03195,  -0.03370,  -0.07747,  -0.03545,  -0.02670,   0.03983,  -0.01094,   0.01357,   0.02232,  -0.01795,  -0.02320,  -0.03195,   0.03283,   0.02933,   0.01882,  -0.11074,   0.03283,  -0.01269,  -0.05997,  -0.02145,   0.09936,   0.02933,  -0.01620,   0.06084,  -0.05296,   0.05734,   0.03983,  -0.04071,  -0.04771,   0.04508,  -0.04946,   0.05384,  -0.01620,  -0.03545,   0.00657,   0.03808,   0.01532,  -0.11249,   0.02933,   0.02933,   0.00832,   0.09060,   0.08885,   0.01357,   0.07485,   0.02232,   0.03633,  -0.00219,   0.03283,  -0.00569,  -0.07222,   0.00306,  -0.01269,  -0.00394,   0.09761,   0.03108,   0.02757,  -0.03721,   0.00657,   0.05209,   0.02757,  -0.05471,   0.02933,   0.03108,   0.01707,   0.02057,  -0.02145,  -0.01269,   0.00131,   0.00306,  -0.02495,   0.02582,   0.02757,  -0.10199,   0.00832,  -0.03545,  -0.02495,   0.06784,  -0.06522,   0.02057,   0.04333,   0.05909,   0.05384,   0.01882,   0.02407,   0.00832,  -0.00219,   0.08010,   0.05559,  -0.05471,   0.00481,  -0.00044,   0.01357,   0.01532,   0.03283,  -0.02845,   0.02582,  -0.01444,  -0.01620,   0.02757,  -0.02495,  -0.00044,  -0.03020,  -0.03195,  -0.01970,   0.00832,   0.01357,  -0.03195,  -0.01269,  -0.11949,   0.00481,   0.00131,   0.01182,  -0.00219,  -0.06172,  -0.04421,   0.06084,   0.02582,  -0.01444,  -0.01795,  -0.04596,   0.01532,  -0.02845,  -0.00394,   0.02232,   0.02933,  -0.05296,   0.00657,   0.01532,   0.01182,  -0.00744,  -0.00219,  -0.00219,   0.00131,   0.08535,   0.01357,  -0.01795,  -0.07922,  -0.03195,  -0.02670,  -0.00219,  -0.03896,  -0.03721,   0.06784,  -0.00919,   0.00657,   0.02757,   0.02757,  -0.00394,  -0.02145,  -0.05997,   0.00131,   0.01357,   0.02232,   0.05209,   0.10111,  -0.00394,  -0.01970,   0.01357,  -0.03020,   0.02232,  -0.03721,  -0.06172,   0.01707,  -0.01444,   0.00832,  -0.04246,   0.04683,  -0.08098,   0.05734,   0.02933,   0.01182,   0.01707,   0.03283,  -0.03721,  -0.10374,   0.00832,   0.00131,   0.00832,  -0.02495,  -0.03545,  -0.05822,  -0.01620,  -0.02495,  -0.01094,   0.07660,  -0.01094,  -0.02670,  -0.00744,  -0.02145,  -0.08273,   0.02057,  -0.04946,   0.02757,  -0.02145,  -0.02845,   0.01882,   0.04683,  -0.01620,   0.02057,  -0.04421,  -0.00919,  -0.06872,   0.03633,  -0.06522,   0.00131,   0.05559,   0.06084,   0.03108,   0.01532,   0.06609
  -0.02145,  -0.01795,   0.02582,   0.01707,   0.10811,   0.07660,  -0.06522,   0.01182,   0.00306,   0.00131,  -0.04596,  -0.06522,   0.03108,   0.09411,  -0.00044,  -0.04946,  -0.00919,   0.01182,   0.00832,  -0.03370,  -0.09673,  -0.00919,   0.00131,  -0.02670,   0.04333,   0.05734,  -0.02320,   0.02057,  -0.05296,  -0.00569,   0.08360,  -0.04071,  -0.03020,  -0.04421,  -0.10374,   0.05559,  -0.02320,  -0.00569,   0.02407,  -0.03721,  -0.03195,  -0.00569,   0.06434,   0.06609,  -0.00569,  -0.08098,  -0.02320,   0.01707,  -0.01444,   0.01882,  -0.02845,   0.01707,   0.00832,   0.05734,   0.01707,  -0.03721,  -0.03896,  -0.01795,   0.00306,  -0.00394,   0.02757,  -0.03721,   0.01182,   0.04683,   0.00657,   0.01882,   0.02757,   0.04683,   0.05384,  -0.05296,  -0.03370,   0.01882,   0.01182,   0.02757,   0.01007,  -0.06172,   0.04158,   0.06084,   0.00832,  -0.03195,   0.01357,  -0.01795,   0.01007,   0.00832,   0.05034,   0.02232,   0.00832,   0.06784,   0.01357,   0.02582,  -0.00569,  -0.00219,  -0.01094,  -0.07047,   0.01707,  -0.03545,  -0.05121,   0.05209,   0.01882,  -0.00919,   0.03983,  -0.04421,  -0.00394,   0.00306,  -0.09498,  -0.04596,  -0.01620,  -0.05471,  -0.03195,   0.06084,   0.02232,  -0.09148,   0.04158,   0.00481,  -0.01970,   0.00306,  -0.00044,  -0.02320,  -0.07572,  -0.02670,  -0.01970,  -0.06172,   0.03108,   0.13087,  -0.03721,  -0.00919,   0.00832,   0.00131,   0.03983,  -0.01444,  -0.04071,  -0.00569,  -0.05646,  -0.00744,   0.03283,  -0.02495,   0.03633,  -0.03721,  -0.00744,  -0.01970,  -0.00219,  -0.01795,  -0.09323,   0.01707,  -0.04421,  -0.01620,  -0.00919,  -0.05296,  -0.02670,  -0.05121,  -0.00044,  -0.07747,  -0.08448,   0.01357,   0.03808,   0.01357,   0.05909,   0.05909,  -0.01444,  -0.07922,  -0.00394,   0.03458,   0.03983,  -0.03195,   0.05734,  -0.00219,  -0.00219,   0.04158,  -0.03896,   0.02757,  -0.01269,  -0.11599,  -0.00744,   0.02582,   0.07485,  -0.09848,   0.03808,  -0.03370,  -0.03545,  -0.06347,  -0.03545,   0.07835,   0.08185,  -0.00219,   0.02057,   0.04683,  -0.02845,   0.03108,  -0.03195,  -0.04946,  -0.05296,   0.02407,   0.05384,  -0.04771,   0.00832,   0.06959,  -0.00219,   0.00306,   0.09586,  -0.01444,   0.06959,   0.01707,   0.00481,   0.05384,   0.06434,  -0.01444,  -0.01620,  -0.03195,  -0.01970,   0.06259,   0.02232,   0.02757,  -0.01444,   0.02582,  -0.05822,  -0.04071,  -0.01094,  -0.04246,  -0.03020,  -0.02845,  -0.02670,  -0.01444,   0.08010,   0.08885,  -0.02495,  -0.04246,  -0.03195,  -0.06347,  -0.02145,   0.03108,  -0.02145,   0.00657,  -0.01970,   0.09060,  -0.03195,  -0.02845,   0.07485,  -0.01094,  -0.05646,  -0.00569,   0.02933,   0.04333,   0.05734,  -0.00394,   0.09411,   0.01882,   0.02582,  -0.06872,   0.01357,   0.06959,  -0.09148,   0.11862,   0.10286,   0.03458,   0.00832,  -0.08798,   0.04508,   0.00481,   0.05559,  -0.03020,   0.02933,  -0.01970,  -0.03020,  -0.00569,   0.05384,   0.11161,   0.04333,  -0.00394,  -0.03545,   0.05384,   0.01357,   0.04508,  -0.03195,   0.06609,  -0.05296,  -0.02845,   0.04158,  -0.01795,  -0.04421,   0.00306,   0.02582,   0.05734,   0.00131,   0.05209,  -0.06172,  -0.03721,   0.06084,  -0.02845,   0.04158,   0.01707,  -0.03545,   0.06084,  -0.06697,  -0.08098,  -0.00044,  -0.05296,   0.08360,   0.04858,   0.01882,  -0.05822,   0.01182,   0.02757,  -0.04246,   0.03283,   0.02933,   0.04508,  -0.06522,  -0.04071,   0.02933,  -0.03020,  -0.06347,   0.04683,  -0.01620,  -0.04771,   0.04683,  -0.03370,  -0.00919,  -0.01444,   0.03633,   0.02232,  -0.03545,  -0.04596,   0.06434,   0.01532,  -0.00744,   0.08710,   0.05209,   0.07485,  -0.01444,   0.05209,   0.00131,   0.00832,   0.06259,  -0.01444,  -0.02145,   0.08010,  -0.01269,  -0.01444,   0.02582,   0.06959,  -0.01269,  -0.03721,  -0.01620,  -0.00219,   0.01182,  -0.09323,  -0.03370,  -0.04596,   0.05384,  -0.06172,  -0.04771,  -0.00569,  -0.00744,   0.05909,  -0.07222,   0.02407,   0.11336,   0.02057,  -0.00919,  -0.00219,  -0.04596,  -0.01269,   0.00832,   0.02407,  -0.02320,   0.02407,  -0.02845,  -0.04596,  -0.08273,  -0.09673,   0.00306,  -0.05471,  -0.01795,  -0.02495,   0.02933,  -0.01795,  -0.02495,   0.08360,   0.06959,  -0.00394,  -0.07922,  -0.03896,   0.07135,  -0.03195,  -0.01970,  -0.02145,   0.01532,   0.04158,  -0.01795,   0.06259,  -0.05646,   0.11336,   0.04158,   0.01357,   0.00481,   0.00657,   0.04858,  -0.00044,  -0.01795,   0.08535,   0.01007,  -0.06697,   0.03983,  -0.04071,   0.02582,   0.03633,   0.07660,  -0.01795,  -0.00919,  -0.00219,  -0.01795,  -0.00394,   0.01532,  -0.02845,  -0.03721,   0.02757,   0.01882,  -0.01094,   0.07135,   0.01007,   0.04333,   0.05384,  -0.01795,   0.03283,  -0.01970,   0.01707,   0.04683,  -0.02145,   0.00131,  -0.01795,  -0.07222,   0.05559,  -0.01970,   0.02057,   0.00657,  -0.08448,   0.06959,   0.04158,   0.01532,   0.00306,   0.07310,  -0.00569,   0.06259,   0.07135,  -0.03195,   0.03633,   0.00657,   0.04683,   0.00657,  -0.06872,  -0.05646,  -0.08098,  -0.03195,  -0.04421,  -0.04771,   0.01882,  -0.05822,   0.06609,  -0.00569,   0.01357,   0.01882,   0.05384,   0.05034,  -0.00569,   0.02407,  -0.02320,   0.01182,   0.00657,  -0.01444,  -0.00394,   0.06259,  -0.05646,   0.00306,  -0.08973,  -0.08098,  -0.03020,  -0.02670,   0.06259,  -0.04071,  -0.06347,  -0.01444,  -0.02495,   0.03108,  -0.04946,  -0.04071,  -0.01444,  -0.00394,   0.08360,   0.01532,   0.02933,   0.03108,  -0.04596,  -0.00569,  -0.02145,  -0.00569,   0.01532,   0.02757,   0.04333,   0.01707,   0.00306,   0.03283,   0.01357,  -0.06872,   0.09761,   0.01007,  -0.04071,   0.06434,  -0.00919,  -0.05296,  -0.02320,   0.05559,  -0.00744,  -0.00919,   0.02757,   0.01707,  -0.10023,  -0.03370,   0.00657,  -0.02495,   0.01357,  -0.01094,   0.00131,  -0.02845,  -0.05997,   0.00657,  -0.06872,  -0.08623,  -0.01444,  -0.04246,   0.04158,   0.05209,   0.02757,  -0.02320,   0.01707,   0.05209,  -0.02495,  -0.01444,   0.06784,   0.06434,   0.00832,   0.01882,  -0.04946,   0.00657,  -0.03020,   0.01882,   0.06434,  -0.01269,  -0.04596,  -0.08098,  -0.04771,   0.02407,  -0.08623,  -0.00919,   0.00657,  -0.03020,   0.06959,  -0.00569,   0.01007,  -0.00569,  -0.00919,   0.03633,   0.01532,   0.03983,  -0.04596,  -0.09148,  -0.07397,  -0.01620,   0.06259,   0.07135,   0.06084,  -0.05997,  -0.02495,  -0.00219,  -0.02495,  -0.04946,   0.00832,  -0.03545,   0.01532,   0.02757,  -0.08098,   0.07310,  -0.03896,  -0.07572,  -0.05471,  -0.05471,   0.00481,   0.01182,   0.00481,   0.05734,   0.00657,  -0.00919,  -0.04246,   0.02407,   0.04683,   0.00832,  -0.01444,  -0.00044,   0.03458,  -0.00569,  -0.03020,  -0.04071,  -0.04246,   0.01357,   0.00832,  -0.01094,  -0.01444,   0.02582,  -0.04771,   0.03983,   0.05909,  -0.00219,  -0.01620,  -0.05471,   0.01357,  -0.00919,  -0.01970,   0.01532,  -0.07747,  -0.02320,   0.02057,   0.00131,  -0.03545,   0.06959,   0.01882,  -0.03896,  -0.05471,   0.03458,   0.00657,  -0.03195,   0.03108,  -0.04596,  -0.01269,   0.01532,   0.05559,  -0.05121,   0.02407,  -0.07222,   0.05909,   0.05034,  -0.03545,  -0.01269,   0.00832,  -0.05296,  -0.02320,   0.03633,  -0.05822,  -0.03896,  -0.05471,   0.04683,  -0.01620,  -0.06872,   0.02582,   0.00657,   0.00481,  -0.00744,   0.01182,  -0.02320,  -0.02670,  -0.02845,  -0.07397,  -0.04771,  -0.05296,  -0.06172,  -0.06522,  -0.07747,   0.05034,  -0.02145,  -0.03195,   0.06959,  -0.05646,  -0.03721,   0.01357,   0.05384,   0.05909,   0.03983,   0.08710,   0.03108,   0.07835,   0.04858,  -0.03545,   0.03108,   0.00832,   0.00481,   0.00657,  -0.01620,   0.07310,  -0.00744,  -0.05296,  -0.00044,  -0.05822,  -0.00919,   0.02757,   0.07135,  -0.00044,   0.02057,  -0.02145,   0.02407,   0.07660,  -0.00569,   0.08010,   0.01882,  -0.03545,   0.10111,  -0.12475,   0.02057,   0.02232,  -0.00919,   0.02407,   0.02582,   0.02407,   0.05209,  -0.06522,  -0.07922,  -0.01269,   0.01182,   0.02757,   0.02057,  -0.01970,  -0.05997,   0.03108,   0.01007,  -0.00394,  -0.06697,  -0.01444,  -0.01970,   0.05209,  -0.01970,   0.04158,  -0.00569,  -0.04071,   0.03808,  -0.00219,   0.05209,  -0.00394,   0.11512,  -0.00394,  -0.05121,   0.00131,  -0.00219,  -0.03370,  -0.03721,  -0.00569,   0.01707,  -0.04246,   0.07485,  -0.01970,  -0.03020,   0.00832,   0.02057,  -0.02495,  -0.03370,   0.02407,   0.04333,  -0.06172,   0.05209,   0.01007,   0.02582,   0.06609,   0.03458,   0.01707,  -0.02320,   0.01182,  -0.01094,   0.07485,   0.06259,  -0.04246,   0.03108,   0.03108,   0.01007,  -0.03896,  -0.02320,   0.02057,   0.02407,  -0.02670,   0.01357,   0.06084,  -0.00394,   0.01182,  -0.02495,   0.02232,   0.05559,   0.05559,   0.01182,  -0.00919,   0.00832,  -0.08798,   0.02757,  -0.06347,  -0.01444,   0.00131,   0.02582,  -0.05822,   0.00131,   0.01532,  -0.02495,   0.03108,  -0.04946,   0.07310,   0.03633,  -0.06872,  -0.03195,  -0.00744,  -0.02670,  -0.01269,  -0.02670,   0.06084,  -0.03020,  -0.02145,  -0.01620,  -0.01970,   0.02582,  -0.03195,  -0.01970,  -0.01444,   0.04333,   0.05559,  -0.02320,  -0.01620,   0.02582,  -0.00394,   0.02757,   0.05209,  -0.03545,  -0.02495,   0.00131,  -0.04071,   0.01182,   0.08535,   0.06259,  -0.03195,   0.03458,  -0.00219,   0.03633,   0.02407,   0.06609,  -0.06522,   0.01882,   0.04683,   0.02757,  -0.00219,  -0.05471,   0.04158,  -0.02845,   0.00832,   0.00832,  -0.01970,  -0.04071,  -0.02320,   0.04508,  -0.03195,  -0.06347,   0.00306,  -0.01970,  -0.03896,  -0.05646,   0.00306,   0.03983,   0.06259,   0.05034,   0.05209,   0.04683,   0.01007,   0.00131,   0.02232,  -0.03195,   0.04858,   0.11687,  -0.00569,  -0.00919,   0.01357,   0.03458,   0.04508,   0.05909,   0.03633,   0.03458,  -0.03370,   0.03808,  -0.01269,  -0.03370,   0.04683,  -0.08798,  -0.04071,   0.06959,  -0.00044,  -0.05121,  -0.03721,   0.05384,  -0.02670,   0.06434,  -0.03545,  -0.00394,   0.07135,   0.07135,   0.10636,  -0.02495,  -0.04421,   0.01007,  -0.03896,   0.03983,   0.05384,   0.00131,   0.03808,  -0.06172,  -0.03721,  -0.01620,   0.02757,   0.05559,  -0.03195,  -0.02670,   0.01532,  -0.00394,   0.00131,  -0.00569,  -0.03896,  -0.05296,   0.00657,   0.01007,   0.01707,   0.02407,  -0.00219,  -0.00219,  -0.06172,   0.01532,  -0.04421,  -0.05296,  -0.03721,   0.06434,   0.01882,  -0.02845,   0.00306,   0.03983,   0.01532,  -0.04946,   0.00481,  -0.03545,   0.01532,  -0.01620,   0.06609,   0.06084,  -0.02845,   0.04858,  -0.04421,  -0.04596,   0.03633,  -0.00044,  -0.01094,  -0.01795,   0.01532,   0.01707,   0.00832,   0.02407,   0.05209,  -0.00569,  -0.04421,   0.06784,  -0.05296,  -0.02320,  -0.00744,   0.06609,  -0.06522,   0.00481,  -0.04071,   0.00832,   0.06084,   0.02757,   0.05559,   0.05734,   0.02232,   0.01007,   0.04333,  -0.04246,  -0.06872,   0.08360,   0.09936,  -0.02845,   0.00131,  -0.02670,  -0.12300,  -0.02495,  -0.01970,  -0.07222,   0.04858,   0.05209,   0.01182,  -0.01620,  -0.00919,  -0.02495,   0.02407,  -0.08098,  -0.05646,  -0.05646,  -0.06347,   0.01532,  -0.01620,   0.02933,  -0.06522,   0.01357,  -0.00219,   0.04683,  -0.05471,   0.09936,  -0.02845,  -0.03020,   0.03983,  -0.00569,  -0.04771,  -0.01094,   0.05384,   0.03108,   0.04858,   0.01357,   0.04508,   0.01882,   0.02232,   0.05734,   0.06084,   0.03283,  -0.03545,  -0.00744,  -0.03545,  -0.03195,  -0.01620,   0.00832,   0.00306
  -0.00219,   0.05209,   0.04158,  -0.05646,  -0.07922,  -0.00394,  -0.03545,  -0.01094,   0.04333,   0.06084,   0.02057,  -0.03545,  -0.08098,   0.05034,   0.05209,   0.01882,   0.06434,   0.01357,  -0.04771,   0.06259,  -0.01970,  -0.00044,   0.05209,   0.00306,   0.02057,   0.01707,  -0.00744,  -0.04421,  -0.01444,   0.00657,   0.00832,   0.00481,   0.03808,  -0.08973,   0.02407,  -0.03370,   0.08010,  -0.08098,   0.00306,   0.07135,   0.01182,  -0.01444,  -0.01269,  -0.05646,   0.03283,  -0.02670,  -0.03545,   0.02582,  -0.01620,  -0.07922,  -0.00569,   0.00131,  -0.00569,  -0.03545,   0.02057,   0.02582,   0.02407,  -0.01620,  -0.02670,  -0.00219,  -0.03896,  -0.05296,  -0.01795,   0.02057,   0.02057,   0.04683,  -0.02845,   0.05034,   0.00832,   0.02407,  -0.01094,  -0.01795,   0.03108,   0.03633,  -0.04071,   0.07135,  -0.03721,  -0.06697,   0.03808,   0.05209,   0.04508,   0.02232,  -0.06347,  -0.05121,  -0.03545,   0.02933,  -0.04771,   0.06084,   0.04158,   0.04508,  -0.01620,  -0.02495,  -0.05471,  -0.00919,   0.00657,   0.02757,  -0.01620,   0.04333,   0.03808,   0.04508,   0.03108,   0.01357,  -0.04946,  -0.09673,   0.00306,   0.00481,   0.02757,   0.12912,   0.10636,   0.00131,   0.05734,  -0.01094,   0.01007,   0.01882,   0.01882,   0.00481,  -0.02845,  -0.04421,   0.00306,  -0.03545,  -0.08098,   0.09060,  -0.03195,  -0.08973,   0.00481,  -0.00219,  -0.05121,   0.08710,  -0.02320,  -0.04421,   0.01707,  -0.01444,   0.01882,   0.03458,   0.00657,   0.01007,  -0.04246,  -0.05121,  -0.00919,   0.02933,   0.01707,  -0.00219,   0.00481,  -0.05296,  -0.03370,   0.08010,   0.00131,   0.07660,   0.02232,  -0.01795,  -0.05296,  -0.01970,  -0.04246,  -0.01620,   0.07485,  -0.07747,   0.03283,  -0.05296,   0.00131,  -0.00219,   0.08535,  -0.00744,  -0.02670,   0.01007,   0.03983,  -0.05121,   0.04858,   0.01007,   0.05734,   0.01007,  -0.04071,   0.01007,   0.05384,  -0.00044,   0.00481,   0.02232,  -0.00744,   0.01532,  -0.04596,   0.02232,  -0.03370,   0.01357,   0.13087,  -0.03370,  -0.02320,   0.05909,   0.00832,  -0.04421,   0.05384,  -0.03721,   0.05559,  -0.02845,  -0.00744,  -0.01269,   0.00306,  -0.04946,  -0.03721,  -0.00744,   0.02933,  -0.02320,   0.08710,  -0.04946,  -0.04421,   0.04683,   0.01882,  -0.04596,   0.04858,  -0.07222,   0.02933,   0.02407,  -0.01795,   0.00131,  -0.02495,   0.02582,  -0.03020,   0.05034,  -0.08973,  -0.01269,   0.03458,   0.05734,  -0.02845,  -0.01970,   0.03283,   0.03983,   0.05909,  -0.00744,   0.00131,  -0.04771,  -0.03545,  -0.06347,  -0.00569,  -0.05822,   0.06609,  -0.00394,   0.00657,   0.00481,  -0.01269,  -0.03020,   0.02757,   0.02232,  -0.05822,  -0.01269,   0.12562,   0.02933,  -0.02145,   0.01182,   0.08185,   0.04508,  -0.01970,   0.03283,   0.03808,   0.01357,  -0.02670,   0.03108,   0.03458,   0.02232,  -0.00394,   0.03283,   0.01357,   0.02057,  -0.07747,  -0.04421,  -0.00919,   0.06959,   0.03633,  -0.02320,   0.05384,   0.11512,   0.10111,  -0.03896,   0.01357,  -0.00219,   0.01007,  -0.00219,  -0.05296,   0.02232,   0.02582,  -0.08098,  -0.03545,   0.03983,   0.04683,   0.02582,  -0.07047,   0.05034,   0.05559,   0.03108,   0.03108,   0.00832,   0.02057,  -0.03195,   0.08710,   0.01007,  -0.02320,  -0.01620,  -0.03721,   0.03808,   0.01882,  -0.01269,  -0.00744,   0.09586,   0.00832,  -0.00919,  -0.05121,  -0.00569,  -0.00744,   0.03458,  -0.03721,   0.03283,  -0.00569,  -0.01269,   0.03458,  -0.02670,  -0.07397,  -0.06172,  -0.02145,   0.03283,   0.00306,  -0.06172,  -0.01094,  -0.01094,  -0.08448,  -0.01094,  -0.09673,  -0.01620,  -0.05471,   0.01182,  -0.00569,   0.00832,   0.00832,  -0.02670,   0.06609,   0.03458,   0.06434,   0.02057,  -0.01094,  -0.03195,   0.00832,   0.02407,  -0.03020,   0.10461,  -0.04946,  -0.05997,  -0.03195,  -0.03195,  -0.00919,  -0.00219,  -0.00919,   0.06084,  -0.04946,  -0.03721,  -0.03195,   0.03458,   0.00657,   0.01182,  -0.00044,   0.09060,   0.05734,   0.01707,  -0.03370,   0.02582,   0.04158,  -0.05471,   0.06434,   0.06084,   0.05559,   0.02757,  -0.00744,   0.00657,  -0.06522,  -0.05822,   0.04158,   0.03283,  -0.03721,   0.02057,  -0.01269,  -0.07747,   0.06959,  -0.06172,   0.05384,   0.06434,   0.01182,   0.01182,  -0.07922,   0.03283,  -0.02495,   0.00481,   0.06084,   0.01357,   0.00832,  -0.00744,   0.05909,   0.06084,  -0.01620,   0.06609,   0.07310,  -0.01620,   0.08885,   0.02757,  -0.05296,   0.03983,   0.01882,   0.00306,   0.08885,   0.05384,  -0.01094,   0.01707,  -0.11424,   0.08535,   0.00832,  -0.02845,  -0.07047,  -0.01795,   0.03983,  -0.02145,   0.00481,  -0.04246,  -0.05997,   0.06259,  -0.01620,   0.04158,   0.00832,   0.01532,  -0.04596,  -0.09673,  -0.07047,  -0.04421,   0.06959,  -0.10549,   0.09411,  -0.02145,  -0.10199,   0.05559,   0.01357,   0.02582,  -0.00394,  -0.00569,   0.05909,  -0.02845,   0.03808,   0.02232,   0.01182,  -0.01269,  -0.00744,   0.00832,   0.03283,   0.07660,   0.01182,   0.00481,   0.05034,   0.04683,   0.08360,  -0.03195,   0.06959,   0.01707,   0.02407,  -0.02845,   0.00832,  -0.07222,   0.02407,   0.07835,  -0.04071,   0.06959,  -0.01620,  -0.03020,   0.00131,   0.07310,   0.08710,   0.06609,  -0.03545,  -0.00394,   0.02933,   0.04158,  -0.04246,   0.04508,  -0.01795,   0.02933,   0.01882,   0.01357,  -0.05646,  -0.03370,  -0.01444,  -0.05296,   0.00481,  -0.02320,   0.00657,  -0.04071,   0.01007,  -0.04946,  -0.02845,  -0.05646,   0.08360,  -0.02320,  -0.03020,  -0.08273,   0.04858,  -0.01269,   0.07485,   0.03633,   0.10461,  -0.05121,   0.01707,  -0.03370,   0.10636,  -0.00919,  -0.00744,   0.02757,  -0.00219,  -0.00044,   0.02933,   0.03283,   0.01882,   0.02933,  -0.01269,  -0.06172,   0.08010,   0.03283,   0.00131,   0.01357,   0.02407,  -0.04071,   0.08360,   0.06434,  -0.03721,   0.06609,  -0.01444,   0.05909,  -0.01795,   0.03633,   0.00131,   0.00481,  -0.04071,  -0.05296,   0.03633,  -0.00044,   0.06959,  -0.01094,  -0.02495,  -0.02670,   0.01882,  -0.03896,  -0.02670,  -0.02845,  -0.05121,   0.02582,   0.01007,  -0.03020,  -0.00569,   0.02933,  -0.01444,   0.02582,  -0.02145,  -0.06522,  -0.03020,   0.05909,   0.00832,  -0.05121,  -0.00569,   0.00306,   0.00481,   0.02582,   0.04508,   0.01707,  -0.01795,  -0.01094,   0.04333,   0.07485,  -0.03370,  -0.00744,   0.01007,  -0.04946,   0.00306,  -0.00744,   0.03283,  -0.01620,   0.00832,   0.04508,  -0.06522,   0.01182,  -0.03020,   0.05559,   0.03808,  -0.01269,  -0.00919,  -0.03721,  -0.01269,  -0.03721,  -0.03020,   0.01532,   0.01707,  -0.02145,  -0.02320,   0.09060,   0.11687,  -0.01094,   0.02933,  -0.07572,  -0.06697,  -0.02320,   0.01182,   0.01007,  -0.03020,  -0.02145,   0.03108,  -0.02670,   0.03633,   0.10286,   0.03808,   0.04683,  -0.01269,  -0.00919,   0.05734,  -0.04596,  -0.01970,  -0.04071,  -0.04771,  -0.02145,   0.02232,  -0.06697,  -0.01620,   0.07310,   0.02407,  -0.07922,  -0.00744,   0.00657,   0.01007,  -0.03370,  -0.04246,  -0.00744,   0.06259,  -0.03896,   0.05384,  -0.01269,   0.00131,  -0.03896,  -0.05997,  -0.10374,   0.02582,  -0.07397,  -0.01094,  -0.01444,   0.02057,   0.02757,   0.00481,   0.01357,   0.05034,  -0.01269,   0.02407,   0.03283,   0.02582,  -0.01444,   0.00306,   0.04508,   0.02057,   0.03808,   0.00306,  -0.01094,  -0.00044,   0.01182,   0.03458,   0.02232,   0.00832,   0.07135,  -0.00044,  -0.05997,  -0.01795,   0.01882,   0.02582,  -0.02145,   0.02057,   0.00657,   0.05209,   0.05209,   0.05559,  -0.01970,  -0.05296,   0.01182,   0.01882,  -0.02145,   0.00657,   0.00657,  -0.06522,  -0.01620,  -0.07397,  -0.02845,  -0.00744,   0.04158,  -0.05997,  -0.03195,  -0.02495,   0.05209,   0.01357,   0.04508,  -0.01094,  -0.01620,   0.01707,  -0.04071,   0.02057,   0.02933,   0.00832,  -0.00569,  -0.01795,  -0.01620,   0.00131,  -0.03545,   0.03108,   0.00657,  -0.06872,   0.03983,   0.00131,  -0.04596,  -0.02495,   0.01357,  -0.03195,  -0.01094,  -0.01620,   0.03458,  -0.03721,   0.00481,   0.10111,  -0.03020,   0.02057,   0.04508,   0.03458,   0.03808,  -0.06697,  -0.05121,   0.00657,   0.00306,  -0.03896,   0.02232,  -0.00219,  -0.04596,  -0.01970,  -0.03370,   0.00657,   0.01882,  -0.03020,  -0.00394,   0.02757,   0.02057,   0.00657,   0.02933,  -0.00044,  -0.01094,  -0.02320,   0.00481,   0.05734,   0.02407,   0.01182,   0.05209,  -0.01269,   0.02757,   0.03808,   0.02582,  -0.02845,  -0.03545,   0.05559,  -0.08273,  -0.03545,   0.03808,   0.02582,   0.01182,  -0.07047,  -0.02845,   0.01182,  -0.03195,  -0.02845,  -0.00394,  -0.05646,   0.02232,  -0.02145,  -0.03721,   0.05384,   0.00306,   0.01882,  -0.00394,  -0.10374,  -0.01444,   0.00306,  -0.03896,  -0.04771,  -0.00919,  -0.01970,  -0.02670,  -0.07747,  -0.04771,  -0.00219,  -0.02670,  -0.02670,  -0.02145,  -0.05997,   0.04158,   0.01882,   0.09761,  -0.04421,   0.02057,  -0.03195,   0.01532,   0.01707,  -0.04071,  -0.00219,  -0.10374,  -0.04946,   0.08185,   0.00832,   0.02582,   0.00131,  -0.03020,  -0.00744,   0.00657,  -0.09148,   0.03633,  -0.05471,  -0.03370,   0.03633,   0.04158,   0.05034,  -0.01094,  -0.05471,   0.03983,   0.05559,  -0.03721,  -0.02145,   0.05034,   0.11687,  -0.06872,  -0.07222,   0.07660,  -0.02670,  -0.04421,  -0.03545,  -0.00744,   0.01707,   0.00657,   0.04858,  -0.03545,   0.00131,   0.04158,   0.03458,   0.05034,   0.02933,   0.09761,   0.00306,   0.03983,   0.00306,  -0.04596,  -0.03896,  -0.01269,  -0.04771,   0.01182,  -0.03195,  -0.01620,   0.03808,  -0.05121,  -0.03020,  -0.03896,   0.04683,  -0.05822,   0.03808,   0.00131,  -0.03370,  -0.02145,  -0.01269,   0.01882,  -0.00219,   0.13087,  -0.01970,  -0.10023,  -0.00219,  -0.07747,  -0.04421,   0.00131,   0.01182,   0.03633,   0.05559,  -0.06522,   0.03283,  -0.00044,   0.04333,   0.03283,   0.01357,   0.01882,   0.00481,   0.00481,   0.01707,  -0.02845,  -0.03896,  -0.02145,   0.03108,  -0.02670,   0.00657,  -0.00394,  -0.01970,   0.01182,  -0.05121,  -0.03195,  -0.00744,   0.02582,  -0.00744,   0.03633,  -0.02845,   0.04858,  -0.05471,  -0.02320,   0.04858,   0.03808,   0.06084,   0.06609,  -0.02145,  -0.05471,   0.02057,  -0.00394,   0.00832,   0.00481,   0.09060,  -0.00044,   0.05209,  -0.02845,  -0.01269,   0.01707,  -0.01444,   0.05559,  -0.01444,  -0.02845,   0.05734,  -0.00919,   0.04683,   0.02757,  -0.03896,   0.00481,   0.03108,   0.02757,  -0.01269,  -0.04246,  -0.02145,  -0.02145,   0.02757,  -0.05121,   0.03283,  -0.04071,   0.04508,   0.09761,   0.02232,  -0.06697,   0.02933,  -0.03370,   0.03108,  -0.00744,   0.01182,   0.03283,  -0.05471,   0.02057,  -0.04421,   0.01357,   0.09761,   0.06084,  -0.05296,   0.01182,   0.00657,   0.03633,   0.00657,  -0.03020,  -0.05471,   0.04158,   0.00131,   0.05734,  -0.09498,   0.02582,  -0.00219,   0.04158,  -0.05121,   0.02232,  -0.01444,  -0.00394,   0.03458,  -0.03370,  -0.03195,   0.03108,  -0.03020,   0.02407,   0.01357,   0.03633,  -0.09673,  -0.05296,  -0.01094,   0.03458,   0.04508,   0.01532,  -0.02320,  -0.04246,  -0.03896,   0.01357,  -0.03195,  -0.01620,   0.03108,  -0.05646,   0.02757,  -0.01795,  -0.08798,   0.05734,   0.00131,   0.00306,  -0.01970,  -0.00744,   0.03983,   0.08535,  -0.06522,   0.02057,  -0.00044,  -0.02670,   0.05734,  -0.02670,  -0.02845,   0.01357,   0.02057,  -0.06172,   0.06784,   0.05209,  -0.00219,   0.00832,   0.08185,   0.02933,   0.00481,  -0.04246
  -0.00219,   0.08885,   0.03283,   0.02057,   0.03808,  -0.03370,  -0.00394,   0.07835,  -0.02670,   0.03808,   0.03458,   0.03108,  -0.02495,   0.01707,   0.08710,  -0.05646,  -0.04946,   0.08360,   0.00832,  -0.04771,   0.00131,  -0.01795,   0.07660,  -0.03370,  -0.00219,  -0.02670,  -0.03370,   0.03283,   0.02757,   0.01882,   0.03808,   0.05909,  -0.03195,  -0.04071,   0.03283,  -0.03195,  -0.07572,   0.05384,  -0.04246,   0.00306,   0.02757,  -0.00044,   0.01882,   0.08010,  -0.03721,   0.00657,  -0.00394,  -0.02320,   0.01707,   0.04158,   0.02232,   0.03808,   0.02757,  -0.00569,   0.09936,  -0.05646,  -0.04246,   0.04683,  -0.05121,  -0.02145,   0.06434,   0.05384,   0.10286,  -0.01795,   0.03458,   0.06959,  -0.05471,  -0.03721,   0.03808,   0.04333,  -0.03896,  -0.05121,  -0.06172,   0.02407,  -0.00919,  -0.00569,  -0.06697,  -0.00569,  -0.02670,  -0.03020,   0.05909,   0.03808,   0.00131,   0.01882,   0.00306,  -0.06347,  -0.02320,   0.08360,   0.01182,   0.09411,  -0.04946,  -0.01620,   0.01007,  -0.01970,  -0.01795,   0.01707,   0.07310,  -0.00744,  -0.05121,   0.00832,   0.02582,   0.06609,  -0.00919,   0.04158,   0.07310,  -0.07397,   0.00131,   0.04333,  -0.03195,   0.02407,  -0.02845,  -0.00044,   0.04683,   0.02933,  -0.00919,   0.05384,  -0.11074,  -0.06347,   0.04158,   0.05384,  -0.07047,   0.04858,   0.06609,   0.00481,   0.00832,   0.03458,  -0.04771,  -0.01269,   0.00481,   0.01532,  -0.06347,  -0.00919,  -0.04071,  -0.01444,   0.08010,   0.05209,   0.07485,   0.02582,   0.02407,  -0.01795,   0.00306,   0.00832,   0.08535,  -0.05296,   0.06609,  -0.01094,  -0.02670,   0.02757,   0.01007,  -0.03020,   0.11336,  -0.03896,  -0.02320,  -0.03721,   0.01532,   0.01357,  -0.00569,  -0.04946,   0.01882,  -0.07047,   0.03458,  -0.00744,   0.00832,  -0.00394,   0.05384,   0.09761,   0.03108,  -0.05296,   0.11687,  -0.02845,   0.01882,  -0.00919,  -0.05997,  -0.01094,   0.01007,  -0.10549,  -0.05471,   0.01182,   0.04508,  -0.05646,  -0.04071,   0.04683,   0.11687,  -0.03896,   0.04858,   0.04683,   0.02057,   0.03633,   0.03983,   0.01182,   0.05734,   0.03633,   0.03633,  -0.07922,   0.10286,  -0.04771,   0.09235,  -0.05997,   0.00832,  -0.05121,  -0.02495,   0.01882,   0.07135,  -0.00744,  -0.08973,   0.01357,   0.07835,   0.04333,   0.00657,   0.00306,   0.06084,   0.03108,   0.04333,   0.00832,  -0.11599,  -0.00044,  -0.04946,   0.03283,   0.02057,  -0.00569,   0.02407,   0.00131,   0.01882,   0.06259,  -0.00044,  -0.10199,  -0.02145,   0.00657,  -0.04421,  -0.01620,  -0.04246,  -0.08273,  -0.07047,   0.06084,   0.00131,  -0.02320,  -0.04071,   0.00306,   0.09235,  -0.08098,   0.04333,  -0.00744,   0.08885,   0.00481,  -0.04596,  -0.01269,   0.00481,  -0.01444,  -0.03020,   0.00832,  -0.03545,  -0.00569,   0.07485,   0.08010,  -0.03896,   0.05209,   0.05384,  -0.01620,   0.00657,   0.07135,   0.04508,  -0.04071,   0.02933,  -0.01269,  -0.07397,  -0.05471,  -0.03020,   0.05034,   0.05559,   0.01357,   0.01182,   0.00131,  -0.05822,  -0.00569,   0.01007,   0.00832,  -0.00744,  -0.03545,   0.04683,  -0.02495,   0.03633,  -0.03020,  -0.05471,   0.01182,  -0.04071,   0.08885,  -0.03370,   0.01882,  -0.04071,   0.01532,   0.01357,   0.05909,  -0.08273,   0.01357,   0.09060,  -0.06172,   0.06084,   0.08885,  -0.03195,   0.03108,  -0.01444,   0.11336,  -0.05997,   0.09586,   0.05384,   0.09060,   0.09936,  -0.00044,   0.05209,  -0.03370,   0.05909,   0.05034,  -0.03896,   0.09411,   0.02757,  -0.01795,  -0.03545,   0.04508,  -0.00569,  -0.02495,  -0.05121,   0.02407,  -0.05121,   0.01532,  -0.03721,   0.03108,  -0.01094,   0.00657,  -0.03721,  -0.06697,   0.05034,  -0.00919,  -0.03545,   0.06259,  -0.01620,   0.00306,  -0.03545,  -0.00919,  -0.07572,  -0.09498,  -0.01444,  -0.05471,   0.05384,   0.01357,   0.00306,   0.02933,   0.02232,  -0.05646,  -0.02845,   0.04858,   0.05559,   0.02407,   0.03458,  -0.01269,  -0.02845,  -0.12124,  -0.05822,   0.01532,   0.07135,  -0.01094,  -0.01094,  -0.05646,  -0.02320,   0.05734,  -0.02495,  -0.04246,  -0.03721,  -0.00394,   0.03283,  -0.11074,  -0.03896,  -0.07747,  -0.01620,   0.03458,  -0.03545,  -0.00044,   0.04683,   0.06434,   0.06434,   0.09235,   0.04158,   0.08010,  -0.04596,   0.05734,  -0.04596,   0.00657,  -0.03195,  -0.03721,   0.01882,   0.04333,  -0.02495,   0.13087,  -0.01620,   0.11512,  -0.06697,  -0.02495,   0.03808,  -0.03545,   0.09586,   0.00657,  -0.02495,   0.06434,   0.05909,   0.05909,  -0.03195,  -0.05121,   0.00306,   0.00481,   0.00131,  -0.03195,  -0.01269,   0.07310,  -0.06172,  -0.03195,  -0.05296,  -0.00569,  -0.01269,   0.02407,   0.00481,   0.01707,  -0.01620,   0.04158,   0.02057,   0.08885,   0.03283,   0.08710,   0.07485,  -0.03195,  -0.02670,   0.02407,  -0.09498,  -0.02320,   0.03108,   0.00832,   0.02757,  -0.11424,  -0.02320,   0.04858,  -0.06347,   0.00832,  -0.00569,  -0.08798,   0.01357,  -0.02320,  -0.03195,  -0.00744,   0.04333,   0.00832,   0.01882,   0.02933,   0.01357,   0.00481,  -0.04246,   0.06434,  -0.03370,   0.00657,   0.03458,   0.05909,   0.02582,   0.06959,   0.09060,   0.04158,   0.08710,   0.01707,  -0.02845,   0.02057,   0.02407,   0.01532,  -0.01269,   0.01707,   0.07660,   0.02757,  -0.00919,   0.00306,   0.04858,  -0.03020,   0.08360,   0.03983,   0.01357,  -0.03545,   0.09586,   0.02057,   0.10111,   0.03983,  -0.04421,  -0.07222,   0.06084,   0.08010,   0.03108,   0.03283,  -0.00744,  -0.04421,  -0.03721,  -0.04246,   0.08185,   0.15188,   0.02933,   0.01182,   0.03108,   0.02232,  -0.04421,   0.03633,   0.00131,   0.02933,   0.03983,  -0.01795,  -0.00569,  -0.04246,  -0.00744,  -0.00919,   0.05384,   0.02407,  -0.01444,   0.04333,   0.05909,  -0.05471,   0.02407,   0.03283,   0.03633,   0.01357,   0.01882,  -0.03721,   0.01182,   0.02407,  -0.04771,   0.01182,  -0.04246,  -0.01094,   0.06434,   0.02757,  -0.02320,  -0.01269,  -0.04246,   0.04508,  -0.00569,  -0.09673,  -0.10724,   0.06259,   0.07135,  -0.05646,   0.02582,   0.07485,   0.02757,  -0.01970,   0.04858,  -0.02670,   0.00131,   0.03983,  -0.01444,  -0.06697,  -0.05646,  -0.10199,   0.01357,  -0.07397,   0.06084,   0.02232,   0.00832,  -0.01444,  -0.01970,   0.02232,   0.12387,  -0.01269,   0.03108,  -0.02845,   0.01182,  -0.04421,   0.03108,   0.00131,  -0.00744,  -0.01444,   0.01007,  -0.02670,   0.04683,  -0.01269,   0.01882,   0.03458,   0.04508,   0.02757,  -0.03370,  -0.05646,   0.01707,  -0.01269,   0.08010,   0.06084,  -0.05997,   0.03808,  -0.02320,  -0.00394,   0.09761,  -0.01269,   0.06784,  -0.09498,   0.03808,  -0.07397,  -0.04246,  -0.01795,   0.01532,  -0.08623,  -0.03545,   0.07485,  -0.00744,  -0.02845,  -0.03545,   0.04858,  -0.05296,  -0.05121,   0.03283,   0.00832,  -0.02670,  -0.05646,  -0.03896,  -0.03721,  -0.08623,   0.02757,  -0.04946,  -0.02845,   0.00832,   0.02582,  -0.08273,  -0.06697,  -0.08623,   0.11161,   0.00832,   0.03283,   0.02407,  -0.02495,  -0.01094,  -0.11424,   0.01882,  -0.03545,  -0.00569,   0.02582,  -0.08798,   0.01882,  -0.05121,   0.00306,  -0.07572,  -0.02495,   0.05559,   0.05734,  -0.06522,  -0.00219,   0.08535,  -0.06347,   0.07485,   0.03283,  -0.04946,   0.01707,   0.05734,   0.07310,   0.02757,   0.01707,   0.01357,  -0.00394,  -0.02495,  -0.01269,  -0.03721,   0.01357,   0.03283,  -0.07222,  -0.04946,   0.02057,   0.02407,   0.01357,   0.07485,  -0.01444,  -0.05471,  -0.00044,   0.06084,   0.14488,  -0.01795,   0.00832,   0.08710,   0.01882,  -0.00219,   0.01357,  -0.04771,  -0.04071,  -0.01444,  -0.00744,  -0.02145,   0.02933,   0.00657,  -0.02320,  -0.01444,   0.05559,  -0.01620,  -0.00219,   0.03458,   0.05209,  -0.03896,   0.04333,  -0.00219,   0.03108,   0.07310,   0.03983,  -0.02320,   0.02232,  -0.07922,   0.07660,   0.02407,   0.06434,  -0.02320,   0.03108,   0.05909,   0.05559,   0.10461,   0.06609,  -0.02845,   0.05384,  -0.01444,   0.00481,  -0.05822,  -0.05822,   0.01532,   0.01707,  -0.01620,   0.01357,  -0.09848,   0.02407,   0.03458,  -0.01795,  -0.00044,  -0.02495,   0.03808,   0.01532,  -0.01795,  -0.01269,  -0.01620,  -0.10023,   0.03108,  -0.00919,   0.01357,  -0.01094,   0.00131,  -0.02145,  -0.03545,   0.01007,  -0.05471,  -0.00919,   0.00131,  -0.02670,   0.05734,  -0.01269,  -0.00044,   0.08885,   0.02057,   0.02407,   0.07835,   0.01707,  -0.03721,   0.03108,  -0.02495,  -0.01795,   0.02232,  -0.03370,   0.02232,   0.05559,  -0.04071,   0.03983,   0.03283,   0.03808,   0.12737,  -0.04771,   0.03983,   0.03458,   0.09761,  -0.06697,  -0.08973,   0.03283,  -0.04596,   0.02757,  -0.00394,  -0.13000,  -0.10724,  -0.06872,  -0.00044,   0.01882,   0.06084,   0.05384,  -0.02320,   0.02232,   0.02232,   0.00306,   0.01007,  -0.01620,  -0.00219,  -0.04421,   0.03458,  -0.01795,  -0.00744,   0.00306,  -0.05822,   0.01182,   0.03983,  -0.12825,  -0.01620,  -0.09323,   0.00832,   0.02057,   0.04333,   0.01707,  -0.07222,  -0.04246,  -0.01795,   0.04158,   0.01882,  -0.03020,   0.10286,  -0.02320,  -0.04946,   0.06609,  -0.04946,   0.00131,   0.06609,   0.05734,   0.04683,   0.08010,  -0.00044,   0.01532,   0.05909,   0.02057,   0.09586,  -0.09498,  -0.04771,  -0.10374,  -0.03721,   0.04333,  -0.02845,  -0.01269,  -0.02145,   0.01532,  -0.01269,  -0.06872,  -0.05646,   0.08010,   0.03458,   0.00481,   0.01707,  -0.01269,  -0.04246,  -0.01795,   0.02582,   0.01882,   0.05034,   0.03808,   0.02582,   0.03983,   0.02057,  -0.01094,   0.01707,   0.02057,   0.01007,  -0.01795,   0.02232,  -0.00394,   0.01357,  -0.06872,   0.01357,  -0.06697,   0.00306,   0.00832,  -0.01269,  -0.03370,   0.01532,  -0.01269,   0.03808,  -0.02320,  -0.07397,   0.06084,   0.07135,  -0.00044,   0.04683,   0.06259,  -0.04246,   0.00832,  -0.01094,  -0.10899,  -0.03721,   0.12562,   0.09586,  -0.01094,  -0.06872,   0.03283,   0.02057,  -0.02670,  -0.03195,   0.04508,  -0.01094,   0.01007,   0.04333,   0.00832,   0.01007,  -0.09673,  -0.00394,  -0.01269,  -0.00744,  -0.03195,   0.00306,   0.04158,   0.01882,  -0.08448,  -0.00569,   0.05209,   0.09060,  -0.02845,  -0.05822,   0.05909,  -0.03020,  -0.05121,   0.07310,  -0.06172,   0.05909,  -0.05471,  -0.00919,  -0.00569,   0.09586,  -0.05121,   0.00481,  -0.03195,   0.04333,  -0.02670,   0.09235,   0.06084,   0.01357,  -0.05121,   0.00481,   0.04158,  -0.01795,  -0.02145,  -0.00569,  -0.05646,  -0.05121,   0.01357,   0.05734,  -0.00919,   0.03283,  -0.10724,   0.01182,   0.00832,  -0.00744,  -0.00569,  -0.01094,   0.06959,  -0.03896,   0.00481,  -0.03545,   0.03458,   0.05384,  -0.00219,   0.06609,  -0.10724,  -0.01970,  -0.11074,   0.12212,   0.07310,  -0.01795,   0.01357,  -0.01970,   0.06434,  -0.00569,  -0.07397,  -0.00044,  -0.04946,  -0.04771,   0.03808,   0.05909,   0.01182,  -0.03896,   0.05209,  -0.04071,   0.08360,   0.02757,   0.04508,   0.01357,   0.03458,  -0.01795,   0.03808,  -0.00219,  -0.00569,   0.00657,  -0.02145,   0.04158,  -0.01444,  -0.03896,  -0.08448,  -0.08973,   0.00131,  -0.07047,  -0.09498,  -0.02495,   0.05559,   0.04683,  -0.01620,   0.05559,   0.07835,  -0.00569,   0.08010,  -0.03370,  -0.06522,  -0.03370,  -0.01620,   0.00832,  -0.01094,   0.02057,   0.07135,  -0.05296,   0.02057,   0.02232,  -0.03545,  -0.02670,  -0.03195,  -0.01269,  -0.00919,  -0.05822,  -0.05121,  -0.06347,  -0.02320,   0.01007,  -0.01094,  -0.01970,  -0.08623,   0.05559,   0.02933
   0.06084,   0.06784,   0.01357,  -0.02495,  -0.03896,  -0.00569,   0.00657,   0.00481,  -0.01620,   0.00832,   0.05909,  -0.00394,   0.07310,  -0.05121,   0.01532,  -0.05822,   0.05209,  -0.03545,  -0.06522,  -0.05997,   0.00131,   0.01532,  -0.00744,  -0.00044,   0.04858,  -0.01970,   0.12037,   0.01532,   0.00131,   0.05034,  -0.00569,   0.07485,  -0.01970,   0.00306,  -0.00744,  -0.01795,  -0.01444,  -0.01970,   0.05734,  -0.02145,  -0.01620,   0.02057,  -0.04071,  -0.03896,  -0.06872,  -0.00569,   0.01707,   0.02582,  -0.07397,  -0.04421,  -0.04246,   0.05209,   0.08360,   0.04508,  -0.02845,   0.03808,  -0.04071,  -0.02320,  -0.02495,  -0.05296,  -0.07222,   0.02407,   0.03108,   0.08185,   0.01007,  -0.00569,   0.02407,  -0.01970,  -0.00744,  -0.02845,   0.03633,   0.01182,   0.03108,   0.10111,   0.05559,  -0.06347,   0.04508,  -0.05471,  -0.04071,  -0.03896,  -0.01269,  -0.02145,   0.00481,   0.00306,  -0.01620,  -0.04596,  -0.00219,   0.00832,  -0.05997,   0.05034,  -0.02495,   0.06434,  -0.01970,   0.01532,  -0.00919,  -0.03545,  -0.02670,   0.04858,   0.00481,   0.03808,  -0.03370,   0.01532,   0.05209,   0.05559,   0.02407,  -0.02320,  -0.00569,   0.02057,  -0.05471,   0.02582,  -0.01444,  -0.03545,  -0.02145,   0.00481,  -0.02495,  -0.10899,  -0.05822,   0.02407,   0.00481,   0.02582,   0.02757,   0.00481,   0.02057,  -0.02670,   0.05209,   0.00306,  -0.06347,  -0.00569,  -0.02145,   0.03633,  -0.04421,  -0.02845,   0.01007,   0.00306,  -0.00044,  -0.00044,  -0.02670,   0.09060,  -0.00219,   0.02407,   0.10986,  -0.01795,   0.02582,  -0.11074,   0.03108,   0.01357,   0.00832,   0.00306,  -0.04596,   0.06959,  -0.04421,   0.03458,  -0.08448,   0.01532,   0.01182,  -0.01444,   0.03633,   0.01007,  -0.03896,  -0.05296,   0.03283,   0.05559,   0.01357,   0.04858,   0.09586,  -0.10374,  -0.01269,  -0.11249,  -0.00919,   0.08710,  -0.01269,   0.01007,  -0.02145,  -0.04071,   0.02057,   0.04158,  -0.03195,  -0.01444,  -0.03896,  -0.02145,  -0.01269,  -0.00394,  -0.01269,  -0.03896,   0.01882,   0.00657,   0.02933,  -0.04596,  -0.09148,   0.08185,   0.07485,   0.01707,  -0.04421,  -0.02320,  -0.00919,   0.03808,  -0.01094,  -0.07222,   0.02933,  -0.09148,  -0.06697,   0.02057,   0.00481,  -0.06697,  -0.03195,  -0.05121,  -0.04421,  -0.01970,   0.02582,   0.01532,   0.00657,  -0.01094,  -0.01620,   0.00306,   0.04158,  -0.03020,  -0.02320,  -0.00919,  -0.02845,  -0.05822,  -0.00919,   0.00481,   0.04333,   0.01182,  -0.03896,   0.01007,   0.03458,   0.01357,  -0.00569,   0.02933,  -0.00219,  -0.02145,   0.01882,  -0.02145,  -0.01970,  -0.01795,   0.05384,  -0.04946,  -0.02320,   0.00481,   0.02582,  -0.03721,   0.02232,  -0.06697,  -0.07572,  -0.05646,  -0.02145,   0.03108,  -0.00219,  -0.00569,   0.10636,  -0.03370,  -0.05471,  -0.02670,   0.10286,  -0.00394,  -0.00569,  -0.04071,   0.02757,  -0.06347,  -0.01970,  -0.02320,   0.02757,  -0.00569,  -0.02145,   0.01707,  -0.04596,  -0.07397,   0.03633,  -0.00394,  -0.04071,   0.01007,  -0.02670,   0.02232,   0.01357,  -0.04946,  -0.07922,   0.10461,  -0.01094,   0.03108,  -0.01620,   0.03983,   0.00481,  -0.05471,   0.01357,  -0.01444,   0.09060,  -0.01444,   0.04333,  -0.05471,   0.07135,   0.01357,   0.03808,   0.02057,   0.01707,  -0.06522,   0.06259,  -0.02320,  -0.08623,  -0.03370,  -0.01970,  -0.01444,  -0.04246,  -0.04596,  -0.01970,   0.02407,  -0.02845,   0.00481,  -0.08448,   0.01532,   0.03108,   0.03983,   0.02407,  -0.05471,   0.01532,  -0.01620,   0.04333,   0.02757,  -0.00569,   0.01007,   0.03983,   0.01882,   0.12212,   0.00657,   0.09761,  -0.05471,   0.00306,   0.03808,  -0.05121,   0.02232,  -0.04421,   0.03108,   0.03633,   0.02057,   0.01182,  -0.07047,   0.03633,   0.00657,   0.01882,  -0.01269,  -0.00044,  -0.00219,   0.10111,  -0.00744,  -0.00744,  -0.01970,  -0.01269,  -0.02320,   0.00657,  -0.03195,  -0.04071,  -0.03195,  -0.02670,  -0.02495,   0.05559,  -0.00744,   0.06259,  -0.06697,   0.02933,   0.00306,   0.02933,   0.01357,  -0.04421,   0.00657,  -0.00219,  -0.02670,  -0.01094,  -0.06872,  -0.00044,  -0.00569,   0.01182,  -0.06347,   0.01882,  -0.06522,   0.06784,  -0.00919,   0.03983,  -0.00744,  -0.01094,   0.04858,  -0.04596,  -0.03195,   0.00306,  -0.04946,  -0.01620,  -0.02320,   0.03983,  -0.02845,   0.01532,   0.05209,   0.05559,  -0.07747,  -0.05296,   0.00131,   0.06259,  -0.04421,  -0.04246,   0.00657,   0.01532,   0.01532,   0.08185,   0.02407,  -0.02845,   0.01007,   0.01707,   0.06259,  -0.01795,   0.00481,  -0.04596,   0.03283,  -0.03020,  -0.04596,  -0.03896,   0.02933,   0.09235,  -0.06697,  -0.03370,  -0.01970,   0.01182,  -0.01094,  -0.03896,  -0.00569,   0.02757,   0.04333,   0.03633,  -0.01444,  -0.05997,   0.00657,  -0.00744,   0.01882,   0.03808,  -0.03721,  -0.04596,  -0.01269,  -0.04246,  -0.00219,   0.04683,   0.01007,  -0.02670,  -0.00744,   0.02232,   0.02057,   0.05209,  -0.03545,  -0.04771,   0.03458,   0.01182,  -0.08098,  -0.01094,   0.01882,   0.04683,  -0.05471,  -0.04246,  -0.03545,  -0.03195,  -0.01795,   0.02582,  -0.04771,   0.01707,   0.06609,  -0.03545,  -0.00044,   0.02057,  -0.01269,  -0.04071,  -0.01444,  -0.01269,   0.03983,   0.00131,   0.01357,  -0.04596,   0.01532,   0.02057,  -0.05997,   0.00832,   0.01707,   0.03283,  -0.04071,  -0.04071,  -0.04946,  -0.03896,  -0.00569,   0.01707,  -0.04771,   0.01182,   0.07310,   0.05384,  -0.08623,  -0.03195,  -0.01970,  -0.03896,   0.01882,   0.03108,   0.03808,   0.02582,   0.00131,  -0.03545,  -0.01444,   0.04508,   0.02232,   0.04158,   0.09586,  -0.01970,  -0.00044,  -0.00044,   0.03108,   0.06434,  -0.03896,   0.01532,  -0.06172,  -0.03370,   0.00131,  -0.00219,  -0.02495,  -0.01795,  -0.03370,   0.03108,  -0.01970,  -0.07572,   0.03633,   0.03283,  -0.06872,  -0.00919,  -0.00044,  -0.00569,  -0.04596,  -0.01444,   0.02057,  -0.02845,   0.06959,  -0.07397,  -0.06522,   0.10636,  -0.01795,   0.04158,   0.05384,   0.01707,   0.03283,  -0.01970,  -0.01444,  -0.05296,  -0.01444,   0.02232,  -0.02320,   0.02757,   0.05734,  -0.02845,   0.03283,  -0.02845,   0.03458,   0.00657,  -0.03370,  -0.00569,   0.05209,  -0.04071,   0.05909,  -0.03721,   0.00832,  -0.07047,  -0.00569,   0.03108,   0.02933,   0.05209,   0.00657,   0.00657,  -0.00394,  -0.02845,   0.06084,  -0.04596,  -0.01444,   0.00657,   0.00306,   0.01882,  -0.05822,   0.01007,  -0.01444,   0.09060,   0.03983,   0.00131,  -0.01970,   0.06434,  -0.00394,   0.01707,   0.02057,   0.03808,   0.00657,   0.06784,   0.02933,  -0.00744,  -0.01444,  -0.01269,  -0.01620,   0.02232,   0.12737,   0.04333,   0.03633,   0.03283,  -0.05296,   0.09060,   0.00832,   0.06784,  -0.01795,   0.00657,  -0.00219,   0.00306,   0.11161,  -0.08623,   0.03808,   0.04158,  -0.02320,   0.03108,  -0.06347,  -0.03721,   0.00832,  -0.04596,   0.03983,  -0.01970,   0.00657,  -0.00744,  -0.01620,  -0.05296,  -0.00569,  -0.01269,   0.04158,  -0.03370,  -0.01970,  -0.04421,   0.01707,   0.01007,   0.01007,   0.03283,   0.01882,  -0.06172,   0.02407,  -0.01795,   0.04858,  -0.04771,   0.00131,  -0.03896,  -0.03020,  -0.02845,   0.06259,  -0.03545,  -0.05997,   0.04508,  -0.03721,   0.01882,  -0.00394,  -0.03545,  -0.02145,  -0.01795,  -0.12650,  -0.03195,  -0.00044,  -0.07747,  -0.01620,  -0.00569,  -0.03545,   0.01882,  -0.03020,   0.02933,  -0.02845,  -0.04421,   0.00306,   0.00657,  -0.01795,  -0.00919,  -0.02320,  -0.05822,   0.02933,  -0.03545,  -0.01970,  -0.00394,   0.08360,   0.05384,  -0.05997,   0.05734,  -0.02670,  -0.01094,  -0.02320,   0.06784,  -0.07047,   0.00832,  -0.03020,   0.03633,   0.06609,  -0.03721,  -0.05822,   0.01357,   0.11336,  -0.01970,  -0.01444,  -0.03896,  -0.05997,  -0.00919,   0.01532,  -0.00919,   0.01357,   0.02057,  -0.00744,  -0.01620,   0.07835,  -0.02495,   0.01357,  -0.04071,   0.00657,   0.02933,   0.01707,   0.01882,  -0.04421,  -0.01444,   0.09936,   0.05559,   0.02933,   0.00657,  -0.07572,  -0.02495,  -0.09323,  -0.05121,   0.05734,  -0.00569,   0.00657,   0.00306,   0.01882,   0.00306,  -0.03896,   0.11687,   0.00832,   0.02757,   0.01182,   0.03808,  -0.01795,  -0.03020,   0.00481,  -0.02320,  -0.04246,  -0.03721,  -0.02845,   0.02757,  -0.00394,  -0.01094,  -0.04421,   0.03108,  -0.00219,  -0.08448,   0.00657,  -0.04596,  -0.07572,  -0.01620,  -0.07222,  -0.00044,  -0.02670,   0.01182,  -0.06172,   0.05034,   0.05734,  -0.03195,   0.04508,  -0.05296,  -0.02845,  -0.05997,   0.04858,  -0.02845,   0.04158,  -0.04071,  -0.01094,  -0.01444,   0.04333,  -0.04596,   0.05734,  -0.02670,  -0.00569,  -0.01094,  -0.05646,  -0.06347,   0.05734,   0.06959,  -0.02495,   0.02407,   0.02057,   0.01182,  -0.01444,  -0.00744,  -0.01970,   0.02407,   0.01007,   0.03983,   0.01707,  -0.00394,   0.03283,   0.01357,  -0.03195,  -0.01970,   0.09411,   0.08185,  -0.00219,   0.07835,   0.01882,  -0.09848,   0.01707,   0.02757,   0.02757,  -0.02145,  -0.02145,   0.09936,   0.01532,   0.00306,   0.06784,  -0.11599,   0.02057,  -0.03896,  -0.02845,   0.01007,   0.02933,  -0.02670,   0.08885,  -0.00394,  -0.03195,  -0.02320,   0.08535,   0.00657,  -0.02495,  -0.01094,   0.04158,  -0.10374,   0.00657,  -0.07572,   0.00481,  -0.04596,   0.00481,   0.01882,  -0.01970,   0.03983,  -0.01444,   0.01007,  -0.04421,   0.01532,  -0.04071,  -0.05121,   0.05734,  -0.01094,  -0.02495,  -0.01444,  -0.04596,   0.02933,  -0.03545,  -0.01269,  -0.02495,   0.02232,  -0.00394,   0.02582,   0.01707,   0.02057,   0.01707,   0.02582,   0.03633,  -0.02320,  -0.03020,  -0.01444,  -0.06522,   0.01882,   0.06784,   0.01007,   0.00832,  -0.01094,  -0.03370,  -0.05471,  -0.05296,   0.04508,  -0.05997,  -0.02845,  -0.00744,   0.06959,  -0.01970,  -0.01094,   0.02582,  -0.06172,   0.04158,   0.02582,   0.03808,   0.00131,   0.00657,   0.05384,  -0.00394,   0.00657,  -0.06347,  -0.01094,   0.04158,  -0.05121,  -0.02845,  -0.02845,   0.01707,   0.01882,  -0.02145,  -0.03721,   0.00481,  -0.02320,  -0.04246,  -0.08448,   0.06609,   0.00832,  -0.00394,   0.01707,   0.02407,  -0.02145,  -0.02145,  -0.08623,   0.02757,   0.01707,  -0.00044,   0.02057,  -0.01269,   0.03633,   0.05559,  -0.04421,  -0.04771,  -0.04071,  -0.05121,  -0.01444,  -0.00569,  -0.06172,   0.05034,  -0.00744,  -0.01620,   0.01007,   0.04333,   0.03983,   0.03458,   0.04158,   0.04508,  -0.00044,   0.02757,   0.01532,  -0.03370,   0.08010,   0.06784,  -0.00919,  -0.01444,   0.01357,   0.04858,  -0.03721,  -0.02320,   0.06259,  -0.03545,   0.09060,  -0.04946,   0.09411,   0.00131,  -0.02320,  -0.03896,  -0.01620,  -0.09323,  -0.05997,  -0.08273,   0.05209,  -0.02320,   0.03108,  -0.06872,   0.05384,   0.02232,  -0.00394,   0.01882,   0.12212,   0.04508,  -0.07922,   0.03808,   0.02933,  -0.01444,  -0.07047,  -0.02495,  -0.00219,   0.03633,   0.05559,   0.10986,   0.01532,   0.03108,  -0.01795,  -0.01444,  -0.06347,   0.00306,   0.05209,  -0.04246,   0.04858,  -0.04946,   0.06609,   0.01707,   0.09411,   0.00131,   0.05909,   0.00306,   0.03808,  -0.03545,   0.01532,   0.02582,   0.00481,  -0.08448,  -0.03721,   0.09411,   0.00481,   0.00131,   0.00131,   0.01182,   0.04158,  -0.09148,  -0.00744,   0.01532,   0.05034,  -0.00919,   0.05384,  -0.07572,  -0.00569,   0.00306,   0.05734,  -0.04946,   0.01707,   0.03808,   0.05384,  -0.10899,  -0.00744,   0.01532,  -0.00744,  -0.01444,   0.00131,  -0.00744
  -0.08098,   0.04158,   0.01882,   0.01707,  -0.03020,   0.01882,   0.01007,   0.02407,  -0.02845,   0.01532,   0.02933,  -0.07397,   0.01357,   0.00832,   0.01707,   0.02582,   0.02757,   0.07835,  -0.02495,   0.01357,   0.01357,   0.06959,  -0.00394,   0.04158,   0.04683,   0.04333,   0.05909,   0.08535,  -0.04946,  -0.00394,  -0.04421,   0.07835,   0.04683,  -0.06872,   0.03983,  -0.01094,   0.01882,   0.04333,   0.00481,   0.08710,   0.01882,  -0.01444,  -0.00919,   0.07660,  -0.02845,  -0.02320,   0.03283,   0.03808,   0.00832,  -0.03195,  -0.02320,   0.05034,   0.02232,  -0.02145,   0.01007,  -0.01094,   0.00481,   0.04683,   0.02057,   0.00657,  -0.01620,  -0.03195,  -0.05646,  -0.00569,   0.01707,  -0.05296,  -0.01269,   0.01357,  -0.03896,  -0.00044,   0.04683,   0.03633,   0.05034,  -0.03195,   0.08535,   0.04858,  -0.07572,   0.05734,   0.03458,   0.02757,   0.04683,   0.02582,  -0.03370,   0.00832,  -0.01444,  -0.05471,  -0.10549,   0.01707,  -0.03195,  -0.09498,  -0.06872,   0.03108,   0.00657,  -0.00219,  -0.05997,   0.06434,   0.03808,   0.00657,   0.08010,  -0.02845,   0.00657,   0.02933,  -0.00919,   0.00306,  -0.06872,  -0.00569,  -0.07747,  -0.01620,   0.01357,  -0.03195,   0.06959,   0.01182,   0.02933,   0.03283,  -0.04071,  -0.01094,   0.05034,  -0.03195,   0.01882,   0.06084,   0.09235,   0.04158,   0.00832,  -0.04946,  -0.01269,  -0.02320,   0.00657,   0.01182,   0.00481,   0.05559,   0.06434,   0.07135,  -0.04771,  -0.04771,   0.01357,   0.06434,   0.09586,   0.08360,   0.02582,   0.05909,  -0.00219,  -0.02145,  -0.09498,  -0.04596,   0.05384,  -0.01269,   0.04683,   0.02057,   0.01182,  -0.02145,  -0.04596,   0.01707,  -0.04946,  -0.00394,  -0.06872,  -0.11599,   0.00306,  -0.00744,   0.01182,   0.03108,  -0.06872,  -0.00744,  -0.01269,  -0.01795,   0.05384,   0.00481,  -0.02145,  -0.00744,  -0.04421,   0.05384,   0.06609,  -0.04246,   0.06259,   0.03983,   0.00131,   0.10286,   0.00306,   0.01532,   0.03458,   0.01182,  -0.00919,   0.00131,   0.05034,  -0.07047,   0.07135,   0.02407,   0.02057,   0.00306,  -0.00744,   0.07660,   0.00131,  -0.03545,  -0.10899,   0.06959,  -0.01444,   0.04333,  -0.00744,   0.00481,  -0.00044,   0.02232,   0.06434,   0.00657,   0.05384,  -0.00919,   0.01182,  -0.08448,  -0.06347,   0.05384,  -0.06172,  -0.01444,   0.03108,  -0.02145,   0.00832,  -0.01970,  -0.03545,  -0.00919,  -0.07922,  -0.00919,   0.04158,  -0.00744,   0.01707,  -0.00044,   0.02933,  -0.03020,   0.05209,   0.03633,   0.09411,  -0.03721,  -0.04246,  -0.00569,   0.03983,   0.04158,  -0.00919,   0.04333,  -0.01269,   0.00657,  -0.03370,   0.04333,   0.03108,   0.05034,  -0.04946,  -0.01444,  -0.01795,  -0.05646,   0.03108,  -0.01970,  -0.00744,   0.00657,  -0.01094,   0.03108,   0.03808,   0.05209,  -0.03370,  -0.03195,  -0.00744,  -0.02495,   0.06084,   0.07310,  -0.01795,  -0.02670,   0.03458,  -0.01620,   0.03283,   0.00832,   0.04508,  -0.00919,  -0.02495,  -0.05822,   0.01007,   0.00481,  -0.02145,   0.00832,   0.01882,   0.01007,   0.01007,  -0.05822,  -0.05822,   0.03983,   0.04508,  -0.07747,   0.02757,  -0.04071,  -0.04071,  -0.03020,   0.05734,  -0.09498,   0.01882,  -0.01444,   0.09936,   0.09761,   0.06084,   0.00481,   0.01707,  -0.03721,   0.04508,   0.00481,   0.03983,  -0.06697,  -0.04246,   0.02057,   0.00306,  -0.01094,   0.00832,   0.02057,   0.01532,  -0.04596,   0.01532,   0.01007,  -0.09498,  -0.05822,  -0.06172,   0.00131,  -0.05296,   0.04858,  -0.08098,   0.02582,  -0.03195,   0.01532,  -0.05997,   0.04508,   0.10111,  -0.02670,  -0.01620,  -0.02845,   0.01007,   0.00481,   0.09060,  -0.00744,   0.01007,   0.02933,  -0.03545,   0.08710,   0.00131,   0.08360,   0.02933,  -0.04771,   0.04683,   0.01182,  -0.11424,  -0.01795,  -0.00744,   0.02057,   0.09060,   0.02933,   0.02582,  -0.05997,  -0.03195,   0.02407,   0.01007,  -0.01970,  -0.00219,   0.03808,   0.00306,   0.04158,   0.09761,   0.10636,   0.00131,  -0.04421,   0.03808,   0.07835,   0.01182,  -0.01094,   0.01882,   0.02057,  -0.01094,   0.00481,   0.03108,  -0.00919,  -0.07222,  -0.02145,  -0.00744,  -0.04771,   0.01357,   0.03983,   0.01882,   0.03808,   0.02232,   0.03633,  -0.03020,  -0.03545,  -0.01970,   0.01532,   0.01882,   0.05034,   0.03108,  -0.09673,  -0.01970,   0.06959,  -0.05822,  -0.03896,  -0.03896,   0.00657,   0.01357,  -0.00919,  -0.01094,   0.00306,   0.01532,  -0.00744,  -0.00569,   0.01357,   0.02057,  -0.07922,  -0.00394,   0.01007,   0.10111,   0.09411,   0.01357,  -0.02145,   0.02057,   0.10286,   0.03108,   0.01532,  -0.05997,  -0.02145,  -0.04421,  -0.02670,  -0.01094,  -0.01094,   0.05909,  -0.03545,   0.04158,  -0.01620,   0.05559,   0.07310,   0.01707,  -0.02320,   0.01007,   0.03983,   0.05734,  -0.03545,   0.04333,   0.00131,   0.02057,  -0.04071,  -0.03020,   0.06609,   0.01882,  -0.02845,  -0.01094,  -0.02145,   0.03633,   0.05384,  -0.02670,   0.02757,  -0.01795,  -0.02320,   0.06784,  -0.00394,  -0.04421,   0.02407,  -0.04246,   0.01882,   0.02407,  -0.00569,  -0.00744,  -0.00219,  -0.01444,   0.08885,  -0.01094,   0.06784,   0.05559,   0.00657,   0.04858,  -0.02320,   0.05559,  -0.00219,  -0.05997,   0.04333,   0.00832,   0.02933,  -0.06347,   0.03983,   0.02582,   0.03108,   0.01357,   0.03983,  -0.01094,  -0.00044,   0.03808,   0.03458,  -0.08623,   0.00306,   0.01532,   0.05559,  -0.00394,  -0.01094,   0.09411,  -0.08448,  -0.00219,  -0.02320,  -0.01620,   0.07660,  -0.02670,   0.06434,   0.01882,   0.08710,  -0.01094,   0.05909,  -0.04946,   0.08010,   0.00832,   0.02057,  -0.11074,   0.04858,   0.03633,  -0.00394,   0.00481,  -0.00044,  -0.05296,  -0.05471,   0.02757,   0.00306,   0.00306,  -0.08273,   0.08010,   0.03108,  -0.03545,   0.01532,   0.02057,   0.06959,   0.01182,  -0.00394,   0.02232,   0.03458,   0.04858,   0.03808,  -0.00744,   0.01532,  -0.03721,   0.02232,   0.05209,  -0.05471,  -0.00744,  -0.00569,   0.01357,   0.04333,  -0.07572,   0.04333,   0.01707,  -0.05471,   0.00832,   0.02232,   0.01707,  -0.08448,  -0.04421,  -0.01094,   0.03808,  -0.04946,   0.01182,  -0.01970,   0.01007,  -0.01094,  -0.10023,   0.02057,   0.05034,  -0.06172,   0.01182,   0.02757,   0.01357,  -0.01970,   0.00131,   0.06959,  -0.02670,  -0.07397,   0.01532,  -0.02495,   0.06434,   0.00131,   0.04333,   0.01532,  -0.01269,   0.03983,   0.01532,   0.02407,   0.04683,   0.01357,   0.00131,  -0.03020,  -0.01269,   0.03283,  -0.03370,   0.02232,   0.02757,  -0.06872,   0.04508,   0.01707,  -0.04246,   0.02582,  -0.02495,   0.02057,   0.02232,  -0.03370,  -0.03896,   0.01007,  -0.01269,   0.02933,   0.01007,  -0.01444,   0.03808,  -0.00569,   0.00832,   0.01532,   0.01007,   0.01532,  -0.06522,  -0.08623,  -0.00569,  -0.02845,   0.05734,   0.05209,  -0.05471,   0.04858,   0.03983,  -0.08448,  -0.01444,   0.03458,   0.00306,   0.07485,  -0.07397,  -0.03545,   0.01882,   0.00131,   0.06959,  -0.00569,  -0.00394,  -0.03195,  -0.02320,   0.04333,  -0.01444,  -0.04771,  -0.04946,   0.04683,   0.02582,   0.01357,  -0.01795,  -0.01269,   0.12037,   0.05209,   0.01707,  -0.01094,  -0.02670,   0.01532,  -0.02845,  -0.00569,   0.08360,  -0.06522,   0.00481,  -0.01094,   0.07660,  -0.08623,   0.05909,   0.01007,  -0.02670,  -0.01269,  -0.07397,   0.05734,   0.03458,  -0.02845,   0.02933,  -0.06522,  -0.02320,  -0.05296,   0.05034,   0.02582,   0.01182,   0.04333,  -0.02845,  -0.02670,  -0.05471,  -0.02670,   0.04683,   0.03808,  -0.01094,  -0.08798,  -0.07397,  -0.08273,  -0.03020,  -0.01970,  -0.00919,   0.01532,   0.07835,  -0.01444,  -0.01444,  -0.02670,   0.03983,  -0.06697,   0.03283,   0.02407,   0.00657,  -0.03721,   0.00832,   0.03283,  -0.03370,   0.03458,  -0.08973,  -0.03370,   0.02582,  -0.00394,   0.00306,  -0.00044,  -0.02320,   0.02232,   0.10111,   0.00131,  -0.12475,   0.05384,  -0.01269,   0.09411,  -0.05121,   0.06609,  -0.01269,  -0.05646,  -0.04946,   0.02757,   0.06784,  -0.02320,  -0.00219,   0.01007,   0.02057,   0.08885,   0.03458,  -0.07397,   0.04158,  -0.00919,   0.06434,  -0.02145,   0.00657,   0.07660,  -0.04421,   0.04858,   0.00657,  -0.03195,  -0.04246,  -0.02320,  -0.04946,   0.03458,  -0.01620,   0.04158,   0.03283,   0.02757,   0.01707,   0.00657,   0.02232,  -0.01094,   0.00481,   0.06959,   0.07310,   0.05734,  -0.00219,  -0.01795,   0.02582,  -0.00219,  -0.00044,   0.03108,  -0.06172,  -0.04771,   0.00657,   0.03283,   0.08010,   0.08360,   0.09060,  -0.04946,   0.05384,   0.02232,   0.03458,   0.09060,   0.00306,  -0.05121,   0.02933,   0.00131,   0.10286,   0.06609,   0.01532,   0.03808,   0.03458,   0.04683,   0.01532,   0.01007,  -0.00744,  -0.02845,   0.04858,   0.00832,  -0.03721,   0.03283,  -0.01444,  -0.01795,   0.04858,  -0.03195,   0.01532,  -0.00394,   0.02057,   0.11862,  -0.01970,   0.02232,   0.04858,   0.03458,  -0.02320,   0.03283,  -0.03721,  -0.01444,  -0.00744,   0.04858,   0.06434,  -0.00219,  -0.00394,  -0.03370,   0.00481,   0.05734,   0.06609,   0.04158,  -0.00569,   0.01532,   0.00481,   0.04858,  -0.05296,   0.01357,   0.05209,   0.03458,  -0.00919,   0.00657,  -0.00044,   0.01357,  -0.07747,  -0.06172,  -0.05296,  -0.02145,  -0.04946,  -0.02495,   0.02057,   0.02407,  -0.02670,  -0.00394,  -0.00919,  -0.03020,  -0.02670,   0.01707,  -0.04071,  -0.02845,   0.01707,  -0.00744,   0.05909,  -0.03020,  -0.13875,   0.01882,  -0.05121,  -0.04246,  -0.07922,  -0.00919,  -0.01269,  -0.07747,   0.06609,  -0.00219,   0.02582,   0.05209,   0.03808,   0.02407,   0.02057,   0.01182,   0.01882,   0.01532,  -0.08448,   0.02582,   0.02057,   0.08710,   0.02232,  -0.01444,   0.01357,   0.03983,   0.06959,   0.01007,  -0.00744,   0.00306,   0.03808,  -0.07047,  -0.05296,   0.05034,   0.07485,   0.01182,  -0.03195,   0.06259,   0.00131,  -0.01970,   0.05384,   0.05734,   0.03983,   0.02407,   0.04858,   0.04158,   0.03808,  -0.04596,  -0.00394,  -0.05997,   0.02933,  -0.00744,   0.08185,  -0.00569,  -0.01269,   0.00832,   0.01882,   0.03808,   0.00657,  -0.04596,   0.06259,   0.02757,  -0.08623,   0.05384,   0.05209,   0.02582,   0.01532,   0.06434,   0.01007,  -0.03020,  -0.05997,  -0.00219,  -0.07747,  -0.01970,   0.00832,  -0.02145,   0.04158,  -0.01620,  -0.00394,   0.01707,  -0.06172,  -0.03370,  -0.01795,  -0.01795,   0.01882,   0.08010,   0.07135,   0.05559,   0.02057,   0.03458,   0.01357,   0.02057,   0.06259,   0.03983,  -0.00744,   0.02057,   0.10111,   0.07485,  -0.00919,   0.04508,   0.04333,   0.05909,   0.03458,  -0.00919,   0.02057,   0.00832,  -0.05646,   0.03108,   0.05734,   0.10461,  -0.07747,  -0.05646,  -0.11249,   0.01007,   0.03283,  -0.12475,   0.04858,  -0.04946,  -0.00394,   0.01532,   0.09235,   0.07135,  -0.03370,  -0.03896,   0.05559,   0.03283,   0.00481,   0.12737,  -0.03195,  -0.12825,  -0.03370,  -0.01094,   0.02057,  -0.08273,  -0.10724,   0.04333,   0.01707,  -0.01094,   0.00306,  -0.01094,  -0.01795,  -0.02495,   0.05384,  -0.01094,   0.04508,   0.01357,  -0.05121,   0.02057,  -0.01970,   0.06084,   0.01182,  -0.03721,   0.04158,   0.10286,   0.04158,   0.01182,   0.06259,  -0.01970,  -0.04596,  -0.04071,  -0.03195,   0.07310,   0.01007,   0.00832,   0.09235,   0.01357,  -0.04246,  -0.00044,  -0.04946,   0.05034,   0.09235,  -0.03896,   0.01532,  -0.04246,  -0.02845,   0.05734,  -0.02495,  -0.01444,  -0.00919,   0.03458,   0.09235,   0.05559
  -0.09498,  -0.01620,   0.00657,   0.08885,   0.03283,  -0.05121,  -0.02845,   0.00131,  -0.01795,   0.04508,  -0.00219,  -0.00219,  -0.04596,  -0.02845,  -0.00219,  -0.00044,   0.08360,   0.01532,  -0.00219,   0.03283,   0.03808,  -0.03195,   0.03983,  -0.03020,  -0.07397,   0.02933,  -0.01970,   0.05734,   0.06609,   0.00657,  -0.03195,  -0.00569,   0.01357,  -0.02145,  -0.02145,   0.00131,  -0.03545,   0.04333,   0.05034,   0.00832,  -0.04421,  -0.00744,   0.06259,   0.00131,   0.05384,  -0.00394,  -0.02670,   0.07835,   0.04158,   0.01182,   0.04683,  -0.06697,  -0.03896,   0.01532,  -0.02320,  -0.00919,  -0.02320,  -0.05646,  -0.00394,  -0.03721,  -0.03020,   0.03808,   0.09761,  -0.04946,  -0.07572,   0.01882,  -0.04246,   0.07660,   0.02582,   0.08535,  -0.03020,  -0.06872,  -0.07222,  -0.07397,   0.04858,   0.05209,   0.05034,   0.00131,   0.00306,   0.03108,   0.02232,  -0.03896,   0.00306,  -0.03545,   0.09235,   0.08535,   0.06434,  -0.00744,  -0.00919,  -0.09848,   0.00306,   0.05559,   0.01707,  -0.06697,  -0.00219,  -0.05997,   0.02057,   0.03458,  -0.00219,  -0.00919,  -0.00569,   0.00306,   0.01882,  -0.05646,   0.01007,   0.01182,  -0.08273,  -0.03545,  -0.00744,   0.01182,  -0.00219,  -0.00219,  -0.01620,   0.01357,  -0.06697,  -0.01444,  -0.06872,   0.01357,  -0.00569,   0.12912,   0.00131,  -0.00919,  -0.03721,  -0.00394,   0.04158,  -0.06172,  -0.03195,  -0.02495,   0.06434,  -0.01444,  -0.05296,  -0.03721,   0.00657,   0.01707,   0.03983,  -0.05471,   0.02232,  -0.06172,   0.07310,  -0.02145,   0.02582,  -0.05822,   0.04858,  -0.01620,  -0.00044,  -0.01094,  -0.02845,  -0.03195,   0.03458,  -0.02320,  -0.03195,  -0.00919,   0.10111,  -0.03020,  -0.01620,  -0.00394,  -0.02845,  -0.01094,  -0.03896,   0.08010,   0.00131,   0.05559,  -0.01795,  -0.03545,  -0.08098,  -0.02320,   0.04683,   0.03633,  -0.00744,   0.00832,   0.02757,   0.05734,  -0.02495,  -0.05121,  -0.01444,  -0.00394,  -0.02845,  -0.01094,  -0.00394,  -0.03370,   0.04858,  -0.01269,  -0.06347,  -0.05121,   0.01357,   0.00481,   0.02232,  -0.03545,  -0.01444,  -0.03721,   0.03808,  -0.00919,  -0.07572,   0.02582,  -0.01795,  -0.02495,   0.06084,   0.03458,  -0.04246,  -0.02670,  -0.05471,   0.02232,  -0.07747,   0.01182,   0.00131,  -0.04071,  -0.02145,   0.02232,   0.01882,   0.06084,  -0.03545,   0.03283,   0.04333,  -0.02320,  -0.02495,   0.01007,  -0.04771,  -0.03721,  -0.03195,   0.03983,  -0.09148,   0.08185,  -0.03545,   0.04508,  -0.03195,   0.03983,   0.08360,   0.00131,  -0.01620,   0.04683,  -0.00569,  -0.08098,   0.08710,   0.02933,  -0.06172,   0.01707,   0.02582,   0.03108,  -0.00744,  -0.04071,   0.05384,  -0.08098,  -0.06697,  -0.03020,   0.05384,   0.05209,  -0.02670,   0.02057,  -0.02495,  -0.02845,  -0.07747,   0.03108,  -0.00569,  -0.03896,  -0.04596,  -0.02845,  -0.00744,  -0.01094,   0.01007,  -0.03020,  -0.01269,  -0.02845,  -0.06172,   0.06084,  -0.00394,  -0.03020,   0.01707,  -0.05646,   0.03633,   0.02232,   0.02933,  -0.02145,   0.02933,   0.00481,  -0.06172,  -0.03020,   0.02582,   0.02057,  -0.01795,  -0.01795,  -0.03020,  -0.04421,   0.01882,   0.01532,  -0.00569,  -0.02670,   0.03108,   0.00481,  -0.03195,  -0.01970,  -0.00394,   0.00832,   0.02933,  -0.05296,   0.05209,   0.00306,   0.03633,   0.07310,  -0.02495,   0.00481,   0.00657,   0.05384,   0.01357,   0.08010,   0.01882,   0.04333,  -0.01269,   0.03983,  -0.02845,  -0.04946,  -0.04071,   0.00657,  -0.01795,  -0.08098,  -0.06872,   0.00481,   0.02933,   0.04333,  -0.05121,  -0.02320,   0.01532,   0.00481,   0.00657,  -0.06172,  -0.05121,   0.05734,  -0.01970,   0.04858,   0.02933,   0.01882,  -0.01795,  -0.04596,   0.05559,   0.06259,  -0.04421,   0.09060,   0.02582,  -0.03370,   0.00657,  -0.03545,  -0.00044,   0.03458,  -0.07747,   0.05209,  -0.05471,   0.01182,  -0.09498,  -0.01970,   0.06959,   0.00306,  -0.02495,  -0.00044,   0.05209,  -0.00219,  -0.04246,  -0.00919,   0.02057,   0.06084,   0.00832,   0.05384,  -0.13000,  -0.05296,   0.04683,   0.00832,   0.00657,   0.02757,  -0.05471,  -0.01795,  -0.05997,  -0.07047,   0.08885,   0.02933,  -0.03721,   0.06959,   0.03983,  -0.05296,  -0.05646,  -0.06172,  -0.02845,  -0.06697,   0.12037,   0.01182,  -0.05646,  -0.00394,  -0.01269,   0.00657,   0.00481,  -0.05822,  -0.02670,  -0.01620,  -0.00569,   0.00832,   0.01007,  -0.06872,   0.08185,  -0.04071,  -0.00744,  -0.03370,  -0.01620,  -0.00044,   0.00832,  -0.02845,  -0.04071,  -0.00044,  -0.05296,   0.02057,  -0.03545,   0.00657,   0.00131,   0.00832,   0.02757,  -0.00744,  -0.05997,   0.02757,   0.02933,   0.04683,  -0.01795,   0.06959,  -0.05822,  -0.02845,  -0.00219,   0.02232,  -0.02495,  -0.03195,   0.01007,  -0.00394,   0.02933,   0.05209,  -0.00919,  -0.03195,  -0.00044,   0.02232,   0.02232,   0.02057,  -0.07572,  -0.04071,   0.00306,  -0.01970,  -0.03195,   0.15013,  -0.03370,  -0.03020,  -0.02845,  -0.02670,  -0.13700,   0.05909,  -0.00919,  -0.05121,   0.06609,  -0.03896,  -0.02845,   0.01007,  -0.03545,  -0.00919,  -0.01094,   0.02407,   0.05734,   0.05734,  -0.01269,  -0.02495,  -0.01620,  -0.04771,   0.04508,   0.02582,   0.02057,  -0.02495,  -0.03020,  -0.00569,  -0.04946,  -0.02320,  -0.03721,   0.04333,   0.02582,   0.01532,  -0.01795,   0.03983,   0.02933,  -0.00219,   0.04683,  -0.01269,  -0.00394,   0.00131,  -0.00569,   0.02057,  -0.06872,  -0.04771,  -0.09323,  -0.04246,   0.00306,  -0.05646,  -0.02145,   0.04858,   0.02582,   0.06434,   0.00131,   0.01532,   0.05034,   0.01532,   0.00481,   0.03108,  -0.01269,   0.07135,   0.00657,   0.04333,  -0.04246,   0.04158,   0.06084,  -0.08623,  -0.04771,   0.02232,  -0.02670,  -0.06347,  -0.00044,  -0.02320,  -0.01620,   0.05559,   0.00832,  -0.00744,   0.04158,  -0.09323,  -0.01620,   0.03808,  -0.06697,  -0.06347,  -0.05121,   0.03283,   0.00657,  -0.01269,  -0.07047,   0.08360,  -0.02145,   0.02057,   0.06259,   0.05734,  -0.00044,   0.02582,   0.07135,   0.07835,  -0.04946,  -0.00394,  -0.07922,   0.01882,  -0.06347,  -0.01444,  -0.04596,   0.00657,   0.04333,   0.05209,  -0.08448,   0.03458,  -0.01620,   0.03283,   0.04158,   0.07310,   0.03283,   0.02057,   0.02407,  -0.01444,   0.08535,   0.00832,   0.03108,   0.03108,  -0.05646,  -0.07222,   0.02407,   0.01882,   0.02933,   0.01532,  -0.06872,   0.00306,  -0.01094,   0.04683,   0.03808,  -0.00394,   0.08360,   0.01882,   0.01882,  -0.06522,  -0.06522,   0.01182,   0.03633,   0.02933,   0.00481,  -0.02845,   0.06434,   0.04333,   0.03808,  -0.05296,  -0.02495,  -0.04421,   0.00306,   0.00306,   0.01882,  -0.03370,  -0.05997,   0.06434,  -0.00394,  -0.00744,   0.00131,   0.05384,  -0.03896,  -0.02670,  -0.01444,  -0.05471,  -0.00744,   0.03983,   0.01182,  -0.04071,   0.00306,  -0.07222,  -0.00744,  -0.02495,   0.03808,   0.04333,  -0.03195,  -0.02320,  -0.04596,  -0.01269,   0.01707,   0.05734,   0.01532,   0.06434,   0.05209,   0.00481,   0.02232,  -0.01444,  -0.04246,   0.05734,  -0.08098,  -0.08448,  -0.01269,   0.01357,   0.00481,  -0.03896,  -0.00569,   0.01007,  -0.04596,  -0.00919,   0.02582,  -0.05646,  -0.03545,  -0.03545,   0.03983,   0.01007,  -0.05822,   0.04508,  -0.06522,   0.06434,   0.01182,   0.02582,   0.00131,  -0.02320,  -0.02670,  -0.04771,  -0.06872,  -0.00394,  -0.04421,   0.04158,   0.01882,  -0.03721,  -0.09848,  -0.10899,  -0.06522,  -0.01094,  -0.02845,  -0.05121,   0.01882,  -0.01795,   0.01182,   0.00481,  -0.00744,  -0.04596,   0.06434,   0.05559,  -0.02145,   0.03283,   0.06259,  -0.06522,   0.01707,  -0.04246,   0.03633,   0.02582,   0.03108,   0.04158,  -0.00744,  -0.00219,  -0.03370,  -0.04596,   0.01707,   0.01707,  -0.02495,  -0.00394,   0.09761,  -0.02495,   0.01357,   0.04858,   0.06784,  -0.02145,  -0.05646,   0.01007,   0.01707,  -0.05822,   0.04158,  -0.01094,  -0.00044,  -0.11249,   0.00657,   0.05209,   0.02757,  -0.08623,   0.03458,   0.01357,   0.02232,  -0.01795,  -0.04071,  -0.01970,   0.01007,  -0.02495,   0.01007,  -0.04071,   0.01532,   0.03808,   0.02407,   0.04158,   0.04333,  -0.06522,  -0.00219,  -0.09148,   0.04158,  -0.01444,  -0.00219,   0.00657,   0.03283,   0.00131,   0.03458,  -0.01970,   0.05209,   0.01357,   0.00481,   0.06259,  -0.04596,  -0.04946,  -0.04071,   0.01357,  -0.03721,  -0.00569,   0.04333,   0.05734,  -0.01970,  -0.07922,  -0.11599,   0.00832,  -0.00569,   0.00306,  -0.03896,  -0.09848,  -0.01795,  -0.01620,   0.05559,   0.03283,   0.01357,   0.00131,  -0.06522,   0.01007,   0.00306,   0.04858,   0.01007,  -0.01444,   0.10461,  -0.01795,   0.11512,   0.03633,   0.08885,  -0.04421,  -0.09323,   0.01357,  -0.06697,  -0.01795,  -0.07922,   0.01532,  -0.01620,  -0.05997,  -0.05997,   0.04508,   0.04333,  -0.06697,   0.00481,  -0.03195,  -0.05997,   0.06434,  -0.07397,  -0.00219,  -0.02845,   0.01182,   0.01007,   0.04683,   0.00306,   0.02757,   0.10461,   0.08360,  -0.05471,   0.01532,   0.12387,  -0.03195,  -0.01094,   0.07485,  -0.05296,   0.06784,  -0.01970,  -0.04596,   0.01882,  -0.01269,   0.00657,   0.03458,  -0.01444,  -0.05646,  -0.06172,   0.02057,   0.01007,  -0.00219,  -0.04071,   0.03808,  -0.03020,  -0.04596,   0.02407,   0.06084,   0.01357,  -0.02145,   0.03108,  -0.00919,  -0.00569,  -0.06347,   0.08010,   0.02232,   0.01357,  -0.03721,   0.02582,  -0.04596,  -0.00394,   0.01707,  -0.03370,   0.01182,   0.02057,  -0.03020,  -0.03195,   0.01707,   0.00306,  -0.08448,  -0.02670,   0.02757,  -0.04596,   0.06784,  -0.01444,  -0.01620,   0.02757,  -0.00919,   0.03633,  -0.10023,   0.03458,   0.08535,  -0.03896,   0.01007,  -0.02145,   0.01532,  -0.00569,   0.02057,  -0.05296,   0.05384,  -0.01444,  -0.03545,   0.04333,  -0.07047,   0.05734,   0.04683,   0.01007,  -0.04771,   0.03983,  -0.04246,   0.12912,  -0.07572,  -0.01970,  -0.11249,   0.00306,  -0.00394,  -0.02670,  -0.01094,  -0.04421,   0.04508,  -0.00394,   0.00657,   0.01182,   0.02757,   0.00481,  -0.07747,   0.03458,   0.03458,  -0.03195,   0.00481,  -0.00569,   0.01532,  -0.02145,  -0.01094,  -0.00219,  -0.01094,   0.04683,   0.03458,   0.00832,  -0.00744,   0.03108,  -0.00044,  -0.02495,   0.05734,  -0.03020,   0.05559,   0.07310,   0.08010,  -0.03370,  -0.02670,  -0.00569,  -0.04596,   0.04158,  -0.02145,   0.00131,  -0.05822,   0.14488,   0.12037,  -0.04071,   0.01882,   0.00657,  -0.03545,  -0.02845,   0.01707,   0.02582,   0.06609,   0.00832,   0.05909,   0.03633,  -0.00569,   0.06959,   0.00131,   0.01532,   0.02057,   0.01357,   0.00657,   0.00657,  -0.02670,  -0.03721,  -0.06522,  -0.04246,  -0.04071,   0.00832,   0.06084,   0.01707,   0.00832,   0.01007,  -0.01620,  -0.05822,   0.02582,   0.02933,   0.01882,   0.04683,  -0.07047,   0.01007,   0.01007,  -0.08448,  -0.01795,  -0.02320,   0.00832,  -0.03721,  -0.01620,  -0.02845,   0.06609,  -0.08098,   0.02407,   0.00832,  -0.00569,  -0.02495,  -0.00394,   0.01707,   0.04508,   0.00306,   0.04333,  -0.03020,   0.05909,   0.05209,   0.01707,  -0.02670,   0.04683,   0.07660,  -0.00044,  -0.02145,   0.10811,   0.02057,  -0.06522,   0.03983,   0.10636,   0.04508,  -0.00044,  -0.02495,  -0.02145,   0.01882,   0.01882,   0.00131,   0.02582,  -0.01620,  -0.03370,   0.01007,   0.00306,   0.00832,  -0.01444,  -0.02145,  -0.02495,   0.00481,   0.01357,   0.00481,  -0.03721,   0.05384,  -0.03545,   0.01182,   0.02933,  -0.00569,  -0.05296,   0.02407,  -0.02495
  -0.03195,   0.01182,  -0.00219,   0.00481,   0.03808,   0.00657,  -0.03721,   0.04508,  -0.00394,  -0.07397,  -0.03545,   0.07835,   0.00832,  -0.08973,   0.00657,  -0.01094,   0.01182,  -0.01795,  -0.03721,  -0.00044,  -0.02495,   0.06434,   0.02582,  -0.00569,   0.02757,  -0.01620,  -0.01444,   0.01182,  -0.00044,  -0.07397,  -0.07397,   0.05559,  -0.01269,   0.03983,  -0.00569,  -0.01444,   0.04858,  -0.00219,   0.00657,   0.00131,   0.01532,   0.03633,  -0.05296,  -0.00919,  -0.05997,  -0.00569,  -0.01795,  -0.02145,   0.01707,  -0.01094,   0.05034,  -0.00044,   0.03808,   0.02757,   0.05209,   0.07835,  -0.05296,  -0.10199,  -0.05997,  -0.00569,   0.00131,   0.01707,  -0.03370,  -0.06172,   0.01007,   0.00481,  -0.03545,   0.00657,  -0.01444,  -0.00044,   0.06609,   0.08535,   0.05734,   0.05734,  -0.04071,  -0.03721,   0.01182,   0.10636,  -0.03020,   0.05034,  -0.00394,   0.00481,  -0.03195,   0.02057,  -0.09498,  -0.00044,  -0.03370,   0.09235,   0.05734,  -0.04946,   0.08010,  -0.07572,   0.04683,   0.03108,  -0.03195,   0.02407,   0.06434,  -0.03020,   0.06259,   0.01532,   0.01007,  -0.06172,   0.01007,   0.02057,  -0.01094,   0.04333,  -0.00744,  -0.00744,   0.02757,  -0.07747,   0.01882,   0.09936,  -0.04946,   0.02057,  -0.04596,  -0.03896,  -0.01444,   0.07310,  -0.01094,   0.05734,   0.02407,   0.01007,  -0.02845,   0.00832,  -0.01970,   0.06784,   0.02407,  -0.04946,   0.08885,   0.02582,   0.02757,   0.07660,  -0.02145,  -0.01269,   0.00131,   0.02933,  -0.04246,   0.09060,   0.02582,  -0.05471,   0.02232,  -0.10199,  -0.05997,  -0.03020,  -0.02145,   0.02057,  -0.04771,   0.06259,   0.01707,  -0.02845,  -0.03370,   0.03633,  -0.01620,   0.03283,  -0.06522,  -0.03896,   0.07660,   0.03808,  -0.00569,  -0.02495,  -0.00569,   0.02757,  -0.00569,   0.01882,  -0.03896,   0.06259,  -0.08798,   0.00131,   0.01882,   0.04158,  -0.01269,  -0.05121,  -0.04771,   0.02757,   0.05034,  -0.04246,   0.01882,   0.01707,   0.04158,  -0.09673,   0.03283,   0.02757,  -0.03020,   0.03458,   0.01532,  -0.10899,   0.01182,   0.02757,   0.03808,   0.03108,  -0.00569,   0.03283,   0.01182,   0.02057,   0.05559,  -0.00219,   0.10811,  -0.03195,  -0.00744,   0.00131,  -0.02320,   0.08010,  -0.02845,  -0.01620,  -0.02320,   0.00131,   0.07135,  -0.00919,  -0.02145,  -0.00394,  -0.05296,  -0.00744,  -0.04246,  -0.01970,  -0.02670,   0.01182,   0.01532,   0.02407,   0.04508,  -0.04771,   0.04508,  -0.01094,  -0.05471,  -0.06172,  -0.00044,  -0.01795,  -0.00569,  -0.07572,   0.04158,   0.02057,   0.08885,   0.00657,  -0.03545,   0.06434,  -0.06347,   0.00481,   0.00481,  -0.01795,  -0.06172,  -0.01444,  -0.03020,  -0.00219,  -0.07572,   0.02757,  -0.00919,   0.02057,  -0.00219,  -0.03195,  -0.00919,  -0.01444,   0.01707,   0.00657,  -0.04071,  -0.02145,   0.09761,   0.02057,   0.01357,  -0.05646,   0.01882,   0.05734,  -0.01795,  -0.02845,   0.02232,  -0.07922,  -0.01269,   0.01357,   0.05209,  -0.01444,   0.09235,  -0.00919,  -0.01444,   0.01532,   0.05734,  -0.02145,  -0.03896,   0.10111,   0.06609,  -0.08273,  -0.00919,   0.02057,  -0.01795,  -0.02320,   0.09060,  -0.02670,   0.01007,   0.08535,  -0.01094,  -0.03195,   0.03283,  -0.00744,   0.02582,   0.02407,   0.01882,  -0.01795,   0.01882,   0.06084,  -0.03721,   0.07485,  -0.00219,   0.02757,  -0.07222,  -0.08623,   0.00481,   0.01882,  -0.00394,  -0.03721,  -0.01444,  -0.00219,  -0.05121,  -0.01094,   0.01882,  -0.00744,   0.04158,  -0.04421,  -0.03195,   0.00131,   0.04683,   0.00657,  -0.03545,   0.00832,  -0.02670,  -0.02670,  -0.00219,  -0.00394,  -0.03020,  -0.05121,  -0.05296,   0.03108,   0.02232,  -0.01620,   0.00657,  -0.01094,   0.00657,  -0.01970,  -0.13175,   0.04858,   0.02933,  -0.04946,   0.05384,   0.00832,  -0.06697,  -0.01795,  -0.00394,   0.03458,   0.00481,  -0.01094,   0.04333,   0.03108,  -0.00044,   0.06259,   0.05034,  -0.02845,  -0.02320,  -0.03370,   0.01182,  -0.01970,   0.08885,  -0.06172,  -0.03545,  -0.03370,  -0.02845,  -0.05997,   0.00306,   0.04508,  -0.02845,  -0.06522,  -0.03195,   0.07835,  -0.03370,  -0.03896,  -0.03545,  -0.06697,   0.00306,   0.03983,   0.06434,  -0.00919,  -0.01444,   0.01357,   0.01007,   0.02582,  -0.03195,  -0.03896,  -0.05296,   0.02757,  -0.06872,  -0.02845,   0.00131,  -0.03020,  -0.00219,   0.12387,  -0.02495,   0.02407,   0.00306,   0.02582,   0.01182,  -0.02495,  -0.03896,   0.00657,   0.02582,   0.02933,   0.06259,   0.00131,  -0.04421,  -0.02670,  -0.05822,   0.09060,  -0.02320,   0.05734,  -0.05296,  -0.05471,   0.00481,  -0.04771,   0.01707,   0.02582,  -0.07747,  -0.00044,   0.08185,   0.01357,   0.02057,  -0.05997,  -0.01269,   0.04333,   0.01532,  -0.04071,  -0.07047,  -0.02670,  -0.04071,  -0.10724,   0.02933,  -0.02145,  -0.00394,   0.02057,   0.06959,   0.03283,   0.03633,  -0.00919,   0.05384,  -0.02320,  -0.02845,   0.05559,   0.04858,  -0.00569,  -0.01795,   0.01182,   0.02582,  -0.00394,   0.01532,  -0.03370,   0.03458,   0.08535,  -0.01795,   0.03808,   0.04333,  -0.01970,  -0.01094,  -0.00044,  -0.00219,  -0.06347,   0.00657,   0.00306,   0.02407,  -0.03545,   0.07660,  -0.03721,  -0.00219,   0.03633,   0.01357,   0.02407,   0.02057,   0.09060,  -0.02495,   0.03283,  -0.01094,   0.09235,  -0.03020,  -0.02670,  -0.03370,   0.01357,  -0.03370,  -0.07922,   0.03983,   0.01007,   0.00306,   0.03808,   0.05909,   0.04858,   0.02757,  -0.05296,  -0.09848,   0.01707,  -0.05471,  -0.00919,   0.00657,  -0.00044,   0.09060,   0.02933,  -0.02145,   0.01882,  -0.01269,   0.05209,   0.06434,   0.06959,  -0.03721,   0.07310,  -0.00219,   0.01532,  -0.06522,   0.04158,  -0.02145,   0.05384,   0.01707,  -0.04596,   0.04683,  -0.06522,  -0.00219,   0.05209,   0.03633,  -0.02320,   0.00657,   0.02407,  -0.07222,  -0.07747,  -0.01620,   0.00657,   0.03983,   0.01357,   0.11687,  -0.03370,  -0.05822,   0.12212,   0.02407,   0.00306,   0.02582,   0.00131,   0.02232,   0.00131,  -0.02145,  -0.01795,  -0.01094,  -0.02670,   0.03108,   0.03808,   0.00481,   0.00832,   0.02933,   0.00306,   0.01532,   0.05559,   0.01007,  -0.03896,  -0.06172,   0.02582,  -0.01094,  -0.00394,   0.00657,   0.06084,   0.02057,   0.02232,  -0.05646,  -0.03721,   0.02232,  -0.05471,   0.03458,   0.03283,   0.01882,  -0.00394,   0.01707,  -0.00744,   0.01707,  -0.06522,   0.01182,  -0.12825,  -0.02495,   0.04333,  -0.03020,  -0.01094,   0.06434,  -0.02320,   0.01357,  -0.01970,  -0.00219,   0.01357,  -0.03370,  -0.06347,   0.02232,  -0.03020,   0.13788,  -0.01444,   0.00131,  -0.03370,   0.03633,  -0.04071,  -0.01444,   0.03458,   0.03458,  -0.01269,   0.00481,   0.10111,  -0.05822,   0.00657,  -0.04246,  -0.01970,  -0.03370,  -0.03195,  -0.07222,   0.00306,   0.05384,   0.06434,   0.01182,   0.01707,  -0.03721,   0.02933,   0.05384,   0.00306,   0.00657,  -0.03020,  -0.02670,   0.00306,   0.02232,   0.12212,   0.12037,   0.01707,  -0.02670,   0.01182,  -0.03721,  -0.11599,  -0.01444,  -0.04071,  -0.04421,   0.04858,  -0.01444,  -0.01970,  -0.01444,  -0.01970,   0.03633,  -0.02145,   0.07135,  -0.04946,   0.07660,   0.02933,  -0.00919,   0.05909,   0.01532,   0.02057,  -0.04071,  -0.00569,   0.03808,   0.01707,   0.03108,   0.01707,   0.02232,   0.02757,  -0.04771,  -0.03545,  -0.01444,  -0.05822,  -0.09848,  -0.00744,   0.08535,  -0.03545,  -0.01620,  -0.06522,   0.01007,  -0.00919,   0.05559,   0.04333,   0.04683,  -0.00744,   0.02757,  -0.01269,   0.01007,  -0.04246,  -0.06872,   0.07835,   0.02757,  -0.06172,  -0.01094,  -0.01269,   0.04508,  -0.00394,   0.06084,   0.05034,   0.05034,   0.04508,   0.00131,  -0.00219,  -0.06872,   0.04333,   0.03633,   0.02232,  -0.04946,   0.05209,  -0.07922,   0.01007,  -0.06347,  -0.06697,  -0.07572,  -0.01094,   0.00481,   0.04158,   0.06959,   0.02933,  -0.02320,  -0.01444,  -0.07047,  -0.03195,  -0.06697,   0.02232,   0.01707,   0.01357,   0.01357,  -0.06697,  -0.03545,   0.02757,   0.02757,   0.01182,  -0.04071,  -0.05471,   0.11687,   0.05209,   0.02757,  -0.00919,  -0.00744,  -0.02495,  -0.00744,  -0.03370,  -0.00569,   0.10636,  -0.09323,   0.02757,   0.03633,  -0.04771,  -0.03370,  -0.06697,   0.00832,   0.01007,  -0.02670,  -0.02845,   0.06609,  -0.01444,  -0.07222,   0.01357,  -0.01444,  -0.01795,  -0.00569,   0.05734,  -0.05646,  -0.00919,  -0.04071,   0.04683,   0.03108,  -0.03195,  -0.01269,   0.03108,  -0.00569,  -0.00744,  -0.01620,  -0.04071,   0.03633,  -0.05646,   0.00657,   0.04508,  -0.04771,   0.04683,  -0.01094,  -0.03020,   0.04508,   0.03283,  -0.02495,   0.00131,  -0.02320,  -0.03721,   0.03283,   0.10111,  -0.00044,   0.01007,  -0.07397,  -0.04596,   0.01007,  -0.01970,  -0.04421,  -0.05822,  -0.06872,  -0.00569,   0.00481,  -0.01970,   0.09411,   0.07485,   0.02407,  -0.07397,  -0.00219,   0.04508,   0.01357,  -0.04946,   0.00657,  -0.01970,   0.06259,  -0.01444,   0.05559,  -0.04421,  -0.01444,  -0.02845,  -0.01094,   0.00306,   0.03983,  -0.05121,   0.00131,   0.06084,  -0.03896,  -0.00394,  -0.00919,  -0.03370,  -0.06347,   0.00131,   0.02933,   0.02933,  -0.02145,   0.00657,   0.00657,   0.01532,   0.05034,   0.05209,   0.00481,   0.02057,   0.04858,  -0.05121,  -0.05646,   0.11161,  -0.07922,   0.10111,   0.07835,  -0.01269,   0.03458,   0.01532,  -0.00219,  -0.05822,   0.03108,  -0.06522,   0.06434,  -0.03020,  -0.03370,  -0.03195,  -0.00919,  -0.03370,   0.01357,  -0.00744,   0.05734,  -0.10724,   0.02057,   0.09936,  -0.04596,   0.04858,   0.10111,  -0.07222,  -0.01444,   0.02057,  -0.02495,   0.02933,   0.04508,  -0.04421,  -0.00044,  -0.01795,   0.01882,   0.05384,   0.03983,   0.03108,  -0.03370,  -0.02495,   0.04683,  -0.01970,   0.02407,   0.00657,  -0.03721,  -0.02320,   0.03633,   0.01357,  -0.06347,  -0.01094,   0.01532,   0.02582,   0.04683,   0.03633,   0.00131,   0.01182,  -0.01094,   0.03808,  -0.05121,   0.04683,   0.04683,  -0.01795,   0.00306,  -0.00219,   0.05034,  -0.00744,  -0.01795,   0.03283,  -0.04596,   0.01882,  -0.05822,   0.01182,  -0.00919,   0.02933,  -0.00219,   0.03283,  -0.05822,  -0.02320,  -0.05822,   0.03458,  -0.00044,  -0.00044,  -0.07747,   0.05384,   0.03983,   0.04683,  -0.03721,   0.02232,  -0.10199,  -0.05296,   0.10286,   0.00306,   0.01882,   0.03983,  -0.00044,  -0.07397,   0.06434,   0.03633,   0.01882,  -0.03370,  -0.05997,  -0.01970,  -0.00219,   0.00481,  -0.02495,   0.01357,   0.07135,   0.05384,  -0.03721,  -0.08623,   0.06084,   0.08185,   0.03108,   0.06609,  -0.09673,  -0.02320,   0.04683,   0.06784,  -0.01269,   0.06609,  -0.06872,  -0.01970,  -0.05296,   0.03458,  -0.05646,   0.00657,   0.03808,  -0.03721,   0.02407,  -0.01444,   0.04508,   0.04158,   0.00481,  -0.00744,   0.05909,  -0.05296,  -0.06172,  -0.00044,  -0.03545,  -0.02670,  -0.03545,  -0.05997,   0.05034,  -0.06522,   0.06609,   0.03283,   0.00131,  -0.00219,  -0.04771,   0.00657,  -0.03020,   0.00832,  -0.04771,   0.01007,  -0.04771,   0.07310,   0.00657,   0.07135,  -0.01970,  -0.05471,   0.01182,  -0.03195,  -0.04421,  -0.01444,  -0.04246,  -0.00394,  -0.01795,   0.01182,  -0.00394,  -0.03721,   0.01007,  -0.07047,   0.00832,   0.00306,  -0.00044,   0.03808,  -0.06347,   0.00481,   0.02582,  -0.02145,   0.01182,  -0.06522,  -0.02320,   0.07310,  -0.00219,   0.08535,  -0.00569,  -0.05296,   0.01882,  -0.01970,  -0.06347,  -0.02145,   0.05034,  -0.01970,  -0.08973,  -0.07922
   0.01707,   0.03283,   0.02933,   0.01182,  -0.09148,   0.03283,   0.05909,   0.05209,  -0.02145,  -0.00569,   0.09411,   0.07135,   0.00131,  -0.07397,   0.01357,   0.01532,  -0.13350,   0.16414,  -0.03896,  -0.04771,   0.07310,   0.01182,   0.06784,  -0.00744,   0.03458,   0.08885,   0.09936,  -0.03370,  -0.00919,   0.11862,  -0.05646,   0.01707,  -0.03370,   0.05209,  -0.08448,   0.04683,  -0.02670,  -0.03721,   0.08710,  -0.01269,  -0.02495,  -0.00919,  -0.03195,  -0.03370,  -0.07922,   0.04683,  -0.03545,   0.03633,   0.03808,  -0.07397,   0.07485,   0.01882,  -0.03370,   0.06259,  -0.05822,  -0.03195,   0.09586,   0.03983,   0.05909,  -0.02145,   0.00306,   0.00306,   0.06434,  -0.02845,   0.00481,   0.00481,  -0.03195,   0.03633,   0.04333,  -0.00569,   0.00481,  -0.01620,  -0.04771,  -0.00744,   0.15538,   0.04508,  -0.00394,   0.05384,   0.01707,  -0.03545,   0.04508,  -0.00044,  -0.01094,  -0.01970,  -0.05646,  -0.05121,   0.01007,   0.04158,  -0.07922,  -0.03370,   0.03108,  -0.07747,  -0.01970,   0.02057,  -0.03545,  -0.10023,   0.06434,   0.13613,  -0.08973,   0.06084,  -0.04071,   0.00306,  -0.00744,  -0.06872,   0.03633,   0.10461,   0.05734,   0.02757,   0.01707,   0.03808,  -0.00394,  -0.06522,  -0.09323,   0.02232,   0.03633,   0.11161,   0.02407,  -0.01620,   0.02407,   0.00832,  -0.01970,   0.05384,   0.00481,   0.04858,   0.02057,  -0.04246,   0.05909,   0.03458,   0.15013,   0.03283,   0.01532,  -0.02145,  -0.00569,   0.09060,   0.14663,  -0.04421,   0.00481,   0.05384,   0.02407,   0.01882,  -0.00394,  -0.05471,  -0.00919,  -0.08098,   0.06609,  -0.03195,  -0.00394,   0.12387,   0.01532,   0.01532,   0.02933,  -0.07222,  -0.01970,  -0.02495,   0.03458,   0.00481,  -0.03020,   0.00832,  -0.01970,   0.06084,  -0.04421,   0.08885,  -0.01094,  -0.02145,  -0.02845,   0.02933,   0.04508,   0.04858,   0.01357,  -0.00744,   0.04333,  -0.07572,  -0.03370,   0.07310,   0.01182,  -0.03545,  -0.00744,  -0.04246,  -0.05646,  -0.00744,  -0.01094,   0.00832,   0.04333,  -0.03020,  -0.03020,  -0.04946,   0.01882,   0.01882,   0.00832,  -0.07222,   0.04158,  -0.04246,   0.05909,   0.06084,   0.02057,  -0.05822,  -0.01269,  -0.05121,  -0.02145,   0.02407,  -0.04421,  -0.02320,  -0.01094,   0.01007,  -0.09848,   0.05384,  -0.03896,   0.04158,  -0.04071,  -0.01795,   0.01007,   0.01357,  -0.11949,   0.06434,   0.05209,   0.10986,   0.02757,  -0.03545,   0.00832,   0.06959,  -0.04421,  -0.03020,   0.12387,   0.03458,  -0.06697,  -0.01620,  -0.02145,   0.03983,  -0.02670,   0.00481,  -0.04946,  -0.07747,  -0.00044,   0.04858,   0.05209,   0.03283,  -0.00744,  -0.04071,   0.00657,  -0.03020,  -0.01620,  -0.07222,   0.01707,  -0.08448,   0.05909,   0.11512,  -0.06347,   0.05734,  -0.03195,  -0.05121,  -0.03896,   0.00306,  -0.03020,  -0.01970,   0.07835,  -0.06872,   0.03633,  -0.03721,  -0.02845,  -0.01444,  -0.05121,  -0.04596,  -0.01620,   0.03283,  -0.08798,   0.02582,   0.02933,   0.00481,  -0.01094,   0.03808,  -0.00394,  -0.12475,   0.05734,  -0.00569,  -0.03721,  -0.00394,  -0.00919,  -0.10549,   0.04158,  -0.02670,  -0.01795,  -0.05471,  -0.02495,  -0.04246,   0.02232,   0.03458,   0.00481,   0.02057,   0.01007,   0.03108,  -0.01620,   0.00306,   0.03983,  -0.01970,   0.02407,  -0.03370,   0.02057,  -0.01795,  -0.04946,   0.07485,   0.06084,   0.02407,  -0.09848,   0.05209,   0.00306,  -0.03545,   0.06609,   0.02757,  -0.01970,   0.08885,  -0.05121,  -0.01269,   0.03983,  -0.02845,   0.06434,   0.04508,   0.03808,  -0.00919,  -0.01444,   0.01707,   0.01532,   0.02757,  -0.08973,   0.02057,  -0.03195,  -0.05646,  -0.02670,   0.00481,   0.08010,  -0.02495,   0.00481,  -0.01269,  -0.02320,  -0.05997,  -0.00219,   0.00832,  -0.02845,   0.00657,  -0.05121,   0.01007,   0.04333,   0.06784,   0.02933,   0.01182,   0.03458,   0.04158,   0.04333,   0.03283,  -0.05997,  -0.08448,   0.06434,  -0.00219,  -0.03020,  -0.05997,   0.02407,  -0.01094,   0.04508,   0.01007,   0.01357,  -0.01094,  -0.01795,   0.07660,  -0.01620,   0.01707,  -0.04071,   0.04333,  -0.03195,  -0.00919,   0.02933,  -0.00744,  -0.03020,   0.03458,   0.03808,  -0.03896,   0.03808,  -0.08098,  -0.04596,  -0.04946,  -0.10023,  -0.04071,  -0.04596,  -0.03545,  -0.03896,   0.04508,   0.05909,   0.00306,  -0.02145,  -0.03545,   0.00832,   0.08185,  -0.07747,   0.01007,   0.06084,   0.07660,  -0.03195,  -0.01795,  -0.06697,  -0.02495,  -0.01269,  -0.03896,  -0.02845,   0.03108,   0.06434,  -0.08098,  -0.06347,   0.02407,  -0.01795,   0.01882,   0.02582,   0.01532,  -0.02320,   0.00657,   0.07310,  -0.02320,   0.00306,   0.06609,  -0.00394,   0.01007,   0.11862,   0.00832,  -0.01269,  -0.02670,  -0.01444,   0.03633,  -0.01970,   0.08185,   0.01532,   0.04158,  -0.10549,  -0.04771,  -0.03195,  -0.05822,  -0.03721,  -0.00569,  -0.06522,  -0.06697,   0.06609,  -0.01620,   0.02057,   0.02232,   0.01357,  -0.08273,   0.02757,  -0.00394,   0.08710,   0.01532,   0.00131,   0.00306,   0.01532,   0.08185,  -0.01094,  -0.01795,  -0.13175,   0.00832,  -0.01970,   0.00481,  -0.01094,  -0.00744,  -0.01970,   0.01707,   0.04158,   0.05384,   0.00131,  -0.07572,  -0.02670,  -0.05471,  -0.00219,   0.02933,  -0.04071,   0.04508,   0.07135,  -0.00744,   0.02933,  -0.00744,   0.02582,   0.06259,  -0.00744,  -0.05646,   0.05034,   0.00657,   0.05384,   0.03108,  -0.00919,   0.07485,   0.05734,   0.00657,   0.04683,  -0.03896,  -0.01620,   0.01882,   0.00832,  -0.00744,   0.01532,  -0.00394,   0.01357,   0.00832,   0.00306,   0.03108,   0.01882,  -0.11424,  -0.07747,   0.01182,  -0.00744,   0.01532,  -0.04246,   0.03108,  -0.04596,  -0.01970,  -0.00044,   0.03283,  -0.03020,   0.01182,  -0.04596,  -0.01269,  -0.03896,   0.05034,  -0.03545,   0.01882,   0.08360,   0.02407,  -0.05997,  -0.03896,   0.00306,  -0.10899,  -0.02670,   0.03108,  -0.02845,   0.03108,   0.00481,  -0.04771,  -0.02320,  -0.01444,  -0.00394,   0.07135,  -0.07922,   0.03808,  -0.07747,   0.03808,  -0.03896,   0.00832,   0.03283,   0.03983,  -0.09673,  -0.06872,  -0.05296,  -0.08973,   0.03108,  -0.03896,   0.01007,   0.00131,  -0.02495,  -0.03370,  -0.13525,   0.00481,   0.06959,   0.07310,  -0.00744,  -0.02670,  -0.03896,  -0.03195,   0.09411,   0.06434,  -0.00044,  -0.00044,  -0.02845,   0.00657,  -0.02145,  -0.01269,  -0.02495,  -0.01269,  -0.00394,  -0.03545,   0.09411,   0.06259,  -0.08273,  -0.04246,  -0.01444,   0.02057,  -0.10374,   0.00657,   0.02582,   0.05209,   0.02407,   0.04683,  -0.01620,  -0.02320,   0.00131,   0.02407,  -0.01970,  -0.00044,  -0.07222,  -0.03370,   0.00306,  -0.03721,  -0.05471,  -0.05646,  -0.01444,   0.02057,   0.01882,   0.05559,  -0.01620,  -0.02845,  -0.06172,  -0.01970,  -0.06347,   0.03458,  -0.00919,  -0.02495,  -0.02670,   0.06259,   0.05734,   0.11336,   0.00306,   0.02232,  -0.06347,   0.01357,  -0.03020,  -0.03195,  -0.05121,  -0.08448,   0.01707,  -0.01970,   0.02933,  -0.11424,  -0.07572,  -0.00569,  -0.01970,   0.01707,   0.00131,  -0.01620,   0.06609,  -0.02320,  -0.03370,  -0.00919,  -0.02670,   0.03108,  -0.01795,   0.04333,   0.05209,   0.02933,   0.05034,  -0.04771,  -0.00569,  -0.01444,   0.05034,   0.10811,   0.02757,   0.00481,  -0.02845,  -0.01795,   0.04858,   0.08535,  -0.08623,  -0.05296,  -0.01094,  -0.00919,  -0.00744,  -0.12300,  -0.01795,  -0.04421,  -0.06697,   0.05034,   0.00131,  -0.04946,   0.01182,  -0.04421,   0.03808,  -0.08273,  -0.05822,   0.05034,   0.01882,  -0.04246,  -0.01795,  -0.04246,   0.07835,   0.02057,   0.01182,  -0.01269,  -0.01094,   0.06784,  -0.05646,   0.05034,   0.03458,  -0.11424,  -0.00394,   0.03108,   0.03283,   0.08360,  -0.07572,   0.05384,  -0.01444,   0.02407,   0.02407,  -0.00219,  -0.00569,   0.03283,   0.03458,  -0.10199,  -0.11949,  -0.01094,  -0.07747,   0.00306,  -0.02845,   0.12562,   0.04858,  -0.01094,   0.01532,  -0.00394,   0.05559,  -0.07222,   0.06434,   0.05734,   0.02057,  -0.00044,  -0.00919,  -0.00919,   0.03983,   0.07310,   0.00481,  -0.01444,   0.01182,  -0.05646,   0.00832,   0.03633,  -0.02845,  -0.01620,   0.01357,  -0.05296,   0.04683,   0.02933,   0.00306,   0.01882,   0.07310,   0.04858,  -0.06522,   0.01532,  -0.04246,   0.03108,   0.13087,   0.01532,  -0.06522,   0.05209,  -0.07047,  -0.00044,  -0.05296,   0.06784,  -0.03195,   0.06609,  -0.00044,   0.02407,  -0.03195,  -0.02495,   0.02757,  -0.03020,  -0.06697,   0.01357,   0.02757,   0.00832,   0.03808,   0.04858,   0.01532,  -0.01269,   0.10636,   0.05384,   0.01007,   0.07135,  -0.03020,   0.01707,   0.00306,   0.14138,   0.03283,  -0.04596,  -0.04946,   0.03983,   0.05384,   0.02582,  -0.01795,   0.00832,   0.02407,  -0.01269,  -0.02320,  -0.07397,  -0.01970,   0.02407,   0.00131,   0.02933,  -0.00394,   0.01707,  -0.02495,   0.12387,   0.02232,   0.06784,   0.01007,   0.02232,   0.04858,  -0.04771,   0.03633,  -0.07397,   0.01707,   0.04333,   0.01182,   0.00657,  -0.00394,  -0.02845,   0.02407,  -0.03195,  -0.04421,  -0.02320,   0.14313,   0.04508,  -0.03370,   0.07135,   0.03458,  -0.03896,  -0.01269,  -0.03545,   0.03808,   0.00306,  -0.10023,   0.05209,   0.03458,  -0.06697,   0.00306,  -0.02845,   0.02232,  -0.02320,  -0.02320,   0.03983,   0.03633,   0.06259,   0.01182,  -0.01620,  -0.02845,  -0.01620,   0.03108,  -0.07397,  -0.03195,  -0.02145,  -0.05646,  -0.00394,  -0.01269,   0.03633,  -0.05296,   0.01882,  -0.04771,  -0.00569,  -0.01620,  -0.14225,   0.00131,   0.09936,   0.08885,   0.03633,   0.00657,  -0.08098,   0.03108,  -0.02495,   0.06084,  -0.06347,   0.03458,   0.01532,   0.04683,   0.02407,   0.02757,   0.01182,   0.01007,   0.02232,   0.06609,  -0.00744,   0.01182,  -0.03195,  -0.08623,  -0.03195,   0.03108,  -0.06697,  -0.17027,   0.01707,   0.08885,   0.05034,  -0.01620,   0.05034,  -0.02495,   0.01707,  -0.00744,  -0.03195,  -0.06697,   0.01007,   0.02232,  -0.07922,  -0.00744,   0.09761,  -0.06522,   0.01007,  -0.00219,   0.01882,   0.00657,   0.05384,  -0.07922,   0.02407,  -0.02670,  -0.05121,  -0.02670,   0.01357,   0.06259,   0.10986,   0.06259,  -0.01620,   0.07485,   0.01882,   0.05559,  -0.05471,   0.06784,   0.01007,  -0.03545,   0.01007,   0.05734,  -0.00044,  -0.04596,   0.03808,  -0.02670,   0.01532,  -0.01620,  -0.04946,  -0.00394,   0.07135,   0.02057,  -0.06872,   0.00131,  -0.04071,   0.00832,   0.03108,   0.08535,   0.02582,   0.03633,   0.03458,   0.01882,  -0.00919,   0.05734,  -0.08273,  -0.02320,   0.09936,  -0.06522,  -0.01620,   0.03283,  -0.05822,  -0.03195,  -0.05121,  -0.02145,  -0.01444,   0.08710,  -0.04421,  -0.04771,   0.04333,  -0.00919,  -0.02670,   0.00832,  -0.00919,   0.02232,   0.02057,   0.05384,   0.05209,   0.04158,  -0.00919,  -0.03020,  -0.02670,   0.08010,  -0.00919,  -0.07397,   0.09586,  -0.04246,  -0.02495,   0.03633,  -0.05121,  -0.09323,   0.01707,   0.02933,  -0.02320,   0.03808,   0.02582,   0.04683,  -0.00394,  -0.03721,   0.04858,  -0.04596,   0.02757,  -0.07397,   0.04158,  -0.04596,  -0.01620,  -0.09498,  -0.11774,   0.00131,  -0.03721,  -0.00044,   0.05209,   0.02582,   0.03108,   0.07135,   0.01357,  -0.08798,  -0.01795,   0.02933,   0.00131,   0.01532,  -0.00044,   0.01007,   0.00481,   0.04508,  -0.03370,   0.11687,  -0.00394,  -0.05296,  -0.02320,  -0.09148,   0.03108,   0.00657,  -0.02320,  -0.01620,   0.02933,  -0.04071,   0.04858,   0.02582,  -0.04596,   0.07485,   0.02407
   0.02757,  -0.00919,   0.00657,   0.03108,   0.04858,  -0.02670,   0.01357,   0.04158,  -0.02495,  -0.00744,   0.02757,  -0.07397,   0.01357,  -0.01970,   0.01182,   0.05034,   0.04858,   0.02232,  -0.02145,  -0.05822,   0.01182,   0.05384,  -0.03195,   0.01007,   0.03633,   0.04158,  -0.01795,  -0.00744,   0.01007,  -0.00569,   0.02407,  -0.00219,   0.04858,   0.10636,   0.04508,  -0.05296,  -0.02670,  -0.00044,  -0.03896,   0.01707,   0.03108,   0.01532,   0.03458,  -0.09673,  -0.01094,  -0.05646,   0.10286,   0.05559,   0.03983,  -0.00394,  -0.01094,  -0.03370,   0.03458,   0.02757,  -0.02845,   0.03108,  -0.11774,   0.10286,  -0.03896,  -0.03721,   0.03458,  -0.02495,  -0.00919,   0.01882,   0.08710,   0.02232,   0.06434,  -0.02320,   0.08535,  -0.01269,   0.01707,  -0.06872,  -0.01970,   0.02407,  -0.04421,  -0.00919,  -0.05997,   0.03808,   0.02757,   0.02232,   0.01532,   0.01182,  -0.07047,   0.01007,   0.04858,  -0.02320,  -0.01269,  -0.04771,  -0.04596,   0.02757,   0.03108,  -0.01620,   0.01182,  -0.01620,   0.01182,  -0.02495,  -0.02495,  -0.07397,   0.00832,   0.02582,  -0.06172,  -0.06697,  -0.01269,  -0.02495,   0.05209,   0.06784,   0.05909,  -0.01620,  -0.09498,  -0.01094,   0.02582,  -0.00044,  -0.04421,   0.09586,  -0.03195,  -0.03545,   0.08885,  -0.00919,   0.00481,   0.10111,   0.01182,  -0.00919,  -0.00569,   0.03108,   0.01357,  -0.00219,  -0.02670,  -0.03545,   0.03983,   0.05909,  -0.00219,   0.09235,  -0.00044,  -0.01795,  -0.03545,  -0.01269,   0.00306,  -0.00394,   0.03458,   0.01182,  -0.02320,  -0.07747,  -0.03896,  -0.06522,  -0.01444,   0.05034,  -0.06697,   0.01882,   0.09411,  -0.04246,   0.06959,  -0.00044,   0.07135,  -0.01620,   0.07135,   0.05734,  -0.06522,  -0.02145,   0.03458,   0.06434,  -0.02145,   0.06784,  -0.00394,  -0.01620,  -0.03020,   0.04333,  -0.00219,   0.04158,  -0.05997,   0.04508,  -0.07747,  -0.01970,  -0.04596,   0.00832,   0.04158,   0.10286,  -0.01620,   0.07835,  -0.04071,   0.03808,  -0.00219,  -0.00569,   0.01882,   0.00131,   0.09936,  -0.02495,   0.03458,   0.01007,   0.04858,   0.03633,  -0.01795,  -0.02145,   0.04858,   0.07135,  -0.07222,   0.05559,  -0.05997,  -0.01269,  -0.01970,  -0.02320,  -0.02145,   0.15714,   0.02757,   0.01357,   0.00306,   0.06084,   0.07485,  -0.00044,   0.02057,   0.01007,   0.04683,  -0.07047,  -0.02845,  -0.09323,  -0.00044,   0.08010,  -0.10374,  -0.04246,   0.10986,  -0.01094,  -0.05822,   0.07835,   0.00131,   0.05384,   0.02057,   0.00832,   0.08710,   0.00481,   0.02232,  -0.02320,   0.05384,   0.02057,   0.00481,  -0.03370,   0.03458,   0.00131,  -0.08623,   0.04683,  -0.00044,   0.02232,  -0.06522,   0.02057,  -0.01444,  -0.02320,  -0.01444,   0.01357,  -0.01269,   0.00306,   0.08535,  -0.03896,   0.01707,  -0.09323,   0.02057,  -0.04246,  -0.02495,   0.02933,  -0.08273,  -0.03896,   0.06609,   0.01007,  -0.07397,  -0.05822,   0.04858,  -0.02320,  -0.05822,  -0.00919,  -0.04946,   0.02407,  -0.01970,  -0.01269,   0.01182,  -0.03020,  -0.03545,   0.04333,   0.02232,  -0.01094,  -0.06347,  -0.08448,   0.01007,   0.00481,  -0.03020,  -0.09848,  -0.01444,  -0.04071,  -0.00219,  -0.02145,   0.03633,  -0.02845,  -0.04246,   0.10111,  -0.04246,   0.02407,  -0.07047,  -0.00219,   0.09586,   0.04333,   0.00832,   0.06609,  -0.03721,   0.05209,   0.01182,  -0.09673,  -0.00919,   0.02757,  -0.06697,  -0.07747,   0.00131,  -0.01094,   0.05384,  -0.03370,   0.09235,   0.02407,  -0.03020,   0.00832,  -0.07222,  -0.00044,  -0.00919,   0.02407,  -0.07572,   0.01532,   0.08885,   0.07310,   0.01182,   0.00657,  -0.00219,  -0.04946,  -0.08098,   0.03108,   0.00306,  -0.08623,  -0.03721,  -0.05646,  -0.01795,   0.00306,   0.03283,  -0.05822,   0.03283,  -0.00219,  -0.08273,   0.00481,  -0.07047,  -0.00394,   0.00131,  -0.07747,  -0.00744,  -0.02670,  -0.04246,  -0.06872,  -0.02670,   0.10636,   0.09411,   0.04333,   0.01182,   0.07835,  -0.03195,   0.03808,   0.00306,   0.02757,   0.00657,   0.06609,  -0.04421,   0.00131,   0.04683,   0.01882,   0.04158,   0.06959,  -0.02495,  -0.02320,   0.03983,   0.03458,   0.02057,   0.02057,  -0.02670,   0.03983,   0.07310,   0.13087,   0.01707,   0.03633,  -0.04771,  -0.06347,   0.03808,  -0.01970,   0.05209,   0.03983,  -0.08973,   0.12387,   0.00832,  -0.04771,  -0.03195,   0.01532,  -0.00919,   0.00131,  -0.05121,   0.08360,  -0.15976,  -0.01620,  -0.04071,  -0.00919,   0.06259,   0.03458,  -0.01970,  -0.03721,  -0.01094,  -0.09323,   0.05909,   0.00832,  -0.00219,  -0.06697,   0.03283,   0.02582,   0.01007,  -0.04596,   0.02582,   0.03633,  -0.04771,  -0.01269,   0.06784,   0.09761,  -0.04771,  -0.05646,  -0.04771,  -0.01620,  -0.00219,   0.06084,   0.02232,  -0.03195,   0.01882,  -0.00219,   0.06784,  -0.02845,  -0.05471,   0.02232,   0.02582,   0.06609,  -0.01795,   0.08885,  -0.06347,  -0.00219,  -0.04246,  -0.02320,   0.01357,   0.11161,  -0.06522,  -0.00919,   0.00481,  -0.04421,  -0.00044,   0.08535,  -0.03545,   0.03458,  -0.04071,  -0.02145,   0.05734,  -0.04421,  -0.01269,   0.06259,   0.01007,   0.09936,  -0.01094,  -0.02145,   0.06084,  -0.04596,  -0.03020,   0.01707,   0.02057,  -0.06522,  -0.00394,   0.05734,   0.08710,   0.06784,   0.00832,   0.04858,   0.05034,   0.02057,  -0.00219,  -0.07397,  -0.07572,  -0.00919,  -0.03545,   0.03983,  -0.01444,  -0.01795,  -0.08273,  -0.02320,   0.02407,  -0.03020,  -0.04771,  -0.05822,   0.00306,  -0.00744,   0.00481,  -0.00044,   0.02407,  -0.03370,  -0.03721,   0.06084,  -0.05296,   0.03983,  -0.01444,  -0.07572,  -0.01795,  -0.03545,  -0.05646,   0.06959,  -0.03721,   0.11512,  -0.01269,  -0.05471,   0.02582,   0.03458,   0.02232,  -0.01269,   0.05734,  -0.07922,   0.01182,   0.09761,  -0.00569,   0.04858,  -0.00569,  -0.08098,  -0.02320,  -0.00394,  -0.01970,   0.04158,   0.05209,  -0.01269,  -0.00394,   0.03633,  -0.01970,  -0.00219,  -0.01620,  -0.01094,  -0.03896,   0.00306,   0.02582,  -0.00044,   0.01182,   0.03983,  -0.01620,   0.03633,  -0.01094,   0.03458,   0.03283,   0.06084,   0.01007,  -0.04596,  -0.00219,   0.10986,  -0.02320,  -0.02495,   0.03458,   0.00131,   0.05384,  -0.01970,  -0.10023,  -0.03195,   0.01357,   0.06784,   0.03283,  -0.00569,  -0.00044,  -0.00219,   0.16939,   0.00481,   0.00481,  -0.06872,  -0.07922,  -0.01620,  -0.00394,   0.04858,   0.10811,  -0.07047,   0.06434,  -0.03721,  -0.06347,  -0.03020,  -0.05646,  -0.06872,  -0.05997,   0.02582,   0.01182,  -0.03896,  -0.06172,   0.03633,  -0.02145,  -0.03370,   0.02407,   0.07310,  -0.08798,   0.00832,  -0.01094,  -0.08098,   0.05909,   0.01707,   0.00131,  -0.02845,  -0.00569,   0.03108,  -0.04421,  -0.03020,   0.01707,  -0.00744,  -0.07047,   0.01007,  -0.06522,  -0.00044,   0.09235,   0.01882,  -0.05471,   0.11687,   0.03108,   0.00306,   0.03458,   0.00481,  -0.00919,   0.07485,  -0.08623,  -0.07572,   0.00832,  -0.05296,  -0.04421,   0.05909,   0.01357,   0.00131,   0.02407,  -0.00569,  -0.00044,  -0.01269,   0.04158,   0.06959,  -0.08973,  -0.01444,   0.07310,  -0.01094,  -0.00744,   0.05559,   0.04858,   0.03283,   0.01007,   0.05384,   0.01007,   0.01357,   0.01182,  -0.01269,  -0.04946,  -0.03195,  -0.04771,  -0.04071,   0.00306,  -0.00044,  -0.03896,  -0.06347,  -0.02320,   0.02933,  -0.06172,   0.06959,   0.02057,   0.00131,   0.00481,   0.02407,  -0.03195,   0.01357,   0.09411,  -0.01444,   0.01882,   0.01182,   0.02582,  -0.05471,  -0.01795,   0.07135,   0.01882,   0.05734,  -0.01970,  -0.00044,   0.13262,  -0.06522,   0.05559,  -0.04771,   0.02057,  -0.01094,  -0.03721,  -0.01444,  -0.00219,  -0.00744,   0.05909,  -0.00569,   0.07135,   0.02057,  -0.00919,   0.02933,   0.00832,   0.08710,  -0.01269,  -0.00394,  -0.06347,  -0.00394,  -0.05121,   0.02933,   0.01357,  -0.05822,   0.01532,  -0.00394,  -0.00219,  -0.04946,   0.07310,  -0.07572,   0.04683,  -0.05822,   0.07485,  -0.01094,  -0.02670,  -0.03020,  -0.11424,   0.01357,   0.06784,  -0.02845,   0.02057,   0.00657,  -0.02670,   0.04158,  -0.09848,  -0.00569,   0.00832,   0.04858,   0.07310,   0.02933,   0.03108,   0.04683,   0.00832,   0.01357,  -0.05296,  -0.07222,  -0.00394,   0.04333,  -0.08098,   0.09235,  -0.02320,   0.00306,   0.04508,  -0.04771,   0.00832,  -0.02845,   0.00306,   0.02232,  -0.01094,   0.04333,   0.01357,  -0.01970,   0.03458,  -0.07747,   0.00657,  -0.04421,   0.01707,  -0.00919,  -0.10724,  -0.01444,   0.02757,  -0.00569,   0.02057,  -0.01444,   0.01707,   0.09411,  -0.08098,   0.00657,   0.05209,   0.01882,   0.10636,   0.05909,  -0.07572,  -0.02320,   0.04683,  -0.05646,  -0.00744,  -0.06172,  -0.02320,   0.09060,  -0.03721,   0.04333,  -0.00394,  -0.01795,  -0.01970,   0.08185,   0.03983,   0.02407,   0.01007,   0.02933,   0.05034,  -0.00219,  -0.03896,  -0.04771,   0.02757,   0.02057,   0.03808,   0.00832,  -0.10199,  -0.04946,  -0.03370,   0.04158,  -0.04946,   0.08360,  -0.04946,   0.07660,   0.05734,  -0.06522,   0.03108,  -0.04246,   0.03633,   0.00832,   0.03633,  -0.09498,  -0.00219,  -0.05121,  -0.06697,   0.01357,  -0.02670,   0.09235,   0.02232,   0.03108,  -0.03195,  -0.04946,   0.01182,   0.02232,   0.03983,   0.01357,  -0.08273,  -0.01620,  -0.02845,   0.00131,   0.01882,  -0.01795,   0.03283,   0.01532,  -0.04421,  -0.02320,   0.09235,   0.02582,  -0.01970,  -0.04071,   0.03983,   0.01882,  -0.02670,   0.05209,   0.04333,   0.10986,   0.01707,   0.08010,   0.08185,  -0.06347,  -0.00919,   0.05209,  -0.01269,   0.01182,  -0.00044,   0.05034,   0.04158,  -0.02845,   0.03808,   0.07135,   0.06084,   0.01707,  -0.00744,  -0.08448,  -0.01620,   0.05909,   0.02407,  -0.09148,   0.05034,  -0.00219,   0.02407,   0.05209,  -0.04246,  -0.07047,   0.00131,  -0.00919,  -0.03020,  -0.10374,   0.05734,   0.08010,   0.05734,   0.05034,  -0.02670,   0.07660,   0.00832,   0.00657,   0.02582,  -0.00394,   0.01707,  -0.02670,  -0.01444,   0.03983,  -0.01444,   0.04858,   0.04683,  -0.05471,   0.00481,  -0.06697,  -0.03545,   0.02057,  -0.04771,   0.00657,   0.05034,   0.11161,  -0.07047,   0.00481,   0.00657,   0.01007,  -0.04246,   0.01882,   0.07485,   0.00657,  -0.08623,  -0.00044,  -0.00744,   0.00657,  -0.04421,  -0.00744,   0.00657,  -0.01620,   0.10461,   0.05209,  -0.05121,   0.06434,  -0.01970,  -0.06172,   0.06784,   0.08185,   0.01357,  -0.05997,   0.07310,  -0.03721,  -0.02495,   0.00131,   0.01182,  -0.02670,  -0.01444,  -0.02145,   0.09235,  -0.01444,   0.00481,  -0.00569,  -0.04071,  -0.04771,  -0.02845,  -0.01094,   0.05034,  -0.00219,   0.00306,   0.06259,  -0.12650,   0.03108,  -0.02145,   0.10636,  -0.00744,   0.07135,  -0.02495,  -0.03721,   0.03108,   0.03283,   0.03808,   0.04158,  -0.07747,  -0.03896,   0.00832,   0.02232,  -0.04246,  -0.02145,  -0.03370,  -0.02495,  -0.05471,   0.00657,   0.02757,  -0.01620,   0.05734,  -0.00394,  -0.03896,   0.04683,   0.00657,  -0.00919,   0.00306,   0.04508,   0.01882,   0.01882,   0.07135,  -0.04771,  -0.00219,   0.04683,   0.04683,   0.05034,   0.08185,   0.03633,  -0.05997,   0.02757,   0.01182,  -0.02320,  -0.00219,   0.03283,   0.09060,  -0.02320,  -0.01970,  -0.02320,   0.01532,  -0.04946,  -0.06522,  -0.06872,  -0.03545,   0.02407,  -0.03020,   0.01882,  -0.01620,   0.01182,  -0.07572,  -0.03195,  -0.01094,  -0.10374,  -0.00044,   0.03283,  -0.02320,   0.03983,  -0.04421,  -0.08273,  -0.06347,   0.06784,   0.01182,  -0.06347
  -0.08098,  -0.06872,  -0.02320,  -0.09148,  -0.05121,  -0.06347,  -0.01269,   0.01882,   0.05909,  -0.04771,  -0.01620,  -0.04246,   0.00306,  -0.00569,  -0.04071,   0.03983,  -0.02845,   0.06259,   0.04683,   0.05034,   0.00306,  -0.08273,   0.05909,   0.09235,   0.03983,   0.02407,   0.06609,   0.01882,  -0.06172,  -0.02670,  -0.01620,  -0.03195,  -0.02670,  -0.02495,  -0.02495,  -0.08448,  -0.03896,  -0.07747,   0.01182,   0.04858,  -0.05997,  -0.05296,   0.04508,  -0.01094,  -0.00744,  -0.01795,  -0.01970,   0.01007,  -0.04596,  -0.00219,   0.06259,   0.00657,   0.01357,   0.03283,  -0.00569,   0.05559,  -0.00044,  -0.08098,  -0.00219,  -0.02145,   0.02057,   0.07660,  -0.00394,   0.00832,  -0.03721,   0.02757,  -0.00744,  -0.09323,   0.00657,   0.01007,  -0.00569,  -0.07047,  -0.00219,  -0.00744,  -0.04246,  -0.03370,   0.06259,   0.02057,   0.05034,  -0.03195,  -0.06172,   0.02757,  -0.01269,   0.04508,  -0.01269,   0.02757,  -0.01269,  -0.03195,   0.08185,   0.01707,   0.00832,   0.02933,  -0.02320,  -0.02145,   0.07310,   0.01882,   0.06084,  -0.03896,   0.01532,   0.04333,  -0.01269,  -0.05822,  -0.03020,  -0.07047,  -0.07222,   0.00306,  -0.05296,  -0.03195,   0.00131,   0.01182,   0.01707,  -0.03545,  -0.01269,   0.01357,  -0.01795,  -0.00569,   0.01182,   0.09761,  -0.05121,  -0.06872,   0.01357,  -0.00744,   0.02757,   0.02407,   0.02582,  -0.00219,  -0.03896,  -0.03370,  -0.00744,  -0.07922,   0.01182,  -0.01444,  -0.01620,   0.02232,  -0.00744,  -0.00394,  -0.00394,   0.06434,  -0.07572,   0.07310,   0.00131,   0.01007,   0.09235,  -0.01444,  -0.04771,   0.04508,   0.06259,   0.00306,   0.07310,  -0.03545,   0.10986,   0.01357,  -0.03896,  -0.02320,   0.06609,   0.01182,   0.03283,   0.05559,  -0.08623,  -0.04071,  -0.07397,  -0.02845,  -0.00919,  -0.01970,   0.10636,  -0.05296,   0.04333,   0.09761,   0.03283,  -0.00394,   0.02407,   0.05734,  -0.05296,  -0.00744,  -0.01444,   0.00832,   0.03108,   0.03283,  -0.01620,  -0.05822,   0.01182,  -0.01970,   0.10636,  -0.02145,  -0.00919,   0.00481,   0.00832,  -0.01269,   0.01357,  -0.07047,  -0.09848,   0.04333,  -0.02845,   0.04333,   0.01357,   0.05034,  -0.09498,   0.00481,  -0.02145,  -0.02145,  -0.01094,  -0.00394,  -0.07222,   0.01182,  -0.06522,  -0.03370,  -0.05296,  -0.02145,   0.03633,   0.01707,   0.01707,   0.03633,   0.01882,  -0.05997,   0.03108,  -0.00394,   0.01357,   0.02933,  -0.01094,   0.01182,  -0.00044,   0.03633,   0.07485,   0.07660,   0.00481,  -0.02845,   0.03983,  -0.00569,  -0.02145,  -0.01795,   0.05209,  -0.01970,   0.04158,   0.04333,  -0.01269,   0.04858,   0.01882,   0.02232,  -0.03721,  -0.01094,  -0.00219,   0.06259,  -0.01620,  -0.03896,  -0.06347,  -0.01444,   0.04683,  -0.00044,   0.01007,  -0.08448,  -0.00744,   0.08885,  -0.00044,  -0.03721,   0.03283,  -0.04771,  -0.01444,   0.06434,  -0.11774,   0.00657,  -0.07922,  -0.04246,  -0.00569,   0.08710,   0.01882,   0.01182,  -0.01620,  -0.02145,  -0.02845,   0.02057,  -0.06172,  -0.03195,  -0.06347,  -0.01094,  -0.04771,   0.06259,   0.07485,  -0.03545,  -0.01795,  -0.09323,   0.02582,  -0.03370,   0.00481,  -0.09498,  -0.09498,   0.02933,   0.03108,   0.05209,   0.04333,   0.00131,   0.06084,  -0.03020,  -0.01269,   0.01182,  -0.07047,   0.04333,   0.05034,   0.04158,  -0.04771,  -0.00744,   0.07835,   0.02582,  -0.03370,  -0.03020,   0.03283,   0.02933,   0.01357,   0.01182,   0.01007,  -0.04771,   0.00131,   0.04158,  -0.05646,  -0.01795,  -0.06522,  -0.01620,   0.05034,   0.01182,   0.07310,  -0.02845,  -0.01795,   0.02933,  -0.05646,   0.04683,  -0.01795,   0.04508,  -0.07572,  -0.03545,  -0.01094,   0.03458,   0.01882,   0.01007,  -0.01269,   0.05384,  -0.07747,   0.07660,  -0.09148,   0.01532,  -0.05997,   0.01182,  -0.00744,   0.02933,   0.05384,  -0.00044,  -0.07747,  -0.04771,   0.03108,   0.00832,  -0.05471,  -0.01444,  -0.01444,  -0.00744,   0.02232,   0.08360,   0.06434,   0.03458,   0.00657,   0.02582,  -0.01795,  -0.03721,   0.04683,   0.00131,  -0.04771,  -0.10374,   0.00832,  -0.01970,   0.03983,   0.00832,   0.00306,  -0.04421,   0.01882,  -0.08623,  -0.02145,   0.00832,  -0.04246,  -0.05121,   0.01532,   0.01707,  -0.02845,  -0.01795,   0.00657,   0.08535,   0.05384,  -0.00919,  -0.06872,  -0.09148,  -0.04596,  -0.00569,   0.03633,  -0.00569,  -0.00219,   0.03633,   0.00832,   0.00481,   0.03633,   0.00131,   0.04333,  -0.00044,   0.03808,   0.01182,  -0.00044,  -0.07572,  -0.02320,   0.01007,  -0.09323,   0.06609,  -0.00569,  -0.04421,   0.02757,  -0.11249,   0.03808,   0.06609,  -0.03545,   0.02407,  -0.04246,  -0.01970,  -0.02320,  -0.07747,  -0.04946,  -0.00044,   0.06434,  -0.11424,   0.01182,  -0.04071,   0.05209,   0.01182,  -0.03370,   0.03108,   0.11512,   0.03808,  -0.02845,   0.02057,  -0.02495,   0.06434,   0.04683,   0.05909,  -0.02320,  -0.01970,   0.03458,  -0.03020,   0.01882,  -0.02495,   0.11336,   0.03458,  -0.00394,   0.05209,   0.00306,  -0.01620,  -0.05471,  -0.02495,  -0.01269,  -0.02670,  -0.02670,   0.07485,   0.00832,  -0.00569,   0.07485,  -0.00394,  -0.06172,   0.09411,   0.03283,   0.05209,   0.05909,  -0.03195,   0.08185,  -0.02320,   0.03458,  -0.07747,  -0.07047,  -0.03896,   0.04683,  -0.05121,   0.03458,  -0.02320,  -0.05121,   0.09060,  -0.05822,  -0.03195,   0.00481,   0.03283,   0.06259,   0.07485,   0.03808,  -0.02145,   0.06784,   0.06609,  -0.00044,   0.05909,   0.01882,  -0.08973,  -0.00219,  -0.03370,   0.01882,   0.01532,   0.03633,  -0.04771,   0.01357,  -0.01269,  -0.01620,   0.06084,  -0.04246,  -0.00219,   0.04158,   0.02757,  -0.02495,  -0.00569,  -0.03721,  -0.04946,  -0.05646,   0.03283,  -0.04421,   0.03633,  -0.02845,  -0.01444,  -0.02845,   0.01532,   0.01007,   0.05209,   0.06259,  -0.02320,  -0.01444,  -0.00919,  -0.02495,   0.00306,   0.01007,  -0.01620,  -0.03020,   0.00131,  -0.05121,  -0.00394,  -0.06872,  -0.00919,   0.02933,  -0.04421,  -0.04596,  -0.04946,   0.04158,  -0.10023,   0.03808,   0.06609,  -0.06522,   0.01007,  -0.03896,   0.07135,  -0.00569,   0.02057,   0.00481,   0.00657,  -0.10023,  -0.03370,   0.01707,  -0.02845,   0.02407,  -0.04946,   0.03808,  -0.00394,   0.06959,  -0.02320,   0.02933,   0.10461,   0.08535,   0.01532,  -0.06522,   0.11161,  -0.05121,   0.00131,  -0.04946,   0.05034,  -0.01795,   0.02933,  -0.03896,  -0.06697,  -0.03370,  -0.02670,   0.03633,  -0.00569,  -0.01094,   0.00131,  -0.01620,  -0.00219,   0.02232,   0.01357,  -0.05121,   0.08185,   0.01532,   0.03283,   0.01357,   0.01007,  -0.01970,   0.01357,   0.04333,  -0.01269,   0.06784,   0.00657,  -0.02145,   0.01182,  -0.01094,   0.05559,  -0.03896,   0.01182,   0.01182,  -0.03896,   0.02057,  -0.00744,  -0.04596,  -0.00569,   0.05909,   0.02057,   0.02933,   0.02933,   0.01882,  -0.04421,  -0.01970,   0.01007,   0.03458,  -0.02145,   0.11687,   0.03633,   0.00657,  -0.07397,  -0.03020,  -0.04596,  -0.00394,  -0.01970,  -0.08623,   0.04158,  -0.00569,  -0.05646,  -0.00919,  -0.01795,  -0.14751,  -0.01970,  -0.02495,  -0.03020,  -0.06872,   0.02057,   0.03108,  -0.01094,   0.07310,  -0.01269,  -0.03896,   0.02057,  -0.00044,  -0.02670,  -0.02145,   0.03808,  -0.01444,  -0.01970,   0.03983,  -0.06697,  -0.03721,  -0.01970,  -0.09498,  -0.00744,   0.05734,  -0.02145,   0.00131,  -0.04246,   0.01882,   0.07485,   0.01357,  -0.05997,  -0.05296,   0.00131,  -0.01795,  -0.02320,  -0.02145,   0.00131,  -0.04771,   0.07485,  -0.01620,  -0.00919,   0.03633,  -0.02320,  -0.05822,  -0.04771,  -0.00744,   0.01007,   0.02933,  -0.04421,   0.04508,   0.01707,   0.01007,  -0.01444,  -0.07047,   0.01007,   0.02933,  -0.01269,   0.06609,   0.02933,   0.02057,  -0.02145,  -0.04246,  -0.00744,   0.05384,  -0.07222,   0.02757,  -0.02845,  -0.09323,  -0.01970,   0.02232,  -0.01094,  -0.02145,  -0.02670,   0.00657,   0.01182,  -0.09148,  -0.00744,  -0.00219,  -0.00044,   0.00657,  -0.00394,   0.01707,   0.04333,   0.05209,  -0.00394,  -0.01269,  -0.01620,  -0.01620,  -0.00569,   0.01882,  -0.03896,   0.03983,  -0.01970,   0.05034,  -0.04071,  -0.00744,  -0.01269,   0.01882,  -0.02845,   0.00306,   0.04508,   0.01357,   0.00657,   0.06609,   0.02232,   0.08185,  -0.04071,   0.07310,  -0.01970,   0.05384,  -0.00919,  -0.01444,   0.00306,   0.01182,   0.03283,  -0.00744,  -0.00569,   0.03108,  -0.04421,   0.00306,  -0.03545,  -0.05121,  -0.07572,  -0.05471,  -0.02670,   0.00832,   0.02582,  -0.03195,  -0.05121,  -0.00569,   0.01882,  -0.02845,  -0.09848,  -0.05822,  -0.04771,  -0.08098,  -0.02495,   0.03458,  -0.03721,   0.05034,   0.02582,   0.05734,   0.03108,  -0.02845,   0.07660,  -0.05997,   0.03108,   0.03808,  -0.05822,  -0.01620,  -0.00744,   0.02407,   0.06259,  -0.08973,  -0.00394,   0.01882,  -0.00044,  -0.01795,   0.01532,  -0.08973,  -0.05997,  -0.03896,  -0.03370,  -0.05296,  -0.01269,  -0.07572,  -0.05822,  -0.02845,   0.03808,   0.07835,  -0.12124,   0.01882,   0.04333,   0.04858,   0.05909,   0.09586,  -0.00219,   0.00657,  -0.04071,   0.02582,   0.05559,   0.04508,  -0.06522,  -0.04771,   0.06259,  -0.02670,  -0.02145,   0.00832,   0.06609,  -0.04596,   0.06784,  -0.07572,  -0.03896,  -0.03545,   0.04508,   0.07485,   0.05034,   0.00832,   0.03983,  -0.04771,  -0.03195,  -0.01094,   0.07660,  -0.01795,  -0.00044,  -0.02320,   0.02232,  -0.01620,  -0.04071,  -0.03896,   0.03983,  -0.07222,  -0.02670,   0.02582,   0.06084,  -0.00044,   0.03283,  -0.01620,  -0.00569,  -0.10199,  -0.03545,  -0.03020,   0.00657,   0.00481,  -0.03721,  -0.00919,  -0.00919,   0.09761,  -0.00919,  -0.07922,  -0.00919,   0.00306,   0.10286,   0.04858,  -0.00569,  -0.01444,  -0.04946,   0.01882,   0.02933,  -0.10199,  -0.03545,   0.00131,   0.00306,   0.07135,   0.02933,  -0.00219,   0.00657,   0.06259,   0.05559,  -0.00569,   0.00657,  -0.01269,   0.02582,  -0.04421,   0.00306,   0.01357,   0.05734,  -0.06522,  -0.01444,   0.03808,  -0.00044,  -0.03020,   0.01882,   0.02582,   0.07660,   0.01357,   0.04683,  -0.01094,  -0.01795,   0.03458,   0.01182,   0.12737,  -0.02320,  -0.03545,  -0.01269,   0.05734,   0.00306,  -0.00044,   0.02757,   0.05909,   0.06084,  -0.03721,  -0.00044,   0.01707,  -0.02145,  -0.05121,  -0.05997,  -0.02320,   0.02407,   0.01007,  -0.11774,   0.02933,  -0.07222,  -0.02320,   0.05559,  -0.04771,  -0.00219,  -0.00219,  -0.01970,  -0.01444,  -0.01970,  -0.05471,  -0.00919,   0.00657,   0.00657,  -0.05296,   0.01532,  -0.01444,  -0.05822,   0.07660,  -0.04421,   0.01182,  -0.03195,  -0.05296,   0.05909,  -0.03020,  -0.01970,  -0.01970,  -0.04246,   0.03808,  -0.02145,  -0.01269,  -0.01444,   0.04858,  -0.00044,   0.01707,   0.03983,  -0.05121,   0.02407,   0.07135,  -0.06697,   0.01532,   0.05209,   0.03108,  -0.01620,  -0.08098,  -0.04071,   0.06084,  -0.03896,  -0.02845,   0.01532,   0.03458,  -0.07572,   0.02933,   0.05734,   0.02407,   0.02407,   0.00131,  -0.06172,  -0.04246,   0.06609,   0.05909,   0.00131,  -0.07572,  -0.01795,  -0.01444,  -0.01795,  -0.01620,  -0.12475,   0.02582,   0.01357,  -0.01795,  -0.00044,  -0.01444,   0.01357,  -0.01269,   0.02757,  -0.03545,  -0.01094,   0.05209,  -0.03020,   0.07135,   0.05034,  -0.02670,   0.00131,  -0.01269,  -0.04246,  -0.01269,   0.02933,   0.07310,   0.04683,  -0.01970,   0.05909,  -0.02495,  -0.01620,   0.01707,  -0.01444,   0.05734,  -0.01620,  -0.09148,   0.00832,   0.00832,  -0.02145
   0.00131,  -0.00394,  -0.04421,   0.01182,   0.06259,   0.03283,  -0.01094,   0.05034,   0.03808,   0.05384,  -0.02320,  -0.03896,   0.02057,   0.03983,  -0.02845,   0.02933,   0.01357,   0.03458,  -0.06347,   0.00306,  -0.00744,  -0.02495,   0.01182,  -0.13175,  -0.05646,   0.02057,  -0.05997,   0.08185,  -0.06522,  -0.02495,  -0.07397,   0.06259,   0.00832,  -0.08623,   0.03983,   0.05209,  -0.04421,   0.06084,  -0.02320,   0.02582,  -0.02495,   0.03983,  -0.02495,   0.09936,   0.05034,   0.01532,   0.06609,  -0.00394,   0.01707,   0.02232,  -0.01269,  -0.03896,  -0.02145,   0.05384,   0.08885,   0.02933,   0.01182,  -0.03020,  -0.00744,   0.06084,  -0.03721,  -0.05471,   0.04158,   0.02407,   0.02757,  -0.03195,   0.02582,   0.02407,   0.01357,  -0.00919,  -0.03896,   0.03283,   0.00832,  -0.04596,   0.07310,  -0.03545,  -0.01269,   0.06959,   0.01532,  -0.03195,   0.05559,   0.04158,   0.01532,  -0.00044,  -0.00569,   0.00657,   0.05559,   0.02933,  -0.03896,  -0.08098,  -0.05822,   0.03808,  -0.03020,   0.01532,   0.00657,   0.02933,   0.02757,  -0.02145,   0.03108,  -0.05296,   0.01882,  -0.04771,   0.07135,  -0.02845,   0.00306,   0.00131,  -0.08273,  -0.10023,  -0.03370,  -0.05646,  -0.03721,   0.01882,   0.02933,  -0.04421,  -0.06347,  -0.03020,   0.02232,   0.02407,  -0.04946,  -0.01620,   0.06609,  -0.01620,   0.05209,  -0.05646,   0.05209,   0.00131,   0.01007,  -0.01970,  -0.04946,  -0.01970,   0.01532,   0.04508,  -0.00919,  -0.00569,   0.01357,  -0.03545,  -0.03195,   0.08185,   0.05034,   0.04158,   0.04333,   0.02582,  -0.07747,   0.02407,  -0.00219,   0.10461,  -0.02845,   0.07135,   0.03458,  -0.06347,   0.01182,   0.04858,   0.01182,   0.01357,  -0.01094,  -0.00394,  -0.01444,  -0.00394,   0.04333,   0.02407,  -0.08623,  -0.02145,  -0.07397,  -0.02495,  -0.01444,   0.02057,   0.07835,   0.01182,  -0.05121,   0.03808,   0.00832,  -0.01094,  -0.04071,  -0.03195,   0.06609,   0.02407,   0.00657,   0.04333,  -0.06872,   0.01182,  -0.03545,   0.03633,   0.02407,   0.01882,  -0.02670,   0.00131,  -0.04946,   0.00657,   0.03983,  -0.00744,   0.03458,   0.05734,  -0.06697,   0.02057,   0.02057,   0.01532,   0.02232,  -0.00744,  -0.07047,   0.08885,  -0.08098,   0.07485,   0.00657,   0.05384,   0.05034,  -0.04596,  -0.00394,  -0.04771,  -0.02320,  -0.00219,   0.02582,   0.04333,   0.05034,   0.00481,   0.02057,   0.01357,  -0.00569,  -0.02845,   0.00481,  -0.01269,   0.01707,  -0.05997,  -0.04421,   0.05209,  -0.05822,   0.04158,   0.05909,   0.01182,   0.07660,   0.10461,  -0.01094,  -0.01269,   0.05734,   0.00306,  -0.06347,  -0.03020,  -0.06697,   0.03283,   0.03108,  -0.12124,  -0.02495,   0.06259,   0.07310,   0.02582,  -0.04421,   0.05909,   0.05209,   0.01532,   0.04683,   0.03108,   0.07835,   0.02407,  -0.04071,   0.02933,  -0.01970,  -0.03195,   0.01182,   0.02407,  -0.05296,  -0.03896,  -0.10724,  -0.11074,  -0.10023,  -0.04246,  -0.04421,  -0.00919,  -0.02495,  -0.03195,  -0.01970,  -0.04246,   0.03108,   0.04158,  -0.03195,  -0.00744,  -0.05646,   0.07835,  -0.05471,  -0.01444,  -0.03370,  -0.03896,  -0.05646,   0.03983,  -0.00394,  -0.00219,   0.00481,   0.04508,  -0.06172,   0.02057,  -0.04771,  -0.03195,   0.01532,  -0.00569,  -0.01269,   0.03633,   0.05384,   0.00832,   0.02407,   0.02757,   0.07310,   0.01357,   0.01707,  -0.02845,   0.02407,   0.06959,  -0.00394,   0.09411,   0.01357,   0.07485,  -0.00569,   0.00306,   0.08885,  -0.02670,  -0.03195,  -0.01620,  -0.08623,  -0.07747,   0.00481,   0.07660,   0.00306,   0.00481,   0.05559,   0.01007,  -0.02320,  -0.03896,   0.03808,   0.09936,  -0.00394,  -0.09673,   0.04858,   0.06609,   0.03458,   0.02933,  -0.01795,  -0.01970,   0.02232,  -0.03721,   0.03983,   0.01532,  -0.05997,  -0.04421,   0.02407,  -0.01795,  -0.08273,  -0.05121,  -0.04771,   0.03458,  -0.01795,  -0.05997,   0.01007,  -0.01795,  -0.05121,   0.06259,   0.04683,  -0.07572,   0.02407,   0.05909,   0.07310,   0.01882,   0.01357,  -0.00394,   0.00657,   0.02407,   0.04333,   0.03633,  -0.05471,   0.04158,  -0.03896,   0.10811,  -0.02845,   0.02933,   0.02407,  -0.03195,   0.01007,   0.07485,  -0.05296,  -0.00569,  -0.11074,   0.01882,   0.03983,  -0.05471,   0.07135,  -0.03545,  -0.06872,  -0.04946,  -0.01444,  -0.00919,   0.01532,  -0.01269,   0.01707,   0.05384,  -0.00219,   0.06434,   0.01182,  -0.00744,   0.03983,  -0.03896,  -0.00394,  -0.03545,  -0.08098,   0.03283,  -0.01094,  -0.00919,   0.03283,  -0.09323,   0.02407,   0.05034,   0.00306,  -0.03195,  -0.04771,   0.03633,  -0.00219,  -0.04771,  -0.03195,   0.00832,  -0.04596,   0.00481,  -0.05822,   0.01882,  -0.05822,   0.01707,   0.04333,   0.04158,   0.01532,   0.01532,  -0.01970,  -0.04596,  -0.04771,  -0.02495,  -0.00919,  -0.06172,   0.01882,   0.05209,   0.00131,   0.00306,  -0.05646,   0.00481,   0.00131,   0.00131,  -0.07572,  -0.00919,   0.04158,   0.00481,  -0.01795,  -0.03195,   0.04508,   0.06434,   0.06609,   0.08885,  -0.09498,   0.00481,  -0.03195,   0.06609,   0.01357,   0.06959,  -0.00919,  -0.00744,  -0.05471,   0.06084,  -0.02845,  -0.05296,   0.02757,   0.02407,   0.00131,   0.08360,  -0.01444,   0.01357,  -0.06872,   0.07135,  -0.00744,  -0.00044,   0.01357,  -0.06172,  -0.05121,   0.00832,   0.00832,   0.01007,  -0.05121,  -0.06697,   0.02933,   0.08360,   0.00131,   0.01532,   0.02933,  -0.10023,  -0.00394,  -0.02495,  -0.02145,   0.00306,   0.04158,  -0.02320,  -0.04071,   0.04508,  -0.03721,  -0.00044,  -0.06872,  -0.00919,   0.00832,   0.04158,  -0.07747,   0.03283,   0.02582,   0.03108,  -0.02145,  -0.03195,   0.05384,   0.01182,  -0.00219,   0.08710,   0.01182,   0.01357,   0.01707,  -0.03896,   0.06084,  -0.01795,   0.10636,   0.03283,  -0.02670,   0.07135,  -0.00919,   0.09936,  -0.06172,   0.08535,  -0.05646,   0.03983,   0.00306,   0.06259,  -0.04421,   0.02057,   0.11161,   0.00657,   0.06784,   0.09411,  -0.00744,   0.00832,   0.02757,  -0.02845,   0.07310,   0.02757,  -0.01444,   0.06959,   0.00131,  -0.02145,  -0.01620,  -0.04946,  -0.01444,  -0.02495,   0.00657,  -0.00219,  -0.02145,   0.05734,   0.07835,  -0.02145,   0.01707,   0.01182,   0.06784,  -0.05121,   0.00481,  -0.00394,  -0.00394,  -0.01444,   0.07310,   0.06084,   0.00832,   0.02582,   0.07135,   0.02057,   0.02232,   0.04158,   0.01532,   0.03808,   0.05734,  -0.06697,  -0.03370,   0.01882,  -0.01795,  -0.04596,   0.06084,   0.02407,   0.00131,   0.01357,   0.03808,  -0.01444,  -0.01444,  -0.00394,   0.03983,  -0.00569,   0.03983,  -0.04421,  -0.03721,  -0.01970,  -0.00744,   0.06084,  -0.01444,  -0.06872,   0.03108,  -0.04771,  -0.03020,   0.11687,  -0.01620,   0.05209,  -0.03896,   0.00481,   0.03283,  -0.01970,  -0.04421,   0.09235,   0.03108,   0.04333,   0.06434,   0.03283,  -0.02495,   0.04858,   0.06784,   0.07485,  -0.01269,   0.03283,   0.08185,  -0.02670,  -0.02495,   0.04333,   0.08885,   0.09411,   0.03458,   0.07485,  -0.06697,  -0.01444,   0.09761,   0.04683,   0.00306,  -0.01444,  -0.04771,  -0.01795,  -0.00044,   0.04858,   0.06084,   0.01882,   0.10636,   0.02757,   0.02582,  -0.05296,  -0.06697,   0.01182,   0.03458,  -0.04421,   0.00306,   0.02057,   0.01182,  -0.04771,   0.04508,  -0.05296,   0.04158,  -0.00744,   0.01707,  -0.06347,   0.00306,   0.05909,   0.02582,  -0.04071,   0.01532,   0.03633,  -0.00219,   0.00306,   0.03108,  -0.04246,  -0.07047,   0.01182,   0.04858,  -0.03545,  -0.00744,   0.05034,   0.06084,  -0.01970,   0.03808,   0.00657,  -0.00569,  -0.00744,   0.01007,  -0.06697,   0.00832,  -0.01269,  -0.02145,   0.01882,   0.04333,   0.01532,   0.05209,   0.03458,   0.06609,   0.05384,  -0.03896,  -0.01094,   0.06259,  -0.02495,  -0.01444,  -0.09673,  -0.04596,   0.05209,  -0.00744,   0.07835,   0.04158,  -0.00219,  -0.03896,   0.11862,   0.04683,   0.04158,  -0.01269,   0.03283,  -0.05997,   0.05734,  -0.02145,   0.00306,   0.04333,  -0.06522,   0.01007,   0.02232,  -0.02145,   0.00306,   0.01882,  -0.00044,   0.03983,   0.01357,  -0.04771,   0.00832,   0.02757,  -0.04071,  -0.03020,  -0.03896,   0.02057,  -0.00219,  -0.01094,   0.02757,  -0.07572,  -0.01444,  -0.00044,   0.05384,   0.07310,   0.02582,  -0.05997,  -0.07922,  -0.07047,   0.05384,  -0.01970,  -0.05296,   0.02582,   0.05559,  -0.03020,  -0.02145,   0.00481,  -0.00044,  -0.02145,  -0.00044,   0.09411,  -0.05121,   0.02582,  -0.02320,  -0.01269,  -0.04071,  -0.00744,  -0.00919,   0.02232,   0.00481,   0.00657,  -0.02320,  -0.00044,   0.01532,   0.02057,  -0.06347,   0.04683,   0.04683,  -0.00569,   0.00481,   0.03108,  -0.04771,  -0.02145,   0.00306,   0.01882,   0.03808,  -0.02145,   0.07310,  -0.00044,   0.00131,  -0.02145,  -0.01094,  -0.00219,  -0.08623,   0.02933,  -0.00569,  -0.07572,  -0.02845,   0.01532,   0.10636,   0.02407,  -0.01620,   0.05209,   0.00131,   0.01882,  -0.00219,  -0.03896,   0.02407,  -0.05471,  -0.03545,   0.03808,   0.03633,   0.03108,   0.05034,  -0.04596,  -0.03721,   0.04858,  -0.03545,  -0.04946,   0.02232,  -0.00219,  -0.00394,   0.01182,  -0.00919,   0.00657,  -0.06347,   0.07485,  -0.00744,   0.00306,   0.01357,  -0.04596,  -0.01970,  -0.06872,  -0.05471,   0.05209,  -0.01269,   0.10111,  -0.00044,  -0.04596,  -0.03370,  -0.10023,  -0.04596,   0.02757,  -0.01970,   0.00481,   0.02232,   0.03458,  -0.03545,  -0.05646,   0.03983,   0.10286,  -0.05646,   0.01007,  -0.04071,  -0.02845,  -0.03195,  -0.03370,  -0.07572,  -0.02845,   0.03283,  -0.01094,   0.05909,   0.01182,  -0.00219,   0.01882,  -0.06697,   0.10461,  -0.05471,  -0.05646,  -0.00569,  -0.00219,   0.06084,   0.05034,   0.01357,   0.06609,   0.08185,  -0.03020,  -0.02670,   0.06784,   0.08710,  -0.05296,  -0.01094,  -0.02845,   0.00832,   0.02933,  -0.05296,   0.00306,   0.03283,  -0.05822,   0.04333,   0.00131,   0.05559,   0.07835,   0.03458,  -0.02670,   0.02933,  -0.02320,  -0.04421,  -0.00919,   0.03458,   0.01882,   0.05734,  -0.00569,   0.03458,  -0.03370,   0.02933,   0.01707,   0.00131,  -0.03896,  -0.01444,  -0.00394,  -0.07047,  -0.00744,  -0.02845,  -0.02845,  -0.04946,   0.03108,   0.02757,  -0.07572,   0.02232,  -0.09673,  -0.02845,   0.01182,   0.08185,  -0.02845,   0.01182,  -0.11249,  -0.01970,   0.02232,   0.02582,  -0.05997,   0.02757,  -0.02495,   0.02407,   0.05384,   0.00131,  -0.05121,  -0.03896,   0.09586,   0.03283,   0.02407,   0.09411,   0.04858,   0.02232,  -0.00919,  -0.02845,  -0.07397,   0.00481,   0.03633,   0.00832,  -0.01094,   0.00481,   0.00131,  -0.00044,   0.00481,  -0.03545,  -0.06522,   0.08360,   0.06259,  -0.01444,  -0.00569,  -0.01094,  -0.02495,   0.01882,  -0.03370,   0.01882,  -0.05296,  -0.02495,   0.01882,  -0.00044,  -0.04421,  -0.04596,   0.04508,  -0.05471,  -0.05471,   0.00306,  -0.03370,  -0.02845,   0.04333,   0.07835,   0.06784,   0.05384,  -0.01269,  -0.02320,  -0.05997,  -0.06347,   0.01182,  -0.04946,  -0.03896,   0.01357,   0.00832,   0.01357,  -0.01269,  -0.01269,   0.04683,   0.00657,   0.03633,  -0.02495,  -0.02145,   0.06084,   0.03633,   0.00832,  -0.10023,  -0.03721,   0.02057,   0.06084,  -0.01620,  -0.02495,   0.09060,   0.00131,   0.05734,   0.10461,  -0.01094,   0.05209,  -0.01094,  -0.08973,   0.04333,   0.07485,  -0.02670,   0.06784,  -0.03545,   0.04683,  -0.01620,   0.00131,  -0.05296,   0.01357,  -0.02495,   0.08010,   0.00306,  -0.00569,  -0.06872,   0.00306,  -0.03195,  -0.01795
   0.03108,   0.02582,   0.06259,  -0.01094,   0.02582,  -0.04771,  -0.02320,   0.06609,   0.02582,   0.08710,   0.01007,   0.03633,   0.00306,  -0.04421,  -0.04246,  -0.00919,  -0.02670,   0.01007,  -0.03020,  -0.01795,  -0.01970,  -0.06697,   0.00657,  -0.03020,  -0.00744,   0.04508,  -0.02845,   0.05034,  -0.00394,   0.02232,   0.02407,  -0.02320,   0.05384,   0.01007,   0.00481,   0.05384,   0.00832,  -0.02495,   0.02057,  -0.01620,  -0.02670,  -0.01269,  -0.03370,   0.01882,   0.10461,   0.12737,  -0.00569,   0.00481,   0.00481,   0.02407,  -0.03020,  -0.04246,   0.00481,  -0.05822,  -0.11599,  -0.02495,  -0.01269,  -0.02495,  -0.04596,   0.04158,   0.07135,  -0.00569,  -0.04596,   0.03108,  -0.00744,   0.05909,   0.02232,  -0.01970,  -0.00394,  -0.06172,   0.07310,  -0.00744,  -0.01444,  -0.01795,  -0.07222,   0.02933,  -0.01444,  -0.04071,  -0.00219,   0.06434,   0.03283,   0.10111,   0.00657,   0.04683,   0.07660,   0.09586,   0.00131,  -0.00394,  -0.03721,  -0.09498,  -0.03545,  -0.01970,   0.01707,  -0.04946,  -0.00044,   0.02057,   0.02407,   0.02757,   0.08885,  -0.06697,  -0.02320,  -0.04071,  -0.04071,  -0.04421,   0.04858,   0.11512,   0.08710,   0.04508,   0.08010,  -0.01444,   0.04508,   0.04333,  -0.02845,  -0.05646,   0.07660,   0.01357,   0.04158,   0.01532,  -0.04771,   0.06084,  -0.02495,   0.05209,  -0.03370,   0.01182,  -0.01795,   0.08185,  -0.00044,  -0.02495,   0.01707,  -0.07222,  -0.05822,  -0.01094,   0.07135,   0.03983,  -0.03545,   0.06784,  -0.05822,  -0.01094,   0.00832,  -0.01970,   0.00481,   0.00832,  -0.10199,  -0.03020,  -0.03545,  -0.01269,   0.00131,   0.07310,  -0.01094,  -0.09673,  -0.04596,  -0.04596,  -0.04071,   0.01882,   0.05034,  -0.03020,  -0.01094,   0.01182,   0.10111,  -0.01444,   0.02232,   0.01357,   0.05384,   0.01007,  -0.08798,  -0.00044,  -0.05121,  -0.03195,  -0.01970,  -0.00044,  -0.05121,  -0.01795,   0.09586,  -0.06347,   0.04158,  -0.11774,   0.02057,  -0.00044,  -0.02320,  -0.00569,   0.01532,   0.05559,   0.03458,   0.06784,  -0.03370,  -0.00919,   0.04333,  -0.07397,  -0.01444,   0.07310,  -0.00394,  -0.05121,  -0.08098,   0.01532,  -0.03020,   0.01182,  -0.04596,  -0.00219,  -0.02145,   0.10111,  -0.00569,   0.03458,   0.04508,  -0.00394,   0.04858,   0.01707,   0.01532,   0.03108,   0.07660,  -0.00219,   0.02232,  -0.03020,   0.05034,   0.01707,  -0.02670,   0.00657,  -0.00744,  -0.00219,   0.00131,   0.03283,   0.02582,   0.02232,  -0.03195,   0.05384,  -0.11074,  -0.02845,   0.02582,   0.00657,   0.01182,  -0.01094,   0.00306,  -0.02145,   0.00832,   0.00131,   0.01882,  -0.06697,   0.04158,   0.07485,   0.03283,  -0.12124,   0.05034,  -0.01795,   0.06959,  -0.06697,   0.01357,  -0.02670,  -0.04246,   0.03283,  -0.07047,  -0.02145,  -0.00569,  -0.12124,  -0.03545,   0.05559,   0.00832,  -0.03896,  -0.09848,  -0.02670,  -0.05997,  -0.04246,  -0.00569,   0.00306,  -0.06522,   0.04333,  -0.01269,  -0.07047,  -0.01094,   0.04508,   0.00657,  -0.05121,  -0.01094,   0.01007,  -0.06172,   0.06259,   0.01882,  -0.04596,  -0.11599,  -0.00219,  -0.03020,  -0.01269,  -0.03721,  -0.04246,   0.04508,   0.00131,  -0.03370,   0.02757,  -0.00919,  -0.03545,  -0.06522,  -0.02670,   0.03108,   0.00131,   0.04158,  -0.02320,   0.01707,   0.02582,  -0.08448,   0.01707,  -0.05997,   0.01707,   0.01007,  -0.07222,  -0.01444,  -0.00919,  -0.09323,   0.05034,  -0.01269,  -0.08798,   0.08185,  -0.01970,  -0.05646,  -0.05471,   0.01357,  -0.00744,   0.02232,   0.03983,   0.02232,   0.04858,   0.03808,   0.00657,  -0.01269,   0.05209,  -0.03370,  -0.02145,  -0.06697,   0.04158,   0.07485,   0.02407,   0.05384,  -0.01970,   0.03108,   0.02057,   0.10811,   0.01882,   0.09411,  -0.04946,   0.01182,   0.01182,   0.06084,  -0.01094,  -0.00394,  -0.07397,  -0.01444,  -0.00919,   0.03283,  -0.03545,  -0.00744,   0.00832,   0.05734,   0.01182,  -0.00044,  -0.03545,  -0.05822,  -0.04071,  -0.08973,  -0.07572,  -0.03020,   0.04508,  -0.00219,  -0.00569,   0.03808,  -0.04596,  -0.00744,  -0.01444,   0.08010,   0.00131,   0.01357,   0.06084,  -0.00569,  -0.04946,  -0.03370,  -0.02670,   0.02232,  -0.04421,  -0.06172,  -0.05471,  -0.05471,   0.04858,   0.00657,   0.06959,   0.02232,  -0.05121,  -0.07922,  -0.03896,   0.05209,   0.05034,  -0.02145,  -0.05822,   0.08535,  -0.01795,  -0.02495,  -0.08798,  -0.04246,  -0.00919,   0.03808,  -0.06697,  -0.01795,   0.04333,   0.05559,  -0.03020,   0.03808,  -0.08973,  -0.04596,   0.04333,  -0.06697,   0.05209,  -0.06347,   0.03108,   0.02757,  -0.00044,  -0.07222,   0.01007,   0.03633,  -0.03896,  -0.02670,   0.12387,  -0.07747,  -0.05997,   0.01007,   0.00306,  -0.03370,  -0.00219,   0.01882,   0.06609,  -0.00569,  -0.01620,   0.03808,   0.02232,   0.08885,  -0.00919,  -0.03896,  -0.02845,  -0.00394,  -0.01795,   0.01357,   0.03808,  -0.00394,  -0.04596,  -0.05822,  -0.02145,   0.00832,   0.04858,   0.01707,   0.00657,   0.02407,   0.04333,  -0.01795,   0.12037,  -0.01795,  -0.02845,  -0.08098,  -0.04771,  -0.05997,  -0.08098,   0.02582,  -0.05822,   0.00306,  -0.00044,  -0.06872,  -0.04246,   0.03633,  -0.02145,  -0.06172,  -0.00744,   0.03633,   0.03283,  -0.03020,   0.05909,   0.01882,   0.02933,   0.05734,   0.08185,  -0.03195,   0.01007,   0.06959,  -0.05822,  -0.02845,  -0.03545,  -0.00744,  -0.02320,   0.03283,   0.07660,  -0.01444,   0.01007,  -0.03195,   0.06784,   0.04158,  -0.01795,   0.01882,  -0.01620,   0.07310,   0.05734,   0.04333,  -0.06347,  -0.01620,  -0.05121,  -0.04946,   0.02057,   0.04158,   0.07485,  -0.02495,  -0.09323,  -0.06872,  -0.03195,   0.03808,   0.03458,  -0.05822,  -0.09323,  -0.00569,  -0.02495,   0.03808,   0.01007,   0.10461,  -0.02495,  -0.04596,  -0.01444,  -0.05121,  -0.07747,  -0.08098,  -0.02670,  -0.03721,   0.01182,  -0.08798,   0.02407,  -0.02320,  -0.04771,  -0.04421,   0.04333,  -0.02845,   0.02582,   0.01707,  -0.05997,  -0.07222,   0.08360,   0.04683,  -0.07047,  -0.03545,  -0.04596,  -0.00919,  -0.02145,   0.00832,  -0.01620,  -0.01094,  -0.07747,  -0.09498,   0.02407,  -0.03195,   0.05034,  -0.03721,  -0.02495,   0.02582,   0.09411,  -0.05296,   0.06609,  -0.02320,   0.01182,  -0.01269,  -0.03195,   0.09411,  -0.03721,  -0.05646,  -0.05296,   0.00306,  -0.07222,   0.03983,   0.05384,   0.05034,   0.02407,   0.12912,  -0.04771,   0.01707,   0.02232,  -0.09673,   0.06609,   0.05734,   0.01007,  -0.03896,  -0.00219,  -0.01269,  -0.07222,  -0.00394,  -0.01094,  -0.01970,   0.01882,  -0.00744,   0.00306,   0.15188,   0.00657,  -0.11249,  -0.04946,   0.00657,   0.01707,  -0.02845,   0.00306,   0.08010,   0.03458,  -0.04246,  -0.00044,  -0.07222,   0.00657,  -0.01970,   0.05909,   0.00657,  -0.00044,  -0.01094,  -0.02145,  -0.03896,   0.08885,   0.02933,   0.04858,   0.01707,   0.00131,   0.01007,   0.02757,   0.00306,  -0.08623,  -0.04946,   0.00131,  -0.05471,  -0.03370,   0.01882,  -0.01620,   0.00481,   0.00832,   0.03283,  -0.01094,  -0.07222,  -0.01970,   0.09586,   0.04508,  -0.06347,  -0.04246,   0.03458,   0.03808,  -0.05822,   0.02057,  -0.06872,  -0.05646,   0.01357,  -0.05997,   0.08185,   0.06259,   0.02582,  -0.05471,  -0.03896,   0.05559,  -0.01795,   0.02757,   0.01182,   0.01882,   0.01357,   0.04158,   0.00131,  -0.09148,   0.05384,  -0.01620,  -0.01444,   0.04158,  -0.04421,   0.05209,   0.02232,   0.03633,  -0.02145,   0.03458,  -0.03545,   0.06434,   0.01532,   0.03458,   0.01532,   0.06434,   0.06259,   0.06609,  -0.04246,  -0.06172,  -0.02670,  -0.01620,   0.05209,  -0.00219,   0.01707,   0.02757,  -0.02495,  -0.00569,   0.05209,  -0.03195,  -0.04596,  -0.05822,   0.01532,   0.01182,  -0.03020,   0.05909,   0.03808,   0.03633,  -0.07747,  -0.03545,   0.04333,   0.05559,   0.02582,   0.00306,  -0.03195,  -0.02495,  -0.00394,  -0.05646,  -0.02320,   0.01707,  -0.07572,   0.04508,  -0.01970,  -0.03545,  -0.06697,  -0.06697,  -0.04771,   0.02582,   0.02933,  -0.06347,  -0.01094,   0.05209,   0.00131,   0.01707,   0.02757,  -0.04421,   0.02757,  -0.07397,   0.00657,   0.05559,  -0.00219,   0.13262,  -0.00394,  -0.03721,   0.02582,  -0.01444,  -0.01620,  -0.07747,   0.01532,   0.05209,   0.00131,  -0.01620,  -0.02670,   0.01532,  -0.01444,   0.00131,   0.03983,   0.04508,  -0.01795,   0.10986,  -0.03195,   0.00306,  -0.04946,  -0.00044,  -0.07572,  -0.05997,   0.02933,   0.02057,   0.05209,  -0.01444,   0.06084,  -0.05646,   0.00832,  -0.00569,   0.13613,  -0.05471,  -0.03195,   0.01182,   0.06259,   0.03983,   0.02757,   0.07835,  -0.01269,   0.01532,   0.06259,  -0.05121,  -0.02845,   0.03633,  -0.00744,   0.06259,   0.03283,  -0.00219,  -0.02495,  -0.03545,   0.00657,   0.06609,  -0.04946,   0.06784,  -0.02320,  -0.01094,   0.09586,  -0.00219,   0.00832,  -0.00044,  -0.01970,  -0.02320,   0.00657,   0.05909,   0.02407,  -0.02320,   0.05034,   0.06609,   0.02582,   0.06434,  -0.06697,  -0.01444,   0.01182,   0.07485,  -0.03020,  -0.07922,  -0.06697,  -0.05121,   0.05209,   0.02232,   0.08185,   0.02057,  -0.06172,   0.04508,   0.04858,  -0.03370,   0.02407,  -0.06522,   0.04333,   0.02407,   0.02933,   0.04508,   0.04508,  -0.02145,  -0.04246,   0.12212,  -0.03896,  -0.01094,  -0.02320,   0.05384,  -0.01094,  -0.02145,   0.06259,  -0.04946,  -0.01970,   0.03108,   0.06259,  -0.05121,   0.06259,  -0.04071,   0.02933,   0.06959,   0.02057,   0.03808,   0.01532,  -0.01269,   0.00131,  -0.00744,  -0.03195,   0.08010,  -0.03020,  -0.00744,  -0.01444,  -0.00219,   0.02582,  -0.00394,  -0.04421,   0.00131,   0.05384,  -0.07222,   0.03108,   0.02407,   0.01882,  -0.03370,   0.01357,  -0.04771,   0.00657,   0.10986,   0.04158,   0.05034,   0.01357,   0.08010,   0.04683,   0.02407,  -0.01094,   0.04858,  -0.04596,  -0.01795,   0.08710,   0.01182,   0.04858,  -0.00919,  -0.07222,  -0.03721,   0.02407,  -0.04421,   0.14488,  -0.07572,  -0.01620,   0.00832,   0.01707,   0.03633,  -0.04421,   0.00657,   0.02582,   0.10111,   0.02407,   0.04158,   0.01007,   0.02582,   0.06784,   0.01007,  -0.02845,   0.02933,  -0.06347,  -0.04771,  -0.03020,   0.01182,  -0.01970,  -0.05471,   0.07660,  -0.01795,   0.04683,  -0.02320,   0.01357,   0.06959,  -0.06872,  -0.04071,   0.01707,  -0.02145,  -0.06522,   0.05209,   0.03983,  -0.01795,  -0.05471,  -0.01795,   0.05209,  -0.04771,  -0.00569,   0.00306,  -0.03545,   0.00306,  -0.01620,  -0.01620,  -0.04596,  -0.01970,  -0.04946,  -0.00569,   0.01532,  -0.04771,   0.06959,   0.08185,   0.06784,  -0.06522,  -0.02320,   0.07135,  -0.04771,   0.09586,  -0.01620,   0.03633,   0.03283,   0.00657,   0.04158,   0.02582,  -0.02495,  -0.03545,   0.03808,  -0.02320,  -0.03896,   0.01007,   0.10811,  -0.01795,  -0.00919,   0.00657,  -0.09148,  -0.02670,   0.02232,   0.05209,  -0.00569,  -0.00744,  -0.02145,   0.05559,  -0.03195,   0.00657,  -0.01795,   0.00481,   0.05734,   0.01357,  -0.01970,  -0.06697,  -0.02145,  -0.04071,   0.01007,  -0.02495,  -0.03370,   0.01882,   0.03458,  -0.00394,   0.03283,  -0.03721,  -0.02320,  -0.02145,   0.00832,  -0.08623,   0.03633,   0.01007,  -0.02670,  -0.07047,   0.01357,  -0.06697,  -0.04421,   0.03633,   0.03983,   0.06434,   0.02933,  -0.03020,   0.02407,  -0.01795,  -0.03896,  -0.01795,  -0.01620,   0.06784,  -0.03020,  -0.03195,  -0.02145,   0.01357,   0.10286,  -0.00744,  -0.03721,  -0.00569,  -0.01970,   0.01182,  -0.09673,   0.08535,  -0.04771,  -0.05646
  -0.04771,   0.04683,  -0.02145,  -0.00219,   0.02582,   0.05209,   0.00657,   0.04158,   0.05559,  -0.02845,  -0.01444,   0.01707,  -0.00569,  -0.02145,   0.05209,   0.01182,   0.08535,  -0.03370,  -0.00919,   0.03283,   0.02757,  -0.07747,  -0.03721,   0.05384,  -0.06172,  -0.00044,   0.00131,   0.01882,   0.01532,   0.01707,   0.04333,  -0.05822,   0.02232,   0.03283,  -0.09323,   0.02407,  -0.03370,   0.01357,  -0.02320,   0.09411,  -0.02320,   0.03283,   0.04158,  -0.09673,  -0.00394,   0.02232,  -0.02320,  -0.05822,  -0.01620,   0.03108,   0.02232,   0.05209,   0.06434,  -0.09673,   0.01707,  -0.05997,  -0.03896,   0.02232,  -0.02320,   0.08185,  -0.01094,  -0.01444,  -0.02845,  -0.01620,   0.02057,  -0.01094,   0.00481,   0.02757,   0.09060,  -0.04071,  -0.00044,   0.02057,  -0.00744,  -0.04071,  -0.04946,   0.02407,  -0.08623,  -0.01444,  -0.00394,   0.04858,   0.01357,  -0.02495,  -0.01444,  -0.04421,   0.01882,  -0.05646,   0.06609,  -0.01444,   0.04858,   0.09411,  -0.04596,  -0.03020,  -0.05997,  -0.00219,   0.03808,   0.07135,   0.05559,   0.08885,   0.01007,  -0.03370,   0.04333,  -0.00569,  -0.02845,   0.12212,   0.02232,   0.01007,   0.05734,  -0.00394,  -0.03195,  -0.06872,  -0.02845,   0.00306,  -0.01444,   0.08360,   0.00832,  -0.02320,  -0.05822,  -0.06522,   0.03108,  -0.03020,  -0.00919,   0.01707,   0.01707,  -0.01444,   0.00481,  -0.01444,  -0.11774,  -0.04596,   0.03283,   0.03108,  -0.00919,  -0.01795,   0.02232,  -0.01094,  -0.07397,   0.03108,  -0.00569,  -0.03370,   0.02057,  -0.02670,  -0.01620,   0.06609,  -0.06347,   0.02757,  -0.03370,  -0.00919,   0.03983,  -0.00394,   0.03108,   0.07485,   0.03283,   0.03633,   0.06259,   0.09936,  -0.01620,   0.00657,   0.01007,  -0.00394,   0.03808,  -0.05296,  -0.07572,   0.01007,  -0.04071,   0.03983,  -0.00919,  -0.06522,  -0.03721,  -0.05997,   0.00306,   0.10286,  -0.03545,   0.01532,   0.03633,   0.01882,  -0.02495,   0.02582,  -0.06347,   0.06259,   0.00306,   0.04158,  -0.01444,  -0.03721,  -0.04071,   0.03983,  -0.02845,  -0.03721,  -0.04946,   0.05209,  -0.07047,  -0.03020,   0.03633,  -0.03020,  -0.01269,  -0.00569,  -0.02670,   0.00481,  -0.01444,   0.03808,  -0.05121,   0.07135,   0.04333,   0.05734,   0.06784,   0.01532,   0.01707,  -0.03896,   0.03983,  -0.00744,  -0.03721,  -0.02145,  -0.02495,   0.01882,  -0.05471,   0.02757,   0.09411,   0.01007,   0.03108,  -0.07572,   0.09235,  -0.01094,  -0.02845,   0.02933,   0.02232,  -0.00919,  -0.01970,  -0.00569,   0.03108,   0.06434,  -0.04946,   0.04333,  -0.00919,  -0.01269,   0.01007,   0.02232,   0.02232,   0.08360,  -0.00394,  -0.02320,  -0.10023,   0.03633,  -0.01269,  -0.03020,   0.08185,  -0.03370,   0.00481,  -0.01620,   0.01357,   0.08360,  -0.03545,  -0.01269,   0.03108,  -0.01970,   0.00832,   0.03633,   0.03283,  -0.05471,   0.03633,   0.03283,  -0.00744,   0.03983,  -0.00044,  -0.06697,   0.03633,   0.09060,  -0.05296,  -0.03545,  -0.07572,   0.00832,  -0.03020,  -0.09673,   0.02232,  -0.00919,  -0.06872,  -0.00394,   0.00306,   0.01532,   0.00131,  -0.01970,  -0.02145,   0.03108,  -0.08973,  -0.05296,   0.06434,   0.04858,  -0.01620,  -0.01795,   0.02407,  -0.01970,  -0.01795,   0.04683,   0.07135,   0.02582,   0.03458,   0.01182,  -0.07397,  -0.04596,  -0.01620,  -0.03896,   0.03458,   0.05559,  -0.02670,   0.03983,   0.02232,  -0.03545,  -0.02495,   0.06084,  -0.04421,   0.02407,  -0.01620,  -0.06172,  -0.10899,  -0.02320,   0.04683,   0.03108,   0.02933,   0.01707,   0.05209,   0.03633,  -0.01620,  -0.01620,   0.00657,  -0.03020,   0.07310,   0.01707,  -0.07922,  -0.01444,   0.05209,   0.04158,  -0.02145,   0.02757,   0.05209,   0.00131,  -0.00394,  -0.00219,   0.00832,  -0.05121,   0.05034,   0.05209,  -0.01444,  -0.08448,  -0.07922,   0.07135,   0.00657,   0.00657,  -0.01620,  -0.00219,  -0.06872,   0.08010,   0.00306,   0.13437,   0.04333,  -0.03195,   0.10986,   0.03283,   0.02933,   0.06084,  -0.05822,  -0.02320,  -0.04071,  -0.01094,   0.08360,   0.04158,  -0.04596,   0.00306,  -0.02670,  -0.00219,   0.00306,   0.01007,  -0.01094,   0.04158,  -0.02670,  -0.05822,  -0.02670,   0.14838,   0.05034,   0.01707,  -0.01795,   0.13788,  -0.04596,   0.04158,  -0.03721,  -0.00569,   0.06434,  -0.03020,   0.02057,   0.01182,   0.03808,  -0.03020,   0.00657,   0.08535,   0.07485,   0.01007,   0.00131,   0.03633,  -0.01269,  -0.08798,  -0.08798,  -0.03545,   0.02757,  -0.01620,   0.02057,  -0.00919,  -0.04771,   0.02582,  -0.00044,   0.02232,   0.08535,  -0.06172,   0.02757,   0.01357,   0.01182,   0.01182,   0.06959,  -0.04246,  -0.01620,   0.04858,   0.03633,   0.02933,  -0.04246,  -0.04596,  -0.02845,  -0.00394,   0.03633,  -0.00744,  -0.01620,   0.06259,   0.04158,   0.01182,  -0.01620,   0.08010,   0.05734,   0.00832,   0.07485,  -0.01620,   0.01182,  -0.04771,   0.03633,   0.03108,  -0.04771,   0.00832,   0.10286,  -0.06697,  -0.04596,  -0.02845,   0.00131,  -0.00744,  -0.01620,   0.01882,   0.00657,   0.01357,  -0.02320,  -0.01444,  -0.03370,   0.03458,  -0.00744,   0.10986,  -0.01620,   0.03983,  -0.03721,   0.02582,  -0.00569,  -0.00394,   0.04508,   0.08010,   0.07135,  -0.03896,   0.07485,   0.05384,   0.04508,   0.01707,  -0.02145,  -0.01269,   0.04858,   0.02407,  -0.02495,   0.06784,  -0.04596,   0.00306,  -0.01094,  -0.04246,  -0.09848,   0.02582,   0.05209,   0.05909,  -0.00044,  -0.10199,  -0.02320,  -0.05471,  -0.00569,   0.01707,   0.06259,  -0.02145,  -0.01094,  -0.00044,   0.05384,   0.05734,   0.02582,  -0.07397,   0.00832,  -0.01620,  -0.01269,  -0.02845,  -0.05296,   0.07135,  -0.04246,  -0.05296,   0.01882,  -0.01970,   0.03458,  -0.00044,  -0.07047,   0.12037,   0.02757,  -0.00919,  -0.07572,  -0.01970,  -0.01094,   0.03108,  -0.01269,  -0.06697,   0.00832,   0.01882,   0.05384,   0.01182,   0.06959,  -0.03370,   0.05734,   0.05559,  -0.00569,  -0.09323,  -0.00394,  -0.02495,  -0.02145,   0.00481,   0.00657,   0.09761,  -0.00569,  -0.02320,   0.00481,  -0.00394,  -0.02145,   0.02232,   0.04333,  -0.04246,   0.00832,  -0.00744,   0.01882,  -0.01620,   0.00832,  -0.03545,  -0.05296,   0.02757,  -0.00394,   0.04508,  -0.04771,  -0.04071,  -0.05822,   0.05034,  -0.01970,   0.04683,   0.05384,  -0.02670,   0.00657,  -0.00919,  -0.03545,   0.00481,   0.00832,  -0.08623,   0.01357,  -0.04246,   0.00657,   0.01532,   0.04158,  -0.02845,   0.07135,  -0.06522,   0.01007,   0.07135,  -0.02845,   0.00306,   0.07485,  -0.02320,   0.07660,   0.02232,  -0.03545,  -0.08798,   0.04858,   0.05384,  -0.01620,  -0.03195,  -0.03545,   0.00481,  -0.04596,  -0.00219,  -0.05471,  -0.01620,   0.03283,   0.00657,  -0.04421,   0.03283,   0.02407,  -0.00394,  -0.04421,   0.07485,  -0.07747,  -0.01795,   0.03108,   0.00481,   0.02933,  -0.01269,  -0.05121,  -0.04071,  -0.05646,   0.03283,   0.01707,   0.02232,  -0.03545,  -0.00219,   0.07135,   0.03283,   0.02582,  -0.11074,  -0.06172,   0.01707,   0.05559,   0.00131,  -0.06172,   0.07835,   0.02933,   0.00481,   0.05734,   0.00481,  -0.00394,   0.02057,  -0.06697,   0.07835,   0.12387,   0.01007,  -0.06347,  -0.00569,   0.09936,  -0.01094,   0.04508,   0.00481,  -0.01620,   0.02582,   0.02582,  -0.03896,  -0.03195,   0.03108,  -0.06172,   0.04508,  -0.04421,   0.03808,  -0.10549,  -0.02320,   0.03108,  -0.04946,  -0.05296,  -0.02670,  -0.05296,   0.05734,  -0.01444,   0.00131,  -0.02495,  -0.01970,  -0.02320,   0.03283,   0.03808,   0.01182,   0.03283,  -0.01094,   0.01007,  -0.05471,   0.07835,  -0.02845,   0.02582,  -0.06347,   0.03108,  -0.02320,   0.01182,  -0.03195,  -0.03545,   0.04333,   0.00481,   0.01007,   0.00481,   0.05209,  -0.02495,   0.00481,  -0.03370,   0.09936,   0.00481,  -0.02320,  -0.02145,   0.02933,  -0.10023,  -0.00394,   0.02407,  -0.07747,   0.01532,   0.04508,   0.02757,  -0.05997,   0.03108,  -0.01620,  -0.05822,   0.04333,  -0.00394,  -0.03195,   0.00832,  -0.03370,  -0.00744,  -0.00569,   0.02933,  -0.03721,   0.01007,  -0.07397,  -0.01444,   0.01007,   0.03458,  -0.02845,   0.00131,  -0.12825,   0.07135,   0.08185,  -0.01444,   0.03283,  -0.01970,   0.03633,   0.00131,   0.04858,  -0.06872,   0.03108,   0.03808,   0.02582,  -0.04421,   0.00306,   0.09586,  -0.09498,   0.03283,  -0.05997,   0.07135,  -0.09148,  -0.03896,   0.08535,  -0.07747,   0.01007,  -0.00569,   0.01182,  -0.04771,  -0.02495,   0.00481,  -0.01094,  -0.11249,  -0.00919,  -0.02845,  -0.03896,  -0.03721,  -0.03721,  -0.05822,  -0.01269,   0.02933,  -0.02845,   0.07835,   0.02232,   0.04333,  -0.02495,   0.00657,  -0.04596,  -0.02670,   0.01882,   0.02933,   0.00306,   0.05034,   0.00657,  -0.02145,   0.07135,   0.02933,   0.06259,  -0.00219,   0.02232,   0.03633,  -0.02145,   0.01007,  -0.01444,  -0.01094,   0.02933,  -0.03195,   0.06959,  -0.05822,   0.05734,  -0.01620,   0.02933,   0.10461,  -0.05997,  -0.01269,   0.06259,  -0.01094,   0.00306,  -0.05822,  -0.01094,  -0.02145,  -0.04071,  -0.00919,   0.03633,   0.03808,  -0.01620,   0.06434,  -0.00394,   0.00657,   0.02057,  -0.05646,  -0.03545,   0.02933,  -0.05296,   0.00832,   0.06609,  -0.11074,  -0.01269,   0.05559,  -0.07397,   0.05034,  -0.01620,  -0.04946,  -0.00044,  -0.04246,   0.05559,  -0.05296,  -0.04246,  -0.03195,   0.08710,  -0.05296,  -0.02320,  -0.05646,  -0.02670,  -0.00219,  -0.03545,  -0.05997,  -0.00569,  -0.03896,   0.02232,  -0.00744,  -0.04771,   0.01882,  -0.02845,   0.00832,  -0.04246,   0.04508,   0.05384,  -0.04246,   0.02933,   0.05734,  -0.01094,   0.01007,  -0.04246,   0.03108,   0.01882,   0.02582,  -0.00394,  -0.02670,   0.02582,   0.03283,   0.03808,  -0.02670,  -0.02845,  -0.00394,  -0.01795,   0.01182,   0.03458,  -0.01444,   0.03283,  -0.01970,   0.02933,  -0.00919,   0.00832,  -0.05997,  -0.05646,   0.05209,   0.00481,   0.01182,   0.06259,  -0.00044,   0.03633,   0.03108,  -0.05471,   0.00306,   0.02933,   0.02057,   0.00832,   0.07135,  -0.04596,   0.00832,  -0.08973,  -0.05997,   0.01007,   0.00481,  -0.00744,  -0.00919,  -0.04246,  -0.02670,  -0.02670,  -0.05822,  -0.02670,   0.02057,   0.00832,  -0.01444,   0.04508,   0.03808,  -0.01795,   0.02582,   0.04158,  -0.02320,   0.02407,   0.10286,   0.02933,   0.05034,  -0.01444,   0.09235,  -0.00744,   0.03283,  -0.04946,  -0.09148,  -0.03721,   0.03458,   0.00657,  -0.02320,   0.01007,  -0.04596,   0.05559,   0.04333,  -0.06872,  -0.00744,  -0.05646,   0.03808,  -0.01795,   0.04333,   0.00657,   0.03108,  -0.01444,  -0.02320,   0.03633,   0.08885,   0.01182,   0.01357,  -0.01269,  -0.02145,   0.02407,  -0.08798,   0.01707,  -0.01795,   0.06959,  -0.03370,   0.10286,  -0.05997,  -0.00044,   0.00481,  -0.01795,  -0.02670,   0.06259,  -0.00569,   0.04858,  -0.03370,   0.00131,  -0.03020,  -0.02670,  -0.00919,   0.05909,  -0.00044,   0.01357,   0.00306,  -0.07922,  -0.05997,  -0.04596,  -0.01795,  -0.02670,   0.00481,   0.05384,  -0.03721,  -0.01970,  -0.00744,   0.08360,  -0.01444,   0.05559,   0.01532,  -0.04596,   0.05034,  -0.07922,  -0.04421,  -0.01620,   0.00481,   0.03808,  -0.00744,   0.01707,   0.08885,   0.10111,   0.05559,  -0.04946,   0.01182,  -0.03545,  -0.02670,   0.02407,  -0.10549,  -0.05822,  -0.07047,   0.06959,  -0.05471,  -0.03896,   0.05209,   0.03283,   0.04858,   0.05034,   0.00131,  -0.07047,   0.10811,  -0.00569,  -0.04596,   0.10286,   0.00657,   0.02057,  -0.07747,   0.03108,   0.01882,  -0.00744
  -0.00744,  -0.00394,  -0.09323,  -0.01795,   0.02057,   0.02057,  -0.05822,   0.00306,  -0.01444,   0.00657,   0.02057,   0.02933,   0.01007,  -0.02670,  -0.05121,   0.06784,  -0.01094,   0.01357,  -0.04421,   0.00481,  -0.05296,  -0.06522,   0.05034,  -0.03370,   0.01707,  -0.05121,  -0.02145,   0.03458,   0.05384,   0.01182,  -0.03370,   0.01707,   0.09586,  -0.03370,   0.05559,   0.06434,   0.05384,   0.05034,  -0.00569,  -0.09148,   0.02407,  -0.00919,   0.05034,   0.09060,  -0.05646,  -0.01620,  -0.01094,   0.00131,   0.03633,  -0.01094,  -0.04421,   0.08185,   0.02757,   0.03108,   0.02232,   0.07485,  -0.02495,   0.12387,  -0.04071,   0.01182,  -0.02670,   0.05909,  -0.02320,   0.00657,  -0.02320,   0.01882,   0.10111,   0.01532,   0.01532,   0.00131,  -0.02145,   0.04683,   0.04508,  -0.02320,   0.02933,   0.04508,  -0.01444,   0.09586,  -0.05121,  -0.05121,  -0.06347,  -0.03370,   0.05734,   0.07660,   0.01007,  -0.00569,   0.02757,  -0.02145,   0.00657,  -0.01094,  -0.06347,  -0.00219,  -0.05646,  -0.09673,  -0.00744,   0.01707,  -0.04421,  -0.02495,  -0.00219,  -0.07222,  -0.03370,  -0.04771,  -0.03370,  -0.06172,   0.05559,   0.05559,  -0.00919,   0.02057,  -0.02145,  -0.00569,   0.07485,   0.08535,   0.03458,   0.04508,  -0.07572,   0.03983,  -0.03370,   0.02407,  -0.05646,  -0.01444,   0.04858,  -0.03896,   0.01007,   0.07310,  -0.00044,   0.01007,   0.01532,   0.04683,   0.09411,  -0.00744,   0.04858,  -0.05997,  -0.03545,  -0.01970,   0.08710,  -0.00219,  -0.04071,   0.07135,  -0.02845,   0.06609,  -0.07572,   0.01357,   0.13087,   0.02757,  -0.03896,  -0.01620,   0.03808,   0.03283,   0.03458,  -0.08798,   0.01882,  -0.06172,  -0.07922,   0.08885,  -0.04596,  -0.07572,   0.01532,   0.01357,  -0.06347,   0.06609,   0.00481,  -0.01970,  -0.05997,   0.06434,   0.09235,  -0.06697,  -0.03545,  -0.02320,   0.00481,   0.02057,   0.12912,   0.00481,   0.03283,  -0.06872,   0.06609,  -0.06872,   0.02582,   0.07310,  -0.05822,   0.01707,  -0.02670,  -0.06697,  -0.00394,   0.02933,  -0.02145,   0.04858,  -0.01444,  -0.01094,   0.03283,   0.05384,  -0.00044,   0.05034,   0.05209,   0.02757,  -0.00744,   0.05209,  -0.05471,   0.03983,   0.01532,   0.01007,  -0.03721,  -0.01269,  -0.05646,  -0.03020,   0.06609,   0.01707,   0.01532,   0.02582,   0.07835,  -0.05121,   0.03458,  -0.02495,  -0.04246,   0.03458,   0.09411,   0.01707,   0.02407,   0.05034,   0.05209,   0.04508,  -0.03195,  -0.00394,   0.06609,   0.05209,   0.04508,   0.00131,   0.06784,  -0.04946,   0.01707,   0.04333,  -0.04946,   0.01182,  -0.00569,   0.00481,   0.00306,  -0.04071,  -0.00394,   0.07135,  -0.05822,  -0.01094,  -0.10899,   0.03108,  -0.09323,  -0.07572,   0.01882,   0.06959,   0.02407,  -0.06172,  -0.09498,  -0.01795,  -0.00919,   0.04333,  -0.04771,   0.01182,  -0.00044,   0.04683,  -0.04071,   0.03633,   0.13963,   0.05384,   0.07135,   0.06434,  -0.00044,   0.10461,   0.01357,   0.00657,  -0.01094,  -0.08798,  -0.02495,   0.06259,  -0.01795,   0.02582,  -0.02845,   0.00131,   0.10461,  -0.02670,  -0.00744,   0.07835,  -0.06697,   0.08185,  -0.04771,  -0.01970,  -0.04596,   0.09761,  -0.02145,  -0.01620,   0.06084,   0.03108,   0.08010,   0.02582,  -0.01795,   0.03633,  -0.02845,   0.01007,   0.06084,  -0.03195,  -0.09323,  -0.01970,  -0.01444,  -0.03020,   0.05909,   0.08360,   0.03283,   0.04683,  -0.04246,   0.03458,   0.02582,   0.02933,   0.11336,  -0.03545,  -0.02495,  -0.04596,  -0.09148,   0.01532,   0.01707,  -0.02670,   0.00306,  -0.04946,   0.00131,   0.05734,  -0.00744,  -0.05121,  -0.05296,   0.09586,   0.00481,  -0.10374,   0.05909,   0.01357,  -0.05997,  -0.02845,   0.08710,   0.00306,   0.03983,   0.02407,  -0.06872,   0.03458,   0.03458,  -0.00744,   0.06434,  -0.05471,  -0.01444,   0.05209,  -0.00044,  -0.04071,   0.00306,  -0.00394,   0.00657,   0.09411,  -0.01269,  -0.04421,   0.00131,   0.04683,  -0.01620,   0.01882,   0.05209,   0.03633,  -0.03370,   0.02933,  -0.02670,   0.00131,  -0.04946,  -0.04946,   0.04508,   0.04683,  -0.01970,  -0.09323,   0.04158,   0.08185,  -0.05121,   0.02057,  -0.01970,   0.07660,   0.02582,  -0.03896,   0.00131,  -0.07222,   0.10461,   0.01007,  -0.02670,   0.02057,  -0.00394,   0.03633,   0.02933,   0.00481,   0.06784,  -0.12475,  -0.00744,  -0.03370,  -0.01269,  -0.00044,   0.02582,  -0.01269,   0.03283,   0.04158,  -0.04246,  -0.07222,  -0.06697,   0.01182,   0.01007,  -0.06522,  -0.03721,  -0.01269,  -0.05296,   0.01357,   0.04508,  -0.06172,   0.07310,   0.02757,   0.01882,   0.08360,  -0.06172,  -0.04946,   0.07310,  -0.06697,   0.09235,   0.07135,   0.06259,  -0.02145,  -0.00044,  -0.05296,   0.06784,  -0.00569,  -0.04596,  -0.04596,  -0.04946,   0.04333,   0.02933,  -0.07397,  -0.04071,   0.01357,   0.06084,  -0.05121,  -0.09498,   0.03283,   0.06259,   0.07135,   0.03983,   0.07485,  -0.00919,   0.04333,  -0.01795,  -0.01620,   0.05034,  -0.01444,  -0.07397,   0.04508,  -0.01269,  -0.00569,  -0.07222,   0.04508,  -0.00044,  -0.00744,  -0.04421,   0.05384,  -0.10899,  -0.01444,   0.02933,  -0.01795,   0.04333,   0.08885,  -0.07397,  -0.00219,   0.05559,   0.05034,   0.02057,  -0.03020,  -0.02320,   0.01532,   0.06959,   0.01357,  -0.01444,   0.06084,  -0.02495,   0.07135,   0.07310,  -0.00394,  -0.00394,  -0.01620,   0.02582,  -0.03195,   0.03458,  -0.02495,  -0.05822,   0.05909,  -0.03370,  -0.01620,   0.02232,   0.00306,  -0.06522,   0.07485,   0.00306,   0.04683,   0.10811,  -0.03896,   0.03983,  -0.02145,  -0.02145,  -0.01444,   0.06784,   0.03808,  -0.03195,  -0.03370,   0.05559,   0.03283,  -0.00394,  -0.04421,  -0.03370,   0.01182,   0.09761,  -0.03370,   0.01007,  -0.00744,  -0.01970,  -0.00744,  -0.00744,  -0.03020,  -0.09148,   0.04683,  -0.01620,   0.04508,   0.05034,  -0.06347,  -0.01094,  -0.01269,   0.01182,   0.10111,   0.08010,  -0.01620,   0.06784,  -0.00919,   0.01707,  -0.08798,   0.04508,   0.05909,   0.03108,   0.04158,   0.03108,  -0.02845,  -0.07047,  -0.00569,  -0.00919,  -0.03721,  -0.00394,   0.09761,   0.06084,   0.06084,  -0.01269,  -0.13000,   0.05559,  -0.00044,   0.06259,  -0.03896,   0.05209,  -0.08098,  -0.00919,  -0.03721,   0.03108,   0.06434,  -0.02145,  -0.00044,  -0.02845,  -0.00744,   0.04858,   0.04333,  -0.06522,   0.04333,   0.01532,   0.00131,   0.03983,  -0.02670,  -0.01795,  -0.00744,  -0.13525,   0.03108,  -0.05822,  -0.08098,  -0.04246,   0.00657,   0.02933,   0.02933,  -0.06522,   0.13262,   0.01357,  -0.03195,  -0.11774,   0.05209,  -0.06172,   0.07660,   0.06784,  -0.01970,  -0.09848,  -0.00044,  -0.02845,   0.01007,   0.03283,  -0.03721,  -0.05296,   0.09411,   0.03458,  -0.05296,  -0.09323,   0.04333,   0.07485,  -0.05997,  -0.05822,  -0.00744,  -0.00219,   0.09235,  -0.02145,  -0.06522,  -0.00919,   0.00481,   0.05559,  -0.02495,  -0.04596,   0.02582,   0.08010,   0.05734,   0.02757,   0.08360,   0.05384,   0.02407,   0.02582,   0.04683,  -0.03545,  -0.03721,   0.03808,  -0.03721,  -0.01620,  -0.07922,  -0.03370,   0.02232,   0.09586,   0.03108,  -0.00044,   0.03633,   0.00657,  -0.02320,  -0.04421,   0.01007,  -0.01795,  -0.06172,  -0.01094,  -0.05471,   0.02057,  -0.12475,  -0.01795,  -0.00919,  -0.01444,  -0.02495,   0.08010,  -0.03545,   0.02933,  -0.00919,  -0.06347,  -0.01970,  -0.04246,   0.04683,  -0.02670,  -0.13525,  -0.01444,   0.01007,  -0.12124,   0.04158,  -0.03020,  -0.05121,   0.03108,   0.02757,  -0.05646,  -0.08273,  -0.05121,   0.00131,   0.02582,  -0.00919,  -0.05997,   0.01182,  -0.01444,  -0.02495,   0.04508,   0.06259,  -0.06872,   0.07310,   0.02933,   0.02933,  -0.06347,   0.06084,   0.00131,  -0.02320,   0.00481,  -0.01795,   0.07135,  -0.08973,  -0.02495,   0.10986,   0.00657,  -0.00219,   0.01357,  -0.09148,  -0.03545,   0.03808,  -0.00219,   0.06609,  -0.00394,  -0.02320,  -0.10374,   0.01882,  -0.06172,   0.05559,  -0.06172,  -0.02495,  -0.03896,   0.01007,  -0.02845,  -0.04771,  -0.04246,  -0.07572,   0.02407,  -0.03721,   0.01532,  -0.04771,  -0.05646,   0.03633,   0.04683,  -0.00919,   0.03983,   0.07835,  -0.01970,  -0.02845,   0.03108,  -0.01094,   0.02757,   0.01707,  -0.00919,  -0.06347,   0.02582,   0.00657,  -0.00394,  -0.06872,  -0.01269,   0.00131,   0.04683,   0.05559,   0.05034,   0.04683,  -0.00394,   0.01182,   0.06959,   0.00481,   0.05559,   0.04858,  -0.01970,   0.05384,  -0.04421,  -0.00744,  -0.03020,   0.01882,  -0.06697,   0.02407,   0.05734,  -0.07047,   0.00657,  -0.08973,  -0.03896,  -0.05296,   0.04858,   0.02232,  -0.03896,   0.03633,   0.03808,   0.10986,  -0.00219,  -0.02320,   0.06609,  -0.00394,   0.03633,  -0.01269,   0.04508,   0.12562,   0.05734,   0.13613,   0.02757,  -0.00044,   0.02057,  -0.05471,   0.02232,  -0.07222,  -0.06172,   0.04158,   0.02933,   0.04858,  -0.00044,  -0.00044,   0.02757,  -0.01269,   0.03458,   0.01882,   0.01182,   0.04683,  -0.03721,  -0.01620,  -0.00219,   0.03458,   0.01882,   0.01532,  -0.02320,  -0.05121,   0.02582,  -0.00219,  -0.09148,   0.04158,   0.04858,   0.02582,  -0.00919,   0.01882,  -0.02670,  -0.01970,  -0.00394,   0.06784,  -0.00744,  -0.03545,  -0.03896,   0.06084,  -0.03721,   0.03633,   0.01007,  -0.04071,  -0.04421,   0.07135,   0.05384,   0.03983,   0.02757,  -0.00919,  -0.01269,   0.00657,  -0.01444,  -0.06522,   0.03283,   0.00657,   0.07835,  -0.05296,   0.01357,  -0.01970,  -0.01795,  -0.02670,  -0.00569,   0.05209,   0.06259,   0.04508,   0.07835,   0.01882,   0.07310,  -0.01094,   0.01707,   0.06959,  -0.03721,   0.04508,  -0.03721,   0.08185,  -0.01444,  -0.06172,  -0.11424,  -0.03020,  -0.01269,   0.04508,  -0.01444,  -0.03545,   0.00481,   0.03808,   0.01357,   0.00131,   0.03808,  -0.00569,   0.16764,  -0.11599,   0.02582,  -0.01620,   0.01707,   0.01357,  -0.00394,  -0.01970,   0.05209,   0.01182,   0.01707,  -0.14751,  -0.08973,  -0.01795,   0.03458,  -0.02845,   0.03108,   0.00306,  -0.01444,  -0.01970,  -0.01970,  -0.04771,  -0.09848,  -0.01970,   0.00306,  -0.01269,  -0.03195,   0.02057,  -0.05296,  -0.08098,  -0.02670,   0.01357,  -0.04246,  -0.02670,  -0.03370,   0.06434,  -0.00394,   0.03283,  -0.10374,  -0.10199,  -0.00919,  -0.00919,  -0.02145,   0.01532,  -0.01444,  -0.05646,  -0.02670,  -0.06522,   0.06609,   0.03283,   0.02057,   0.01357,  -0.01269,  -0.16151,   0.03108,   0.12212,   0.07310,   0.04683,  -0.05471,   0.09761,   0.08535,   0.01707,  -0.03721,  -0.01094,   0.04333,  -0.06172,  -0.04246,  -0.14050,   0.02057,   0.01707,  -0.00219,   0.10461,   0.06084,  -0.00919,  -0.02145,   0.02232,   0.04158,   0.03458,   0.09586,   0.02407,   0.11862,  -0.00394,  -0.17027,   0.04858,   0.04333,  -0.00219,  -0.03896,   0.05909,  -0.00044,   0.01007,   0.00657,  -0.01795,   0.03808,   0.02582,  -0.01444,   0.02232,   0.00832,   0.06259,   0.02407,   0.02232,  -0.01620,   0.02057,  -0.02145,   0.04158,  -0.00919,   0.01532,  -0.07047,  -0.02495,   0.03983,  -0.01970,   0.02232,  -0.05646,  -0.02845,  -0.03896,   0.06959,  -0.05121,   0.05909,   0.03108,   0.02232,  -0.00219,   0.03458,  -0.03721,  -0.05997,  -0.01795,  -0.07222,  -0.01970,   0.00832,   0.03633,  -0.09323,  -0.00569,   0.02057,   0.03458,  -0.01269,  -0.01444,  -0.04771,  -0.01094,  -0.06697,   0.00657,  -0.01795,  -0.05121,   0.05559,   0.04158,  -0.00394,  -0.03195,  -0.03721,   0.02232,   0.01707,   0.09235,  -0.02145,   0.00306,   0.04333,  -0.02495
   0.07135,  -0.05121,  -0.01970,   0.02757,  -0.00219,   0.00832,  -0.00219,  -0.10023,  -0.03721,  -0.01795,  -0.03721,   0.08360,  -0.08798,   0.07660,  -0.06347,   0.00481,   0.01357,   0.05384,  -0.01620,   0.02582,   0.06084,   0.02057,  -0.08973,   0.04508,   0.00832,   0.14313,  -0.02145,   0.03283,  -0.02495,  -0.05997,   0.04333,  -0.00394,   0.08535,   0.05384,  -0.03545,  -0.00219,   0.03808,   0.05034,   0.02232,  -0.01795,   0.01007,  -0.02670,   0.04508,  -0.08098,   0.01182,   0.03808,  -0.05121,   0.00832,   0.08535,  -0.08623,   0.01007,  -0.04946,   0.03283,   0.02232,   0.02232,  -0.04421,   0.01532,   0.04333,   0.06434,   0.01707,  -0.00569,   0.02933,  -0.03020,  -0.04246,   0.00657,   0.08360,   0.02757,   0.00306,   0.01532,   0.12212,   0.01707,  -0.04071,  -0.02320,   0.05384,   0.06434,  -0.00919,  -0.00744,   0.00657,  -0.06172,  -0.05121,  -0.00569,   0.05734,   0.00481,   0.11687,   0.02933,   0.00131,   0.02057,   0.00306,   0.07485,  -0.03370,  -0.05471,   0.00306,  -0.02845,   0.00657,   0.00306,  -0.04771,   0.06784,  -0.04946,  -0.06347,  -0.00744,   0.06609,  -0.00744,   0.05909,  -0.08973,   0.05209,   0.02057,   0.06084,  -0.01970,   0.02232,   0.11687,  -0.06347,   0.04158,   0.03108,   0.02933,  -0.10199,  -0.00044,  -0.05997,  -0.04246,  -0.03195,   0.02582,   0.02057,   0.04858,  -0.05822,  -0.01094,  -0.00569,  -0.02670,  -0.02495,  -0.01269,  -0.03721,  -0.04071,   0.05384,  -0.11249,  -0.02495,  -0.02320,   0.01882,  -0.07747,   0.01182,   0.04508,   0.02933,  -0.10199,  -0.03020,  -0.00394,  -0.04421,   0.04158,  -0.04246,  -0.02145,  -0.02495,  -0.01269,   0.03458,   0.09936,   0.04333,  -0.02845,  -0.03896,   0.04858,  -0.03020,  -0.02145,  -0.05471,  -0.10549,   0.01182,   0.09411,  -0.00219,  -0.01444,   0.07485,   0.02582,  -0.00919,  -0.03545,   0.03283,  -0.06522,  -0.09148,  -0.01094,   0.02582,   0.05209,   0.00131,   0.01357,   0.05034,   0.09761,  -0.06522,   0.02582,  -0.00394,  -0.04596,  -0.05296,  -0.07397,  -0.00919,   0.03458,  -0.09148,   0.00306,   0.03108,   0.01007,  -0.03370,   0.08885,  -0.07047,   0.00657,   0.02757,  -0.01444,  -0.00044,  -0.00044,  -0.06172,  -0.05471,  -0.01620,   0.09060,   0.01882,   0.09235,  -0.00919,   0.04158,   0.03983,   0.03108,  -0.04421,  -0.04596,   0.01007,  -0.02495,   0.03283,  -0.01795,  -0.03370,   0.00306,   0.00657,   0.00306,   0.04683,   0.01182,  -0.00219,   0.04508,  -0.00394,   0.04858,  -0.00219,  -0.06172,   0.03108,   0.09411,  -0.00044,   0.04333,   0.01532,  -0.00394,  -0.00044,  -0.04771,   0.02232,   0.02582,   0.01357,  -0.05296,  -0.06697,   0.01357,   0.02057,  -0.01269,  -0.01094,   0.02582,   0.08185,   0.00481,  -0.08623,   0.08885,   0.06084,   0.04333,  -0.02145,  -0.03370,   0.00481,  -0.06347,   0.02757,  -0.00219,   0.03808,   0.02407,   0.00832,   0.00306,   0.10286,   0.01532,   0.06609,   0.01707,  -0.07397,   0.07660,  -0.05822,   0.02232,   0.00131,   0.06084,  -0.12475,  -0.02670,  -0.04421,  -0.00744,  -0.05296,   0.00131,   0.01007,  -0.07572,  -0.00044,   0.01007,   0.12737,  -0.04946,  -0.01444,  -0.02320,   0.00131,   0.03983,  -0.07047,  -0.00044,  -0.04946,   0.03808,  -0.01620,  -0.02145,  -0.01269,  -0.02145,   0.06084,   0.03983,   0.05909,   0.06084,  -0.01269,  -0.00744,  -0.08273,  -0.05822,  -0.00744,  -0.03896,   0.01882,   0.02407,  -0.00569,  -0.05296,  -0.02845,   0.02582,   0.06609,   0.04858,   0.02407,   0.01707,  -0.06697,  -0.05296,   0.03108,  -0.08798,   0.04683,   0.00481,   0.00306,  -0.03020,   0.04683,  -0.05997,   0.01882,   0.00306,   0.01182,  -0.10023,   0.04858,   0.02407,   0.01182,  -0.05296,  -0.01620,   0.05559,   0.02757,  -0.14400,  -0.00219,   0.01182,   0.07660,   0.02933,   0.03108,   0.04333,  -0.01970,   0.05559,  -0.03020,  -0.04771,  -0.04596,  -0.03721,   0.01357,  -0.05822,  -0.03721,   0.00832,   0.02757,   0.02232,   0.03283,   0.02933,  -0.03545,   0.05734,  -0.01269,   0.06434,   0.02582,   0.01357,   0.05909,   0.04508,   0.04158,  -0.00219,   0.03808,   0.00832,  -0.03020,   0.04858,  -0.01970,  -0.06872,   0.01357,  -0.09848,   0.05909,   0.05034,   0.03108,  -0.02845,  -0.01970,   0.02232,   0.00832,  -0.02320,   0.09586,   0.06259,  -0.07397,   0.04508,   0.04858,   0.04858,   0.01882,   0.03458,  -0.01094,   0.01882,   0.01882,   0.06084,   0.03458,   0.00832,  -0.02320,  -0.04596,  -0.05471,   0.04508,  -0.00219,   0.06259,   0.03458,   0.02933,  -0.02845,  -0.03020,  -0.04771,  -0.00219,   0.00657,  -0.02495,  -0.00919,   0.03108,   0.04158,   0.05034,  -0.05121,   0.11687,  -0.09498,   0.04158,   0.01357,   0.00131,   0.03283,   0.03633,  -0.01970,   0.03283,  -0.00394,   0.00306,  -0.01970,  -0.04596,   0.01357,   0.07485,   0.00832,   0.02057,  -0.01795,  -0.01795,   0.01532,   0.17464,   0.10811,   0.06259,   0.05034,   0.03458,  -0.04421,   0.03458,   0.07310,   0.01357,   0.00657,  -0.04246,  -0.11249,  -0.00744,  -0.00219,   0.10811,  -0.06697,  -0.02670,  -0.09323,  -0.04421,   0.00657,   0.05209,   0.02232,  -0.12300,  -0.00569,   0.05909,  -0.08098,  -0.02845,   0.02407,  -0.03370,  -0.02145,   0.03633,  -0.01094,   0.04858,  -0.04771,   0.03633,   0.09761,   0.00832,  -0.04771,  -0.02145,  -0.03721,   0.09411,  -0.01094,  -0.05296,  -0.05997,   0.00657,   0.00832,   0.04858,  -0.01269,  -0.03195,   0.04858,  -0.06697,  -0.00044,  -0.04246,   0.05559,   0.01007,  -0.00744,   0.01182,  -0.02145,   0.02933,   0.07135,   0.00481,  -0.01795,  -0.04421,   0.09761,  -0.05822,  -0.08273,   0.00131,   0.01707,   0.03633,  -0.10199,   0.02407,   0.05209,  -0.03721,  -0.03195,  -0.02145,   0.05209,   0.10286,   0.05909,   0.05384,   0.03108,   0.01532,  -0.03721,   0.01882,   0.10986,  -0.06172,  -0.05471,   0.04508,  -0.00219,  -0.02845,   0.00832,   0.07310,   0.05034,  -0.00569,  -0.06872,   0.02232,   0.03808,  -0.01094,  -0.00569,   0.04333,   0.02757,   0.04858,   0.03633,  -0.05646,  -0.01094,   0.05559,   0.00306,  -0.06172,   0.00131,  -0.00394,   0.03108,   0.05384,  -0.07397,   0.14138,  -0.02670,   0.04858,   0.04333,   0.03283,   0.05734,  -0.04071,   0.00832,   0.03458,  -0.01444,  -0.03896,   0.06084,   0.03283,   0.01707,  -0.02495,   0.01357,   0.13963,   0.00832,  -0.04071,   0.04858,   0.01707,  -0.03020,  -0.01620,  -0.00219,   0.01357,   0.10636,   0.03633,   0.02757,  -0.00569,  -0.08623,   0.03633,  -0.02145,   0.09761,  -0.03896,  -0.01620,   0.03983,  -0.00219,  -0.03195,   0.04333,   0.05034,  -0.04771,   0.04333,  -0.01970,  -0.07222,   0.08535,  -0.02495,  -0.01269,   0.00481,  -0.01444,   0.05034,   0.03458,   0.03633,  -0.08448,   0.02582,   0.07660,   0.07310,   0.05384,   0.03808,   0.08535,   0.00131,   0.08010,   0.00131,  -0.01269,   0.02057,   0.08535,   0.01007,   0.02933,   0.06434,   0.04683,   0.08885,   0.02232,   0.10811,  -0.09498,   0.02407,   0.00131,  -0.03545,  -0.00394,  -0.04596,   0.01707,  -0.04071,   0.09936,   0.02933,   0.03108,   0.03458,   0.01707,   0.03808,   0.00306,   0.04333,  -0.00394,   0.00832,  -0.02145,   0.00657,   0.06084,  -0.04946,   0.04158,   0.01532,   0.03458,  -0.00394,  -0.03721,  -0.02845,   0.11687,  -0.01970,   0.08360,  -0.01444,   0.03633,   0.10986,   0.04158,  -0.04071,  -0.02845,  -0.03020,   0.08710,  -0.02670,  -0.02495,  -0.01444,   0.04158,   0.06259,  -0.08973,  -0.01444,   0.09235,   0.01007,   0.04158,  -0.02495,   0.03108,  -0.03020,   0.09761,   0.12212,   0.03108,  -0.05997,  -0.03721,  -0.00044,  -0.03195,  -0.01795,   0.00657,   0.00481,  -0.03545,   0.03633,  -0.04421,   0.04508,   0.02407,   0.09936,  -0.06697,   0.01707,   0.03108,  -0.05822,   0.07135,   0.03458,  -0.00219,   0.05734,   0.06959,  -0.08798,   0.04333,   0.02757,  -0.01795,   0.01707,   0.04333,   0.00657,   0.00657,   0.01707,   0.03983,  -0.01620,   0.02757,  -0.02845,   0.03983,  -0.02320,   0.04158,   0.05909,  -0.06347,   0.03808,  -0.00744,   0.06084,   0.05559,   0.01007,   0.02933,   0.02057,   0.04333,   0.02407,  -0.01094,   0.01182,   0.07485,  -0.02320,  -0.03195,  -0.02495,  -0.03370,   0.08185,  -0.00569,   0.03808,   0.03283,   0.03633,  -0.08273,  -0.00394,  -0.09673,   0.00306,   0.00481,   0.05034,  -0.02670,   0.03633,   0.03983,   0.11336,   0.09060,   0.08710,   0.02407,   0.01182,  -0.00044,  -0.00569,   0.00832,   0.03283,   0.01882,  -0.07747,  -0.00919,  -0.03370,  -0.00044,   0.02582,  -0.07222,  -0.02845,  -0.02495,   0.09235,   0.00306,   0.03983,  -0.00219,  -0.01094,   0.01882,   0.03283,   0.01357,  -0.03545,  -0.01795,   0.02407,  -0.02320,   0.06084,   0.02407,  -0.03721,  -0.05646,  -0.03721,  -0.08623,   0.05734,   0.03458,   0.03983,   0.03983,  -0.06347,  -0.02845,  -0.05646,   0.09936,   0.03108,  -0.09673,   0.05034,   0.00306,  -0.01444,   0.02933,   0.08360,  -0.03370,   0.03283,  -0.04421,  -0.02670,   0.04158,   0.10811,  -0.05296,   0.06084,   0.06084,   0.02232,  -0.04771,  -0.02845,   0.02057,  -0.04771,  -0.02845,   0.02757,  -0.01269,  -0.02845,   0.02757,   0.02057,  -0.01444,  -0.00744,  -0.01970,  -0.02845,   0.03458,   0.05909,  -0.03020,   0.01707,  -0.00744,  -0.06872,   0.05559,   0.02232,   0.01182,  -0.02145,  -0.02495,   0.03983,  -0.04421,   0.04333,  -0.04771,   0.09761,  -0.10199,   0.06959,   0.08535,  -0.06522,  -0.08798,  -0.05296,  -0.04946,   0.01707,   0.02232,   0.02057,   0.08360,   0.04158,   0.07660,   0.09761,  -0.00569,   0.02407,  -0.00219,   0.04683,   0.06434,  -0.00744,   0.11687,   0.01707,   0.02232,   0.09586,   0.07660,   0.02757,  -0.04946,   0.00131,   0.09411,   0.05909,   0.09411,  -0.03020,   0.02057,  -0.01795,   0.00131,   0.00306,  -0.00919,   0.01707,   0.02933,  -0.06872,   0.00481,  -0.02845,  -0.02495,  -0.08098,   0.03983,   0.02232,  -0.00744,   0.09586,  -0.02495,   0.09060,  -0.01269,  -0.08448,  -0.02670,   0.01007,  -0.08623,   0.02757,   0.02582,  -0.02495,  -0.07222,   0.10286,   0.04858,   0.01532,   0.00832,  -0.01620,  -0.01620,   0.00657,  -0.05997,   0.03633,  -0.05997,   0.06084,   0.02057,   0.09761,  -0.08098,   0.01182,  -0.00219,   0.02407,  -0.00044,   0.01182,  -0.08623,   0.08010,   0.07660,  -0.03896,   0.07835,   0.07835,   0.06259,  -0.09148,  -0.07047,  -0.00219,   0.02407,  -0.06172,   0.03283,   0.04508,   0.00131,  -0.03370,   0.02057,  -0.01094,  -0.00919,  -0.00044,   0.08360,  -0.01795,  -0.04596,   0.06259,   0.00306,   0.06784,   0.03808,  -0.00569,  -0.00919,  -0.06347,   0.03458,   0.01532,   0.03983,  -0.10023,   0.09761,   0.05384,   0.06609,   0.05384,  -0.00219,   0.03983,  -0.03195,   0.03283,   0.01532,  -0.05997,  -0.02145,  -0.08448,   0.04858,   0.06609,   0.08710,   0.00306,  -0.05646,  -0.03020,  -0.00394,   0.06084,   0.07660,  -0.01620,  -0.00744,  -0.00044,  -0.02145,   0.04683,  -0.07572,   0.00481,   0.00131,  -0.01970,   0.03808,  -0.08448,   0.05209,   0.05734,   0.08535,   0.02933,   0.00657,  -0.03721,   0.02757,  -0.03896,  -0.00394,   0.08535,  -0.00219,  -0.00569,   0.01007,  -0.04596,  -0.01795,  -0.09673,   0.01182,  -0.02845,   0.10111,  -0.03896,  -0.00219,   0.01532,  -0.00219,   0.05209,   0.07660,  -0.07572,  -0.01970,  -0.00219,  -0.13525,  -0.04596,   0.00131,   0.05034,  -0.07572,  -0.03545,  -0.04946,  -0.08448,   0.03983,  -0.03545,  -0.00044,  -0.09323,   0.08710,  -0.01444,  -0.01094,  -0.02670,   0.04158,   0.02757,   0.03108
   0.03108,   0.02232,   0.01182,  -0.02495,  -0.03721,  -0.05471,  -0.03545,   0.03808,   0.02407,   0.00481,   0.02582,   0.02057,  -0.00919,   0.01357,   0.02232,  -0.04771,   0.02933,  -0.08098,   0.06959,   0.03108,  -0.02670,  -0.03195,  -0.01970,   0.03633,  -0.02845,   0.01707,  -0.03721,  -0.05646,  -0.04946,   0.03108,  -0.05471,   0.05384,   0.03633,   0.02933,  -0.04596,  -0.01970,   0.04158,   0.00657,   0.05384,   0.00832,  -0.04771,  -0.06347,  -0.03020,  -0.03195,   0.02232,   0.04683,  -0.05121,  -0.02845,   0.06959,   0.05734,   0.01882,  -0.00044,  -0.00569,  -0.05997,  -0.02670,  -0.00569,  -0.00919,  -0.07397,  -0.00219,  -0.01094,  -0.04771,  -0.03896,  -0.05471,   0.05034,  -0.05997,  -0.04596,  -0.05822,   0.02232,  -0.04596,   0.00306,   0.00131,  -0.01444,  -0.03721,  -0.09323,   0.03808,  -0.04771,   0.01532,  -0.02495,   0.03633,   0.14488,  -0.08273,   0.04158,   0.03108,  -0.06697,  -0.01795,   0.00657,   0.06084,  -0.01795,  -0.01094,  -0.00394,  -0.00569,   0.03108,  -0.01094,   0.08885,  -0.01444,   0.05559,  -0.00744,   0.02757,   0.06434,   0.05909,  -0.05822,  -0.01269,  -0.07572,   0.03283,  -0.01094,  -0.06872,   0.01707,  -0.03545,  -0.01970,   0.04683,  -0.02495,  -0.05822,   0.04158,   0.03283,  -0.02320,   0.03983,  -0.03370,   0.01532,   0.04508,  -0.04771,   0.03108,   0.05384,   0.01532,   0.00832,  -0.05121,  -0.05296,   0.04683,  -0.04771,   0.10461,  -0.00919,   0.05034,   0.01707,   0.01882,  -0.00919,   0.03108,  -0.00919,  -0.07047,  -0.03721,  -0.01620,  -0.01269,  -0.06172,   0.01007,  -0.05121,   0.03108,  -0.04071,  -0.03896,  -0.03545,   0.01182,   0.01007,  -0.06172,  -0.05121,   0.03108,  -0.01795,   0.02582,   0.02933,   0.03108,  -0.02845,   0.05034,   0.01532,  -0.05121,   0.00131,   0.01007,   0.01707,   0.04858,   0.00657,   0.03108,   0.00832,  -0.01094,   0.01357,   0.04158,   0.02757,  -0.02320,  -0.04246,   0.03108,  -0.02670,  -0.00744,   0.00131,   0.02057,   0.00306,  -0.04246,  -0.00219,   0.02757,  -0.00744,  -0.04946,  -0.03020,  -0.00569,   0.04333,   0.04683,  -0.00219,   0.07135,   0.01532,  -0.03545,   0.00131,  -0.00219,   0.01182,   0.06609,  -0.03020,   0.00131,  -0.01269,   0.05559,  -0.05822,  -0.01094,  -0.04771,   0.06609,  -0.05471,  -0.12475,  -0.01094,   0.01532,   0.04158,   0.00832,   0.03108,   0.07485,  -0.00919,  -0.05997,  -0.00919,  -0.03020,  -0.02145,   0.03458,   0.00832,   0.03983,   0.05384,   0.00131,  -0.03721,  -0.01094,   0.06434,  -0.00394,  -0.00569,   0.08710,  -0.01620,   0.03808,  -0.00219,  -0.03896,  -0.03721,  -0.01795,   0.00306,   0.08360,   0.01532,   0.04158,  -0.00744,  -0.01269,  -0.06347,  -0.02145,  -0.00044,  -0.01795,  -0.00394,  -0.03721,   0.02582,   0.04508,  -0.06347,  -0.05822,   0.01532,   0.02057,  -0.02320,   0.06434,   0.00131,   0.01357,  -0.01795,  -0.06172,  -0.05822,  -0.02320,  -0.02145,  -0.00044,   0.00657,  -0.04421,   0.04158,  -0.06697,  -0.00219,   0.02057,  -0.01094,  -0.03370,   0.00131,  -0.02145,  -0.05121,  -0.01269,  -0.02670,   0.06609,  -0.06697,  -0.00744,  -0.04946,   0.01357,  -0.04071,  -0.05121,   0.01182,   0.01182,  -0.01620,  -0.01444,  -0.02145,  -0.06872,   0.00832,  -0.04771,   0.01707,  -0.01444,  -0.01094,   0.03808,  -0.00044,  -0.03195,  -0.03370,  -0.03020,  -0.04946,  -0.01620,  -0.01795,  -0.05997,   0.01357,   0.02933,   0.00306,  -0.02845,   0.03983,   0.01182,   0.01707,  -0.04596,  -0.01970,   0.05034,   0.04158,  -0.00394,  -0.01444,   0.03108,   0.02757,  -0.04946,  -0.04596,  -0.00394,  -0.01795,  -0.08098,   0.00481,   0.00657,   0.00481,   0.01532,  -0.02670,   0.03983,  -0.06697,   0.03283,   0.00131,   0.04158,   0.00131,  -0.03545,  -0.02320,   0.02232,   0.02933,  -0.08448,  -0.04946,  -0.00569,   0.02057,   0.03983,  -0.06697,   0.03983,   0.01532,  -0.03370,   0.05034,   0.02582,   0.02407,   0.00306,   0.02232,   0.04158,  -0.03370,  -0.03195,   0.00657,  -0.02495,  -0.00919,  -0.04946,  -0.01795,  -0.04421,  -0.00919,  -0.01970,   0.00481,  -0.00744,  -0.06172,   0.02057,   0.01007,   0.00306,  -0.02320,   0.05384,   0.02232,   0.03983,   0.02582,  -0.01620,   0.01182,   0.04683,  -0.00569,   0.03633,   0.01532,  -0.01444,  -0.05471,   0.00481,  -0.05822,   0.00131,   0.01007,  -0.05822,   0.04508,  -0.00744,   0.01182,  -0.03545,  -0.01094,  -0.02145,   0.02232,  -0.05822,   0.02933,   0.02933,  -0.10199,   0.03283,  -0.01444,   0.02232,  -0.03020,   0.01532,   0.04508,   0.00657,  -0.02320,   0.03458,  -0.00919,  -0.03195,   0.01882,  -0.03020,   0.03108,  -0.01094,  -0.08798,   0.03283,   0.04508,  -0.05997,  -0.08098,   0.00657,  -0.02495,  -0.00919,  -0.06522,   0.03633,   0.01007,  -0.00044,   0.04333,   0.00657,  -0.08973,  -0.03896,  -0.01795,   0.02933,   0.01532,  -0.00569,  -0.03195,  -0.00919,  -0.07747,   0.09586,   0.01007,   0.03633,  -0.06347,  -0.03896,  -0.02320,  -0.03370,  -0.10023,   0.04333,  -0.00219,  -0.00569,   0.05559,   0.03808,  -0.03896,  -0.01795,  -0.05296,  -0.00044,  -0.03896,  -0.01094,   0.03983,  -0.07047,  -0.03545,  -0.03721,  -0.08623,  -0.00744,  -0.00044,  -0.05822,   0.03808,  -0.04596,   0.06084,  -0.00744,   0.01532,   0.06784,   0.07135,   0.05559,  -0.07747,  -0.05997,   0.02582,  -0.04946,   0.00131,  -0.04596,  -0.01444,   0.05909,  -0.03721,   0.01882,   0.03283,   0.05034,   0.00657,  -0.02845,   0.06959,   0.03458,   0.00131,  -0.03545,  -0.03545,   0.05209,   0.00481,  -0.01795,   0.03808,   0.05909,  -0.01970,   0.05909,  -0.05296,   0.00306,  -0.00569,  -0.00919,   0.00657,   0.08710,   0.01882,   0.06434,  -0.04071,   0.02232,   0.01532,  -0.01444,   0.05384,  -0.01094,   0.02933,  -0.00394,  -0.01444,   0.00481,   0.01532,  -0.08448,   0.03808,   0.01707,  -0.00744,   0.04858,  -0.02145,   0.03808,  -0.08623,  -0.00394,  -0.00919,  -0.01620,   0.01007,   0.04508,   0.01707,   0.01882,  -0.02495,  -0.00394,  -0.03020,  -0.04946,   0.00832,   0.05559,  -0.03545,  -0.07397,   0.00832,  -0.01094,   0.04683,  -0.03721,   0.04333,  -0.03721,  -0.06522,  -0.05121,   0.05209,   0.01357,   0.00832,  -0.02670,   0.04858,  -0.01795,   0.00306,   0.08360,   0.12037,   0.00481,  -0.01269,  -0.03545,   0.02407,   0.05034,   0.03633,  -0.10023,   0.00481,   0.04158,  -0.00744,   0.03633,   0.04158,   0.05734,   0.00131,  -0.00219,  -0.01269,   0.00832,   0.06609,  -0.00919,   0.01357,   0.00657,   0.05559,   0.04508,  -0.03195,  -0.03195,  -0.04421,  -0.02670,  -0.01795,  -0.00219,  -0.02670,  -0.00219,   0.00306,   0.07660,   0.00481,   0.01007,   0.00481,  -0.06872,  -0.03195,   0.00832,  -0.03370,   0.02407,   0.02933,   0.03633,   0.02407,   0.02057,  -0.04246,  -0.00219,  -0.08448,  -0.01269,  -0.01094,  -0.00744,   0.03633,   0.03283,  -0.00219,   0.04508,   0.03983,  -0.00219,  -0.03721,  -0.05822,  -0.00919,  -0.03721,   0.09060,   0.07310,   0.00657,   0.00657,  -0.01094,  -0.09323,  -0.08098,  -0.09673,   0.08360,  -0.05646,   0.00832,   0.02582,  -0.02320,  -0.04246,   0.01882,  -0.05121,   0.01532,  -0.00569,  -0.02145,  -0.04421,   0.05909,  -0.00219,   0.01532,  -0.03020,  -0.03020,  -0.05296,   0.03633,   0.01707,   0.00481,  -0.01094,   0.03458,   0.00306,  -0.02670,   0.03983,   0.03808,  -0.01094,   0.01357,   0.04508,   0.01357,  -0.06172,  -0.05296,  -0.04421,   0.00657,  -0.05121,  -0.04246,   0.00832,  -0.02495,   0.00832,  -0.04946,   0.04683,   0.07835,  -0.03020,   0.01882,   0.00481,   0.00306,  -0.00219,  -0.06872,  -0.05997,  -0.03020,  -0.03896,  -0.03020,  -0.01269,   0.06084,  -0.03020,   0.01882,  -0.02320,   0.04333,  -0.00044,  -0.01444,  -0.02845,  -0.03545,   0.04858,   0.05209,   0.05909,  -0.00744,   0.01357,   0.06084,   0.01882,  -0.06522,  -0.01795,   0.04683,   0.08010,  -0.05646,   0.02757,   0.00131,  -0.00919,  -0.02145,  -0.01620,  -0.00219,   0.03283,  -0.00919,   0.03633,  -0.04071,   0.03808,   0.01182,   0.02232,  -0.00394,   0.02057,   0.03283,   0.04683,   0.00306,  -0.02145,  -0.02145,   0.00832,  -0.02320,  -0.01269,   0.02232,   0.01357,   0.02232,   0.03458,   0.05209,  -0.03721,   0.06784,   0.03458,  -0.01269,   0.06084,  -0.01444,  -0.00744,  -0.00744,  -0.02495,  -0.02495,   0.03808,   0.00131,  -0.00919,   0.03108,  -0.05646,  -0.00744,   0.01532,  -0.00044,   0.00481,  -0.03195,  -0.11074,  -0.00219,  -0.05997,  -0.00744,   0.02933,   0.00657,   0.04508,  -0.04071,   0.02057,   0.01882,  -0.03721,   0.02757,  -0.04771,   0.00131,  -0.06347,  -0.01094,   0.00306,  -0.07922,  -0.07397,   0.04158,  -0.00394,  -0.00219,   0.03283,   0.00832,  -0.01970,  -0.06172,   0.00481,  -0.00219,   0.08010,  -0.00744,  -0.03896,  -0.01444,  -0.03545,  -0.03020,  -0.01970,   0.02757,  -0.03545,  -0.04071,  -0.00744,   0.04858,   0.07310,  -0.02320,  -0.00569,   0.03633,   0.04333,   0.00481,   0.01182,  -0.05997,  -0.05471,  -0.04946,  -0.02670,  -0.06172,   0.02582,   0.01357,  -0.01970,   0.01182,  -0.02320,   0.04683,  -0.00744,  -0.06522,  -0.03545,  -0.02495,  -0.08273,  -0.05296,  -0.06172,   0.01882,   0.01882,  -0.03195,  -0.03370,   0.01532,   0.00832,  -0.00569,  -0.07747,   0.01182,   0.04508,   0.03108,   0.05559,   0.04858,  -0.03896,   0.01707,  -0.06697,   0.04158,   0.02933,  -0.00569,  -0.03545,   0.00657,  -0.00919,   0.01007,   0.03633,   0.01357,  -0.01269,   0.02407,  -0.03545,   0.04508,   0.04158,   0.06259,   0.08010,  -0.05471,   0.00481,  -0.00394,  -0.01269,  -0.05997,   0.03283,   0.00131,   0.02582,   0.06609,  -0.00744,   0.03108,  -0.00394,  -0.02495,  -0.00919,   0.04858,   0.00832,   0.00657,   0.02407,   0.03283,   0.01707,  -0.01970,   0.03283,   0.00832,  -0.03721,  -0.01094,  -0.01444,  -0.03721,   0.01707,  -0.05822,  -0.06872,   0.01182,  -0.06522,  -0.04771,   0.02582,   0.00306,  -0.02145,   0.01357,  -0.01444,  -0.04596,  -0.08448,   0.06084,   0.02232,  -0.00744,   0.05559,  -0.03020,   0.00481,   0.01707,   0.00657,   0.02057,  -0.03721,   0.05034,   0.01007,   0.02757,  -0.04771,  -0.08623,  -0.03195,  -0.04246,  -0.00219,  -0.01444,   0.00481,  -0.08623,   0.03108,   0.04333,  -0.00569,  -0.00044,  -0.01795,   0.01532,   0.04508,   0.00832,   0.01182,  -0.01444,   0.04508,  -0.02320,  -0.01094,   0.05034,  -0.04246,  -0.01094,  -0.03020,  -0.07047,   0.00481,  -0.00569,  -0.05121,   0.07310,  -0.03545,  -0.04771,  -0.01970,   0.04683,  -0.00569,   0.00481,  -0.01094,   0.03983,   0.01357,  -0.01620,  -0.02845,  -0.03370,  -0.00219,   0.05559,   0.06084,   0.02407,  -0.05296,  -0.00394,   0.00306,   0.00131,   0.01357,   0.05909,  -0.03370,   0.05734,   0.07835,   0.05734,  -0.00394,   0.06784,   0.00832,  -0.04946,  -0.04071,  -0.01444,   0.11687,  -0.08448,  -0.02670,  -0.01970,  -0.03896,  -0.02145,   0.03633,  -0.01094,  -0.05121,  -0.06697,  -0.01795,   0.00481,  -0.00219,  -0.03370,   0.06784,  -0.01444,   0.01707,   0.06434,  -0.09498,   0.00657,  -0.01444,   0.00131,  -0.00569,   0.02407,  -0.01444,   0.01707,  -0.03545,  -0.02495,   0.02933,  -0.05646,   0.05734,   0.10286,   0.01532,   0.00131,  -0.03195,   0.04158,  -0.04246,   0.00481,   0.00657,  -0.01444,   0.01532,  -0.00919,  -0.02145,  -0.07922,   0.01532,   0.03283,   0.01182,  -0.03195,   0.01532,  -0.03020,   0.02933,  -0.01269,   0.04858,   0.00131,   0.03808,   0.06259,  -0.03195,  -0.00219,   0.02057,   0.03808,  -0.01094,  -0.00569,   0.03983,  -0.02495,  -0.02320
  -0.00394,  -0.00394,  -0.05296,   0.02407,  -0.05121,  -0.03020,  -0.03020,  -0.03370,   0.04333,   0.00131,   0.06609,  -0.03545,  -0.08448,  -0.02845,  -0.00569,   0.00306,  -0.04596,   0.04158,   0.03458,   0.09411,   0.09761,  -0.05822,   0.06609,  -0.05121,   0.01357,  -0.06347,  -0.00044,   0.01707,  -0.03195,   0.06959,  -0.03370,  -0.00219,   0.01532,   0.09235,  -0.01269,   0.02407,   0.00657,   0.01182,  -0.01269,   0.02407,  -0.01094,   0.03283,   0.03283,   0.02232,  -0.02845,  -0.10899,  -0.06872,   0.09235,   0.04858,  -0.02670,  -0.00044,  -0.01795,  -0.07572,   0.06259,  -0.05121,   0.04158,   0.02232,   0.02582,   0.01532,   0.01532,  -0.01094,  -0.01970,  -0.06522,   0.00481,  -0.08098,  -0.00744,  -0.01269,  -0.06172,   0.00131,  -0.02320,   0.05209,  -0.00744,   0.01357,   0.00306,   0.07660,   0.00657,  -0.00569,  -0.01620,  -0.01620,  -0.00569,  -0.02495,   0.01882,  -0.05646,   0.00832,  -0.07922,   0.05209,  -0.01444,   0.08710,  -0.01094,   0.06434,   0.07835,  -0.01795,   0.02582,   0.00832,  -0.04246,   0.05384,   0.02757,   0.06259,  -0.04071,   0.00481,   0.02757,  -0.03896,   0.03458,   0.00832,  -0.04771,   0.04683,  -0.00394,   0.05559,   0.08185,   0.09411,   0.00306,  -0.04771,   0.03283,   0.07485,  -0.03896,   0.00481,   0.05734,   0.03458,  -0.07922,   0.13788,  -0.00219,  -0.03545,  -0.02495,  -0.03896,  -0.06872,   0.04858,   0.02057,   0.02057,   0.04508,   0.00481,   0.01357,   0.00832,  -0.07572,   0.08185,   0.01707,   0.02933,  -0.02320,  -0.04771,  -0.01970,   0.00131,  -0.03370,  -0.01094,   0.02757,   0.01357,   0.06434,   0.01357,  -0.06347,  -0.02145,  -0.04071,  -0.08973,  -0.00744,  -0.06697,  -0.00394,   0.03283,   0.00657,  -0.01795,   0.12737,  -0.07397,   0.02407,  -0.05822,  -0.02495,  -0.00744,   0.06259,  -0.05997,  -0.01094,   0.01182,  -0.00919,   0.04858,   0.03808,   0.03983,   0.05209,  -0.04596,  -0.03370,   0.07310,  -0.03545,  -0.05997,   0.03633,  -0.05296,  -0.04071,   0.08710,  -0.01795,   0.01532,   0.09761,  -0.06872,  -0.03896,   0.01532,   0.05559,  -0.06522,   0.01882,  -0.01620,  -0.00044,   0.03808,   0.00481,  -0.05997,   0.02933,  -0.00044,  -0.10374,   0.00131,  -0.09323,   0.00657,   0.07135,  -0.02495,  -0.02145,   0.02407,   0.03108,   0.02232,   0.02057,  -0.01094,   0.03458,   0.02757,   0.00481,  -0.02495,   0.01357,   0.03108,  -0.00569,   0.00481,  -0.04946,   0.00306,   0.09761,   0.07135,  -0.07222,  -0.01970,  -0.02845,  -0.00919,   0.07310,   0.01707,  -0.00919,   0.01357,  -0.01795,  -0.00569,   0.04333,  -0.07222,   0.00481,  -0.02145,  -0.02145,   0.03458,   0.04333,  -0.00219,  -0.00044,  -0.01620,  -0.03370,   0.04158,  -0.03195,  -0.04596,  -0.02320,   0.03108,  -0.05822,  -0.00744,  -0.01094,  -0.00044,  -0.03545,   0.01357,   0.01882,  -0.07397,  -0.06172,   0.05559,   0.03983,  -0.00744,   0.06784,  -0.05121,  -0.02845,   0.01182,   0.04158,   0.00481,  -0.03370,   0.14313,   0.01707,   0.05734,  -0.02670,   0.02582,   0.05384,  -0.05822,   0.02582,  -0.00219,   0.01182,   0.06084,   0.02757,   0.03458,   0.06434,   0.10111,   0.01182,   0.04683,  -0.03896,   0.00131,  -0.03020,   0.05734,   0.02582,  -0.04771,  -0.02145,  -0.06522,   0.00306,  -0.00219,  -0.02495,   0.07310,  -0.00394,   0.03633,   0.03108,   0.05559,   0.01007,   0.03633,   0.05734,  -0.04946,  -0.00569,   0.06434,  -0.00569,   0.07485,  -0.04071,  -0.03020,   0.06959,  -0.04421,   0.05734,  -0.03370,   0.05209,  -0.03020,  -0.03545,  -0.04771,   0.09761,  -0.02320,  -0.03370,  -0.04246,  -0.05997,  -0.00569,  -0.00744,  -0.00394,  -0.05121,   0.03808,  -0.01094,  -0.04946,   0.02582,   0.02757,  -0.00919,  -0.01795,   0.04683,  -0.03370,   0.03283,   0.08535,  -0.02145,  -0.02145,  -0.02320,  -0.05997,  -0.03721,   0.02933,  -0.01795,   0.04508,   0.00832,   0.00131,   0.07135,   0.02933,   0.05384,   0.03283,  -0.11949,   0.00481,  -0.03896,  -0.00919,  -0.03545,  -0.04946,  -0.00219,   0.08885,  -0.03195,   0.05034,  -0.01094,   0.05209,   0.04158,  -0.02495,  -0.04246,   0.01007,  -0.07047,   0.01532,  -0.04246,  -0.06522,   0.03808,  -0.02670,   0.02232,   0.07485,   0.02232,   0.00131,  -0.00919,   0.01182,  -0.03545,  -0.00219,  -0.00044,  -0.05121,   0.04508,   0.00306,  -0.05646,  -0.00394,  -0.03195,   0.05034,   0.05909,   0.04508,  -0.04421,  -0.00569,   0.11512,   0.01532,   0.02757,  -0.01444,  -0.05646,   0.06784,   0.04158,  -0.03545,   0.02057,  -0.04421,   0.02232,  -0.03020,  -0.05646,  -0.07747,  -0.01444,   0.03108,  -0.06172,  -0.03020,  -0.03020,   0.06084,  -0.00919,  -0.10724,   0.00306,  -0.08273,   0.03283,   0.06259,  -0.01620,   0.02757,  -0.07922,  -0.02320,   0.01007,   0.05384,  -0.03370,  -0.01094,   0.02232,  -0.04771,   0.07310,  -0.03721,  -0.05822,   0.02057,  -0.05121,  -0.05296,  -0.08623,   0.00657,  -0.04246,  -0.03896,  -0.00919,  -0.02495,  -0.06347,   0.03633,   0.05559,  -0.00044,   0.01707,  -0.04246,  -0.03020,  -0.03896,   0.02057,  -0.05646,  -0.00219,  -0.02845,  -0.05296,   0.01882,   0.07135,   0.03283,   0.01532,   0.04683,  -0.05121,   0.06259,   0.06959,   0.02582,   0.03633,  -0.01970,  -0.08448,   0.02933,   0.02407,  -0.06872,  -0.02495,   0.09761,  -0.02495,   0.00832,   0.01182,   0.03283,  -0.00394,  -0.03545,   0.02057,  -0.06347,  -0.07397,   0.05559,  -0.04946,   0.02407,  -0.04596,   0.10286,   0.10461,  -0.01795,  -0.07747,   0.03633,   0.02232,   0.05734,  -0.01970,   0.01007,  -0.00394,  -0.04421,   0.00306,   0.01357,   0.03108,   0.00481,   0.01707,  -0.00744,   0.06609,   0.01532,  -0.11074,   0.01882,  -0.00044,  -0.10549,  -0.03545,  -0.00919,   0.02057,  -0.04421,  -0.00569,  -0.05646,  -0.03370,   0.04158,   0.01182,  -0.01094,  -0.04246,  -0.00044,  -0.01444,  -0.05121,  -0.05296,   0.03808,  -0.01620,   0.02232,   0.00306,  -0.04421,  -0.01620,  -0.00219,   0.07310,   0.01707,   0.03808,   0.01707,  -0.00394,  -0.00569,   0.01707,  -0.02670,   0.00832,   0.00657,  -0.00219,  -0.05822,   0.03458,  -0.00394,   0.02057,   0.01357,  -0.01795,  -0.05997,   0.01182,   0.04333,  -0.02145,   0.02057,  -0.04246,   0.09761,  -0.04071,   0.06784,   0.03458,  -0.00219,   0.01007,  -0.05822,  -0.00219,  -0.06522,   0.03983,  -0.05646,  -0.06347,  -0.02670,  -0.03545,  -0.04946,  -0.00219,  -0.02320,  -0.00744,  -0.02145,  -0.02495,  -0.00919,  -0.02145,  -0.04246,  -0.02845,   0.01357,   0.01532,  -0.06172,   0.04158,   0.01357,   0.01532,   0.01532,  -0.00044,  -0.07572,  -0.05997,  -0.05121,   0.03108,   0.02757,  -0.09148,   0.01357,   0.01532,   0.03983,  -0.03020,   0.03458,   0.05384,   0.00306,   0.00306,   0.02407,   0.03633,   0.01532,   0.01182,  -0.06697,  -0.03896,  -0.02670,   0.06784,   0.05734,   0.11161,  -0.03370,  -0.00569,   0.02232,  -0.01094,   0.02933,  -0.03721,  -0.04771,  -0.12124,   0.05209,  -0.00744,  -0.02670,   0.00306,  -0.05646,   0.05909,  -0.02320,  -0.03020,   0.06784,   0.04858,   0.03108,  -0.04771,  -0.11599,   0.00481,  -0.04071,   0.00832,  -0.00044,  -0.00044,   0.01007,  -0.07747,   0.03808,  -0.08098,   0.04333,  -0.03195,  -0.05997,  -0.02320,  -0.01269,   0.08010,   0.02582,  -0.01269,  -0.01795,   0.02407,  -0.00394,   0.06609,   0.03458,  -0.04771,   0.01357,   0.01882,  -0.00744,  -0.03370,  -0.02320,  -0.07047,   0.03808,  -0.01620,   0.05209,   0.00306,  -0.08448,  -0.07747,  -0.00919,   0.01882,   0.01182,   0.04333,   0.01007,  -0.03721,   0.03808,   0.02057,  -0.05822,  -0.04071,  -0.04246,   0.03458,   0.01182,   0.05909,   0.01357,  -0.02845,   0.06434,   0.05034,   0.02933,   0.00131,  -0.00919,   0.04508,   0.02407,  -0.03721,  -0.00744,  -0.04596,   0.05384,   0.06084,  -0.00044,  -0.01444,  -0.03896,  -0.03721,   0.11161,   0.01357,  -0.00394,  -0.00569,   0.00306,  -0.00744,  -0.03545,   0.01882,  -0.01795,  -0.04421,  -0.01444,  -0.03896,  -0.03020,  -0.03721,   0.02407,   0.01707,  -0.01620,   0.01357,  -0.03370,   0.02582,  -0.03020,   0.02757,   0.00832,  -0.07572,   0.00832,   0.03108,   0.00481,  -0.04771,  -0.04946,   0.05909,  -0.02320,  -0.00744,  -0.03545,   0.00481,  -0.01970,   0.05559,  -0.03020,  -0.04421,   0.02757,  -0.03020,   0.00657,  -0.01094,  -0.08098,   0.09586,  -0.01970,  -0.04946,  -0.02145,   0.04158,  -0.03020,   0.00657,   0.01707,   0.03983,  -0.02670,  -0.00394,   0.01707,  -0.05822,  -0.03195,   0.03983,   0.02232,  -0.03020,  -0.01795,   0.09761,  -0.05471,  -0.07397,   0.05034,  -0.02145,   0.00832,   0.04508,  -0.02320,  -0.00219,   0.04858,   0.02057,  -0.07397,  -0.07572,  -0.05646,   0.07135,  -0.03545,  -0.04946,   0.02407,   0.00131,  -0.00569,  -0.05296,   0.05034,   0.07660,  -0.03896,  -0.03545,  -0.05646,  -0.00219,   0.05384,   0.01532,  -0.11249,   0.07660,   0.03458,   0.00481,   0.05209,  -0.00394,  -0.11424,   0.01707,  -0.03721,  -0.00044,  -0.03020,  -0.05121,   0.00481,   0.01707,   0.02933,  -0.00744,   0.01882,   0.01532,  -0.04071,   0.04508,   0.01882,  -0.05646,   0.03108,   0.03633,  -0.00044,  -0.10023,  -0.00744,  -0.02320,   0.01182,  -0.00569,  -0.03721,   0.07485,  -0.05646,   0.02057,   0.04333,  -0.04596,   0.02232,   0.00832,   0.08360,   0.00832,   0.06084,   0.02582,   0.02933,  -0.04946,  -0.05471,   0.05909,   0.00481,  -0.00044,  -0.02845,  -0.06172,  -0.07747,   0.09761,  -0.04771,   0.04158,   0.05909,  -0.02670,  -0.00394,   0.13788,  -0.13175,  -0.00394,  -0.02320,  -0.06172,  -0.07047,  -0.05646,  -0.05471,  -0.01094,  -0.08623,  -0.00919,  -0.04946,   0.11336,   0.01532,   0.10636,  -0.10724,   0.04158,  -0.00219,   0.04683,   0.00657,  -0.04946,  -0.07047,  -0.02670,  -0.00219,   0.06959,   0.04158,  -0.00044,   0.04683,  -0.00394,   0.04333,   0.01707,  -0.00044,   0.08010,   0.03633,   0.04858,   0.08010,  -0.00219,   0.08710,  -0.00744,  -0.07222,   0.00832,  -0.02670,   0.04158,  -0.09148,   0.04508,  -0.01269,  -0.02145,   0.01532,   0.01532,   0.02232,   0.08710,   0.02407,  -0.03195,   0.02757,  -0.02145,   0.03108,   0.03108,  -0.08273,   0.02232,   0.02582,  -0.04596,   0.01532,  -0.03370,   0.03633,   0.02933,   0.00657,   0.04683,  -0.05471,  -0.00394,   0.07660,   0.00306,  -0.02495,   0.06434,   0.01707,   0.08360,  -0.09498,   0.07310,   0.06959,  -0.03896,   0.05034,   0.01882,  -0.00919,   0.03108,  -0.07222,  -0.03896,  -0.05296,   0.04508,   0.02933,   0.00131,  -0.07397,  -0.00044,  -0.03195,  -0.00744,  -0.05296,  -0.01269,  -0.08098,  -0.02845,  -0.01094,  -0.03721,  -0.00569,  -0.03370,   0.02757,  -0.00569,  -0.02145,  -0.11424,  -0.05296,  -0.00919,   0.03808,   0.01707,   0.02757,  -0.05646,   0.06434,  -0.01094,   0.03808,  -0.02145,   0.00131,   0.00481,  -0.06522,  -0.05822,   0.02933,  -0.02320,  -0.01620,   0.10986,  -0.10724,  -0.01094,   0.04333,  -0.01795,  -0.07047,  -0.05822,  -0.02670,   0.02407,   0.06784,  -0.03020,  -0.05822,   0.00131,  -0.03545,  -0.00394,  -0.02845,   0.04508,   0.00131,  -0.02320,   0.02407,   0.01707,   0.07835,  -0.09323,   0.00131,  -0.01620,  -0.01620,   0.01707,   0.03633,   0.01707,   0.01007,   0.03458,  -0.07572,   0.03633,   0.02057,  -0.04421,   0.06784,   0.09060,   0.00657,   0.01532,  -0.05646,  -0.07922,  -0.03195,   0.01182,  -0.00569,   0.06434,  -0.02845,  -0.01269,   0.05384,  -0.02845,  -0.01970,   0.00481,  -0.00919,  -0.04771,   0.00306,  -0.03020,  -0.01970,  -0.05822,  -0.03721,   0.00832,  -0.02495
  -0.05822,   0.01182,  -0.07747,  -0.01444,  -0.06697,   0.04333,   0.01532,  -0.01094,   0.03458,  -0.10374,  -0.00919,  -0.03896,   0.01182,  -0.03195,   0.04158,   0.05209,  -0.06872,   0.02057,   0.03283,  -0.05822,   0.04683,  -0.09323,  -0.02845,   0.08535,  -0.02495,  -0.00394,  -0.02670,   0.01707,  -0.00919,   0.08535,   0.02232,  -0.06697,   0.03808,   0.02057,   0.00131,  -0.04246,   0.05034,   0.03983,   0.02933,   0.05034,  -0.00919,  -0.04071,   0.01007,   0.01182,  -0.11249,   0.03283,   0.03458,  -0.01094,   0.03983,   0.03983,   0.04333,  -0.00394,   0.09235,  -0.02320,   0.06959,   0.02757,   0.02407,  -0.01795,  -0.02320,  -0.02845,   0.04508,  -0.05822,  -0.02320,   0.02757,   0.03633,   0.01882,  -0.04246,  -0.03896,   0.02582,   0.04858,   0.01882,   0.00131,   0.01882,  -0.03370,   0.04508,   0.01882,   0.05734,   0.04508,   0.04508,   0.00832,   0.01357,  -0.00569,  -0.05121,   0.03283,   0.03283,   0.01182,  -0.03195,   0.03283,   0.03108,   0.08535,  -0.00044,  -0.00744,   0.03458,  -0.00569,  -0.04771,   0.10811,   0.06784,   0.03283,  -0.02145,   0.04333,  -0.06347,  -0.03370,   0.00832,  -0.03020,  -0.04596,   0.04333,  -0.04246,  -0.00044,  -0.07747,   0.07660,  -0.01620,   0.08360,   0.02933,   0.08885,   0.00131,   0.04508,   0.01007,   0.00832,  -0.01970,   0.01357,   0.04858,   0.01182,   0.02232,  -0.04421,   0.03983,   0.06259,  -0.06172,  -0.00569,   0.03283,   0.05384,   0.02933,   0.04158,  -0.03370,   0.00306,  -0.02845,  -0.01094,  -0.00044,  -0.07047,   0.02232,  -0.04771,   0.01707,  -0.00394,  -0.13000,   0.03633,  -0.04246,   0.01707,  -0.06347,  -0.05822,  -0.03721,   0.01532,  -0.10023,   0.09936,   0.02582,  -0.01795,  -0.03545,   0.05034,  -0.00394,   0.01882,  -0.01094,   0.00832,   0.06084,   0.02933,  -0.03545,   0.00481,   0.09761,  -0.05997,  -0.04246,   0.00832,  -0.03721,  -0.01094,  -0.07922,  -0.02320,   0.01007,  -0.04596,   0.01357,   0.02582,   0.05734,   0.01707,   0.06434,  -0.00219,  -0.04596,  -0.02670,   0.06259,  -0.01620,  -0.04246,  -0.02495,  -0.00219,  -0.01269,   0.00131,  -0.08098,   0.03983,  -0.04071,  -0.00744,  -0.07747,   0.02757,  -0.02670,  -0.07922,  -0.01444,  -0.04071,  -0.05646,   0.01707,  -0.08273,  -0.01970,   0.02407,  -0.05471,  -0.12825,   0.01182,   0.02582,  -0.01970,   0.01007,   0.02757,  -0.11599,   0.04683,   0.03633,  -0.00394,  -0.03020,   0.04683,   0.07835,  -0.01094,   0.01532,   0.01007,  -0.04071,  -0.06172,  -0.00569,  -0.03545,  -0.07397,   0.03458,   0.05559,   0.04683,   0.03458,  -0.00219,  -0.00044,   0.07660,  -0.03195,   0.00131,   0.04683,   0.06959,  -0.03370,   0.00306,   0.09235,   0.03808,  -0.00394,  -0.01269,   0.06609,  -0.02670,   0.02582,  -0.01795,   0.04683,   0.04158,  -0.02145,   0.08010,   0.04508,  -0.06872,   0.07485,   0.04858,   0.01357,  -0.03896,   0.01357,  -0.01094,  -0.03370,  -0.01444,   0.06084,   0.03108,   0.02057,  -0.02670,   0.03283,   0.00481,   0.01357,   0.03808,   0.02582,  -0.06872,  -0.00744,   0.08360,   0.06434,   0.01357,   0.05909,  -0.04071,   0.01707,   0.01357,  -0.07222,   0.04683,  -0.05471,  -0.00569,   0.02757,  -0.00394,  -0.02320,   0.01707,   0.01357,  -0.03195,  -0.00394,   0.08010,   0.01707,  -0.03721,  -0.01620,  -0.05471,   0.02232,   0.00481,   0.03283,  -0.00044,  -0.03721,   0.02407,  -0.05121,  -0.02320,   0.06784,   0.02582,   0.01182,  -0.01269,  -0.02670,   0.03633,  -0.01970,  -0.05822,  -0.04421,   0.01882,  -0.02495,  -0.06347,   0.02232,  -0.04771,   0.05034,   0.00832,  -0.07572,   0.05559,   0.02057,   0.01882,  -0.03896,  -0.02495,   0.08710,  -0.01620,   0.02757,   0.00131,  -0.07047,   0.01532,  -0.01620,   0.04333,  -0.07397,  -0.05121,   0.03633,  -0.00044,  -0.07572,   0.05559,   0.04158,   0.02407,   0.03108,  -0.05471,   0.06784,   0.03983,  -0.03721,   0.04683,  -0.05997,   0.04508,   0.02933,  -0.00219,  -0.08098,   0.04683,   0.00657,  -0.04421,   0.02232,  -0.00394,  -0.00394,  -0.03370,   0.03458,   0.02407,  -0.06872,   0.00657,  -0.02670,  -0.05822,   0.03108,   0.00657,   0.06259,   0.07835,   0.01007,  -0.00394,   0.02933,   0.03808,   0.01707,   0.03983,   0.02057,  -0.03195,  -0.02320,  -0.01444,   0.02057,  -0.03545,  -0.02320,  -0.00919,  -0.03020,   0.04683,   0.07135,   0.07485,  -0.02320,  -0.03721,   0.02757,   0.07135,   0.03633,  -0.02845,  -0.00394,   0.02057,  -0.01269,  -0.02320,   0.02933,   0.02407,   0.01707,  -0.05822,   0.03283,  -0.01970,   0.03283,  -0.01795,   0.06084,  -0.03721,  -0.00394,   0.03283,  -0.01795,  -0.06697,  -0.01269,  -0.05471,   0.06259,  -0.01620,  -0.01795,  -0.02845,   0.02407,  -0.00044,   0.09411,   0.06784,  -0.04421,   0.02933,  -0.00744,  -0.04421,   0.03108,  -0.04596,   0.01007,   0.06784,   0.02232,  -0.00569,   0.06784,  -0.02670,   0.05559,  -0.10199,   0.05034,   0.01532,   0.02232,   0.07135,   0.06434,   0.01007,   0.03983,   0.06259,   0.05034,   0.04158,  -0.08273,  -0.02320,   0.03108,  -0.03195,   0.01882,  -0.02845,   0.06259,   0.03808,   0.04858,  -0.02145,   0.03983,  -0.08273,   0.04858,  -0.03020,   0.05559,   0.01007,  -0.01970,  -0.02320,   0.01707,  -0.00569,   0.02933,   0.01007,  -0.02670,   0.09411,   0.02582,   0.03808,   0.02407,   0.11512,   0.00306,   0.01882,   0.01882,   0.01882,   0.03283,  -0.01444,  -0.04946,  -0.01269,  -0.04421,   0.02057,  -0.08623,  -0.04421,  -0.00394,   0.00481,  -0.05997,  -0.01620,   0.00131,  -0.06347,   0.00481,   0.05734,  -0.05121,  -0.00919,   0.03633,   0.00481,  -0.04071,  -0.00744,   0.03808,   0.11687,   0.00131,  -0.04421,   0.04333,   0.00657,   0.06084,  -0.02145,   0.01182,   0.00832,  -0.00044,   0.07135,  -0.04071,  -0.01970,  -0.01094,   0.03808,   0.00481,   0.05909,   0.05034,   0.00481,   0.01532,  -0.00044,   0.03808,   0.01707,   0.06784,  -0.03721,  -0.03195,   0.01532,  -0.02670,  -0.01620,   0.01007,  -0.05121,  -0.05471,  -0.04596,   0.00481,   0.02057,   0.03983,   0.03983,  -0.03370,   0.02057,   0.02407,   0.00131,   0.05734,   0.06084,   0.01357,  -0.00919,  -0.00219,   0.04683,  -0.06522,   0.01357,  -0.04421,   0.00306,   0.00306,   0.00131,   0.05384,   0.01357,  -0.01795,  -0.03020,  -0.01269,   0.00832,   0.07135,  -0.03195,  -0.00394,   0.04683,  -0.09148,   0.05209,  -0.03370,   0.01882,   0.00657,   0.02057,  -0.04421,   0.00131,  -0.02670,  -0.01269,   0.04683,  -0.02145,   0.01007,   0.06259,   0.02933,   0.07485,  -0.04771,  -0.02320,  -0.00394,  -0.01444,   0.07485,   0.02582,  -0.03195,   0.02407,  -0.05121,  -0.02845,  -0.04071,  -0.03020,  -0.01795,   0.04508,  -0.00744,   0.04683,   0.06259,   0.00832,   0.01182,   0.07135,  -0.07922,   0.06084,   0.00306,   0.06434,  -0.03896,   0.03283,   0.02407,   0.05734,   0.12387,  -0.01269,   0.07135,  -0.00044,   0.07310,  -0.05121,   0.01532,  -0.04071,   0.01357,   0.02232,   0.01007,   0.00481,   0.02582,   0.03808,  -0.05296,   0.01182,  -0.00744,   0.05734,   0.03283,   0.01357,   0.03283,  -0.06872,   0.01357,  -0.01269,   0.00306,  -0.01269,   0.00481,   0.01707,  -0.02845,   0.01182,  -0.00569,   0.00306,  -0.04596,  -0.02845,   0.03458,   0.02407,  -0.01269,   0.01182,  -0.02670,   0.05034,   0.01007,  -0.01269,  -0.00394,  -0.00394,  -0.04771,  -0.01444,  -0.08448,  -0.01620,  -0.04071,   0.00657,  -0.03545,  -0.00744,   0.03108,  -0.01970,   0.05384,  -0.03721,  -0.01795,  -0.00919,   0.00832,   0.03283,   0.01707,  -0.01094,   0.07835,  -0.03896,  -0.00219,  -0.01269,   0.02933,   0.04158,  -0.00394,  -0.05296,   0.04858,   0.02057,   0.01532,  -0.04596,   0.01707,   0.04158,  -0.01269,   0.00306,   0.03983,  -0.04596,  -0.01970,  -0.00044,  -0.02670,  -0.06347,  -0.03896,   0.03458,  -0.04246,  -0.00919,   0.06784,  -0.02320,   0.03633,   0.00481,   0.03108,   0.01707,   0.01357,  -0.00394,   0.02757,  -0.01970,   0.04158,  -0.05296,   0.00481,   0.03458,  -0.02845,  -0.06347,   0.00306,   0.01882,   0.00306,  -0.00744,  -0.00919,   0.05034,  -0.02845,   0.05384,   0.02582,   0.02582,  -0.08098,  -0.06347,   0.00131,   0.07135,   0.12212,   0.09936,   0.08535,   0.05734,  -0.01444,  -0.00569,  -0.02145,   0.02582,   0.03633,  -0.00744,  -0.05121,   0.01182,  -0.00394,  -0.00394,   0.04508,  -0.00744,  -0.03545,  -0.04596,   0.05559,   0.02757,   0.03458,  -0.01620,   0.01357,   0.02232,   0.02582,   0.01007,  -0.02320,  -0.00744,   0.03983,   0.06784,   0.07310,   0.02057,  -0.00919,   0.01357,   0.03108,   0.00657,   0.00832,  -0.00219,  -0.00394,   0.04333,   0.01357,   0.01707,  -0.09323,   0.00481,  -0.00919,   0.04333,  -0.07397,  -0.00394,  -0.00219,   0.01882,  -0.03721,   0.06084,  -0.00744,  -0.00744,   0.01882,  -0.00919,  -0.01094,   0.02232,   0.02582,   0.01532,   0.08010,   0.02407,   0.02582,  -0.00744,  -0.07047,   0.02057,  -0.01620,  -0.04071,   0.05034,   0.00832,  -0.01269,   0.01532,   0.01182,   0.08360,   0.02933,   0.06434,  -0.04246,  -0.04596,  -0.00919,   0.04508,   0.01357,  -0.02845,   0.01182,  -0.02320,   0.02057,  -0.01620,   0.02582,   0.02757,   0.02407,   0.10111,   0.02757,  -0.03020,   0.05209,  -0.04596,   0.03108,  -0.02670,   0.03633,   0.04508,   0.00131,   0.01007,   0.04858,  -0.00394,  -0.00919,  -0.03545,  -0.00744,  -0.01269,  -0.02845,  -0.04771,   0.01707,  -0.02145,  -0.07747,  -0.02845,   0.05559,  -0.01620,   0.01532,   0.02933,  -0.07572,   0.03283,   0.03633,  -0.07222,  -0.00394,  -0.04246,  -0.06522,  -0.01269,   0.02933,  -0.06522,   0.04683,   0.07135,  -0.00919,   0.00131,  -0.06697,   0.00657,  -0.00569,  -0.02495,  -0.03721,   0.01532,  -0.04596,  -0.00394,  -0.04596,  -0.04596,   0.01707,  -0.03195,   0.03808,   0.04858,  -0.05997,  -0.04771,   0.03633,   0.05034,   0.01882,  -0.07922,   0.01882,  -0.02670,   0.05034,  -0.01094,  -0.03545,   0.01532,   0.04683,   0.04333,   0.02232,  -0.05997,   0.04683,   0.00306,   0.00481,  -0.07922,   0.04683,  -0.01620,   0.01532,  -0.03020,  -0.05997,   0.07310,  -0.04596,   0.01182,   0.03283,   0.03983,   0.05384,  -0.04071,  -0.02845,   0.00481,  -0.01444,  -0.01970,   0.03108,   0.01182,  -0.08273,  -0.00394,  -0.00569,   0.02232,   0.01532,   0.05384,  -0.00569,   0.03458,   0.03808,  -0.03370,   0.00657,  -0.03020,  -0.04946,   0.05384,  -0.01094,   0.01182,  -0.00394,   0.09586,   0.11336,   0.06609,   0.01357,  -0.01970,   0.05559,  -0.05296,  -0.00394,   0.03633,  -0.00219,   0.02407,   0.02757,  -0.07747,  -0.00744,   0.05734,  -0.00219,  -0.01269,   0.01707,  -0.00569,   0.01182,  -0.00919,  -0.04071,  -0.01970,   0.01007,  -0.09673,   0.05384,  -0.05121,  -0.08098,  -0.09673,  -0.03896,   0.02407,  -0.01795,  -0.02495,   0.01182,   0.02057,   0.04858,   0.00657,   0.03283,  -0.04771,  -0.00394,   0.06084,   0.01182,  -0.01620,  -0.01795,   0.00481,   0.02757,   0.03633,   0.02407,   0.02757,   0.02582,   0.05034,   0.04158,  -0.04946,  -0.00569,   0.05909,   0.07310,   0.07485,   0.04683,   0.01532,  -0.10374,   0.02933,   0.04508,   0.06609,   0.02232,  -0.03721,   0.00131,   0.05734,   0.01357,   0.00481,  -0.01795,   0.04333,  -0.01444,  -0.01444,   0.01707,  -0.00394,   0.02933,  -0.00394,  -0.05471,  -0.05121,   0.00832,  -0.00394,  -0.05471,   0.03458,  -0.03195,   0.02407,   0.01007,  -0.07397,  -0.03721,  -0.01444,  -0.01094,   0.03108,  -0.02145,  -0.01094,   0.03108,  -0.04771,  -0.02145,   0.00832,  -0.02320,   0.02232,  -0.03195
   0.00481,  -0.01795,  -0.06522,   0.03983,  -0.08098,   0.01357,  -0.00044,  -0.02845,  -0.01970,  -0.00569,  -0.01620,   0.05209,  -0.01444,  -0.01970,   0.03108,   0.07310,   0.05209,  -0.02670,   0.00306,  -0.05121,  -0.02495,  -0.00394,   0.07485,  -0.00219,  -0.09148,  -0.08273,   0.01882,   0.03983,   0.01882,   0.02407,   0.08010,   0.04158,  -0.01444,   0.02407,  -0.03195,   0.01007,   0.00131,   0.01532,   0.04683,   0.02232,  -0.00744,   0.05734,  -0.01269,   0.00481,   0.00306,  -0.03195,  -0.08273,  -0.00919,  -0.12650,   0.08535,  -0.04071,   0.10811,   0.00832,   0.06084,   0.03108,  -0.00919,  -0.01970,  -0.03195,   0.02757,   0.02757,  -0.03195,  -0.05471,   0.02582,  -0.02670,   0.06609,  -0.01970,  -0.02670,  -0.06697,  -0.05471,  -0.03545,  -0.01970,   0.01532,  -0.06522,   0.02757,  -0.01970,  -0.04246,   0.07835,   0.01182,  -0.00044,  -0.05121,  -0.02670,   0.00131,  -0.04246,  -0.00569,   0.05734,   0.07485,  -0.04771,   0.04508,  -0.06872,  -0.00219,   0.04508,  -0.00744,   0.01357,   0.01182,  -0.03020,  -0.08448,  -0.00919,   0.05559,   0.01882,  -0.03370,   0.05559,   0.09060,   0.00657,   0.03108,  -0.09148,   0.03458,  -0.07572,   0.08360,  -0.01620,  -0.00219,   0.00481,   0.03633,  -0.02145,  -0.01269,   0.02582,  -0.04946,  -0.00919,   0.04508,   0.01707,   0.04158,  -0.04071,  -0.03370,   0.06259,   0.01707,  -0.00919,   0.05559,   0.01882,  -0.03545,  -0.01970,   0.02232,   0.03283,  -0.02670,   0.02232,  -0.05471,  -0.08623,   0.07135,   0.01882,  -0.05997,  -0.01444,   0.05734,  -0.00219,   0.01532,   0.04158,   0.01707,   0.01882,  -0.10724,  -0.03020,  -0.03370,  -0.04421,   0.01707,   0.06959,  -0.05121,   0.00131,   0.08360,  -0.04246,  -0.02145,   0.05909,  -0.01795,  -0.00569,  -0.04596,   0.05384,   0.00131,  -0.01094,  -0.05121,  -0.05471,   0.03983,  -0.05997,   0.01357,   0.07135,  -0.02670,   0.00832,   0.09235,  -0.00394,   0.06259,   0.00131,  -0.06522,   0.05909,   0.02407,   0.05034,   0.04333,  -0.03195,  -0.00569,  -0.04071,  -0.03896,   0.03108,   0.01007,   0.03633,   0.00131,   0.00131,   0.00481,  -0.01795,   0.03633,   0.00131,  -0.04421,   0.05909,  -0.01620,  -0.03370,  -0.04071,   0.00832,   0.03633,   0.05909,   0.04683,  -0.05471,  -0.06697,  -0.01620,  -0.05471,  -0.03896,  -0.00919,   0.00306,  -0.00044,   0.00657,  -0.04071,  -0.06172,  -0.03195,   0.01357,   0.00131,   0.01707,  -0.05471,   0.06784,  -0.04421,  -0.00919,   0.00832,   0.05384,  -0.02495,   0.01182,   0.01182,   0.02232,   0.09761,  -0.05646,  -0.02845,  -0.07222,  -0.07397,   0.01532,  -0.05471,  -0.03370,   0.08535,  -0.00394,  -0.00569,  -0.01620,   0.04158,  -0.03370,   0.04683,  -0.05296,   0.04508,   0.04683,  -0.04421,  -0.00919,  -0.00394,  -0.08448,   0.04683,   0.09586,  -0.00044,  -0.01620,   0.00306,  -0.04071,  -0.04421,  -0.03721,  -0.03370,  -0.04946,  -0.04596,   0.01707,   0.04508,  -0.05646,  -0.00744,  -0.00394,   0.02057,   0.01182,  -0.01094,   0.04333,  -0.00394,  -0.01970,  -0.01269,  -0.06522,   0.01707,  -0.03195,  -0.04246,  -0.01269,  -0.07397,   0.03283,  -0.01620,  -0.03545,   0.05559,   0.05734,   0.00657,   0.00306,  -0.05997,  -0.07572,  -0.13175,   0.07835,  -0.01444,   0.00657,   0.02933,  -0.04246,   0.01007,   0.03633,  -0.02145,  -0.00044,  -0.05121,   0.03633,  -0.07747,  -0.01795,  -0.00744,  -0.01094,  -0.00219,   0.04333,  -0.09498,   0.01182,   0.03808,   0.06259,   0.02582,  -0.01620,   0.08710,   0.05734,   0.01707,   0.04858,  -0.08973,  -0.04071,   0.04858,   0.02757,  -0.02670,  -0.00919,  -0.00744,  -0.09148,  -0.01094,  -0.01094,  -0.03020,  -0.04071,   0.05909,   0.08185,  -0.03020,   0.06959,   0.00481,   0.02057,   0.00832,   0.05209,  -0.04421,   0.06784,   0.05384,   0.05384,  -0.06872,  -0.06347,   0.03108,   0.00481,   0.00657,   0.04508,   0.01357,   0.04333,  -0.01795,  -0.05296,   0.02057,  -0.03370,  -0.07047,   0.00657,  -0.02320,   0.02057,   0.01532,  -0.01620,   0.03633,   0.00481,   0.01882,   0.00131,   0.05034,  -0.04071,  -0.00219,   0.04508,  -0.04421,  -0.05822,  -0.01444,   0.04508,  -0.07572,  -0.01269,   0.00306,  -0.01094,  -0.08798,   0.01882,   0.06434,   0.01707,  -0.00044,   0.02232,   0.03108,   0.02407,   0.06259,   0.01882,  -0.06872,   0.03633,   0.01182,  -0.02670,  -0.04071,   0.07835,   0.08535,  -0.01444,  -0.00219,  -0.06172,   0.00657,   0.00832,  -0.02145,  -0.00394,   0.05559,  -0.03896,   0.02407,  -0.00919,   0.01532,   0.04683,   0.07310,  -0.07572,   0.06784,  -0.05471,  -0.03721,  -0.07222,   0.03458,   0.06959,   0.02757,  -0.00569,  -0.01094,  -0.00044,  -0.00394,   0.03283,  -0.00044,   0.03808,  -0.00569,   0.02933,  -0.01444,   0.00657,  -0.06347,   0.06259,   0.01532,  -0.04596,  -0.07572,  -0.07047,   0.01882,   0.05734,   0.05909,   0.04858,   0.01357,  -0.03020,   0.05034,   0.03983,   0.07135,   0.01532,   0.01182,  -0.01444,  -0.00569,   0.03108,   0.06434,   0.03458,   0.03108,   0.04158,  -0.08973,   0.00131,   0.06959,   0.03283,  -0.00394,   0.00657,  -0.01620,  -0.01620,  -0.03896,  -0.03195,  -0.00394,  -0.07747,  -0.00219,  -0.00219,  -0.04946,   0.05734,  -0.02495,  -0.00919,   0.04683,   0.05909,   0.04158,  -0.01094,  -0.02670,  -0.04596,  -0.14751,   0.04858,   0.04858,   0.00481,   0.02757,  -0.00044,   0.01007,  -0.05471,   0.00657,  -0.05296,   0.11687,   0.04858,  -0.02670,  -0.00394,   0.02232,   0.00131,   0.02407,  -0.04596,   0.03633,  -0.03020,  -0.02845,  -0.00219,  -0.02845,   0.02232,   0.01532,  -0.00744,  -0.00044,  -0.01094,   0.02582,  -0.03195,  -0.01795,  -0.04771,  -0.00394,  -0.02670,  -0.08448,   0.01707,  -0.01970,  -0.00394,  -0.02845,   0.02757,   0.01532,   0.01532,   0.01882,  -0.03545,  -0.00569,  -0.02145,   0.03458,   0.05209,  -0.05997,   0.02933,   0.03108,   0.02757,  -0.05471,   0.02933,  -0.04421,   0.06084,  -0.01269,  -0.01620,  -0.01444,  -0.00219,   0.02232,  -0.03545,   0.00131,  -0.01620,   0.00481,   0.02582,  -0.00394,  -0.01444,  -0.01970,  -0.05822,  -0.05646,  -0.08448,   0.03458,   0.01182,  -0.04071,   0.07135,   0.01882,  -0.02670,   0.04508,  -0.00744,   0.02582,  -0.06522,  -0.00394,   0.03108,   0.00832,  -0.02670,  -0.00569,  -0.06872,  -0.01795,   0.01532,  -0.02845,   0.03108,  -0.06872,  -0.00394,   0.03458,   0.06084,   0.02407,   0.01532,   0.04158,   0.06609,  -0.06172,   0.08535,  -0.10199,  -0.04771,   0.00832,   0.03458,  -0.06697,  -0.00044,  -0.05646,   0.08010,   0.00306,   0.02582,  -0.00919,   0.10461,   0.01882,  -0.02145,   0.03458,   0.07835,   0.01182,  -0.01795,   0.01357,   0.02407,  -0.02670,   0.07660,  -0.07222,  -0.03195,   0.03108,   0.02933,   0.03108,   0.00832,  -0.04421,  -0.06347,   0.06959,   0.02933,  -0.02495,  -0.01269,   0.08710,   0.00131,  -0.04946,  -0.02670,   0.06084,   0.04333,  -0.00219,  -0.03721,   0.05734,  -0.06172,  -0.03020,   0.09411,  -0.06172,  -0.02845,  -0.05121,  -0.02495,   0.01182,  -0.03545,  -0.00044,   0.06434,   0.03983,   0.01007,   0.03633,   0.01707,   0.00481,  -0.03721,  -0.05471,  -0.03195,   0.05034,   0.03983,  -0.03721,   0.09235,  -0.00744,  -0.01094,  -0.01269,   0.00832,  -0.00569,  -0.00569,   0.01882,   0.00306,   0.06434,  -0.04246,  -0.01620,  -0.05646,   0.02933,   0.09936,   0.05384,  -0.03020,  -0.00569,   0.00657,  -0.00744,  -0.01269,   0.04333,   0.06259,  -0.01970,  -0.02495,   0.03283,  -0.03545,  -0.03370,  -0.01970,  -0.00044,  -0.11949,   0.01707,   0.05559,  -0.01444,  -0.07572,   0.00306,  -0.04946,  -0.02495,   0.01882,  -0.00394,   0.04508,   0.00306,  -0.04421,   0.04158,  -0.02845,   0.00832,  -0.04246,   0.03983,   0.01882,   0.00481,  -0.03721,   0.01357,   0.04333,  -0.05822,  -0.01444,   0.00306,   0.07660,  -0.01970,   0.02582,   0.00481,  -0.05997,   0.00657,  -0.00919,   0.03283,   0.03808,   0.07835,   0.08360,  -0.00394,  -0.03896,   0.01007,   0.01532,   0.06609,   0.02582,  -0.02145,   0.02582,  -0.06872,  -0.05296,   0.02057,   0.00832,   0.02057,   0.03283,  -0.04421,   0.00832,  -0.02495,  -0.10899,  -0.01444,  -0.01444,   0.09235,  -0.00744,   0.06959,   0.06259,   0.02057,  -0.00569,   0.04508,   0.01182,  -0.02495,   0.05034,   0.00306,  -0.04946,  -0.02845,  -0.05646,  -0.07047,   0.03283,  -0.03721,  -0.04071,  -0.07572,   0.06959,   0.02757,  -0.03721,   0.04858,  -0.06522,   0.13613,   0.03108,  -0.01269,  -0.00744,  -0.04771,  -0.03020,   0.08010,   0.01707,  -0.03896,   0.07660,   0.05734,  -0.06522,   0.01532,  -0.01094,  -0.01094,  -0.01094,   0.01357,   0.06784,  -0.05997,   0.03283,  -0.01094,  -0.07922,   0.09936,  -0.03370,  -0.09323,  -0.00219,   0.00832,   0.03633,   0.02232,   0.08010,   0.05734,   0.04683,  -0.07922,  -0.05997,  -0.00044,   0.05559,   0.05734,   0.02232,   0.01532,   0.02057,  -0.05646,  -0.02145,   0.01007,   0.01007,   0.02757,   0.04508,  -0.03721,  -0.02320,  -0.00394,  -0.04596,  -0.07572,   0.01357,  -0.09148,  -0.02670,  -0.07047,  -0.04421,   0.00131,   0.01007,  -0.01269,  -0.00394,  -0.00394,  -0.08273,   0.00832,   0.01882,  -0.00919,  -0.03896,   0.03983,   0.01882,   0.01182,   0.01882,   0.02407,  -0.02145,  -0.04421,  -0.02670,   0.01182,   0.06259,   0.04333,   0.01707,   0.03108,   0.02933,  -0.00569,  -0.05121,   0.03983,  -0.00744,  -0.01444,   0.05384,  -0.04596,   0.00481,   0.05559,   0.02057,  -0.05997,   0.01357,   0.01007,   0.07485,   0.05209,   0.02057,  -0.07047,   0.02232,  -0.01795,   0.01357,  -0.02320,  -0.00219,  -0.00219,   0.05034,   0.00657,   0.03458,  -0.05471,   0.01357,  -0.05822,  -0.05646,   0.00306,  -0.06872,   0.11161,  -0.02320,   0.00131,  -0.03721,  -0.00919,  -0.01970,   0.02057,  -0.05646,   0.05559,  -0.01444,  -0.00044,  -0.01094,   0.06434,  -0.07222,  -0.02845,   0.07135,  -0.05121,   0.01182,  -0.11249,   0.00481,  -0.01094,  -0.08798,   0.05034,  -0.08973,  -0.01269,   0.09586,   0.07835,   0.00131,   0.01707,  -0.02845,   0.01007,  -0.01269,  -0.08623,   0.00657,   0.00832,  -0.06697,  -0.01970,  -0.03896,   0.11862,  -0.00044,   0.00832,  -0.08448,   0.00131,  -0.07047,  -0.00569,  -0.05121,  -0.05296,  -0.00569,  -0.01269,   0.05734,  -0.06697,   0.03458,   0.05034,   0.04158,  -0.06522,  -0.03020,   0.00306,  -0.02670,   0.06959,   0.03808,   0.01707,   0.06084,  -0.01094,   0.00131,   0.02232,  -0.02320,   0.01707,   0.02057,  -0.00919,  -0.08798,  -0.00394,  -0.04246,   0.04333,   0.06259,  -0.02670,   0.05734,   0.05034,   0.01182,  -0.00569,  -0.02845,   0.05909,  -0.04421,   0.08010,  -0.01269,  -0.02320,   0.01882,  -0.03020,  -0.02670,  -0.11424,   0.07310,  -0.01269,  -0.04596,   0.01357,  -0.08798,   0.01357,   0.01882,  -0.04596,  -0.01970,   0.05384,  -0.05997,  -0.04771,   0.03808,  -0.01795,  -0.04421,  -0.00919,   0.02933,   0.02057,  -0.00744,  -0.06347,   0.01707,   0.01007,  -0.03896,  -0.02320,  -0.00394,   0.03633,  -0.02320,   0.04158,  -0.05121,   0.04333,  -0.01269,   0.05734,  -0.00219,  -0.03545,   0.03108,   0.01707,   0.01357,   0.08535,  -0.04596,   0.06434,   0.02757,  -0.03896,  -0.02320,  -0.00219,  -0.00919,   0.05034,  -0.00044,   0.01532,   0.08185,  -0.02320,   0.02232,   0.07310,   0.03108,  -0.04246,   0.03633,   0.04858,   0.05384,  -0.04596,  -0.02320,  -0.03370,   0.01532,   0.00481,   0.07135,  -0.06347,  -0.02845,  -0.04771,  -0.04246,  -0.06697,  -0.00044,   0.04508,   0.10111,   0.02232,   0.05734,   0.03983
   0.08010,  -0.06172,   0.02057,  -0.00919,   0.02232,  -0.01269,  -0.07397,   0.08010,   0.01707,   0.02757,  -0.04421,   0.00832,  -0.07747,  -0.04246,  -0.01444,  -0.01269,  -0.04246,   0.02582,  -0.11424,   0.02057,  -0.01269,  -0.07747,   0.02582,   0.06259,   0.14313,   0.05034,  -0.07747,   0.05034,  -0.00394,  -0.03896,  -0.00044,  -0.00919,   0.06084,   0.05209,  -0.01269,  -0.01094,   0.01182,  -0.01970,  -0.03195,   0.05209,   0.01182,   0.01882,   0.02933,   0.04858,  -0.08623,   0.08885,  -0.05296,   0.07310,  -0.03370,  -0.01970,  -0.05296,   0.00306,  -0.05296,  -0.01970,   0.03108,  -0.00394,   0.05209,   0.04508,   0.04158,  -0.08623,  -0.00569,  -0.02320,   0.02757,   0.02582,  -0.08623,   0.02407,   0.03633,   0.01707,  -0.01795,   0.00657,   0.02933,   0.02057,  -0.05646,   0.02582,   0.05384,  -0.01795,  -0.00219,   0.01882,  -0.05471,  -0.00219,  -0.00919,   0.01357,   0.00481,   0.02757,  -0.05471,   0.03283,   0.01532,   0.03108,   0.03633,   0.04333,   0.03458,  -0.01269,  -0.00919,   0.05034,  -0.00044,   0.06259,  -0.02845,   0.06609,  -0.01970,  -0.08098,   0.03983,  -0.04596,  -0.04246,  -0.10374,  -0.03545,   0.07835,   0.12912,  -0.12650,  -0.04596,   0.08535,  -0.00044,   0.06259,  -0.03721,   0.04333,  -0.09148,  -0.00219,  -0.04246,   0.03808,   0.05034,   0.00657,   0.05384,  -0.01620,  -0.03896,  -0.00219,  -0.07747,   0.02057,   0.02057,   0.00481,  -0.14400,   0.02757,  -0.04946,  -0.01970,  -0.01444,   0.00481,   0.03983,   0.00306,  -0.01444,  -0.01795,  -0.02845,  -0.04071,   0.05209,  -0.04596,   0.02057,   0.07660,  -0.00919,  -0.08098,   0.00657,  -0.05121,  -0.00569,   0.00131,  -0.07222,  -0.02320,   0.05909,   0.01007,   0.02933,   0.01357,  -0.03721,  -0.05121,  -0.11424,  -0.00219,   0.02582,  -0.01620,   0.03808,   0.03283,  -0.04771,  -0.04596,  -0.02320,  -0.04596,  -0.04771,  -0.06172,  -0.04246,   0.03983,   0.00306,   0.02582,   0.11862,   0.00657,   0.05384,   0.01707,   0.03108,   0.02232,   0.01882,   0.02757,   0.01532,  -0.03896,   0.06784,   0.04333,   0.08710,  -0.01970,  -0.01269,  -0.03020,  -0.01094,   0.00306,   0.00131,   0.04158,   0.02407,   0.02057,   0.00481,  -0.01094,  -0.06522,  -0.03896,  -0.04071,  -0.03020,  -0.04421,   0.03983,  -0.05471,  -0.01970,  -0.04421,  -0.01795,   0.00131,  -0.07572,  -0.03370,  -0.02320,   0.04333,   0.06784,   0.13262,   0.02757,   0.02232,   0.06434,   0.01707,   0.02582,  -0.02495,  -0.03545,  -0.04071,   0.00131,   0.03808,  -0.05822,   0.02757,  -0.00394,   0.01357,  -0.02845,  -0.08623,  -0.02320,  -0.04246,   0.07310,  -0.03545,  -0.03896,  -0.06172,  -0.03545,  -0.00044,  -0.10023,  -0.06522,   0.08535,   0.02933,  -0.05997,   0.01707,  -0.00394,   0.06434,   0.05559,   0.06784,  -0.04421,   0.01182,   0.07485,   0.00832,  -0.04071,   0.05034,  -0.00044,  -0.03370,   0.09060,   0.03808,  -0.01444,  -0.04596,  -0.02495,  -0.02670,   0.01357,  -0.01970,   0.02933,  -0.02670,   0.04683,  -0.04946,   0.03458,  -0.03020,  -0.02845,   0.06084,  -0.01444,  -0.04596,  -0.07222,   0.04858,  -0.01444,   0.02057,   0.03283,   0.06084,   0.05559,  -0.03545,   0.00657,  -0.01795,  -0.00569,  -0.06697,   0.08185,  -0.01970,   0.08010,  -0.01444,  -0.03020,  -0.02495,  -0.01970,   0.03633,   0.07485,   0.00657,   0.08010,  -0.02320,  -0.05646,   0.03283,   0.01182,  -0.02320,   0.02407,  -0.06522,  -0.04946,  -0.01795,  -0.03195,   0.01532,   0.04683,   0.00131,   0.04858,   0.01007,  -0.02320,  -0.04596,  -0.03020,  -0.04071,   0.01182,   0.06959,  -0.03721,   0.01532,   0.01357,  -0.02320,  -0.09323,   0.13613,   0.01182,  -0.03195,  -0.04946,  -0.02845,  -0.03370,  -0.01269,  -0.09498,   0.04158,  -0.00744,   0.01182,   0.00657,   0.05909,  -0.03545,  -0.08448,   0.01182,  -0.00394,   0.03283,  -0.01094,  -0.02495,  -0.05646,  -0.06347,  -0.04596,  -0.00919,  -0.05471,   0.03633,  -0.07922,   0.01007,  -0.00219,   0.02407,   0.06259,   0.09761,  -0.10023,  -0.02145,  -0.03896,  -0.01620,   0.05384,  -0.00394,  -0.03896,  -0.07222,   0.03633,   0.00481,   0.07660,   0.04683,   0.02582,  -0.06872,   0.03983,   0.03808,   0.01007,   0.00657,   0.00832,  -0.03721,   0.08535,  -0.05822,   0.00306,   0.00832,   0.02582,  -0.01620,   0.02057,   0.02582,  -0.02320,  -0.02495,  -0.02495,   0.05734,   0.00657,  -0.05646,   0.03633,  -0.11074,   0.04158,  -0.01094,  -0.06697,  -0.00044,  -0.06347,   0.18690,   0.03458,  -0.00044,   0.07310,  -0.07047,   0.00481,  -0.05296,   0.00657,   0.03458,   0.01357,   0.00657,  -0.03195,  -0.01795,  -0.00569,  -0.02320,   0.01882,   0.01357,   0.00481,   0.03458,   0.00306,  -0.01444,  -0.01970,   0.08360,  -0.02845,  -0.03896,   0.01182,   0.00481,  -0.02145,  -0.00219,   0.06259,  -0.01620,  -0.08448,  -0.12475,  -0.01970,  -0.03721,  -0.06522,   0.07485,  -0.02320,   0.05909,   0.04508,  -0.09498,  -0.02320,   0.00481,   0.00131,  -0.07922,   0.04333,   0.01007,   0.03108,  -0.03195,   0.06959,  -0.01795,  -0.00569,  -0.00569,  -0.02670,  -0.04071,   0.02757,   0.06959,  -0.08973,   0.00306,   0.00131,  -0.01444,  -0.02495,   0.04508,   0.05209,  -0.10199,  -0.01970,   0.03808,  -0.01620,  -0.02495,   0.04158,   0.06609,   0.02757,  -0.01444,   0.00832,   0.02933,   0.03108,   0.01357,   0.00306,   0.00657,  -0.01970,  -0.07747,  -0.01269,   0.01707,  -0.05296,   0.02407,   0.06434,  -0.04771,  -0.01620,  -0.00919,   0.09235,  -0.02845,   0.01707,  -0.08448,   0.00481,   0.04683,   0.03633,  -0.05121,   0.04508,   0.01007,  -0.04421,   0.05384,  -0.01620,  -0.08448,   0.06784,   0.04333,   0.04158,  -0.05471,   0.02232,   0.08360,   0.09761,  -0.00394,   0.00306,  -0.03545,  -0.05296,   0.02757,   0.00657,  -0.03020,  -0.06172,  -0.07222,  -0.01795,  -0.03020,  -0.02145,  -0.00394,   0.00306,   0.03633,  -0.02845,  -0.03896,   0.00481,  -0.04246,  -0.07747,  -0.00044,   0.01357,  -0.03370,  -0.07397,   0.00131,  -0.04246,   0.05384,   0.00131,   0.01007,   0.00832,   0.03983,   0.04683,  -0.04421,  -0.02145,  -0.01444,   0.03983,   0.02757,  -0.00569,   0.01882,  -0.04421,   0.01357,  -0.00044,   0.02057,   0.06259,   0.00481,   0.07485,  -0.03721,  -0.00744,  -0.01269,  -0.02845,   0.00131,   0.00657,   0.01357,  -0.00394,   0.10111,  -0.00044,   0.02933,   0.03808,  -0.03896,   0.03633,   0.02757,  -0.09323,   0.02407,   0.05209,  -0.02670,  -0.06172,   0.05559,  -0.01094,   0.06084,   0.01182,   0.01182,  -0.01795,   0.05034,  -0.00744,   0.01882,  -0.05822,  -0.00744,  -0.00044,  -0.04771,   0.03808,   0.03458,  -0.09673,  -0.00219,  -0.01269,  -0.03195,  -0.07747,  -0.00569,   0.09586,   0.05209,   0.03983,   0.06084,   0.02582,   0.08010,  -0.04596,   0.02057,   0.01882,  -0.04246,  -0.01269,   0.03108,   0.00306,   0.01532,  -0.03721,   0.06259,   0.03633,   0.05734,  -0.07397,   0.12387,   0.06609,   0.03108,   0.09235,   0.03458,   0.01007,  -0.00569,   0.04333,   0.01007,  -0.00394,  -0.01795,  -0.01269,   0.01532,   0.03983,  -0.02495,  -0.10023,   0.00657,  -0.05822,   0.02933,   0.04333,  -0.01094,  -0.02145,  -0.00394,   0.03633,  -0.01444,  -0.00744,   0.01532,   0.01182,   0.04333,   0.00481,   0.01532,  -0.01620,   0.10636,  -0.03896,  -0.01094,   0.00306,   0.03808,  -0.06347,  -0.02320,  -0.05997,  -0.04421,   0.00306,   0.02407,   0.02582,   0.03983,  -0.01970,   0.03283,  -0.01970,   0.00832,  -0.03020,   0.12737,  -0.00744,  -0.01094,  -0.06697,   0.03983,  -0.01269,  -0.03195,   0.03808,   0.05034,   0.01882,   0.01532,  -0.07572,   0.00832,   0.00657,  -0.08273,  -0.03370,  -0.03020,   0.00306,   0.05034,   0.00832,   0.02582,   0.05909,   0.00832,  -0.08798,   0.04333,   0.01532,  -0.01970,  -0.08973,   0.05209,  -0.02320,   0.05909,  -0.02845,   0.02057,   0.01532,  -0.01620,  -0.04596,  -0.06697,   0.01182,   0.03108,   0.04858,  -0.09498,   0.05734,  -0.01970,  -0.03545,   0.06259,  -0.02495,   0.01007,   0.01357,   0.01007,   0.02933,  -0.04071,  -0.00569,   0.04858,   0.05559,   0.07835,   0.05559,  -0.00394,   0.05034,  -0.06872,   0.01707,  -0.06347,   0.02232,   0.06259,  -0.07222,   0.04158,  -0.02845,  -0.02495,   0.01532,  -0.02670,  -0.17202,   0.06084,   0.00481,  -0.03020,   0.01882,   0.03283,   0.07485,   0.04158,   0.07310,   0.03808,  -0.04596,   0.05734,  -0.01970,   0.00832,   0.02407,   0.02757,   0.09411,   0.02232,   0.02407,   0.01357,   0.07310,  -0.02145,   0.05034,  -0.00394,  -0.00744,   0.00481,   0.03283,   0.00832,   0.05209,  -0.04421,  -0.06872,   0.08710,   0.05909,   0.03633,  -0.04596,  -0.00744,  -0.03545,  -0.07047,   0.00657,   0.04158,   0.04858,  -0.03545,   0.03108,   0.09060,  -0.00394,  -0.01970,   0.00306,  -0.08623,  -0.06522,  -0.01444,   0.00657,  -0.02670,  -0.02495,   0.05559,   0.00832,  -0.08448,  -0.02670,   0.03108,   0.01707,   0.08010,  -0.00394,  -0.01269,  -0.01444,   0.07835,  -0.04596,  -0.09323,   0.05559,   0.01707,   0.04858,  -0.01444,   0.03983,  -0.03545,  -0.05121,  -0.00569,   0.06959,   0.04683,  -0.07397,   0.06784,  -0.00219,   0.04508,   0.00657,  -0.01970,  -0.01094,   0.02232,  -0.03545,   0.03108,   0.06609,   0.08185,  -0.05822,   0.00832,  -0.07222,  -0.03721,  -0.04071,   0.01007,   0.04333,   0.03633,   0.02232,   0.03458,   0.08360,  -0.05471,   0.00481,   0.03633,  -0.01094,  -0.01970,  -0.03020,  -0.01444,   0.02407,   0.00657,  -0.06347,   0.03983,   0.04508,   0.00306,  -0.03721,  -0.01094,   0.02933,   0.04333,   0.09411,  -0.04421,   0.05034,   0.00131,  -0.00919,   0.11862,   0.01532,  -0.04596,  -0.08973,   0.07485,  -0.01970,   0.05909,  -0.07222,  -0.01444,  -0.00394,   0.02757,  -0.07397,  -0.01094,  -0.00394,  -0.08798,  -0.01269,  -0.08448,   0.06434,  -0.01795,   0.06259,   0.00131,  -0.01094,   0.02407,  -0.06347,   0.00832,  -0.02320,   0.09060,   0.10111,  -0.06172,   0.00306,  -0.03896,  -0.01970,  -0.00044,  -0.00919,   0.05734,  -0.02320,   0.00832,  -0.02495,  -0.01094,  -0.01094,   0.07835,   0.06259,  -0.04596,  -0.05646,   0.04333,  -0.01620,   0.07835,   0.01182,  -0.09848,   0.01532,  -0.00569,  -0.01795,   0.03808,  -0.00744,   0.00481,   0.01882,  -0.01094,  -0.07222,   0.01707,   0.06959,   0.11862,  -0.04246,  -0.05471,   0.02232,   0.00481,  -0.08798,   0.06084,   0.10636,   0.08885,  -0.00569,   0.04158,  -0.00044,  -0.00044,   0.01182,  -0.07747,   0.00657,   0.01182,  -0.09673,  -0.06872,   0.02232,   0.01007,   0.12387,  -0.05121,  -0.03896,  -0.04246,   0.08185,  -0.07222,   0.04333,  -0.00044,   0.00306,   0.05209,   0.02582,   0.05909,  -0.01795,   0.05384,   0.05209,  -0.00744,  -0.04596,  -0.07747,   0.02933,   0.03633,   0.09586,  -0.08448,   0.10286,   0.04333,   0.13437,   0.08710,  -0.02320,  -0.01094,   0.05209,   0.00306,   0.06084,   0.01357,   0.05384,   0.01707,  -0.03195,   0.06259,   0.04858,  -0.05296,  -0.06697,  -0.00044,  -0.04246,  -0.00394,  -0.04596,  -0.03721,  -0.04071,  -0.03721,   0.07835,   0.04158,   0.07660,   0.10636,   0.00131,   0.00481,   0.08185,   0.01532,  -0.03545,   0.01357,  -0.01444,   0.03808,  -0.03721,  -0.01970,  -0.02320,   0.01882,  -0.01795,  -0.00219,  -0.03020,  -0.02495,   0.04333,   0.01882,  -0.03545,  -0.04246,  -0.04421,  -0.05121,  -0.03020,   0.02757,   0.05909,  -0.10199,  -0.02145,  -0.09673,  -0.08448,   0.02057,  -0.04246,  -0.06697,  -0.02495,  -0.00569,   0.06959,  -0.01970,  -0.02145,   0.05034,   0.02933,  -0.03545
   0.03808,   0.00657,   0.03108,  -0.02320,  -0.02145,  -0.01094,  -0.03020,  -0.05471,   0.00832,  -0.00569,  -0.03370,   0.00481,  -0.00219,   0.05034,   0.04333,   0.01532,   0.01707,   0.06784,  -0.02670,   0.02582,   0.04333,  -0.04421,  -0.00744,  -0.01444,   0.02933,  -0.01444,   0.03633,   0.03108,  -0.01620,   0.02232,  -0.01795,  -0.01795,   0.01707,  -0.05471,   0.07835,  -0.10724,  -0.01094,  -0.00569,  -0.02670,  -0.00394,   0.00131,  -0.04946,   0.01882,  -0.05997,  -0.02845,  -0.06347,   0.02232,   0.00481,   0.02582,   0.02582,   0.06084,   0.01707,   0.03458,   0.02232,   0.00131,  -0.04246,   0.02582,   0.00306,  -0.00569,  -0.04946,  -0.00044,  -0.03020,   0.00657,  -0.00569,  -0.01444,  -0.02845,  -0.02845,   0.04333,  -0.06172,  -0.07747,  -0.03195,  -0.13175,  -0.01795,   0.01357,  -0.03896,  -0.06347,  -0.02495,  -0.00219,   0.03808,  -0.04946,  -0.00744,   0.02582,  -0.04421,   0.09060,  -0.01094,   0.00657,  -0.05296,  -0.02145,   0.02582,   0.01532,   0.01357,   0.05559,  -0.00219,   0.00832,  -0.00569,  -0.05296,   0.01357,  -0.00919,  -0.04246,   0.03983,  -0.02320,   0.07310,   0.04683,  -0.00044,  -0.00044,  -0.01795,   0.00832,  -0.06347,   0.05734,  -0.04771,  -0.01444,  -0.00569,   0.00481,  -0.04596,   0.04508,   0.03983,  -0.09498,  -0.02670,   0.01882,  -0.03195,  -0.01269,  -0.03545,   0.02757,  -0.06697,   0.06084,  -0.05646,  -0.01970,   0.01007,  -0.00044,  -0.03721,  -0.02145,   0.00131,  -0.02320,   0.02407,  -0.00044,  -0.06697,  -0.02845,  -0.02845,  -0.05296,   0.07135,   0.02232,  -0.02495,   0.00131,   0.04683,   0.05384,  -0.04946,   0.00832,  -0.02845,  -0.02495,  -0.00744,  -0.01444,  -0.01795,  -0.01094,  -0.00044,  -0.00919,   0.01182,  -0.07047,  -0.03721,  -0.10899,  -0.01094,  -0.03545,  -0.00044,  -0.07222,  -0.03370,   0.04508,   0.00131,   0.04158,  -0.04421,  -0.10023,   0.09411,  -0.01444,   0.00131,  -0.05822,   0.07135,  -0.00569,   0.02407,  -0.03195,   0.05384,  -0.03545,  -0.04946,   0.03983,   0.02933,   0.02757,  -0.01444,   0.00306,  -0.02670,   0.03458,   0.00832,   0.03283,   0.00832,   0.01007,   0.04858,  -0.00394,  -0.00569,  -0.02320,  -0.02670,  -0.03020,  -0.06872,   0.01532,   0.01882,  -0.02495,  -0.05121,   0.01882,   0.08010,  -0.04421,  -0.03195,   0.02933,  -0.02145,  -0.01795,  -0.07397,  -0.09498,  -0.03195,   0.03633,  -0.00394,  -0.01444,   0.01707,   0.00657,  -0.04246,   0.07135,  -0.07047,   0.01532,   0.02232,  -0.02670,   0.00131,   0.01707,   0.01707,   0.09235,  -0.01970,  -0.03545,   0.02933,   0.01882,  -0.01269,   0.00131,  -0.03370,   0.01007,  -0.04421,  -0.04771,  -0.01970,   0.03983,  -0.00919,   0.04158,  -0.06347,  -0.05296,  -0.00394,   0.02582,   0.04333,  -0.00044,  -0.01970,   0.05909,  -0.00569,  -0.05121,  -0.01620,   0.04858,  -0.05997,  -0.06172,  -0.05471,  -0.10199,  -0.05471,  -0.00219,  -0.05646,  -0.06872,  -0.03020,  -0.01269,  -0.01269,   0.04508,  -0.05997,  -0.01444,  -0.05121,   0.01357,   0.05909,  -0.08623,   0.04858,  -0.01795,  -0.03545,  -0.03896,  -0.03545,   0.04683,  -0.04946,  -0.05646,  -0.01620,   0.01007,  -0.01970,  -0.01795,   0.08535,   0.08535,   0.00306,   0.06434,  -0.04596,   0.01007,  -0.06172,  -0.03721,  -0.08448,   0.01182,   0.10986,   0.08885,  -0.00569,  -0.03545,   0.02232,   0.00657,   0.05559,  -0.00044,  -0.00044,   0.00832,  -0.02495,   0.04333,  -0.11949,   0.02057,  -0.06172,  -0.00744,  -0.02845,   0.01357,  -0.06697,  -0.05822,  -0.01269,  -0.00044,  -0.03721,   0.00832,  -0.04596,  -0.02495,  -0.08273,  -0.04071,   0.00131,  -0.00744,   0.04158,  -0.04421,  -0.03896,  -0.04771,   0.00657,  -0.05997,   0.03458,  -0.03020,   0.06959,  -0.04246,   0.04333,   0.01182,   0.08885,   0.07660,  -0.04771,   0.03283,  -0.01970,  -0.03020,   0.01357,  -0.00044,  -0.02320,   0.02757,  -0.02845,  -0.05471,  -0.03896,   0.08010,   0.05559,   0.03983,   0.03808,  -0.03721,   0.03108,   0.12562,   0.03633,   0.02757,   0.01357,   0.04683,   0.08185,  -0.05646,  -0.07572,   0.05909,  -0.02670,   0.05034,  -0.04771,   0.01532,   0.03108,   0.02933,   0.03983,   0.02407,   0.01532,   0.03108,   0.01357,  -0.08273,   0.03983,   0.03808,   0.01357,  -0.01094,  -0.03896,  -0.01620,  -0.07747,  -0.02320,  -0.04421,  -0.02670,  -0.03370,  -0.00744,  -0.08973,  -0.05121,   0.02933,   0.01182,  -0.02495,  -0.00219,  -0.00569,  -0.05471,   0.00131,  -0.01795,   0.02933,   0.02232,   0.00657,  -0.04071,   0.05734,  -0.07747,  -0.00919,   0.10811,  -0.08448,   0.03283,  -0.06172,   0.00306,   0.01007,   0.02232,   0.00657,  -0.03721,   0.02407,   0.03808,  -0.00919,   0.06959,  -0.00394,   0.08360,   0.05209,  -0.01094,  -0.00569,  -0.02670,  -0.06172,  -0.00044,   0.00657,   0.02757,   0.01882,   0.03458,  -0.06872,   0.01182,   0.03108,   0.04858,   0.05734,   0.04158,   0.01357,   0.06784,   0.03983,  -0.02320,  -0.00044,  -0.03721,   0.03458,  -0.01269,  -0.00394,   0.04858,  -0.01795,  -0.06172,   0.00131,   0.00657,  -0.06697,  -0.05646,  -0.06172,  -0.04596,  -0.10199,  -0.03020,  -0.08973,  -0.06697,   0.04858,  -0.04071,   0.00481,   0.02933,   0.03458,   0.05734,   0.02232,   0.00306,   0.00657,   0.01707,   0.02232,   0.08185,  -0.03370,  -0.00219,   0.01532,   0.02933,  -0.01795,  -0.06347,   0.04158,  -0.05646,  -0.02845,  -0.00919,  -0.00919,  -0.04596,   0.01007,   0.01357,  -0.08098,   0.08010,   0.02407,  -0.03195,  -0.05296,  -0.01094,   0.00306,   0.07485,  -0.07047,  -0.05296,  -0.03721,   0.00306,   0.04158,   0.06959,  -0.03896,  -0.05296,  -0.04246,   0.00481,   0.00131,  -0.05997,   0.04333,  -0.02320,  -0.04946,   0.05034,   0.02407,  -0.02670,   0.05034,  -0.01795,   0.00832,  -0.00219,  -0.05471,   0.05559,  -0.10549,   0.01182,  -0.00569,   0.04508,  -0.04771,   0.00131,   0.07835,   0.03808,  -0.02145,  -0.00919,  -0.09498,   0.03108,   0.05384,   0.00131,   0.02232,  -0.00744,  -0.01444,  -0.01444,   0.00832,  -0.04421,   0.03808,   0.03808,  -0.03020,   0.02757,   0.03633,  -0.04246,   0.02232,  -0.08798,   0.00481,  -0.04596,  -0.04771,   0.00832,  -0.06347,  -0.03370,   0.06084,   0.09235,  -0.01444,  -0.01444,  -0.08273,   0.01532,   0.06784,   0.08010,  -0.01269,  -0.08623,   0.00832,  -0.05471,   0.01882,  -0.03370,   0.01707,  -0.04596,  -0.03020,  -0.07572,   0.02057,   0.01357,   0.05209,  -0.11949,   0.02057,   0.01357,  -0.01620,  -0.02320,   0.07310,  -0.00044,   0.03458,  -0.02320,   0.00131,   0.00306,   0.05734,  -0.03721,  -0.03721,   0.01357,  -0.03020,   0.06434,   0.01532,   0.01882,  -0.01444,  -0.00219,  -0.07397,  -0.03896,   0.04333,   0.00131,   0.04508,   0.01532,   0.09060,  -0.04071,  -0.02320,  -0.05997,   0.09936,  -0.05296,  -0.02495,  -0.01094,  -0.04596,   0.02933,  -0.00569,  -0.02845,   0.04158,  -0.00219,   0.10461,   0.04333,   0.00657,   0.04158,  -0.04771,   0.00481,   0.00306,   0.00306,  -0.00044,   0.01882,  -0.03020,   0.01532,   0.03108,  -0.06872,  -0.01620,   0.08185,   0.06609,  -0.02320,  -0.01620,   0.03458,  -0.00394,   0.01007,  -0.02320,   0.00306,   0.04508,  -0.02670,  -0.10899,  -0.02145,  -0.03020,   0.02232,  -0.02145,  -0.00919,   0.00481,  -0.00919,  -0.05296,  -0.08098,  -0.00919,   0.03108,  -0.08798,  -0.02495,  -0.03020,   0.04508,   0.02407,   0.05559,  -0.05997,   0.02933,   0.01182,  -0.07747,  -0.01094,  -0.00569,  -0.01795,  -0.03896,  -0.08098,  -0.07047,  -0.01269,   0.05384,   0.02582,  -0.05121,  -0.01620,  -0.03721,   0.00657,   0.00832,  -0.08623,  -0.00744,   0.02232,  -0.01094,   0.02757,   0.00481,   0.02407,  -0.02320,  -0.03020,   0.00657,  -0.00219,   0.00657,   0.05734,   0.09411,   0.02232,  -0.04596,  -0.09498,  -0.02495,  -0.02495,  -0.01269,  -0.03195,  -0.04771,  -0.04246,  -0.07572,  -0.03721,   0.00481,   0.02232,  -0.09323,  -0.00044,  -0.00394,  -0.04946,  -0.00744,  -0.04946,  -0.01795,   0.03808,   0.00832,   0.02232,  -0.06172,  -0.07922,  -0.03370,  -0.03195,  -0.02670,  -0.02145,   0.02582,   0.10461,   0.07835,  -0.02145,   0.00832,   0.04508,  -0.04771,  -0.02145,   0.04333,  -0.11074,  -0.04771,  -0.02495,  -0.02320,  -0.04421,   0.10286,   0.02582,   0.02057,  -0.03370,   0.08010,  -0.03020,   0.01882,  -0.03370,   0.00131,   0.00657,   0.03983,   0.00657,   0.06959,   0.01882,   0.01532,   0.03633,  -0.03020,   0.03108,   0.11687,  -0.02145,   0.01182,  -0.02495,   0.01357,   0.01182,   0.01532,   0.05734,   0.04683,  -0.02145,   0.01007,  -0.00219,  -0.03370,   0.03108,   0.02232,   0.01357,  -0.01269,   0.00832,   0.03808,  -0.03370,  -0.01620,  -0.00919,  -0.01444,   0.01007,   0.03983,   0.02757,  -0.00744,  -0.12475,  -0.05646,   0.03983,  -0.01620,  -0.00044,   0.00481,  -0.03020,  -0.01269,  -0.03545,   0.03108,   0.01007,  -0.01970,  -0.03896,   0.10461,   0.00131,  -0.00569,   0.07660,  -0.07747,   0.01182,  -0.06522,  -0.04246,   0.02407,  -0.07222,  -0.00394,   0.06784,   0.06259,  -0.05997,   0.00657,   0.02582,  -0.01970,   0.02232,  -0.01620,  -0.03545,  -0.01269,  -0.01444,  -0.00219,   0.02757,  -0.02320,   0.00832,  -0.01444,   0.00306,  -0.01795,   0.01707,  -0.05822,  -0.00394,  -0.02145,   0.01007,  -0.02845,   0.01007,   0.00657,   0.01707,  -0.03721,  -0.01094,   0.03633,  -0.01094,   0.00306,  -0.00569,  -0.03195,   0.01007,   0.01532,   0.10636,  -0.01094,  -0.01094,   0.03983,   0.03108,   0.01357,  -0.06697,  -0.04246,   0.02933,   0.05559,   0.10111,   0.06959,  -0.00394,   0.02407,  -0.13000,   0.04333,   0.01182,   0.05034,  -0.01970,  -0.02495,  -0.00044,   0.03458,   0.08010,   0.00832,   0.01532,  -0.01620,  -0.00569,  -0.00919,   0.00657,   0.05384,   0.06084,   0.03808,  -0.02145,  -0.03020,   0.01707,  -0.02320,  -0.05471,  -0.05822,  -0.05121,   0.00131,   0.02057,   0.01007,  -0.01094,   0.02407,  -0.12124,   0.02582,   0.04158,   0.09586,   0.02933,   0.04858,   0.00131,  -0.05471,   0.07135,   0.01007,   0.10111,  -0.00044,   0.03108,   0.05034,   0.04333,  -0.04071,   0.00131,   0.05734,   0.05384,  -0.03020,   0.02933,  -0.03896,   0.01357,   0.01182,   0.06784,  -0.04421,  -0.02495,   0.01882,  -0.11599,   0.01707,  -0.08273,   0.00131,  -0.00744,  -0.01269,  -0.05296,  -0.01795,   0.00306,  -0.00044,   0.04333,  -0.00744,  -0.10199,   0.01532,  -0.03195,  -0.03896,  -0.05646,   0.01357,   0.03108,  -0.01795,   0.01182,   0.01882,  -0.01094,  -0.01970,  -0.00044,  -0.01620,  -0.03896,   0.00657,   0.00131,  -0.00044,   0.00131,  -0.01094,   0.01882,  -0.04421,  -0.06697,  -0.04771,  -0.03370,  -0.00919,   0.02057,  -0.02670,  -0.05822,  -0.03195,  -0.05822,  -0.01795,   0.08710,   0.02933,  -0.10549,  -0.04946,  -0.03020,  -0.05471,  -0.05121,  -0.00219,   0.02757,   0.03983,   0.05559,   0.00481,  -0.04421,  -0.03545,  -0.02845,   0.02582,  -0.03721,   0.00306,   0.04158,  -0.07572,   0.08185,   0.01007,   0.02933,  -0.05471,   0.01007,  -0.08798,   0.00306,   0.01882,   0.01357,   0.00832,   0.06259,  -0.06172,  -0.02670,  -0.08623,   0.01182,   0.02582,  -0.06522,   0.03283,  -0.01970,  -0.01444,   0.01707,   0.03633,  -0.01269,   0.02757,  -0.02670,  -0.07047,   0.02057,   0.05909,  -0.01444,  -0.04421,  -0.00044,  -0.09848,   0.02757,   0.00131,  -0.05997,  -0.03195,   0.07310,  -0.03195,  -0.02670,   0.01182,  -0.03545,  -0.00394,   0.00131,  -0.01444,  -0.05822,  -0.06522,   0.02057,  -0.01620,  -0.00919,   0.03108,  -0.00394,   0.03283,  -0.10899
   0.04508,  -0.01620,   0.05209,   0.04683,  -0.03896,   0.06434,   0.05734,  -0.00919,   0.05734,   0.01532,   0.01182,  -0.02320,   0.04858,   0.05734,   0.00832,  -0.01620,   0.00657,   0.05909,   0.03108,  -0.00394,  -0.01094,   0.01357,   0.03808,   0.00832,   0.05909,  -0.02320,  -0.00219,  -0.05296,   0.02757,  -0.05646,  -0.01620,   0.01882,   0.04683,  -0.05822,  -0.06697,   0.00657,   0.06609,  -0.00569,   0.01882,  -0.08098,  -0.04596,   0.05734,   0.07835,   0.00832,  -0.01970,  -0.03020,   0.05909,   0.01182,   0.02933,  -0.01970,   0.06609,   0.01357,   0.07660,   0.02232,  -0.05471,  -0.02845,   0.02757,  -0.01269,  -0.08098,  -0.00744,   0.08185,  -0.03195,  -0.01094,   0.02232,   0.01532,   0.02757,   0.07660,   0.00131,   0.07135,  -0.02145,  -0.02845,   0.01007,   0.03108,   0.02057,  -0.00569,   0.11512,   0.03808,  -0.01094,   0.00657,   0.00657,   0.06609,   0.00481,  -0.02145,   0.01182,  -0.05471,   0.02407,  -0.01094,   0.03108,  -0.04771,   0.00131,  -0.00569,  -0.00744,   0.02407,   0.03108,  -0.05121,   0.01532,   0.02407,  -0.02320,   0.00306,  -0.07222,   0.02582,   0.01007,  -0.01094,  -0.00219,  -0.10199,  -0.03020,  -0.00744,   0.01182,   0.01182,  -0.03195,   0.03633,   0.06434,  -0.02145,  -0.04596,   0.01882,  -0.03195,  -0.02845,  -0.01970,   0.11687,   0.03633,   0.04858,   0.03983,   0.01182,   0.04508,   0.01182,   0.02407,  -0.05121,   0.01532,  -0.06172,   0.01182,   0.03983,   0.10286,   0.06434,  -0.01094,   0.08885,   0.00481,  -0.02145,   0.05034,  -0.11599,   0.06784,   0.09411,  -0.04071,  -0.01269,   0.01882,  -0.02670,   0.03283,  -0.07047,  -0.04421,   0.01532,   0.05559,   0.01532,  -0.03896,  -0.00219,   0.06084,  -0.01970,   0.00481,  -0.03896,   0.05384,  -0.01094,   0.02057,   0.05559,  -0.01795,  -0.07222,   0.05034,   0.10811,  -0.04421,   0.07135,  -0.00744,   0.01357,  -0.04596,  -0.05296,  -0.02320,  -0.00569,   0.03108,   0.02757,  -0.03195,   0.02582,  -0.03195,   0.04683,   0.01532,  -0.04421,  -0.01970,   0.02407,   0.01707,  -0.03721,  -0.01970,  -0.00394,   0.02407,  -0.02845,   0.05559,   0.03458,  -0.01795,   0.01532,  -0.00394,   0.04158,   0.07660,  -0.03195,  -0.00394,   0.04158,   0.02232,   0.00832,   0.05384,   0.07660,   0.02933,   0.07135,   0.02757,  -0.02670,  -0.03195,  -0.00219,   0.05559,   0.07135,  -0.05471,   0.01532,   0.00657,  -0.02320,  -0.01269,  -0.06347,  -0.05471,   0.01532,  -0.04071,  -0.07747,  -0.03370,  -0.00394,  -0.00394,  -0.03896,  -0.11074,   0.05559,  -0.00744,   0.02582,  -0.07397,   0.02757,  -0.04246,  -0.00044,  -0.02320,  -0.01444,  -0.13350,   0.02407,   0.02057,  -0.03721,   0.02407,   0.03808,  -0.01094,   0.04508,  -0.03370,   0.00481,   0.06609,  -0.04246,   0.00306,  -0.00919,  -0.03195,  -0.01094,   0.01532,   0.04683,   0.01182,   0.03283,   0.04333,  -0.06522,  -0.00219,  -0.02845,  -0.04071,  -0.05997,   0.00306,   0.00481,   0.03633,  -0.01970,  -0.03195,  -0.00919,   0.06259,   0.03108,   0.05909,   0.10286,   0.05384,   0.01532,   0.10111,   0.03983,  -0.01094,   0.02757,  -0.00219,   0.02057,  -0.03721,  -0.04421,   0.04858,   0.00306,  -0.02670,   0.04333,  -0.02495,  -0.02845,  -0.00919,  -0.00044,  -0.10724,  -0.04071,   0.01182,  -0.09848,   0.00832,  -0.05121,   0.03458,   0.00131,  -0.01444,  -0.11774,  -0.00394,  -0.00219,   0.06784,   0.02407,  -0.05296,  -0.04421,  -0.03545,  -0.02845,   0.02057,  -0.01795,   0.02407,  -0.07922,  -0.04596,  -0.02320,   0.00657,  -0.06347,  -0.01970,  -0.03545,   0.01882,   0.03458,  -0.04421,   0.05559,   0.02232,   0.06609,   0.06609,  -0.02145,   0.07135,  -0.07047,   0.06259,   0.02933,  -0.03195,   0.09060,   0.02757,  -0.00919,   0.04333,  -0.02320,   0.01707,   0.05734,  -0.01620,  -0.02145,  -0.05121,   0.01707,  -0.01970,   0.03108,   0.06959,   0.04158,  -0.01269,  -0.00744,   0.05209,  -0.04421,  -0.07397,  -0.00219,   0.10461,   0.00657,  -0.05471,   0.00306,   0.01357,   0.04508,   0.00481,  -0.05997,  -0.02845,  -0.02320,   0.03283,   0.05034,   0.02057,  -0.00569,   0.05209,  -0.00394,   0.01357,  -0.02495,  -0.05646,  -0.00569,  -0.10023,  -0.04596,  -0.01094,   0.08010,  -0.01444,   0.03108,   0.03108,   0.09060,   0.04858,  -0.03721,  -0.02320,  -0.02320,   0.02057,  -0.00394,   0.02057,  -0.00919,  -0.02145,  -0.02495,  -0.03195,  -0.02845,   0.10286,  -0.02670,  -0.04946,   0.02582,   0.00306,   0.01532,   0.01357,   0.00306,   0.00832,  -0.00394,  -0.06522,   0.03808,  -0.00394,  -0.05121,   0.01007,  -0.07572,  -0.02320,   0.07135,   0.04333,   0.05384,  -0.05121,   0.09060,  -0.06522,   0.03808,  -0.04246,  -0.00569,  -0.03020,   0.04333,  -0.03195,  -0.11774,  -0.00744,   0.00657,  -0.06522,   0.03108,  -0.04421,   0.03633,  -0.03721,  -0.01970,   0.03633,   0.00131,  -0.01795,  -0.00394,  -0.08273,  -0.03545,  -0.00569,  -0.01444,  -0.05822,  -0.02495,   0.01882,  -0.07222,  -0.05997,  -0.01094,   0.02057,  -0.02145,   0.03633,   0.04858,  -0.00569,  -0.01269,   0.03983,   0.08885,   0.06434,   0.00306,  -0.03896,   0.05209,  -0.01620,   0.01357,  -0.00394,   0.01182,  -0.00044,  -0.04946,   0.00481,   0.02232,  -0.02145,   0.05909,  -0.02670,   0.07835,  -0.00044,  -0.02145,  -0.00744,  -0.02670,   0.02933,  -0.00044,  -0.02320,   0.02757,  -0.01620,   0.03108,  -0.09323,  -0.00744,   0.03108,  -0.00569,  -0.01094,  -0.04421,  -0.00919,   0.06434,  -0.03721,  -0.04071,  -0.03020,   0.04333,  -0.03020,  -0.00394,   0.05209,  -0.05646,   0.01357,  -0.04246,   0.02057,   0.08185,   0.02057,  -0.00044,  -0.08098,  -0.07047,   0.03283,   0.04858,   0.06084,  -0.08273,   0.01707,  -0.01444,  -0.06347,   0.01357,  -0.01795,  -0.02320,  -0.00569,  -0.05822,  -0.00044,  -0.08098,   0.11862,  -0.01444,   0.10461,  -0.01970,  -0.00394,  -0.00219,   0.08185,  -0.04771,   0.01007,   0.02582,  -0.07047,  -0.03020,   0.02757,   0.01707,   0.03108,   0.03458,   0.03983,   0.06084,  -0.03195,  -0.07572,   0.02582,   0.03633,  -0.02145,  -0.00569,   0.02232,   0.03633,   0.06084,  -0.02845,  -0.01970,   0.04858,   0.01357,   0.07485,  -0.05646,  -0.01269,  -0.03195,  -0.01444,   0.03808,   0.04683,  -0.04246,   0.02057,   0.02933,   0.03983,  -0.03195,  -0.05296,  -0.00219,  -0.04071,   0.01532,  -0.00919,   0.03808,  -0.00919,   0.01357,  -0.03545,  -0.01620,  -0.00744,  -0.07222,   0.00481,  -0.00569,   0.01357,   0.06084,   0.04333,  -0.07572,   0.02757,   0.00832,  -0.03896,  -0.03370,  -0.01094,  -0.01970,  -0.01094,  -0.04421,   0.03633,   0.01357,  -0.06872,   0.09235,  -0.04421,  -0.00219,   0.04158,   0.00306,   0.06084,   0.01182,  -0.02495,   0.02933,  -0.01094,   0.02232,  -0.00569,  -0.07572,  -0.05121,  -0.00044,  -0.04071,  -0.02670,   0.05209,  -0.04421,   0.06434,  -0.02145,   0.00832,   0.09411,   0.06259,   0.00832,  -0.01269,   0.03983,  -0.00919,   0.01182,  -0.00919,  -0.00219,  -0.04771,  -0.08098,   0.02933,  -0.00744,  -0.00569,   0.07660,  -0.00919,   0.08360,  -0.10374,   0.03458,  -0.02670,   0.01707,   0.03108,   0.05209,   0.07835,  -0.03195,  -0.04071,  -0.05646,   0.04858,   0.02582,   0.02933,  -0.00919,   0.05384,   0.03108,  -0.01444,   0.06434,  -0.01970,  -0.00044,   0.03458,   0.00481,   0.04333,  -0.09323,   0.03633,  -0.03896,  -0.03896,  -0.00044,  -0.08273,   0.04858,  -0.05646,  -0.02145,   0.05734,   0.01532,  -0.00919,   0.00306,  -0.00394,   0.00657,   0.01882,  -0.05822,   0.02757,  -0.04946,  -0.00919,  -0.05121,  -0.00219,  -0.00744,   0.06259,  -0.08098,  -0.02670,   0.05034,   0.02933,  -0.05822,  -0.04246,   0.07485,  -0.06347,  -0.01795,  -0.00569,   0.00131,  -0.05997,  -0.03020,  -0.01444,  -0.01795,  -0.01970,   0.04508,  -0.02495,  -0.03896,   0.04158,   0.00306,   0.05734,   0.02057,   0.02407,   0.02407,   0.02582,  -0.03545,  -0.01970,   0.03808,  -0.00219,  -0.06872,  -0.02845,  -0.01269,  -0.04246,  -0.02145,   0.01007,   0.05384,  -0.02495,   0.04333,  -0.03896,  -0.00044,  -0.01269,   0.00832,   0.00481,  -0.00044,   0.03983,  -0.05997,   0.04158,   0.00832,   0.01707,  -0.00044,   0.00131,   0.00481,   0.01357,   0.06784,   0.07660,  -0.04596,   0.02933,  -0.04596,  -0.03721,   0.02407,   0.06784,   0.02232,  -0.10374,  -0.00044,   0.00131,  -0.05646,   0.02407,  -0.01795,   0.01532,  -0.06347,  -0.00744,   0.05384,  -0.04071,   0.02407,   0.01532,   0.06609,  -0.02670,  -0.04421,   0.00306,  -0.03020,  -0.03896,   0.01707,  -0.00569,  -0.02670,  -0.04421,   0.03808,   0.01182,   0.01882,  -0.05646,   0.04333,   0.02057,   0.05384,   0.03283,  -0.02145,   0.03108,  -0.00394,  -0.03370,   0.04683,  -0.00044,   0.00832,   0.04858,   0.05034,  -0.04421,   0.08535,   0.01707,   0.00306,  -0.00394,   0.02232,  -0.02495,   0.03283,  -0.05822,   0.01357,   0.07660,  -0.03545,  -0.00569,  -0.06872,   0.08185,   0.00657,  -0.02670,   0.05034,  -0.01795,   0.00306,   0.00832,  -0.07047,  -0.00919,   0.08010,  -0.00219,   0.01707,   0.02232,  -0.00044,   0.01532,  -0.00394,  -0.01094,  -0.03020,  -0.03896,   0.09586,   0.02232,  -0.04246,   0.01707,   0.08885,   0.01882,  -0.01269,   0.01882,   0.00657,   0.02407,   0.11161,  -0.05822,   0.06959,  -0.04071,   0.08010,   0.00832,   0.01532,   0.02057,  -0.04771,  -0.03370,  -0.01269,  -0.05822,  -0.07397,  -0.03545,   0.01707,   0.06259,  -0.04421,  -0.02320,   0.05209,  -0.03370,   0.06609,   0.05034,  -0.04771,   0.00832,  -0.04771,  -0.01795,  -0.03896,   0.03983,   0.00306,  -0.02495,   0.04333,   0.07135,   0.00657,   0.00657,  -0.09148,   0.01357,  -0.02845,   0.00306,   0.05734,   0.02407,   0.01532,  -0.03020,  -0.02145,   0.02407,   0.02407,   0.04508,   0.05734,   0.01707,  -0.02320,   0.02582,  -0.04246,   0.05559,   0.00481,  -0.03020,  -0.07397,  -0.03195,   0.01007,  -0.01620,  -0.04246,  -0.00919,   0.02232,   0.01532,   0.06959,   0.06434,   0.02582,   0.06784,  -0.03545,  -0.05822,  -0.01620,  -0.01970,  -0.00919,   0.03108,   0.02933,   0.05734,   0.03458,  -0.04246,   0.00481,   0.01007,  -0.05296,  -0.05646,  -0.06172,   0.05384,  -0.05296,  -0.04946,   0.02407,   0.02057,   0.00306,   0.02407,   0.01532,   0.05909,   0.01707,  -0.00569,  -0.06872,   0.00657,  -0.02145,   0.06609,  -0.01269,   0.01182,  -0.06347,   0.02407,  -0.02145,   0.03108,   0.02757,   0.00306,  -0.04946,  -0.00569,   0.02407,   0.01182,   0.01357,   0.03283,   0.00306,   0.02407,  -0.04771,   0.01532,   0.01357,   0.01182,  -0.00919,  -0.07922,   0.02582,  -0.02845,  -0.04946,   0.01882,   0.07310,   0.03458,   0.00657,  -0.02845,   0.01357,   0.00832,  -0.04771,  -0.02495,   0.00657,  -0.05296,  -0.02495,   0.02232,  -0.05296,  -0.01269,   0.02232,  -0.00919,   0.02407,  -0.05471,  -0.00219,  -0.09848,   0.05559,  -0.06697,   0.11161,  -0.03020,  -0.01269,  -0.00744,  -0.02845,  -0.02670,   0.05734,  -0.00919,  -0.01094,  -0.01795,  -0.04596,   0.03108,   0.00481,   0.01182,   0.01007,  -0.01795,   0.01357,   0.04508,  -0.00569,  -0.00919,   0.02582,   0.01532,  -0.07922,   0.04683,  -0.00219,  -0.05997,   0.06609,  -0.01444,  -0.03195,   0.00306,  -0.10199,   0.04333,  -0.05822,   0.00832,  -0.05296,   0.02407,  -0.01970,   0.02407,   0.03283,  -0.05471,  -0.00044,   0.00306,  -0.01444,  -0.01970,  -0.04946,   0.05559,  -0.02145,  -0.06172,  -0.04946,   0.03633,   0.02232,   0.01007,  -0.01970,  -0.03545,  -0.02670,  -0.01970,  -0.01970,  -0.00394,  -0.02670,  -0.02670,   0.03808
  -0.02320,   0.02232,   0.03283,   0.06609,  -0.03545,  -0.00219,   0.03283,  -0.02845,   0.01182,  -0.00044,   0.08185,  -0.02670,   0.10811,   0.00131,  -0.04246,  -0.03721,   0.12562,   0.04158,  -0.03896,   0.00306,   0.05909,   0.00832,  -0.03195,  -0.04246,   0.00481,   0.03633,  -0.04421,  -0.02320,  -0.05646,  -0.03721,   0.02057,   0.00481,   0.02933,   0.02757,   0.01182,   0.00657,   0.06609,   0.01007,  -0.01269,  -0.00044,   0.04683,  -0.05997,   0.05559,  -0.00569,  -0.11074,  -0.04946,  -0.01269,   0.02057,   0.00481,  -0.00569,  -0.04946,  -0.03545,  -0.05822,  -0.05997,  -0.05646,   0.01182,  -0.00569,  -0.01094,   0.00306,   0.11336,  -0.05646,  -0.00219,  -0.02845,  -0.01620,  -0.02145,  -0.05121,  -0.00919,   0.03633,   0.01707,  -0.05296,  -0.01795,  -0.05646,  -0.01094,   0.03458,  -0.05822,  -0.07397,   0.04333,  -0.04596,   0.06434,   0.08885,  -0.00744,  -0.07222,  -0.01620,  -0.03721,  -0.01269,  -0.02845,   0.06259,  -0.06172,   0.04858,  -0.09323,  -0.05646,   0.00306,   0.02757,  -0.01795,   0.04508,  -0.05121,   0.00657,  -0.00744,   0.01532,   0.00657,  -0.00394,  -0.02320,  -0.05822,   0.01532,  -0.07922,  -0.01094,  -0.06522,  -0.05822,  -0.00569,   0.03633,  -0.04421,  -0.00219,   0.03983,   0.01357,   0.03808,   0.00131,  -0.03896,  -0.00569,  -0.01444,  -0.06522,  -0.02145,  -0.10549,   0.03808,  -0.00394,   0.01882,  -0.00394,   0.02407,  -0.05822,  -0.03370,   0.00657,   0.03633,  -0.00744,  -0.01444,   0.05209,  -0.02845,  -0.04071,   0.01882,   0.08535,   0.03808,   0.03108,   0.04333,   0.02582,   0.06609,  -0.05822,  -0.05296,  -0.03896,   0.04683,   0.00306,   0.06259,  -0.10199,   0.03108,   0.00481,   0.02582,  -0.09848,  -0.04421,   0.05209,  -0.01094,  -0.06172,  -0.00744,   0.01707,   0.01707,   0.00832,   0.02757,  -0.03370,  -0.00744,   0.06959,  -0.02145,   0.07660,  -0.03195,   0.02757,  -0.03896,   0.02057,  -0.02845,  -0.03545,   0.07660,  -0.03896,   0.02757,  -0.08623,  -0.03020,  -0.10549,   0.01007,  -0.06347,  -0.03020,   0.03458,  -0.01620,  -0.02495,  -0.01620,  -0.02145,   0.05909,   0.03983,   0.06959,   0.02057,  -0.05997,   0.03458,   0.01882,  -0.02320,  -0.01970,   0.10286,  -0.01795,  -0.06522,  -0.01795,  -0.05822,   0.02757,  -0.06872,  -0.07572,  -0.07747,  -0.00219,   0.05034,   0.00481,   0.07310,  -0.03545,  -0.03896,   0.02933,  -0.00044,   0.04683,   0.00657,  -0.01094,  -0.04421,  -0.03721,   0.00832,   0.09411,   0.03808,   0.01007,   0.11161,  -0.04246,   0.04508,  -0.03020,  -0.00919,   0.00131,  -0.03195,   0.00832,  -0.08448,   0.00131,  -0.03020,  -0.04246,  -0.08448,   0.02057,  -0.09498,  -0.03195,   0.00131,   0.01357,  -0.04071,   0.08710,   0.00657,  -0.07397,   0.02757,   0.00131,   0.09060,   0.01882,  -0.05822,   0.06434,  -0.05121,   0.04333,  -0.03195,   0.02057,  -0.00044,   0.01532,  -0.04246,   0.03108,  -0.01795,  -0.04246,   0.01532,  -0.06522,  -0.05646,  -0.01970,  -0.03545,  -0.03896,   0.01357,  -0.04246,  -0.00744,  -0.01970,  -0.02145,  -0.04071,   0.05734,  -0.01094,   0.01707,  -0.03721,  -0.00394,   0.06259,  -0.00569,   0.04508,  -0.04771,  -0.07047,   0.04158,  -0.03370,   0.00481,   0.00657,   0.02057,  -0.04421,   0.03283,   0.00832,   0.05034,  -0.00219,   0.04858,   0.00131,   0.04858,   0.01182,   0.01707,  -0.03020,  -0.00569,   0.00832,   0.02757,  -0.00569,   0.00657,   0.00657,   0.00657,  -0.03721,   0.01707,  -0.00044,  -0.00744,  -0.03721,   0.09761,   0.02757,   0.01182,   0.00657,   0.01707,   0.06784,   0.07135,  -0.02670,  -0.00044,  -0.01795,   0.01357,  -0.00569,   0.10111,  -0.01620,   0.14488,  -0.02845,  -0.05121,   0.02407,  -0.01269,  -0.01094,   0.00481,   0.00481,  -0.06522,   0.05559,  -0.00569,   0.00131,   0.05384,   0.03108,   0.02057,   0.02933,   0.01532,   0.02407,   0.03808,   0.00657,  -0.02670,  -0.03721,  -0.02145,   0.01007,   0.08360,   0.03808,  -0.05646,   0.00832,   0.04333,  -0.02320,   0.01007,  -0.06172,  -0.03370,   0.01182,   0.00832,   0.03283,  -0.01970,  -0.01444,  -0.01269,  -0.01620,  -0.07222,  -0.01795,   0.02582,  -0.03721,   0.02757,  -0.04771,  -0.03020,  -0.01620,  -0.01444,   0.01007,  -0.01795,   0.00832,   0.08885,  -0.05646,  -0.00219,  -0.05997,   0.02933,  -0.00219,  -0.08973,   0.04858,  -0.05822,  -0.07047,  -0.03545,   0.03108,  -0.01620,  -0.06697,  -0.02495,  -0.00394,  -0.03721,  -0.00569,  -0.11249,   0.05034,  -0.00919,  -0.03020,  -0.03370,   0.03108,  -0.01094,   0.10986,  -0.06697,  -0.01795,  -0.00044,  -0.00744,  -0.03370,  -0.00394,  -0.01094,  -0.01795,  -0.00044,  -0.06522,  -0.04771,  -0.00569,   0.03808,  -0.05121,   0.00832,  -0.03545,  -0.06697,   0.07135,  -0.00744,   0.04333,  -0.06522,   0.04683,  -0.04071,  -0.05121,  -0.03195,   0.03808,  -0.09673,   0.03983,  -0.00744,  -0.04771,   0.04683,  -0.06172,  -0.04421,  -0.10549,   0.00481,   0.09586,   0.03108,  -0.01269,  -0.08448,   0.10111,  -0.08273,  -0.02145,  -0.04946,   0.03458,  -0.06347,   0.03283,  -0.00394,  -0.01094,  -0.01269,  -0.03721,   0.01532,  -0.02845,   0.00481,  -0.00044,  -0.00044,  -0.03721,  -0.03020,   0.05734,   0.02232,   0.02232,  -0.04946,   0.04158,   0.08885,  -0.03545,   0.00657,   0.03458,  -0.07047,   0.00306,  -0.01094,   0.01882,   0.02407,  -0.07047,   0.00832,  -0.00219,   0.01882,   0.05559,   0.00481,   0.01182,  -0.00219,   0.04158,   0.03808,  -0.01269,   0.07660,   0.01707,   0.06259,  -0.01620,  -0.03721,  -0.03020,   0.01357,   0.01182,   0.01532,   0.06959,  -0.03195,  -0.03896,  -0.03370,  -0.07572,  -0.03195,   0.01882,  -0.01094,   0.03633,  -0.02670,   0.01532,  -0.04946,  -0.02845,   0.01007,   0.01007,   0.08885,  -0.05997,   0.00832,   0.04683,  -0.06347,  -0.07572,   0.00131,   0.03283,   0.04158,  -0.01795,  -0.00919,   0.03108,  -0.02495,  -0.01970,   0.00832,   0.00481,  -0.02845,   0.00481,   0.03633,  -0.10374,  -0.08973,  -0.05296,   0.00481,  -0.01269,  -0.03545,  -0.03896,  -0.04596,  -0.06697,   0.03108,  -0.01795,   0.02582,  -0.01444,  -0.02670,  -0.07747,  -0.02495,  -0.04946,  -0.00394,   0.03108,  -0.01444,  -0.00919,   0.03808,  -0.03545,  -0.06347,   0.06609,   0.00131,  -0.03896,  -0.03020,  -0.08448,   0.03108,   0.09411,   0.01007,  -0.01795,  -0.03896,  -0.01094,  -0.00744,  -0.05296,   0.00657,   0.04508,  -0.03896,   0.02057,   0.02582,   0.01707,   0.04158,   0.05909,  -0.02845,   0.07660,   0.02933,  -0.02670,  -0.01269,  -0.11249,  -0.01970,   0.05559,  -0.09323,   0.00306,   0.00832,  -0.05121,   0.00481,  -0.08098,  -0.02845,  -0.02145,   0.01532,   0.02057,  -0.00219,   0.02407,   0.05209,  -0.04771,  -0.02495,  -0.01795,  -0.02495,  -0.00744,   0.03633,   0.05034,  -0.04946,  -0.00219,   0.03283,  -0.03020,   0.03633,  -0.01094,  -0.01444,  -0.05997,   0.04508,  -0.05646,   0.02232,   0.01882,  -0.07222,   0.01882,  -0.01970,  -0.03020,  -0.08098,  -0.04421,  -0.05646,  -0.05471,   0.02407,   0.00832,   0.00306,   0.07310,   0.02232,   0.07835,  -0.03545,  -0.03896,   0.02582,  -0.06172,  -0.03020,   0.04333,   0.03108,  -0.02495,  -0.04071,   0.06609,   0.05034,  -0.02670,   0.00306,   0.07660,  -0.03545,   0.02582,  -0.07047,   0.02582,  -0.00219,   0.02757,  -0.07047,  -0.05471,  -0.02145,  -0.01269,  -0.00044,   0.02232,  -0.02495,  -0.01620,  -0.09498,  -0.01795,   0.05209,   0.01182,   0.00657,  -0.00394,  -0.01795,  -0.00919,  -0.03195,   0.01357,   0.03983,  -0.02145,   0.03633,  -0.01094,   0.01357,   0.01182,  -0.06172,   0.03633,  -0.02145,   0.01357,  -0.04071,   0.02407,  -0.04246,   0.01357,   0.01532,   0.10286,  -0.00394,  -0.03721,   0.03458,   0.01182,  -0.01269,   0.06084,   0.06434,  -0.03370,   0.02232,  -0.04596,  -0.04071,  -0.05296,  -0.01620,  -0.07222,  -0.05296,   0.03283,  -0.06872,  -0.00569,  -0.04071,   0.05909,  -0.02670,   0.02407,  -0.01620,  -0.01444,  -0.05822,  -0.06522,   0.01007,  -0.01094,  -0.00744,   0.06609,   0.03283,   0.02933,  -0.06172,   0.03983,   0.05384,  -0.05296,   0.02057,  -0.02320,   0.00131,  -0.03721,  -0.00919,   0.02407,  -0.03370,   0.07310,   0.01182,  -0.00919,  -0.04071,  -0.07747,  -0.06697,   0.01007,  -0.06522,   0.01357,  -0.09323,  -0.00394,   0.00657,   0.05734,  -0.00394,  -0.03896,  -0.00394,  -0.01970,  -0.04771,   0.01882,   0.02407,  -0.09498,   0.02407,   0.01707,   0.03983,  -0.05646,  -0.04246,  -0.01970,  -0.04246,  -0.01620,   0.01532,  -0.06697,  -0.06697,  -0.04246,   0.07660,  -0.06347,   0.01182,  -0.00219,   0.08710,  -0.06347,  -0.01269,   0.02057,   0.04333,   0.05734,   0.01532,   0.01532,  -0.05997,  -0.09848,   0.02933,   0.06959,  -0.00394,   0.00306,   0.03633,   0.09060,   0.03633,   0.00657,  -0.07397,  -0.10374,   0.03458,  -0.01970,  -0.04071,  -0.00394,   0.06609,  -0.06347,   0.08710,  -0.00744,  -0.05471,  -0.01094,  -0.00919,  -0.02495,   0.01882,  -0.00744,  -0.00044,  -0.03545,  -0.08623,  -0.00744,   0.06609,   0.02933,  -0.03020,  -0.07397,  -0.04421,  -0.00219,  -0.03370,  -0.05822,  -0.04946,  -0.04246,  -0.09323,   0.01707,  -0.01269,   0.03458,  -0.05471,   0.01707,   0.01532,   0.00832,  -0.00744,  -0.05121,  -0.00219,   0.02757,  -0.00919,   0.01007,  -0.01970,  -0.02320,  -0.00919,   0.01357,  -0.01970,   0.05034,  -0.00744,  -0.04946,  -0.05997,  -0.00569,  -0.01620,   0.04158,  -0.06347,  -0.00394,   0.01707,   0.06959,   0.01007,  -0.01620,   0.03283,  -0.01444,  -0.01444,  -0.00744,  -0.03545,   0.08010,   0.04158,   0.05384,   0.04158,   0.00131,  -0.08098,   0.01707,   0.03108,   0.03108,   0.04683,   0.03983,   0.05209,  -0.00044,  -0.03370,  -0.04596,   0.03633,   0.01532,  -0.00569,  -0.04071,   0.02582,  -0.00569,  -0.02495,   0.04858,   0.02057,  -0.01269,   0.05559,  -0.01444,   0.01532,  -0.06522,  -0.04596,  -0.00394,   0.04858,   0.04158,   0.01182,   0.00832,  -0.04771,  -0.05121,   0.08360,  -0.03721,  -0.04071,   0.04158,  -0.00394,  -0.06172,   0.00131,   0.03108,  -0.04071,  -0.01444,   0.08185,  -0.01795,  -0.00569,   0.00657,   0.06259,  -0.04946,   0.02232,  -0.08798,   0.02057,   0.00481,  -0.08098,  -0.03195,   0.06259,   0.05909,   0.02057,  -0.00919,   0.02757,   0.02232,  -0.01620,  -0.03195,  -0.00394,   0.04158,  -0.02145,  -0.06172,  -0.01620,  -0.00219,  -0.04421,   0.08010,  -0.07572,   0.06784,   0.03283,  -0.04421,   0.02933,   0.05034,   0.02232,  -0.00394,  -0.00744,   0.05559,  -0.00219,   0.01182,  -0.00744,   0.02582,  -0.02670,  -0.00569,   0.02057,   0.03458,   0.00832,   0.02407,   0.04508,   0.12912,   0.03633,   0.02232,  -0.05296,   0.04158,  -0.01795,  -0.09673,   0.04858,   0.02407,   0.06084,   0.01532,  -0.12124,   0.02757,   0.00657,  -0.01620,  -0.05997,   0.02757,   0.06959,   0.00306,  -0.01620,   0.06084,  -0.01620,  -0.02670,   0.01357,   0.01707,   0.04333,  -0.00569,  -0.04421,   0.00131,  -0.04946,  -0.04071,   0.00306,   0.01882,   0.06434,   0.10636,  -0.00219,  -0.01795,  -0.05471,   0.01357,   0.01532,  -0.01620,   0.03108,   0.08710,   0.06084,  -0.01620,   0.02582,   0.00131,   0.03458,   0.09235,  -0.03020,   0.04333,  -0.02320,  -0.03721,  -0.00394,   0.02933,  -0.02670,  -0.07397,   0.07660,  -0.06172,  -0.03370,   0.01007,   0.06084,   0.09060,  -0.03721,  -0.04596,   0.08185,  -0.00394,  -0.03370,   0.00306,   0.01357,  -0.00219,  -0.03721,  -0.08273,  -0.03020,   0.06434,  -0.08098,   0.05209,   0.03633,   0.00131,   0.01182,   0.02407,  -0.06172
  -0.00569,  -0.01795,  -0.01620,  -0.09323,  -0.01620,   0.00306,  -0.03195,  -0.00919,  -0.07222,   0.01707,  -0.00219,  -0.06347,   0.01357,   0.05909,   0.03983,   0.02933,   0.01532,  -0.00744,  -0.00394,  -0.03195,   0.06784,   0.02057,  -0.02495,  -0.07572,  -0.08098,  -0.02320,   0.02232,  -0.03370,   0.00657,   0.06784,   0.01882,  -0.00919,   0.01532,  -0.09323,   0.04683,   0.01532,  -0.00744,   0.03633,  -0.04946,   0.01357,  -0.10549,  -0.01795,  -0.07922,  -0.03545,  -0.00919,   0.02582,  -0.01094,   0.03108,   0.06784,   0.06959,   0.02407,  -0.04946,  -0.00569,   0.02757,   0.02407,   0.03283,   0.02933,   0.03808,   0.00481,  -0.02145,  -0.02845,   0.05209,  -0.00919,   0.01007,   0.06434,  -0.00744,   0.01182,  -0.05121,   0.03108,  -0.02495,   0.02582,   0.00657,  -0.03896,  -0.00219,  -0.07397,  -0.00919,  -0.02845,  -0.00219,  -0.01444,  -0.02670,  -0.13350,  -0.02320,   0.03458,   0.01357,   0.02232,   0.06959,   0.05209,  -0.05296,   0.03458,   0.02582,  -0.03020,  -0.01269,   0.00131,  -0.06347,   0.01532,   0.01182,  -0.03896,  -0.03545,  -0.03020,  -0.02495,   0.00657,  -0.01269,   0.03633,  -0.00394,  -0.04246,  -0.00219,   0.05734,   0.04683,   0.02057,  -0.01970,  -0.03195,   0.05559,   0.00657,   0.05384,   0.04858,  -0.01795,   0.00306,   0.06959,   0.04333,  -0.08798,  -0.04771,   0.07485,  -0.01795,  -0.02670,  -0.02145,   0.01707,   0.09586,   0.03808,   0.01357,  -0.00919,  -0.10023,   0.02407,  -0.05296,  -0.00919,   0.02232,  -0.01269,  -0.00569,   0.05734,   0.03108,   0.08885,   0.02407,  -0.04421,  -0.01269,  -0.00219,  -0.00044,  -0.04421,   0.00481,   0.05209,  -0.06697,   0.01182,  -0.00744,   0.02057,  -0.04246,   0.11161,   0.05209,   0.05559,  -0.13350,  -0.01970,  -0.10899,  -0.04421,  -0.09148,  -0.01620,   0.01532,   0.01007,  -0.03195,  -0.07572,   0.01182,  -0.00744,   0.04508,   0.01357,  -0.05471,   0.06609,   0.03458,   0.06434,  -0.09498,  -0.06522,   0.03458,   0.05559,  -0.04071,  -0.01970,  -0.03545,  -0.02145,   0.01357,   0.07310,  -0.01795,   0.00131,  -0.04596,  -0.11599,   0.02407,  -0.05822,   0.00832,  -0.02145,   0.04158,   0.01707,   0.06259,   0.01357,  -0.08448,   0.01357,  -0.03020,   0.02582,  -0.00219,   0.01007,  -0.04596,  -0.01094,   0.02757,   0.02232,  -0.03020,  -0.02845,   0.03458,   0.02232,  -0.03721,  -0.00394,  -0.01269,   0.07835,  -0.02845,  -0.01269,  -0.03896,  -0.06872,  -0.03896,   0.03283,  -0.04946,   0.02757,   0.01882,  -0.05646,   0.01357,  -0.04596,   0.03458,  -0.04071,  -0.00219,   0.02232,  -0.00044,   0.03283,   0.00657,   0.04858,   0.05909,   0.01357,  -0.07397,   0.00657,  -0.03721,  -0.01795,   0.03983,  -0.04771,   0.03283,   0.01532,   0.04333,   0.09936,  -0.02145,   0.05909,  -0.06347,  -0.01620,  -0.01444,  -0.01094,   0.02232,  -0.05121,  -0.02495,  -0.02320,  -0.02845,   0.03283,   0.02582,   0.02757,  -0.00744,   0.00306,  -0.04071,  -0.06172,   0.01707,  -0.07222,   0.03633,   0.04333,  -0.00044,  -0.01620,  -0.05296,  -0.01620,  -0.08798,   0.04158,   0.00306,   0.00306,   0.06959,  -0.00919,   0.01707,  -0.01620,   0.00481,  -0.07747,  -0.02320,  -0.04771,   0.03283,  -0.03195,  -0.02320,  -0.02145,   0.07135,  -0.00569,   0.00481,  -0.02320,  -0.05121,  -0.00569,   0.04683,  -0.02670,  -0.01269,   0.08710,  -0.06697,  -0.02670,  -0.00744,   0.00131,  -0.01970,  -0.02845,   0.01707,  -0.01094,  -0.00394,  -0.00044,  -0.01094,  -0.00919,  -0.01620,  -0.04596,   0.01182,  -0.07747,  -0.09673,  -0.00219,  -0.00044,   0.00832,  -0.04246,   0.03458,  -0.07397,   0.05559,  -0.03195,  -0.04946,   0.05384,  -0.04946,   0.00131,  -0.00569,  -0.01444,   0.07310,  -0.03370,   0.03633,   0.08710,  -0.04596,  -0.04421,   0.02582,   0.05909,  -0.11599,  -0.00394,   0.00657,   0.00657,  -0.01620,  -0.00919,   0.07485,  -0.08273,  -0.07922,   0.06259,  -0.04071,   0.03633,  -0.00744,   0.01707,  -0.07397,  -0.04771,   0.01007,  -0.00044,  -0.01620,  -0.08448,  -0.03195,  -0.03896,   0.02582,   0.05559,   0.00131,  -0.06347,   0.01707,   0.04158,  -0.04596,   0.00832,   0.02232,  -0.01094,  -0.02670,   0.03983,  -0.02670,  -0.03370,  -0.00394,  -0.02670,  -0.05296,   0.04508,  -0.02145,  -0.04596,   0.01532,   0.05034,   0.00306,   0.01707,   0.05734,  -0.05296,  -0.01795,  -0.02845,  -0.02320,   0.01707,  -0.04596,  -0.12650,  -0.04596,   0.00306,  -0.01269,   0.00306,   0.03983,   0.00481,   0.07135,  -0.02670,   0.00306,   0.02232,   0.09761,  -0.00744,  -0.00569,   0.04158,   0.02757,   0.09936,   0.03808,   0.03633,  -0.01094,  -0.00219,  -0.01970,  -0.01269,  -0.02145,  -0.05822,   0.01882,   0.02232,   0.01182,  -0.06522,  -0.00569,  -0.00394,  -0.05296,   0.01182,   0.01707,   0.03108,  -0.00219,   0.08360,   0.05734,   0.03283,  -0.02495,   0.06259,   0.04158,   0.01707,   0.04683,   0.03108,   0.00481,   0.05384,  -0.06872,  -0.03896,  -0.04246,   0.05734,  -0.02495,  -0.02845,   0.00657,  -0.03721,   0.05559,  -0.04771,   0.04858,  -0.01620,   0.05734,  -0.00744,  -0.00394,  -0.00044,  -0.02495,  -0.03020,   0.04508,  -0.01269,  -0.08448,  -0.01795,  -0.06347,  -0.03896,   0.01182,  -0.01269,  -0.00394,  -0.00219,   0.02933,  -0.00219,   0.01707,  -0.03020,  -0.07222,  -0.01620,   0.08185,   0.07135,  -0.04246,  -0.00569,  -0.01269,  -0.00919,  -0.06522,  -0.01795,   0.06259,  -0.03721,   0.04858,  -0.07572,  -0.00919,  -0.01620,  -0.02670,   0.03808,  -0.01795,   0.06609,   0.05559,  -0.02145,  -0.03545,  -0.03370,   0.03108,   0.03633,   0.01532,  -0.07222,  -0.01444,  -0.03370,   0.02232,  -0.09848,   0.04858,   0.07135,  -0.07747,  -0.02145,  -0.03545,  -0.00219,  -0.08973,  -0.06697,   0.06784,   0.03983,   0.03458,   0.07310,   0.02933,   0.05909,  -0.05646,  -0.04246,  -0.08623,  -0.08098,  -0.02145,  -0.05121,  -0.00044,   0.03808,   0.04333,   0.03108,   0.00481,   0.04333,   0.05034,  -0.01444,  -0.00219,  -0.04946,  -0.01269,   0.02407,   0.02582,   0.00481,  -0.07922,  -0.02670,  -0.08448,  -0.06872,   0.00131,  -0.05997,  -0.05296,  -0.02670,   0.01707,   0.04858,  -0.03545,   0.03808,   0.03983,  -0.03020,   0.04858,  -0.03721,   0.05209,  -0.04246,   0.00657,   0.01532,   0.00481,   0.02407,   0.00481,  -0.01444,  -0.01620,   0.06084,   0.03983,  -0.06347,  -0.01444,   0.05034,   0.02933,   0.02407,  -0.05471,  -0.00394,   0.01182,  -0.00219,   0.00131,   0.01357,  -0.08623,   0.03983,   0.03983,  -0.00569,   0.02582,   0.04508,  -0.07222,   0.01182,   0.05209,   0.02582,   0.03283,  -0.02495,   0.00832,  -0.02320,   0.02057,  -0.00919,   0.02582,   0.06784,  -0.01970,  -0.01795,   0.03808,   0.02057,   0.00306,   0.00657,   0.03283,  -0.03370,   0.02933,   0.00131,  -0.00044,  -0.01620,  -0.05121,   0.05034,  -0.00569,  -0.03545,  -0.00394,   0.01357,   0.04858,  -0.00569,  -0.02670,  -0.00219,   0.01007,  -0.04246,  -0.00044,   0.01707,   0.03108,   0.01532,  -0.02145,  -0.05296,  -0.01970,  -0.02320,   0.00481,   0.00306,  -0.08098,   0.01357,  -0.07397,   0.05209,   0.05909,   0.00306,   0.04158,   0.00306,   0.00131,   0.01532,  -0.00394,   0.09235,  -0.00219,  -0.05296,   0.04158,   0.06434,  -0.03545,  -0.00744,   0.06784,  -0.04946,   0.07135,   0.03108,   0.07135,   0.00306,   0.06434,   0.02933,   0.03458,  -0.03370,   0.04158,   0.01007,   0.03458,  -0.01269,   0.01882,  -0.04421,   0.05909,   0.00481,   0.08010,   0.02757,  -0.04596,  -0.01269,  -0.00219,   0.00832,   0.04158,   0.01357,   0.01357,   0.05559,   0.03458,  -0.00044,  -0.03896,  -0.06347,   0.02232,  -0.01269,  -0.11249,  -0.05296,  -0.00919,  -0.06522,  -0.00569,  -0.08623,  -0.05121,   0.03283,   0.09060,  -0.06697,   0.00832,  -0.07747,  -0.01620,   0.01532,  -0.02670,   0.00131,   0.04683,  -0.03721,  -0.01620,   0.01182,  -0.10199,  -0.03721,   0.04683,  -0.02320,  -0.04946,  -0.00044,  -0.04596,  -0.02145,   0.01707,  -0.02670,   0.10811,  -0.07047,   0.02057,  -0.05646,  -0.08973,  -0.00219,   0.03633,  -0.00744,   0.01882,   0.02582,   0.02407,  -0.04421,   0.03633,   0.01532,  -0.02320,  -0.09148,   0.04158,   0.08885,  -0.00394,  -0.00744,   0.03983,  -0.10724,  -0.00919,   0.06609,   0.03633,   0.02057,  -0.01444,   0.01357,   0.02407,  -0.02845,  -0.00219,   0.00657,  -0.00044,  -0.06522,   0.01707,   0.01357,   0.07485,  -0.00919,   0.10636,  -0.02845,  -0.01444,   0.03458,  -0.00394,   0.06609,  -0.01444,  -0.03020,   0.06609,  -0.03545,   0.06259,  -0.02145,  -0.05121,  -0.00219,  -0.00569,   0.01532,  -0.02670,  -0.05296,  -0.05471,  -0.06872,  -0.00919,  -0.03545,  -0.04946,  -0.05646,   0.02582,  -0.09323,  -0.04596,  -0.07222,   0.10636,   0.06959,   0.03633,   0.00657,   0.05559,  -0.02670,  -0.05121,  -0.00744,  -0.01970,   0.01882,  -0.05822,   0.01532,   0.02057,   0.01182,   0.00832,   0.00131,  -0.04946,   0.09235,   0.00306,   0.03633,   0.00832,   0.00131,  -0.02845,  -0.00569,  -0.04071,  -0.01620,   0.00306,  -0.05646,   0.07135,   0.05734,   0.02582,  -0.03896,  -0.03721,   0.01007,   0.00657,  -0.08623,  -0.02145,  -0.03020,  -0.02145,   0.06084,  -0.05646,  -0.07047,  -0.00219,  -0.00394,   0.00306,   0.04333,   0.00306,  -0.05997,  -0.02145,  -0.00919,   0.03633,   0.00306,  -0.09848,  -0.01094,   0.03108,  -0.03370,  -0.05296,  -0.04946,   0.02232,  -0.02845,  -0.03195,  -0.01970,  -0.02670,  -0.00394,   0.02933,   0.02757,  -0.04246,  -0.04071,   0.06259,  -0.00394,   0.00481,   0.02407,   0.04158,   0.03633,   0.05209,  -0.01620,   0.03808,   0.02582,  -0.04946,  -0.02145,  -0.03896,  -0.00919,   0.00657,  -0.03721,   0.01182,  -0.01795,   0.01707,   0.03983,   0.05909,  -0.08098,  -0.04071,   0.01532,  -0.03020,  -0.03020,  -0.02845,   0.04158,  -0.00919,   0.02757,  -0.00919,   0.00657,   0.00832,   0.05734,   0.03283,  -0.01269,  -0.00044,   0.05209,  -0.04771,   0.04333,  -0.02845,   0.03283,  -0.01269,  -0.01094,   0.02757,  -0.02845,   0.01707,   0.02232,   0.02057,   0.08535,  -0.07922,  -0.00569,  -0.09498,  -0.02145,   0.02582,   0.01357,   0.05909,   0.02407,  -0.01269,   0.01707,   0.04683,   0.00481,   0.06609,  -0.02145,   0.03808,  -0.00744,  -0.01795,  -0.00569,  -0.03545,  -0.01269,  -0.07222,  -0.01620,  -0.00219,  -0.03020,  -0.01795,  -0.00919,  -0.03195,  -0.03020,  -0.02670,  -0.00394,   0.00657,  -0.06522,  -0.02670,  -0.02845,  -0.00394,   0.03808,   0.05384,   0.01882,   0.03283,  -0.00044,  -0.07047,   0.04508,  -0.05997,  -0.08798,  -0.04596,  -0.02670,   0.03808,   0.01707,   0.05559,  -0.04421,  -0.04246,  -0.04421,  -0.05822,  -0.01269,   0.02057,   0.02407,  -0.04246,  -0.05471,  -0.01970,   0.01532,   0.00832,   0.05559,   0.06259,  -0.01970,  -0.00744,  -0.02320,  -0.01269,   0.00832,   0.02933,   0.04508,   0.01532,   0.06084,  -0.12475,   0.00131,  -0.01444,   0.01007,   0.03458,  -0.05296,   0.06784,  -0.01094,   0.03633,  -0.03721,  -0.01795,  -0.00569,  -0.03195,  -0.00744,  -0.02145,  -0.00744,   0.01882,  -0.01094,   0.00481,  -0.03545,   0.01357,  -0.05121,   0.10111,   0.04683,  -0.03896,  -0.02145,  -0.00919,  -0.04771,   0.03108,  -0.05471,  -0.06872,   0.04333,  -0.04071,   0.00832,  -0.03721,  -0.07222,   0.08710,  -0.02845,   0.09060,  -0.00394,   0.05559,   0.05384,  -0.09673,  -0.09498,  -0.08098,   0.05909,   0.05384,   0.05559,   0.01182,   0.01357,  -0.05646,  -0.01795,  -0.04596,   0.02933,   0.02757,  -0.02670,  -0.01444,  -0.00919,   0.01707,  -0.03896,  -0.04596
  -0.02495,  -0.01970,   0.02933,  -0.01970,  -0.02495,   0.01357,   0.02757,  -0.02845,   0.02057,   0.02933,   0.05384,   0.02933,   0.05384,  -0.00394,  -0.03195,  -0.00394,   0.07135,   0.01357,   0.00131,  -0.00219,  -0.03370,  -0.01269,   0.06259,   0.07660,  -0.01269,  -0.06347,   0.08010,  -0.00394,  -0.00919,   0.00832,   0.09411,  -0.01269,   0.08010,  -0.04071,   0.02757,  -0.01620,   0.08710,  -0.01795,   0.00306,  -0.01620,   0.00832,   0.07835,   0.02057,   0.01182,  -0.07747,   0.02407,  -0.00219,   0.05384,  -0.02145,  -0.02670,   0.00131,   0.00832,  -0.03370,   0.00657,  -0.03195,   0.01357,   0.00481,  -0.00044,   0.00481,  -0.00219,   0.03808,  -0.01795,  -0.05997,  -0.00569,   0.01882,  -0.00569,  -0.03721,   0.03808,   0.00306,   0.06084,  -0.00219,  -0.04771,  -0.01444,   0.06084,  -0.01094,  -0.00744,  -0.00219,  -0.02320,  -0.05121,  -0.09148,  -0.01094,  -0.05997,   0.01357,  -0.02670,   0.00481,   0.00481,  -0.01269,  -0.05997,  -0.02320,   0.03633,  -0.05121,  -0.06172,   0.02407,  -0.01444,  -0.09498,  -0.04071,   0.08535,  -0.03545,  -0.00744,   0.00306,  -0.06347,   0.02933,  -0.02495,  -0.02145,   0.05384,  -0.04771,  -0.07572,   0.01707,  -0.01444,  -0.02495,  -0.02145,  -0.06697,  -0.07222,   0.04333,  -0.00744,   0.01707,   0.02757,   0.02933,  -0.01269,   0.02757,   0.00306,   0.02582,   0.03633,  -0.00219,  -0.05997,  -0.00219,  -0.02845,   0.04508,  -0.01444,   0.01182,   0.08710,  -0.01269,  -0.01444,   0.03983,  -0.01444,   0.05209,  -0.01795,  -0.02495,  -0.08973,   0.06084,   0.01532,  -0.09323,  -0.01444,  -0.00219,   0.04333,  -0.01795,  -0.01094,   0.00832,   0.10986,  -0.07397,   0.00832,  -0.00394,  -0.06872,  -0.02320,   0.02232,   0.03283,  -0.05997,  -0.03195,  -0.00744,  -0.04246,   0.05034,   0.01182,   0.05384,  -0.01269,   0.01357,   0.05909,   0.02232,  -0.01444,  -0.02320,  -0.02845,  -0.04246,  -0.00744,   0.02933,  -0.06172,  -0.01795,  -0.03896,   0.03458,   0.02933,  -0.00919,   0.01882,  -0.03370,  -0.06347,  -0.03721,  -0.04596,  -0.04071,  -0.03020,   0.04858,   0.06084,   0.04333,   0.00832,  -0.04246,   0.02582,  -0.00919,   0.03808,   0.05734,   0.03808,   0.01532,  -0.03370,   0.03983,  -0.09148,   0.04683,  -0.03721,  -0.03545,  -0.07222,   0.02057,   0.01707,   0.06434,  -0.01795,   0.02232,  -0.06522,   0.02407,  -0.01970,   0.07485,   0.02057,  -0.04071,  -0.04771,  -0.00044,  -0.02670,  -0.03370,  -0.00219,  -0.01620,   0.02757,   0.04858,  -0.08448,  -0.08448,  -0.02320,  -0.05822,   0.06084,  -0.06347,  -0.01269,   0.04508,   0.02407,   0.05034,  -0.03896,  -0.03195,  -0.03721,   0.02232,   0.01707,  -0.05471,   0.04508,   0.01707,   0.01532,  -0.07222,  -0.00919,   0.03633,   0.04683,  -0.05471,  -0.04596,   0.02057,  -0.02495,  -0.02495,   0.12912,  -0.04071,   0.05909,  -0.03545,  -0.03896,  -0.04246,   0.00306,  -0.01444,  -0.06872,   0.01357,   0.01007,   0.03633,  -0.03896,  -0.03020,   0.04683,  -0.02320,  -0.04246,  -0.02495,   0.07310,   0.05559,   0.02757,  -0.02845,  -0.00919,   0.01882,   0.03808,   0.03633,   0.00832,  -0.01620,   0.00657,   0.07310,   0.01882,  -0.00219,   0.02933,  -0.02320,   0.05209,  -0.02670,  -0.05646,  -0.04246,   0.01882,  -0.00394,  -0.01620,  -0.00044,   0.04158,  -0.02145,   0.02057,  -0.00744,   0.01007,  -0.01269,   0.03283,   0.03458,  -0.03020,  -0.03896,  -0.05296,  -0.03721,   0.05909,   0.05034,   0.01707,  -0.04596,   0.01882,  -0.07922,  -0.05997,  -0.04946,   0.01882,   0.02057,   0.06784,  -0.00219,  -0.01269,  -0.00394,   0.01532,   0.04508,  -0.04771,  -0.03545,  -0.01444,  -0.03370,   0.02232,  -0.04596,   0.04333,  -0.02845,   0.01882,  -0.01795,   0.02582,   0.08885,   0.01007,  -0.01795,   0.00481,  -0.00044,  -0.03370,  -0.01620,   0.02757,  -0.00744,  -0.00744,  -0.04246,   0.09235,   0.00481,   0.00481,   0.05734,   0.00131,   0.05909,   0.07660,   0.01182,   0.03633,   0.03458,   0.01707,  -0.00569,   0.03633,   0.05734,  -0.05822,  -0.00394,   0.02232,   0.01882,   0.01532,   0.06259,   0.05209,  -0.02145,   0.08535,  -0.02145,   0.02232,   0.01182,  -0.05646,  -0.03370,   0.04858,  -0.00919,  -0.01094,  -0.03370,   0.01707,   0.03633,   0.02582,  -0.05997,   0.00306,   0.01707,   0.03108,  -0.00394,  -0.02670,   0.05209,  -0.10549,  -0.01620,   0.02407,   0.01357,  -0.04071,  -0.06872,   0.01357,  -0.01444,  -0.02670,   0.08010,  -0.03195,   0.02407,  -0.01444,   0.05034,   0.04858,   0.01882,  -0.01795,  -0.02670,  -0.02145,  -0.04421,   0.02582,   0.02582,  -0.02145,   0.03458,  -0.00044,   0.04508,  -0.03545,  -0.00569,  -0.00044,   0.01182,  -0.00044,  -0.06522,   0.00657,   0.05034,  -0.01444,   0.04158,  -0.10374,   0.02582,  -0.01444,   0.05034,  -0.02320,   0.01532,   0.05034,  -0.01269,   0.02582,  -0.03020,  -0.01269,  -0.08798,  -0.07222,  -0.00744,   0.02232,  -0.01444,   0.05559,  -0.01094,   0.02933,   0.00657,  -0.06347,   0.01707,   0.02582,  -0.01620,   0.04858,  -0.04596,  -0.01970,  -0.02845,   0.02057,  -0.00044,  -0.02145,  -0.06347,   0.09060,  -0.04771,  -0.03545,   0.08010,  -0.01094,  -0.01444,   0.08360,   0.01882,  -0.01094,   0.02933,  -0.00044,  -0.04246,  -0.00744,   0.08185,  -0.00394,   0.01532,   0.01182,  -0.02320,  -0.00219,  -0.02670,  -0.00219,   0.00832,   0.03983,   0.02757,  -0.00044,   0.05209,   0.03458,  -0.00394,   0.04508,  -0.02320,  -0.00919,  -0.01444,   0.02057,  -0.03721,   0.01007,  -0.01444,  -0.01970,   0.06434,  -0.07397,   0.00306,   0.00306,   0.01532,  -0.02495,   0.01357,   0.03633,  -0.01620,   0.03283,  -0.03195,  -0.01269,   0.04508,  -0.06522,   0.01707,   0.01532,   0.05384,  -0.03195,  -0.07397,  -0.01795,  -0.00919,  -0.00569,  -0.04246,  -0.02670,   0.03108,   0.04858,   0.00832,  -0.00219,   0.00131,  -0.02320,   0.01707,   0.03808,   0.00832,   0.01882,   0.05209,   0.01182,  -0.01795,   0.10111,  -0.00569,   0.03108,  -0.04246,  -0.05997,   0.06434,   0.04683,  -0.02845,  -0.02495,  -0.00044,  -0.01620,  -0.00919,  -0.07747,  -0.02320,  -0.04246,  -0.02145,   0.03983,  -0.02670,  -0.02320,   0.02757,  -0.00919,  -0.05822,   0.05734,  -0.01795,   0.05734,   0.01357,   0.00657,   0.00481,  -0.00219,  -0.02495,  -0.00044,   0.08185,   0.00832,   0.01007,   0.05209,   0.09586,  -0.01269,   0.08185,   0.01707,   0.01532,   0.03633,   0.07835,   0.01007,   0.01707,  -0.08273,  -0.06522,  -0.06172,  -0.06522,   0.02933,  -0.05646,  -0.00044,   0.09586,   0.01882,  -0.01795,  -0.05997,   0.04333,  -0.05121,   0.01182,   0.02407,  -0.02670,   0.00131,  -0.00569,   0.00481,   0.00131,  -0.01269,  -0.03545,  -0.00219,   0.02582,  -0.04421,  -0.03721,  -0.02845,   0.09060,  -0.01444,  -0.01269,   0.01707,   0.04683,  -0.00569,   0.00481,   0.05384,   0.00657,   0.03283,   0.02757,  -0.06347,   0.08010,  -0.00744,   0.03458,   0.01707,   0.02757,   0.08710,  -0.01444,   0.01532,   0.03808,   0.02933,  -0.03020,  -0.03545,   0.02757,   0.05909,  -0.04246,  -0.05471,  -0.04246,  -0.07397,  -0.00744,  -0.08973,   0.02407,   0.03808,  -0.05646,   0.05209,  -0.03020,   0.07310,   0.00306,   0.03633,  -0.01970,  -0.03545,  -0.02320,  -0.06172,   0.02407,   0.03283,   0.09936,   0.03108,  -0.02495,   0.06434,  -0.00744,  -0.05822,  -0.02495,   0.03283,   0.01007,  -0.00044,   0.02057,  -0.01795,  -0.00394,   0.01882,   0.04508,   0.03108,  -0.00394,   0.06434,  -0.03195,  -0.00219,  -0.06522,   0.03283,   0.01882,   0.10636,   0.00306,  -0.04071,   0.06609,  -0.01094,  -0.01444,  -0.03195,   0.00481,  -0.04071,   0.03633,   0.08360,  -0.02670,   0.01182,  -0.06522,   0.01357,   0.03108,  -0.05822,  -0.03896,   0.01882,   0.02057,   0.04333,  -0.01269,   0.01532,   0.02582,   0.02407,   0.03983,   0.00657,  -0.05121,  -0.01970,  -0.01094,  -0.02670,   0.06609,   0.03808,   0.00481,   0.01007,   0.02407,  -0.00394,  -0.04421,  -0.01620,  -0.03545,   0.00657,   0.05909,   0.00832,  -0.00919,  -0.00394,  -0.02145,  -0.00044,  -0.01620,   0.02232,  -0.00919,  -0.03370,  -0.02495,   0.00131,   0.00481,  -0.10023,   0.02232,  -0.02670,   0.10286,  -0.02670,  -0.02495,  -0.04946,   0.03458,   0.03808,   0.01007,  -0.02845,  -0.01094,  -0.01444,  -0.00744,   0.07660,  -0.05471,  -0.02495,  -0.05296,  -0.03020,   0.00131,   0.01532,  -0.02845,  -0.05822,   0.05734,  -0.01970,  -0.02495,  -0.03721,   0.05559,   0.02057,   0.02933,  -0.02320,  -0.01444,   0.02582,   0.01182,   0.04158,   0.01182,  -0.00919,   0.02933,   0.02407,   0.02057,  -0.01269,  -0.03195,   0.03283,   0.05734,  -0.02495,   0.00832,  -0.01970,  -0.00569,  -0.04246,   0.02057,   0.01182,  -0.03370,  -0.04771,  -0.03545,   0.02757,  -0.01444,  -0.02145,   0.00131,   0.00481,   0.00306,  -0.07572,   0.02057,   0.04333,  -0.01795,   0.06609,   0.02057,   0.01182,   0.02582,  -0.03370,  -0.03545,  -0.02145,  -0.03370,   0.02582,  -0.02670,   0.04683,  -0.02495,   0.01882,  -0.01444,   0.00481,  -0.00919,   0.03983,  -0.06522,   0.03108,  -0.00219,  -0.02845,   0.03633,   0.02057,  -0.05121,   0.01882,   0.02057,  -0.00394,   0.03283,   0.03808,  -0.04771,  -0.11249,   0.02232,   0.03458,  -0.02145,   0.01007,   0.01707,  -0.00394,   0.01882,  -0.02845,  -0.06697,   0.02582,  -0.00744,   0.01882,  -0.01269,  -0.04246,  -0.01269,   0.02232,  -0.02145,  -0.01269,   0.02933,  -0.01094,   0.08535,  -0.03896,   0.03458,   0.06084,  -0.00394,  -0.02670,  -0.02670,   0.00306,   0.01532,  -0.02670,   0.05034,   0.02582,   0.00481,   0.08185,  -0.03370,  -0.04246,   0.08360,   0.03283,  -0.07222,   0.05909,   0.02057,   0.01007,  -0.00219,   0.06784,  -0.01620,   0.00306,   0.04158,  -0.08798,  -0.00044,   0.01357,  -0.02670,   0.04508,  -0.00744,   0.06259,   0.03458,   0.04333,  -0.01269,  -0.01970,   0.00131,   0.02582,   0.01882,  -0.06172,  -0.01620,   0.05734,  -0.01094,  -0.01795,   0.01882,  -0.10023,   0.03808,  -0.00744,   0.04333,   0.00306,  -0.00394,   0.00481,  -0.03721,  -0.00744,   0.06259,   0.01182,  -0.00394,  -0.01269,  -0.00394,   0.06609,   0.00131,   0.08535,   0.02757,   0.01182,   0.00481,   0.00481,   0.05209,   0.01007,  -0.03370,   0.00832,  -0.00569,  -0.01444,  -0.02495,   0.01357,   0.05034,  -0.02320,   0.00657,  -0.03370,  -0.03195,  -0.03195,  -0.03020,  -0.04946,  -0.02320,  -0.03195,  -0.03896,   0.07310,  -0.03545,   0.05034,   0.03283,  -0.00569,  -0.01970,   0.03458,  -0.05121,   0.01357,   0.05384,  -0.04596,  -0.00919,   0.02407,   0.02232,   0.01882,   0.05909,  -0.01094,   0.03633,  -0.01795,   0.03283,   0.08535,   0.01182,  -0.03195,  -0.09673,   0.00657,  -0.01094,   0.02757,  -0.04071,   0.03283,  -0.01444,   0.04508,  -0.05822,   0.04858,  -0.00394,   0.01007,  -0.00394,   0.01357,   0.01532,  -0.00394,  -0.04596,   0.06609,  -0.00394,   0.04858,  -0.00394,   0.02757,   0.05559,  -0.03545,  -0.04946,   0.06959,  -0.00219,  -0.01444,   0.03983,  -0.05296,  -0.01620,   0.00481,   0.01707,   0.01182,   0.04683,  -0.03896,   0.00832,  -0.00744,  -0.02495,   0.06084,  -0.01444,   0.03458,  -0.05121,  -0.09673,   0.01182,  -0.06347,  -0.01094,  -0.00394,   0.06609,  -0.04596,  -0.04596,  -0.03545,  -0.01094,  -0.07047,   0.00832,   0.01882,   0.04683,   0.07835,  -0.02670,   0.03983,  -0.02145,  -0.04246,  -0.02320,   0.02933,   0.01007,  -0.00044,  -0.00569,   0.00481,   0.03283,   0.07135,   0.02057,  -0.06347,   0.05734,   0.10111,   0.00131,  -0.01444,  -0.05646,  -0.05997
  -0.01795,   0.00481,   0.01182,   0.02757,  -0.01444,   0.07135,  -0.03020,  -0.00219,  -0.00919,  -0.05296,  -0.00219,   0.03633,   0.02582,  -0.08798,   0.10461,   0.08885,   0.05034,   0.03108,   0.02582,  -0.03020,   0.00481,  -0.00569,  -0.01269,   0.04508,  -0.01269,   0.00481,   0.00657,  -0.07397,  -0.01269,  -0.00044,  -0.07397,  -0.01094,   0.02232,  -0.05296,  -0.04946,   0.01532,   0.00131,   0.02757,  -0.00744,   0.03633,  -0.00219,  -0.05471,  -0.01094,  -0.01970,  -0.04071,   0.00832,   0.02933,   0.05034,  -0.02670,  -0.05822,   0.01707,   0.03633,   0.05209,   0.00131,  -0.00044,  -0.10899,  -0.03545,   0.02407,  -0.05121,   0.00306,  -0.03020,  -0.03545,  -0.05646,  -0.06872,   0.02933,  -0.01094,   0.04858,   0.09936,  -0.03370,  -0.01620,   0.03633,   0.01182,   0.05909,  -0.05471,  -0.00744,   0.04333,   0.03983,   0.06434,   0.03983,  -0.07222,  -0.08098,   0.02057,  -0.02670,   0.04858,   0.07660,  -0.02495,   0.02757,   0.00131,  -0.07047,   0.05034,   0.02582,   0.00657,   0.01357,  -0.03896,  -0.08098,  -0.01094,  -0.10899,   0.01707,  -0.01970,  -0.00744,   0.01007,  -0.05296,  -0.00744,   0.02757,   0.02933,   0.03108,   0.02057,   0.16939,  -0.01444,   0.01357,  -0.04596,   0.01357,   0.04158,  -0.02145,  -0.00744,   0.01007,   0.00657,   0.01357,   0.01182,  -0.02670,   0.02407,   0.02407,   0.02057,  -0.04246,  -0.10199,   0.04683,  -0.01269,  -0.00569,   0.02232,  -0.03545,   0.04158,  -0.02670,   0.00306,  -0.04246,   0.17289,  -0.03545,  -0.04771,   0.05034,  -0.00919,   0.02757,   0.01532,   0.01182,   0.05034,   0.02232,  -0.00569,   0.01532,   0.00832,  -0.03896,   0.00306,  -0.01444,   0.08710,  -0.04771,  -0.04071,   0.00481,  -0.00744,   0.09235,   0.08885,  -0.04246,   0.04158,   0.02582,  -0.01970,  -0.04771,   0.06084,   0.01357,   0.02407,   0.00306,   0.00481,  -0.04246,   0.00657,  -0.09673,  -0.06522,  -0.04946,   0.00832,  -0.08798,   0.02057,  -0.06697,   0.02057,   0.04683,   0.08360,  -0.00044,  -0.04071,   0.01532,   0.05209,  -0.00394,  -0.10023,   0.00131,  -0.05296,   0.00306,   0.04333,   0.04158,  -0.00919,  -0.04071,  -0.04071,   0.01007,   0.01882,   0.05559,  -0.05822,   0.03108,  -0.00394,  -0.06697,   0.01707,  -0.04946,  -0.01620,   0.08360,  -0.01444,   0.04333,  -0.02495,  -0.00044,   0.01707,  -0.03020,   0.01357,  -0.05471,   0.01182,   0.19740,  -0.03545,  -0.03370,   0.00131,   0.01882,   0.04683,  -0.00219,   0.03458,  -0.03370,   0.02232,  -0.00744,  -0.01795,   0.01707,   0.03283,   0.02582,  -0.01269,   0.12912,  -0.02845,   0.03983,  -0.08273,  -0.05646,   0.04333,  -0.07047,   0.01882,  -0.01094,   0.06084,  -0.00569,   0.00481,   0.02582,  -0.02495,   0.00657,   0.04158,   0.06259,   0.00306,   0.03458,  -0.09148,   0.01007,   0.05209,  -0.03896,   0.07660,   0.04158,   0.04858,   0.02232,   0.09060,   0.02757,  -0.00219,  -0.00219,  -0.05471,   0.03983,  -0.10549,  -0.08973,  -0.01094,   0.05384,  -0.08973,   0.07835,   0.04333,  -0.08623,  -0.01795,  -0.02670,  -0.00219,   0.04508,  -0.00744,   0.02582,   0.01357,  -0.03020,   0.06259,   0.02582,  -0.07397,  -0.01269,   0.02582,   0.07135,   0.00657,  -0.02670,   0.06259,  -0.00569,  -0.07222,   0.03633,   0.03983,   0.05209,   0.00306,   0.07310,   0.03458,   0.01357,   0.03283,   0.01707,  -0.03721,  -0.00394,  -0.00919,  -0.00044,  -0.09498,  -0.00569,   0.01007,   0.01707,   0.09761,  -0.05646,   0.04158,   0.02057,   0.01007,  -0.02670,  -0.07572,  -0.02320,  -0.02670,  -0.05296,   0.02232,   0.00131,  -0.02145,   0.03633,  -0.06522,  -0.02495,  -0.04246,   0.00306,  -0.05471,   0.02757,   0.04683,  -0.02145,  -0.00219,   0.00832,  -0.07747,  -0.00219,  -0.03020,  -0.04421,   0.02757,   0.02407,   0.04333,   0.06084,  -0.00044,   0.08185,  -0.02145,   0.01882,  -0.03020,   0.03808,  -0.00044,   0.01532,  -0.10023,   0.06959,  -0.00394,  -0.04421,   0.04158,   0.07135,   0.00306,   0.02057,   0.00306,   0.04333,   0.00481,  -0.00219,   0.09761,  -0.02845,  -0.06347,  -0.01620,  -0.07397,  -0.09148,   0.01532,  -0.04421,  -0.00744,  -0.00394,  -0.03195,  -0.02320,   0.04333,  -0.04421,   0.00657,   0.00131,  -0.05121,   0.06784,  -0.07047,   0.00306,  -0.04246,  -0.05646,  -0.05471,   0.08360,   0.02407,   0.00306,   0.00306,  -0.04071,  -0.00219,   0.04508,  -0.07047,  -0.01620,   0.02057,   0.10461,   0.00306,  -0.00744,  -0.01795,   0.01182,   0.00832,  -0.06347,  -0.03545,   0.01882,   0.01182,   0.03808,   0.02582,   0.08535,  -0.02145,  -0.01444,  -0.01970,   0.02582,   0.04508,   0.04508,   0.00832,   0.02232,  -0.02670,  -0.03721,  -0.07222,  -0.03195,   0.03283,   0.00657,   0.03283,  -0.04596,   0.05384,   0.08710,  -0.08448,  -0.05296,   0.03633,  -0.09673,  -0.04596,  -0.05471,   0.00306,  -0.05997,   0.00832,   0.04858,   0.02407,   0.01182,  -0.00219,   0.01882,  -0.07047,  -0.06697,   0.02407,   0.03808,  -0.00044,  -0.00044,   0.01532,  -0.06697,  -0.02670,  -0.01620,   0.01007,  -0.03020,   0.04858,  -0.04596,   0.07485,  -0.02845,  -0.00394,  -0.02845,   0.03458,  -0.05822,  -0.04071,   0.01882,   0.00832,   0.03633,  -0.01620,   0.07310,  -0.02495,   0.01007,  -0.00569,   0.00131,   0.01007,  -0.02145,  -0.09673,   0.02582,   0.05909,  -0.04421,   0.02232,   0.05034,  -0.00744,   0.10286,  -0.07747,  -0.02845,  -0.01444,  -0.11249,   0.00306,  -0.00219,   0.00481,   0.05209,  -0.00394,   0.01357,   0.10286,  -0.01970,   0.03283,  -0.01795,  -0.00744,  -0.01444,  -0.02145,   0.03808,  -0.02145,   0.08185,   0.05559,  -0.00394,  -0.04596,  -0.00219,   0.07135,  -0.00919,  -0.00394,  -0.01620,  -0.04071,  -0.04771,  -0.06347,   0.02407,   0.02757,  -0.02845,   0.08360,  -0.07572,  -0.00044,   0.09060,  -0.02145,  -0.02670,   0.01007,  -0.07922,   0.07835,  -0.01970,   0.05734,   0.03108,   0.01007,   0.01182,  -0.02495,   0.01357,  -0.04771,  -0.03370,   0.00832,   0.01007,  -0.01444,  -0.03896,  -0.05121,   0.03983,  -0.05997,  -0.04246,   0.00832,   0.01357,  -0.01444,   0.03983,  -0.02495,  -0.01620,  -0.09848,  -0.00044,  -0.09673,   0.03983,   0.03108,  -0.04421,   0.03633,   0.03633,  -0.11599,  -0.01269,  -0.00219,  -0.00919,   0.04858,  -0.00394,  -0.00394,   0.00131,  -0.03020,   0.04158,   0.00481,   0.03108,   0.08360,  -0.02845,  -0.02845,  -0.00744,  -0.01795,  -0.11424,  -0.00744,  -0.05822,   0.02582,  -0.00744,  -0.04946,   0.04508,  -0.00744,   0.00306,  -0.00044,   0.00306,  -0.01970,   0.03808,   0.00657,  -0.00919,  -0.00919,   0.03458,   0.09060,   0.03983,   0.00131,  -0.00569,  -0.00044,  -0.00219,   0.03108,   0.07485,   0.04508,   0.03283,  -0.04071,  -0.04246,  -0.04246,  -0.07397,  -0.03020,   0.03983,   0.04333,   0.01532,   0.00657,  -0.04246,   0.01707,   0.04858,   0.06609,  -0.01269,   0.04508,   0.08185,   0.06434,  -0.05121,  -0.03545,   0.02057,  -0.11249,   0.05209,   0.04858,   0.02757,  -0.02145,  -0.04771,  -0.03020,  -0.03721,   0.01357,   0.00306,   0.00481,   0.00481,   0.03983,  -0.07572,   0.07660,  -0.00044,   0.08360,   0.03983,   0.08535,   0.03283,   0.01882,   0.09411,   0.05384,  -0.00394,  -0.02845,  -0.01444,  -0.03370,   0.00481,  -0.03896,  -0.08098,  -0.06872,   0.00657,   0.07660,   0.00657,   0.01182,  -0.02495,   0.02582,   0.04333,  -0.02670,  -0.02495,   0.00832,  -0.01620,  -0.00044,   0.06784,   0.03808,   0.00481,  -0.02145,  -0.11599,   0.06259,  -0.02495,  -0.02495,  -0.00219,   0.06084,   0.06434,   0.02057,   0.10286,  -0.00044,   0.01182,   0.06784,  -0.04421,  -0.08448,  -0.10199,  -0.03896,  -0.05296,  -0.03370,   0.06784,  -0.05121,   0.00306,   0.02933,   0.06609,  -0.11249,   0.04858,   0.07660,   0.03108,  -0.03020,  -0.03545,   0.03283,   0.00481,  -0.02670,   0.03983,  -0.03370,   0.02057,   0.02582,  -0.00394,  -0.00919,   0.05384,   0.09411,   0.06784,   0.00657,   0.00832,  -0.08098,   0.05034,  -0.05997,   0.03808,  -0.04246,  -0.08623,   0.00481,   0.01882,  -0.02845,  -0.04946,  -0.01444,   0.04683,   0.07660,  -0.04946,  -0.07222,  -0.01269,   0.00481,  -0.10199,   0.00657,   0.06084,   0.03983,   0.01007,  -0.01970,  -0.03896,   0.02582,   0.01357,  -0.05822,  -0.02495,  -0.03020,  -0.00919,   0.07310,   0.02757,   0.04858,  -0.02670,   0.01882,  -0.04421,  -0.05822,  -0.00569,  -0.10549,   0.03458,  -0.01620,   0.02057,  -0.04596,   0.03633,   0.08535,   0.00832,   0.05734,   0.00481,   0.05209,  -0.01444,  -0.05997,   0.01182,   0.08185,  -0.01795,  -0.04421,  -0.00569,   0.13963,   0.01882,  -0.00919,  -0.00919,  -0.08273,   0.05734,  -0.01269,  -0.06172,  -0.09323,   0.03458,  -0.01795,  -0.04071,  -0.01269,  -0.06347,   0.05734,  -0.08098,   0.04158,   0.12912,   0.07835,  -0.02670,  -0.03195,   0.01182,   0.06434,  -0.03370,   0.00657,   0.01007,  -0.04246,   0.07835,   0.00481,  -0.01970,   0.05559,   0.00832,  -0.04071,  -0.04771,   0.11512,   0.00131,  -0.05822,  -0.01444,  -0.00569,   0.09235,  -0.00219,  -0.01970,   0.06434,  -0.04596,  -0.01444,   0.02933,  -0.01795,   0.09235,  -0.02320,  -0.02670,  -0.01970,   0.01707,   0.06084,   0.06784,   0.00306,  -0.01620,  -0.01269,   0.01007,  -0.02320,  -0.05822,  -0.02145,   0.04858,  -0.06172,   0.02407,   0.01182,  -0.06522,   0.04158,  -0.01970,   0.09761,  -0.13525,   0.03633,   0.07835,  -0.11424,   0.03108,  -0.00919,  -0.03545,  -0.05121,   0.10111,   0.12912,  -0.04421,   0.06784,  -0.01970,  -0.06522,  -0.10023,  -0.00569,   0.00131,  -0.00394,   0.06959,   0.05559,   0.04158,  -0.01620,  -0.08098,  -0.07747,   0.05034,  -0.02145,  -0.05646,   0.02757,  -0.06172,  -0.00744,  -0.02670,  -0.01970,  -0.05296,   0.04158,   0.00306,   0.00657,  -0.02670,  -0.01970,   0.06959,   0.03458,   0.01532,  -0.06172,  -0.01620,  -0.03020,  -0.04596,  -0.02320,  -0.09323,   0.01707,   0.09586,  -0.05121,   0.01707,  -0.00394,   0.01007,   0.00306,   0.05909,  -0.06347,   0.04333,  -0.01444,  -0.00569,  -0.01795,  -0.01620,   0.04158,  -0.07047,   0.01182,   0.02933,   0.01357,   0.04508,  -0.01444,  -0.01620,   0.02757,  -0.02495,  -0.05997,   0.02933,   0.05209,   0.03108,  -0.09498,  -0.03545,   0.03808,   0.06784,   0.03283,   0.06609,   0.04158,  -0.02670,  -0.01970,   0.01882,  -0.03020,  -0.00744,   0.02232,  -0.04246,   0.05034,  -0.06697,   0.00131,   0.02407,  -0.05121,  -0.02145,  -0.04246,   0.01182,   0.06084,   0.00481,   0.06434,   0.00832,  -0.05471,   0.01182,   0.02232,  -0.04071,  -0.00394,  -0.00919,   0.01532,   0.04158,  -0.05822,   0.00481,   0.08535,   0.00481,   0.08010,  -0.02145,   0.01182,  -0.05646,  -0.07047,  -0.04071,  -0.01970,  -0.09498,  -0.01620,  -0.00744,   0.02933,  -0.07572,   0.03283,   0.00481,  -0.01094,   0.08710,   0.00131,   0.01182,  -0.02670,   0.04158,   0.02407,   0.01357,   0.05559,   0.00832,  -0.02495,  -0.00394,  -0.00744,   0.06609,   0.03108,  -0.01444,  -0.00044,   0.05209,   0.02757,   0.01532,  -0.03370,   0.05909,  -0.00044,   0.03283,   0.01182,   0.01532,  -0.05822,   0.05909,   0.04683,   0.08885,  -0.02495,  -0.00394,   0.00657,  -0.03545,  -0.03896,   0.02757,   0.11687,   0.08535,   0.11336,  -0.01970,   0.03983,  -0.04771,   0.07660,   0.04158,   0.02757,   0.06784,   0.02232,  -0.06522,  -0.07397,   0.00306,   0.01007,   0.05384,   0.01007,  -0.01795,  -0.03896,   0.15889,  -0.01444,  -0.00569,   0.03983,  -0.01795,  -0.03370,   0.04508,   0.07660,  -0.08623,  -0.04596,   0.02232,  -0.03195,   0.05034
  -0.04246,   0.02582,   0.03108,  -0.07397,  -0.01970,   0.06084,  -0.02145,   0.01007,   0.01532,   0.02232,   0.01707,  -0.04246,  -0.02320,  -0.02320,  -0.04071,   0.04858,  -0.00394,  -0.00394,   0.03108,   0.02232,  -0.04771,   0.01532,  -0.05822,  -0.04771,   0.06084,   0.01007,   0.00832,   0.07485,   0.04333,   0.07135,   0.00306,  -0.02495,  -0.10899,  -0.03020,   0.03633,  -0.01620,  -0.00394,  -0.01620,   0.03283,  -0.01094,  -0.08273,  -0.09148,   0.07485,  -0.00044,   0.00131,  -0.07572,  -0.00919,   0.01707,  -0.00394,  -0.04071,   0.01707,  -0.02145,  -0.00394,   0.00657,  -0.02845,  -0.02495,  -0.00044,  -0.02845,   0.00481,  -0.00744,   0.01882,  -0.01620,   0.08185,  -0.06347,  -0.06347,  -0.09498,   0.00481,  -0.07747,  -0.04421,  -0.09323,  -0.07747,  -0.04946,  -0.00919,   0.08360,  -0.02320,   0.01007,  -0.01094,   0.01182,   0.00657,  -0.03195,  -0.01795,  -0.00394,   0.06609,   0.01007,  -0.00744,  -0.01795,   0.05209,   0.03458,   0.02582,  -0.03721,  -0.02145,   0.02933,  -0.00219,   0.04683,  -0.04596,   0.02582,  -0.01970,   0.04508,   0.02582,  -0.02670,   0.06609,   0.02757,   0.01007,  -0.12124,  -0.01094,  -0.01795,  -0.09673,   0.00306,   0.01007,  -0.02495,   0.01707,  -0.00569,  -0.04421,  -0.01970,   0.02757,   0.00306,  -0.01269,   0.01357,   0.02582,  -0.04596,  -0.06697,   0.03808,   0.04158,  -0.14576,   0.13087,  -0.00569,  -0.04246,  -0.07922,   0.01007,  -0.03896,  -0.00569,   0.02933,  -0.01444,  -0.08098,   0.05909,  -0.07047,  -0.03545,   0.03983,  -0.06347,   0.04158,  -0.01444,  -0.02670,   0.00481,   0.06259,   0.03983,  -0.00394,  -0.04946,   0.05384,   0.00657,  -0.07572,  -0.02320,   0.00657,   0.03283,   0.00657,  -0.04421,   0.02757,  -0.08798,  -0.01795,  -0.07397,   0.05209,  -0.01094,   0.08710,  -0.03370,  -0.00569,  -0.03195,  -0.09498,  -0.05121,  -0.08798,  -0.05296,  -0.00919,  -0.07572,  -0.02845,   0.09761,   0.05034,   0.03108,  -0.00919,   0.08010,   0.01532,  -0.02145,  -0.01444,  -0.00919,   0.01182,  -0.08973,   0.01532,   0.05559,   0.01882,   0.04158,   0.00131,  -0.02670,   0.03283,  -0.08448,   0.03633,  -0.03195,  -0.00219,   0.03458,   0.07835,  -0.03721,  -0.05121,   0.00832,   0.05384,   0.04158,   0.05734,  -0.05296,   0.05559,   0.09235,   0.03108,   0.07485,  -0.02320,   0.01882,  -0.05997,  -0.01094,  -0.09673,  -0.01970,   0.04158,   0.05384,   0.09235,  -0.05121,  -0.02145,   0.01707,   0.01357,  -0.06697,  -0.04946,  -0.03545,   0.01357,  -0.03545,  -0.04246,   0.05734,  -0.03370,  -0.07922,   0.02057,  -0.04421,   0.02232,  -0.03195,   0.06609,  -0.08098,   0.06609,  -0.09848,  -0.03721,  -0.07747,   0.01882,  -0.01269,   0.02407,  -0.07922,  -0.05121,   0.00306,   0.02057,  -0.06697,  -0.02320,   0.06784,  -0.08448,   0.00832,   0.04858,  -0.04071,   0.01357,  -0.09148,  -0.06872,  -0.04246,  -0.06872,  -0.05646,  -0.04596,  -0.09323,   0.04158,   0.00131,   0.06784,   0.02582,  -0.02320,   0.04333,  -0.02670,   0.02933,   0.03983,   0.01532,  -0.00569,  -0.06872,  -0.02495,  -0.03370,  -0.05296,   0.01182,   0.05559,  -0.02495,   0.00306,   0.04683,  -0.04071,   0.04858,   0.01532,   0.02933,  -0.05997,  -0.04246,   0.06434,   0.12737,  -0.01795,   0.05559,  -0.00569,  -0.04246,   0.01007,   0.01007,   0.03983,   0.03633,   0.02057,  -0.00919,  -0.04771,   0.02407,   0.01007,  -0.03195,   0.02933,  -0.04946,  -0.02145,   0.02057,  -0.06347,  -0.01970,  -0.09848,  -0.00219,   0.00832,   0.02407,  -0.02145,  -0.02145,  -0.09323,   0.01357,  -0.01444,   0.13087,  -0.00044,  -0.06872,   0.01007,  -0.05822,  -0.06697,  -0.07572,   0.03458,  -0.02495,  -0.01444,  -0.00569,  -0.05471,  -0.01444,  -0.08273,  -0.05822,  -0.00219,  -0.03545,  -0.09673,   0.03633,  -0.00044,  -0.03195,  -0.01970,   0.07310,  -0.02320,   0.00481,  -0.00044,   0.03983,  -0.05997,  -0.00044,   0.04158,  -0.01795,  -0.00744,   0.02057,   0.00657,   0.09586,   0.01707,   0.02757,   0.06434,  -0.03370,  -0.07397,   0.01357,  -0.00219,  -0.01269,   0.01007,  -0.10199,   0.00481,  -0.02495,  -0.02320,   0.01357,   0.00306,   0.05559,   0.03458,   0.04858,  -0.01620,   0.07135,   0.01707,   0.03458,   0.04858,  -0.00919,  -0.01444,  -0.00919,  -0.06697,  -0.03370,  -0.04246,   0.02057,  -0.00744,   0.02232,  -0.03721,  -0.03195,  -0.03195,  -0.03020,  -0.06347,  -0.01620,  -0.03370,  -0.00744,   0.02232,  -0.02495,   0.01707,  -0.05822,   0.05909,   0.06609,   0.02232,  -0.05121,  -0.06522,   0.02057,   0.03283,   0.08535,   0.02757,   0.09235,  -0.02320,   0.07135,   0.06609,  -0.02845,   0.02232,  -0.00744,  -0.03545,   0.00832,  -0.05121,   0.05909,  -0.03896,   0.05559,   0.01007,  -0.00044,   0.00306,  -0.03020,   0.03633,  -0.08448,  -0.05471,  -0.04246,   0.01532,  -0.02670,  -0.07047,   0.02232,  -0.05296,  -0.00744,  -0.08973,  -0.00044,  -0.01094,   0.01357,  -0.06522,  -0.08623,   0.01532,   0.00306,  -0.01795,  -0.05471,  -0.02320,  -0.00044,  -0.10199,  -0.00394,   0.02933,   0.06084,   0.01182,  -0.05646,   0.02057,  -0.01094,   0.05034,  -0.04596,   0.01707,  -0.03896,  -0.04596,   0.05209,  -0.03721,  -0.05646,  -0.07222,   0.00306,  -0.01795,   0.03983,  -0.00044,   0.01882,  -0.02670,   0.00832,  -0.06172,  -0.03896,  -0.00219,  -0.00219,  -0.02145,  -0.01444,  -0.00219,   0.01182,   0.00657,  -0.05296,  -0.01620,  -0.12475,  -0.03721,   0.01882,   0.00657,  -0.01269,   0.05559,   0.01182,  -0.06697,   0.02757,   0.03283,  -0.04071,  -0.04071,  -0.03721,   0.06784,   0.01532,  -0.03195,  -0.08448,  -0.00744,  -0.03896,  -0.03545,  -0.04421,  -0.04071,   0.00306,  -0.04946,   0.00131,   0.05034,  -0.00744,   0.05734,   0.00306,   0.01707,   0.05559,   0.01532,  -0.01795,  -0.05121,   0.03808,  -0.01444,   0.01532,   0.01007,   0.01182,   0.04683,  -0.12124,  -0.00919,  -0.04771,  -0.01620,  -0.06872,  -0.00744,   0.07485,   0.02757,  -0.03545,  -0.02495,  -0.00394,  -0.08273,  -0.00394,  -0.08448,   0.02933,   0.01007,   0.02757,  -0.08798,  -0.00744,  -0.04246,  -0.01970,   0.10461,  -0.11074,  -0.05296,  -0.02670,   0.06959,   0.00832,  -0.00919,  -0.01970,  -0.04246,  -0.06347,  -0.05646,   0.04333,  -0.00569,  -0.01620,  -0.00569,  -0.00744,  -0.10374,  -0.02845,  -0.00219,   0.02582,  -0.05471,  -0.00394,   0.10286,   0.00832,   0.06084,  -0.00044,   0.06434,  -0.00919,   0.02582,  -0.03020,   0.03983,  -0.03896,   0.01182,   0.05559,  -0.05822,  -0.05296,  -0.01444,   0.02232,  -0.04246,  -0.09498,  -0.04246,   0.02057,   0.03633,  -0.09323,  -0.02495,   0.04683,  -0.00569,  -0.03545,   0.06259,  -0.01094,  -0.06522,   0.04858,   0.00481,  -0.02845,   0.03808,   0.00131,   0.00481,  -0.07572,   0.09060,   0.02757,   0.01882,  -0.05646,  -0.00219,   0.05909,  -0.08623,   0.02057,  -0.04596,   0.04158,  -0.02320,  -0.03370,  -0.03195,  -0.04596,   0.03633,  -0.05471,  -0.04246,  -0.00919,   0.01532,  -0.00394,   0.00481,  -0.04071,   0.00481,  -0.02145,   0.04508,   0.02933,  -0.00044,   0.00131,  -0.06522,   0.01707,   0.02232,  -0.05822,   0.03808,  -0.01269,  -0.02320,  -0.08098,   0.04333,   0.04683,  -0.03896,   0.05034,  -0.04071,  -0.00569,  -0.01269,  -0.04596,   0.06084,   0.11336,  -0.08973,   0.01882,  -0.01094,  -0.01444,   0.02407,   0.04683,   0.00832,  -0.01620,  -0.00744,  -0.04071,   0.02232,   0.04158,  -0.01620,  -0.11249,   0.01532,   0.02757,  -0.02670,   0.01007,  -0.02845,  -0.02845,   0.02582,   0.00306,  -0.02495,  -0.01094,   0.00306,  -0.05296,  -0.03545,  -0.01970,  -0.01795,  -0.06172,   0.03283,  -0.01269,  -0.01269,   0.02582,   0.01182,  -0.03195,  -0.00044,   0.00306,  -0.00919,  -0.00394,  -0.03721,   0.06784,  -0.01269,  -0.07047,  -0.00219,  -0.03545,  -0.04246,   0.08360,  -0.00219,  -0.08098,  -0.01970,  -0.08273,  -0.02670,  -0.02670,   0.00481,  -0.00394,  -0.02320,  -0.04071,   0.06959,   0.02232,  -0.00219,  -0.03370,  -0.02145,  -0.00569,   0.05034,  -0.00569,   0.02232,  -0.05646,   0.00657,  -0.01970,  -0.05121,   0.03633,  -0.04071,   0.00657,   0.05384,  -0.00219,   0.01357,   0.03808,  -0.03721,  -0.03896,   0.02232,   0.02232,  -0.03020,  -0.05646,  -0.03020,  -0.01094,  -0.01620,   0.00481,   0.07485,   0.00481,  -0.00569,   0.01532,  -0.03195,   0.03458,  -0.03896,  -0.08273,   0.05909,   0.00306,  -0.03545,  -0.06522,   0.03983,   0.02232,  -0.04421,  -0.03896,   0.00832,   0.03108,  -0.04246,  -0.07397,  -0.03896,  -0.06347,  -0.02670,  -0.08098,  -0.06522,   0.04508,  -0.07222,  -0.07047,  -0.01620,   0.01882,  -0.04421,  -0.02145,   0.03283,   0.02232,  -0.04246,  -0.15801,  -0.04246,  -0.02495,  -0.11599,  -0.00919,   0.08010,   0.00657,   0.03283,  -0.03020,   0.02933,  -0.01620,   0.03108,  -0.02145,  -0.08273,  -0.03195,  -0.02845,   0.01357,   0.01007,   0.07135,  -0.06697,  -0.01795,   0.07135,  -0.00744,   0.01707,   0.01882,   0.03458,   0.03458,  -0.01094,   0.01007,  -0.08098,   0.03808,  -0.01970,  -0.01970,  -0.03545,   0.01182,   0.01882,  -0.02145,  -0.03896,   0.02582,  -0.00219,  -0.00219,   0.05909,   0.06434,   0.05209,  -0.05471,  -0.01620,  -0.08448,   0.00481,  -0.00044,   0.00657,  -0.02670,   0.08535,  -0.03370,  -0.04421,  -0.02320,   0.05209,   0.04508,   0.00131,   0.08010,   0.01357,   0.03108,   0.01357,  -0.00044,   0.08010,   0.00832,  -0.00394,   0.05384,   0.01707,  -0.00569,   0.00657,  -0.00394,  -0.00569,  -0.00219,  -0.00044,  -0.02670,  -0.03020,  -0.00919,  -0.01094,  -0.00394,  -0.07922,   0.00832,   0.11512,   0.05559,   0.01882,   0.04508,  -0.00569,   0.08010,  -0.01620,  -0.09673,   0.02057,  -0.03545,   0.01882,   0.01707,  -0.00744,  -0.01795,   0.05559,  -0.01620,  -0.03195,  -0.03195,   0.01007,  -0.03370,   0.03983,   0.00306,   0.07660,  -0.04771,  -0.08448,   0.00131,   0.00832,   0.00832,  -0.00394,  -0.01970,  -0.03721,  -0.04596,   0.16589,   0.03808,   0.01182,  -0.00919,   0.01707,  -0.04071,  -0.03721,  -0.01444,  -0.03370,  -0.01620,   0.08010,   0.06259,   0.04858,   0.04683,   0.04858,   0.02757,  -0.02495,  -0.02670,  -0.03896,  -0.06522,  -0.02670,  -0.12124,   0.03108,  -0.00044,   0.00306,  -0.04771,  -0.01795,   0.01532,  -0.05646,  -0.02320,  -0.03545,  -0.00044,   0.02057,  -0.00219,  -0.03370,  -0.06697,  -0.03020,   0.06959,   0.04333,  -0.04246,   0.04683,  -0.06172,  -0.00219,   0.03633,   0.02933,   0.03633,   0.04683,  -0.01269,  -0.03195,   0.01707,  -0.04421,  -0.00569,  -0.06347,  -0.04946,  -0.02320,   0.02582,  -0.00394,   0.03983,   0.05384,   0.03808,  -0.06522,  -0.12124,   0.02232,   0.01007,  -0.00569,   0.04158,  -0.03370,  -0.00044,  -0.00569,  -0.07397,   0.04858,   0.06609,   0.03108,   0.00832,  -0.01795,  -0.02495,   0.03983,   0.04158,   0.02582,  -0.02320,   0.02057,   0.01357,   0.00832,  -0.05296,  -0.08798,  -0.03195,  -0.03020,  -0.05822,  -0.04596,  -0.04596,   0.05909,   0.01357,   0.08360,   0.05734,  -0.02145,   0.03283,  -0.03545,  -0.06172,  -0.05471,  -0.04246,   0.08010,  -0.03896,   0.01532,   0.01707,  -0.00044,  -0.04421,  -0.07572,  -0.00219,  -0.03370,   0.03808,  -0.03896,  -0.00044,  -0.01444,   0.03983,  -0.05822,  -0.00569,   0.05734,  -0.02670,  -0.01795,  -0.04596,  -0.01269,  -0.07047,  -0.03020,   0.06084,  -0.08623,   0.01357,   0.01182,  -0.05646,  -0.00219,   0.00832,  -0.04946,  -0.02145,   0.00131,  -0.01795,  -0.06347,   0.04858,   0.00832,  -0.03896,   0.04158,  -0.03370,  -0.05822,  -0.02845,  -0.04071
   0.02057,  -0.01970,  -0.07747,  -0.03896,   0.04333,  -0.06347,   0.00131,  -0.01970,   0.02582,   0.06434,  -0.06347,  -0.04771,  -0.03896,  -0.01620,  -0.00919,  -0.00044,   0.01007,  -0.07047,   0.00131,  -0.00394,  -0.04246,   0.05909,   0.05384,   0.01882,  -0.01094,   0.03983,   0.03458,  -0.06697,   0.03983,   0.00481,  -0.04071,   0.00306,   0.04858,  -0.04596,  -0.00569,   0.05384,  -0.02320,  -0.04596,   0.02582,   0.01882,  -0.07747,  -0.05296,   0.02057,  -0.05997,  -0.05822,  -0.01970,  -0.05296,   0.07310,   0.01882,  -0.04246,  -0.02320,   0.02232,   0.00481,  -0.01620,  -0.04246,   0.07660,   0.05034,  -0.04596,   0.02057,   0.03108,  -0.00569,  -0.06872,  -0.00919,   0.03983,  -0.00219,  -0.05822,   0.00131,  -0.02670,  -0.04771,  -0.02670,   0.06434,  -0.02495,   0.00657,   0.03283,   0.02933,   0.08360,   0.03283,  -0.00044,   0.01357,   0.01357,  -0.00394,  -0.03721,  -0.04946,   0.01182,   0.01007,  -0.05997,   0.00832,   0.03808,   0.12212,   0.01007,  -0.01094,   0.03983,   0.00481,  -0.01094,   0.04158,  -0.13000,   0.02933,  -0.04596,   0.00657,  -0.09673,  -0.00219,   0.01707,  -0.01970,   0.01182,  -0.05471,   0.00131,  -0.02845,   0.01532,   0.05384,  -0.03370,   0.06959,  -0.06347,  -0.02495,   0.03283,   0.02757,  -0.05296,   0.02057,   0.03983,   0.07310,  -0.06522,  -0.03370,  -0.00044,  -0.04596,   0.02232,   0.01707,  -0.02845,  -0.02670,  -0.00394,   0.04158,   0.03108,   0.15188,   0.06434,   0.03108,  -0.01795,  -0.01970,  -0.04596,  -0.09323,  -0.03545,   0.00131,  -0.05296,  -0.03721,  -0.03370,  -0.05646,   0.00832,  -0.00044,  -0.04246,   0.01007,   0.05734,  -0.03020,   0.01007,   0.00306,  -0.03195,  -0.00219,   0.02407,  -0.02145,  -0.03020,  -0.05997,  -0.01444,  -0.05296,   0.00481,   0.00131,   0.01882,  -0.00044,  -0.00219,  -0.00044,   0.07485,   0.07135,   0.00306,  -0.01795,   0.05384,  -0.01970,  -0.01795,   0.01532,   0.06084,  -0.09148,  -0.02145,  -0.01094,  -0.07222,  -0.00919,  -0.00569,  -0.03545,   0.08360,  -0.04246,  -0.04771,   0.04333,   0.06434,   0.02407,  -0.04771,  -0.04246,   0.02582,   0.01182,   0.05734,  -0.00919,  -0.06697,  -0.01094,   0.08010,   0.02757,   0.02232,  -0.01970,   0.06784,   0.01882,  -0.09848,   0.04508,   0.03633,   0.04158,   0.00306,  -0.00394,  -0.00394,  -0.02670,  -0.07047,   0.02232,   0.04333,   0.02057,   0.06434,  -0.06347,  -0.03545,  -0.01269,  -0.08098,   0.01357,  -0.04246,  -0.08798,  -0.00919,  -0.06347,   0.05734,   0.00131,   0.05559,  -0.01795,   0.00832,  -0.02845,  -0.03370,   0.02407,   0.05909,   0.00306,   0.01707,  -0.08098,  -0.02845,   0.05034,  -0.03195,   0.02232,   0.00657,   0.06434,   0.00832,   0.01007,  -0.01444,  -0.00219,  -0.02670,  -0.07047,  -0.06172,   0.02057,   0.02757,   0.00657,  -0.03721,  -0.00569,   0.07835,  -0.05997,   0.05034,   0.00657,  -0.04071,  -0.05997,   0.02057,  -0.00219,  -0.03721,  -0.01795,  -0.05646,   0.08185,   0.04158,  -0.01269,  -0.06872,  -0.00394,   0.05034,   0.03458,   0.07835,  -0.00569,  -0.04946,   0.08360,   0.01357,  -0.03370,  -0.05296,  -0.01269,  -0.04246,   0.00832,  -0.02145,   0.01882,  -0.01094,   0.05734,   0.03108,  -0.06347,   0.02232,  -0.02145,   0.00481,   0.03458,  -0.01795,  -0.08623,  -0.01094,   0.01357,   0.01007,   0.01882,  -0.05121,  -0.01795,  -0.02845,   0.06959,   0.00131,  -0.04246,  -0.04246,   0.04158,  -0.01094,   0.04508,  -0.03020,  -0.03195,   0.01357,  -0.02670,  -0.05471,   0.06434,   0.04158,   0.04683,   0.04858,   0.01182,  -0.03020,  -0.03545,   0.00306,  -0.01094,  -0.00744,   0.02582,  -0.06872,   0.03108,   0.01532,   0.02057,  -0.03020,  -0.00044,   0.04158,  -0.05121,  -0.00919,  -0.00569,   0.07835,  -0.02145,  -0.00569,  -0.02845,  -0.06347,   0.01182,  -0.00394,   0.03983,  -0.02495,  -0.04071,  -0.07572,   0.00131,  -0.04246,   0.07310,   0.05034,   0.01357,  -0.03721,   0.02407,  -0.03020,  -0.03020,  -0.03721,   0.00306,   0.00306,  -0.06697,  -0.00394,   0.03983,   0.05909,  -0.02670,  -0.01444,  -0.00394,  -0.05822,  -0.01444,   0.03633,   0.03633,   0.02057,  -0.00394,  -0.01094,  -0.02845,   0.01882,   0.00306,   0.08885,  -0.00744,   0.05034,   0.03983,   0.00306,  -0.08448,   0.01882,  -0.00569,   0.01882,  -0.01094,  -0.01269,  -0.00044,  -0.02670,   0.00832,  -0.07572,   0.02933,   0.03458,   0.01182,  -0.00219,   0.01182,  -0.03896,  -0.01970,  -0.02670,  -0.05822,   0.02933,   0.03283,  -0.02495,  -0.04596,   0.02933,   0.09060,  -0.03195,   0.01882,   0.04858,  -0.02320,  -0.04071,  -0.01620,  -0.02145,  -0.10199,  -0.08273,   0.00481,  -0.00394,  -0.01620,   0.00306,   0.03983,  -0.03896,   0.00832,   0.09411,  -0.04246,  -0.00044,  -0.04596,  -0.06697,  -0.01620,  -0.03020,   0.05734,  -0.04071,  -0.02495,   0.03458,  -0.00044,  -0.02670,   0.01707,   0.07485,   0.05384,   0.00832,   0.00832,  -0.02845,   0.08010,   0.03283,   0.04333,   0.04683,   0.02407,   0.00131,   0.00131,   0.00481,   0.00306,   0.04858,   0.03283,   0.01707,   0.02057,   0.01707,   0.01532,  -0.00919,  -0.00394,  -0.00394,  -0.06872,   0.03108,  -0.04771,  -0.05822,   0.02933,  -0.03721,  -0.03721,   0.03808,  -0.00044,   0.04683,   0.07835,   0.02057,   0.00481,   0.09235,   0.02057,   0.05034,   0.03283,  -0.02670,  -0.07047,  -0.00744,  -0.04071,  -0.10199,  -0.00919,  -0.04246,   0.03108,   0.01532,  -0.00219,  -0.03195,   0.03283,  -0.02845,  -0.01970,   0.07310,  -0.00744,  -0.01094,   0.06959,   0.05559,   0.02757,  -0.00569,   0.00131,  -0.10899,  -0.01620,  -0.03370,   0.05034,   0.07135,  -0.01444,   0.03108,   0.02057,  -0.03896,   0.07135,  -0.01094,  -0.04246,  -0.06697,  -0.07572,  -0.03896,   0.09761,   0.04158,  -0.02845,  -0.02495,  -0.07047,   0.03983,   0.02933,  -0.02320,   0.03458,  -0.02495,   0.01182,   0.06084,  -0.02845,   0.03458,  -0.07222,  -0.03195,  -0.06172,   0.01182,   0.00832,  -0.02495,   0.03633,  -0.01970,   0.00657,  -0.02320,   0.02582,   0.05909,  -0.01620,   0.01882,   0.01357,  -0.10023,   0.05209,  -0.02845,  -0.04421,  -0.04071,   0.02057,  -0.00394,   0.03108,   0.00832,  -0.02670,   0.01532,  -0.02145,   0.10811,  -0.04946,  -0.01970,  -0.03195,  -0.02670,  -0.02670,  -0.07397,  -0.04771,  -0.02495,   0.04333,  -0.00044,   0.01707,   0.02933,  -0.00744,   0.09586,   0.03283,  -0.02495,  -0.00919,  -0.07397,  -0.06697,  -0.05822,  -0.03545,   0.03808,   0.09936,   0.05734,   0.03983,  -0.01444,  -0.00219,   0.02232,  -0.03020,  -0.00044,  -0.05296,  -0.02670,   0.03633,  -0.05121,  -0.07397,   0.01707,   0.05209,  -0.07222,   0.01707,   0.04508,  -0.07047,   0.00481,   0.03283,   0.03983,  -0.01094,  -0.10899,  -0.00744,   0.03808,  -0.00569,   0.05209,   0.05384,  -0.01620,  -0.00569,   0.07310,  -0.01620,   0.00131,   0.01007,   0.06084,   0.01532,   0.01357,   0.11336,  -0.03545,   0.00832,   0.02933,  -0.05121,   0.10986,   0.03633,  -0.00394,  -0.04246,   0.10811,   0.03633,   0.01532,   0.01357,  -0.02845,  -0.03896,   0.04158,  -0.01795,  -0.05822,  -0.04421,  -0.06697,   0.02582,  -0.03721,  -0.01970,   0.08185,   0.00832,  -0.00744,   0.04683,  -0.03195,   0.05209,   0.01007,  -0.01444,  -0.12650,   0.01882,  -0.01795,  -0.00394,   0.04683,   0.02757,  -0.04771,   0.04508,   0.02407,   0.04508,  -0.06522,   0.02407,   0.02407,  -0.04071,   0.07835,  -0.05997,  -0.09498,  -0.01269,   0.01882,  -0.03020,   0.02232,  -0.01795,   0.00657,   0.06434,  -0.03370,  -0.01444,  -0.06522,  -0.04421,  -0.03545,  -0.00919,  -0.00219,   0.03283,  -0.01269,  -0.00044,   0.01357,  -0.03020,  -0.01094,   0.02232,   0.03108,  -0.08973,  -0.03020,  -0.01094,   0.03633,  -0.04771,  -0.05471,   0.02057,  -0.01970,   0.05909,  -0.06697,   0.02757,  -0.01795,  -0.02145,  -0.06347,   0.01007,   0.00131,   0.02757,   0.10811,  -0.01620,  -0.06172,   0.05209,  -0.01444,  -0.15276,  -0.00044,  -0.05822,  -0.00744,  -0.12825,  -0.00744,  -0.07047,  -0.02145,  -0.07572,   0.00832,   0.04683,   0.01532,   0.03808,  -0.04946,   0.00832,   0.00657,   0.00657,   0.02582,  -0.09148,  -0.05121,   0.06784,   0.01882,   0.01882,  -0.01094,   0.03808,  -0.03370,   0.02933,   0.02757,   0.04158,   0.09411,   0.01357,   0.05034,  -0.06347,   0.03108,  -0.00569,   0.01182,   0.00832,   0.03283,  -0.02495,  -0.00044,   0.02232,   0.02057,   0.00131,  -0.06172,   0.10811,  -0.02145,  -0.00219,   0.04683,  -0.02320,   0.01007,   0.01882,  -0.02320,  -0.01444,  -0.03195,   0.03808,  -0.04421,  -0.08798,  -0.00919,   0.01882,  -0.00394,   0.03283,  -0.04946,  -0.03370,  -0.00569,   0.02232,   0.01182,  -0.09498,  -0.06522,  -0.05121,   0.06609,   0.08535,   0.04333,   0.01882,  -0.08098,  -0.08273,   0.02407,   0.04158,   0.06784,   0.10111,  -0.02320,  -0.03896,   0.01357,   0.01007,   0.04158,  -0.04246,  -0.01970,  -0.00219,   0.06959,   0.02757,  -0.02845,   0.00306,   0.04333,  -0.01269,   0.06959,  -0.04946,  -0.02145,  -0.01094,  -0.01970,  -0.01620,  -0.01269,   0.03458,  -0.01269,   0.02232,  -0.00569,   0.02582,   0.00481,   0.03283,  -0.00569,  -0.02145,   0.00657,  -0.04246,   0.02057,   0.00481,   0.01532,   0.04333,  -0.01795,  -0.01620,   0.09761,  -0.00919,  -0.00219,  -0.02145,   0.03108,   0.08710,   0.03458,  -0.09673,  -0.00919,   0.00131,  -0.03370,   0.03108,   0.01882,  -0.01795,   0.03458,  -0.02845,  -0.05296,   0.03108,  -0.09848,  -0.01094,  -0.01620,  -0.04771,  -0.02145,  -0.05822,  -0.02320,  -0.02670,   0.01707,  -0.04596,  -0.04596,   0.03983,   0.02057,  -0.03195,  -0.00919,   0.11161,   0.00657,  -0.06347,  -0.06697,   0.01532,  -0.03721,   0.05384,   0.04158,   0.02757,  -0.01795,  -0.03370,  -0.06172,  -0.02495,   0.01357,   0.01532,   0.00481,   0.04333,   0.02232,  -0.02495,   0.02582,  -0.07222,   0.06259,  -0.02320,  -0.07222,   0.03283,  -0.08623,  -0.02320,  -0.08973,   0.02933,   0.04508,   0.03983,  -0.00919,  -0.00744,  -0.00044,   0.04508,  -0.10549,  -0.03545,   0.00131,  -0.01444,   0.02407,  -0.04071,  -0.07222,  -0.02495,   0.04333,   0.02232,  -0.03020,  -0.05471,  -0.03896,  -0.10899,   0.00481,  -0.08798,   0.07485,  -0.03020,  -0.07397,   0.10286,   0.08710,  -0.06872,  -0.02320,  -0.05471,  -0.07922,   0.06259,  -0.00919,  -0.00744,   0.03633,   0.02582,  -0.05471,   0.05909,  -0.03721,  -0.02495,  -0.09498,  -0.02670,   0.01182,   0.04508,   0.02933,  -0.03545,  -0.01094,   0.01707,  -0.05997,   0.05909,  -0.00219,  -0.00219,   0.03983,   0.03108,  -0.09498,   0.03108,  -0.03370,   0.06609,   0.02582,  -0.03020,  -0.07397,  -0.01970,  -0.01444,  -0.03195,  -0.01970,   0.01532,   0.05384,   0.00832,   0.04158,  -0.00219,   0.00306,  -0.01444,  -0.06172,   0.02582,   0.07310,  -0.05471,  -0.08448,   0.01882,  -0.01269,  -0.01795,   0.08885,  -0.02320,   0.00657,  -0.03545,   0.06084,   0.02232,   0.01882,   0.02407,  -0.06697,  -0.01620,  -0.05822,   0.04333,  -0.05121,   0.03458,   0.02232,  -0.03896,   0.00306,  -0.01620,  -0.07922,  -0.06522,   0.05034,   0.03108,  -0.03195,   0.09586,  -0.00744,   0.06084,   0.00306,  -0.06522,  -0.02670,   0.04333,  -0.06347,  -0.03195,  -0.02320,  -0.03020,   0.08710,  -0.05997,  -0.03721,  -0.02320,  -0.00569,  -0.06172,   0.03283,   0.01882,  -0.02845,   0.02407,  -0.00394,  -0.05997,   0.08010,   0.06784,   0.01882,  -0.07222,   0.01007,   0.00657,  -0.00044,   0.00657,  -0.07222,  -0.04071,   0.11687,  -0.05646,  -0.03020,   0.08010,  -0.03195
  -0.07572,  -0.04596,   0.00131,  -0.02320,   0.08885,  -0.03020,   0.03283,  -0.02670,  -0.02495,  -0.03545,  -0.00394,   0.02407,  -0.03545,  -0.04246,   0.12387,  -0.01970,  -0.10724,   0.03283,   0.06084,  -0.04421,   0.05909,  -0.01970,  -0.06522,   0.03808,  -0.03721,  -0.00919,  -0.02320,  -0.01269,   0.03458,   0.06259,  -0.08273,   0.01532,   0.06259,  -0.05822,   0.09060,  -0.04071,   0.00657,   0.02933,  -0.01620,   0.00832,  -0.01094,   0.04858,   0.01357,  -0.02670,  -0.01269,  -0.01094,  -0.00569,  -0.01094,   0.08010,   0.07135,  -0.03721,   0.01007,   0.02933,   0.02407,  -0.08973,  -0.01970,   0.02757,   0.00657,   0.00131,   0.00657,  -0.02495,   0.03283,  -0.03896,   0.02407,   0.06259,  -0.01269,   0.02232,   0.05909,   0.05734,  -0.03370,   0.00306,   0.03983,  -0.07747,  -0.03195,  -0.00744,  -0.05121,   0.02582,   0.00657,   0.01882,   0.02232,   0.05209,   0.00306,  -0.00394,   0.07660,   0.04158,  -0.01444,   0.01707,   0.02407,  -0.00569,  -0.02845,  -0.04071,   0.01882,  -0.02495,   0.03108,   0.05909,  -0.07047,   0.00657,  -0.02670,   0.01357,  -0.04596,   0.03633,   0.05909,   0.06084,   0.01357,  -0.03195,  -0.01795,  -0.01444,   0.03108,   0.10286,  -0.03370,   0.01357,  -0.03370,  -0.05997,  -0.02320,   0.00131,   0.01357,   0.02582,  -0.07922,  -0.04596,   0.04858,  -0.04071,   0.02582,  -0.05471,  -0.03896,   0.07135,   0.01357,  -0.02145,   0.02232,   0.00481,  -0.03721,  -0.14400,  -0.02845,   0.04858,   0.00832,  -0.04946,   0.00481,   0.00306,  -0.00569,   0.05909,  -0.07572,  -0.03370,  -0.00569,  -0.00744,  -0.01444,  -0.02845,  -0.04946,   0.01182,   0.00481,  -0.04771,   0.07310,  -0.00919,   0.01532,  -0.07747,   0.03283,  -0.01269,   0.10636,  -0.00744,  -0.01795,   0.04333,   0.06609,   0.01007,  -0.07222,   0.01882,   0.00832,  -0.05296,  -0.01269,   0.01532,  -0.03721,  -0.02495,   0.01007,  -0.01970,  -0.01795,  -0.05121,   0.07835,   0.05559,  -0.05822,  -0.00919,  -0.05646,  -0.00569,  -0.04771,  -0.02495,   0.05209,  -0.00394,  -0.12300,  -0.02495,  -0.01444,   0.01532,  -0.02670,  -0.01094,  -0.02495,   0.00832,  -0.04421,   0.00657,   0.01182,  -0.08798,  -0.00569,  -0.08623,  -0.01795,   0.02232,   0.04858,  -0.00394,  -0.00044,   0.00306,  -0.05646,   0.00657,   0.03283,  -0.00044,   0.01707,  -0.02670,  -0.05471,  -0.03195,  -0.03896,   0.00832,   0.00832,  -0.00744,  -0.05822,  -0.08098,  -0.01620,   0.06959,   0.03108,  -0.06347,   0.02582,  -0.06697,  -0.03721,   0.04158,   0.01532,   0.01532,   0.06959,  -0.01094,   0.02057,  -0.04071,   0.02933,   0.03808,   0.02582,  -0.01444,   0.05909,   0.04508,  -0.01795,   0.10111,  -0.02670,   0.05559,   0.03808,  -0.00569,   0.04158,  -0.04421,   0.01532,   0.07135,  -0.04771,  -0.03195,   0.01357,  -0.01444,  -0.08273,  -0.05471,  -0.02495,  -0.03896,   0.00481,  -0.03545,  -0.00744,  -0.00394,   0.01357,  -0.04771,  -0.04596,  -0.00044,  -0.04421,  -0.05822,   0.03458,   0.08360,   0.06434,   0.00481,   0.01182,  -0.02670,  -0.01269,   0.00131,  -0.02145,   0.07310,   0.00306,  -0.11074,   0.01357,   0.01707,  -0.01094,  -0.01444,  -0.02845,  -0.03370,  -0.06872,  -0.00219,   0.13788,   0.10811,  -0.01444,   0.03283,   0.03983,   0.06609,   0.01707,   0.01532,   0.03108,  -0.05471,  -0.05822,  -0.03721,  -0.00919,  -0.02670,  -0.01269,   0.02933,  -0.05471,   0.05034,   0.02933,   0.06784,  -0.05121,  -0.00569,  -0.02845,  -0.02495,   0.00832,   0.01182,   0.02057,  -0.00219,   0.06959,   0.01707,   0.05909,   0.05734,   0.00131,   0.02757,  -0.03195,   0.01007,  -0.09673,   0.04333,   0.02232,   0.02232,  -0.09673,   0.00481,   0.03108,  -0.03195,  -0.03020,   0.03633,   0.00481,   0.02232,  -0.00744,   0.03983,  -0.01970,  -0.06347,   0.01532,  -0.06522,  -0.04421,  -0.09148,   0.00306,  -0.06872,   0.05209,   0.02232,   0.06434,  -0.00919,   0.03983,   0.02407,   0.07310,  -0.02145,   0.00481,   0.02582,  -0.04596,  -0.01094,  -0.04771,   0.03808,   0.03808,   0.06609,   0.01007,   0.01882,   0.06784,   0.01357,  -0.01444,  -0.01444,   0.02232,   0.01357,   0.01182,  -0.05997,  -0.03545,  -0.04421,  -0.05997,  -0.00569,   0.05559,  -0.04596,  -0.03545,  -0.00394,   0.03808,  -0.01444,   0.05734,   0.03283,  -0.00219,   0.00481,  -0.02495,   0.01357,   0.07135,  -0.06347,  -0.01795,   0.03458,  -0.00744,  -0.06347,  -0.08273,   0.00306,   0.00306,   0.01707,  -0.01094,   0.00481,  -0.03195,   0.02057,   0.02757,  -0.05997,   0.04158,  -0.00569,   0.01707,  -0.03721,   0.00481,  -0.03896,  -0.06172,   0.04858,  -0.03370,  -0.02845,   0.07835,  -0.04071,  -0.03195,  -0.08623,  -0.00394,  -0.03896,   0.00657,  -0.00569,  -0.00219,   0.03283,   0.03458,   0.03458,   0.00131,  -0.10199,  -0.03020,  -0.00744,  -0.00394,   0.02582,  -0.03020,  -0.03545,  -0.00219,  -0.11599,   0.02232,  -0.00044,   0.00481,   0.00481,   0.00131,  -0.00219,   0.04683,   0.09936,   0.02232,  -0.00744,  -0.06697,  -0.01444,  -0.00919,   0.01882,   0.04508,  -0.00219,  -0.00219,  -0.00569,  -0.08448,   0.11336,  -0.01094,  -0.03370,   0.05034,  -0.00394,   0.04683,  -0.05121,  -0.06697,  -0.04246,  -0.02495,  -0.02845,  -0.01444,  -0.07397,   0.02582,  -0.02145,  -0.05121,  -0.02320,  -0.02320,  -0.04071,  -0.05646,   0.02933,   0.09411,  -0.03020,  -0.04246,   0.02407,  -0.00569,  -0.00744,   0.01532,   0.06084,   0.04508,   0.01182,  -0.08273,  -0.02320,   0.02582,  -0.01795,  -0.04071,  -0.06347,  -0.06697,   0.01707,   0.02582,   0.02757,  -0.06172,  -0.02320,   0.02757,   0.03108,  -0.06872,   0.01882,  -0.09148,  -0.02320,  -0.02845,  -0.00569,  -0.08973,   0.02232,   0.01882,  -0.02845,  -0.01970,  -0.03721,  -0.08798,   0.04683,   0.03808,   0.03633,  -0.00919,   0.04683,  -0.00919,  -0.00044,  -0.03370,   0.01707,  -0.02845,   0.04158,   0.00306,  -0.01444,   0.04683,   0.02232,  -0.00394,  -0.05822,  -0.01444,   0.01357,  -0.01970,   0.01532,  -0.02320,   0.00131,  -0.00744,  -0.04771,  -0.08973,   0.01182,  -0.01269,  -0.02145,   0.06434,  -0.04946,  -0.07572,   0.05559,  -0.05471,  -0.03020,   0.05034,  -0.00044,  -0.02845,   0.02933,   0.06609,   0.05734,   0.00657,  -0.04596,  -0.06347,   0.01007,   0.02582,  -0.00219,   0.05384,   0.10636,  -0.05997,   0.04683,  -0.03896,  -0.04596,  -0.03195,  -0.05121,   0.02057,  -0.07397,   0.11687,   0.01532,  -0.00044,  -0.07047,   0.02582,  -0.02670,  -0.01269,  -0.04946,   0.04158,   0.01707,  -0.01094,  -0.00569,   0.00131,   0.00131,   0.02057,   0.00131,  -0.01269,   0.03633,   0.00657,  -0.01620,  -0.00394,  -0.02320,  -0.04421,  -0.03370,   0.03283,  -0.06347,  -0.03195,  -0.00044,   0.03283,   0.02757,   0.02057,  -0.01444,  -0.00394,   0.07135,   0.01007,  -0.06697,  -0.03370,   0.03633,  -0.04071,  -0.03545,  -0.04596,  -0.05646,   0.02757,   0.03633,  -0.02320,   0.00131,  -0.00744,  -0.04246,  -0.01444,   0.01182,   0.03108,  -0.08098,   0.00832,   0.01882,  -0.01970,   0.00832,   0.04508,  -0.03545,   0.03108,   0.00306,  -0.03721,   0.04158,   0.05209,  -0.00919,   0.02057,  -0.06872,  -0.02845,   0.03633,   0.01882,   0.00306,   0.07135,   0.01182,  -0.04246,   0.04508,  -0.04071,  -0.03020,  -0.01444,  -0.00919,  -0.02320,   0.01182,   0.02407,  -0.05296,   0.06609,  -0.02495,  -0.08098,  -0.06522,  -0.04246,  -0.03545,   0.01707,   0.02933,   0.02757,   0.03458,   0.01182,  -0.09848,  -0.04071,  -0.02845,  -0.14050,   0.00481,  -0.00394,  -0.00394,   0.03458,  -0.03020,   0.00657,   0.00481,   0.00657,  -0.06522,   0.03283,   0.02407,  -0.03896,  -0.09673,   0.02582,  -0.07397,  -0.02145,   0.02582,   0.00832,  -0.00744,   0.02933,   0.03633,   0.09586,  -0.03896,  -0.00744,   0.05209,  -0.05296,   0.05559,   0.02933,   0.01707,  -0.05121,  -0.07572,   0.01882,  -0.03896,  -0.00919,   0.00481,   0.00657,  -0.00394,   0.00832,  -0.04946,  -0.00569,  -0.04421,   0.01182,   0.01532,  -0.01269,   0.05734,  -0.02845,   0.06784,   0.05559,   0.02407,  -0.06872,  -0.00744,  -0.00219,   0.08535,   0.00131,   0.02933,   0.03108,   0.00481,  -0.00569,  -0.06697,   0.02757,  -0.03370,   0.02933,  -0.02670,  -0.05471,  -0.01970,  -0.08973,  -0.00044,   0.03983,   0.02407,  -0.00919,   0.01357,   0.06434,  -0.01795,   0.03458,  -0.01269,   0.00131,   0.00131,  -0.00744,   0.01182,   0.02582,  -0.03195,  -0.02320,   0.02582,  -0.04246,  -0.04771,  -0.07222,   0.05734,  -0.03020,   0.02582,   0.00657,  -0.02670,  -0.07047,   0.01882,   0.01357,   0.01532,   0.05034,  -0.01269,  -0.01795,  -0.06172,  -0.03020,  -0.03195,   0.02057,   0.05559,  -0.02495,   0.01182,  -0.05121,  -0.02320,   0.01007,   0.04858,  -0.01620,  -0.06872,  -0.01094,  -0.05646,   0.05209,  -0.00394,  -0.03020,  -0.01269,  -0.02670,  -0.00044,   0.06259,  -0.01620,   0.00832,  -0.07397,   0.02757,   0.05909,   0.06434,  -0.01094,  -0.05822,   0.01707,   0.00131,   0.01532,  -0.01795,  -0.02320,   0.05909,  -0.01795,   0.02582,   0.05734,  -0.05121,  -0.02320,  -0.00744,   0.04508,  -0.00394,   0.04683,   0.04858,  -0.05471,   0.01707,   0.00657,   0.01182,  -0.04071,  -0.00744,  -0.00394,  -0.02145,  -0.06872,  -0.06172,  -0.03020,  -0.00569,   0.04508,   0.02933,  -0.03195,   0.09936,  -0.03545,   0.00657,   0.03108,   0.03808,   0.02582,  -0.04421,   0.00306,   0.03983,  -0.00744,   0.06084,  -0.01795,   0.01882,  -0.04071,  -0.01444,  -0.00044,   0.06959,  -0.01094,   0.00481,   0.05559,   0.02757,  -0.00394,  -0.00919,   0.03983,   0.00306,  -0.02495,  -0.07747,  -0.05296,   0.06609,  -0.02845,   0.00131,   0.04858,   0.04158,   0.01532,  -0.02145,  -0.04771,  -0.03896,  -0.02845,  -0.04946,  -0.02145,   0.00832,   0.00832,  -0.05822,  -0.00394,   0.01357,   0.02582,  -0.02845,  -0.03721,   0.00131,  -0.04771,   0.06434,   0.04158,  -0.05997,  -0.03195,   0.05559,   0.01182,  -0.01970,  -0.00569,   0.01357,  -0.00044,  -0.05471,   0.04333,   0.06609,  -0.00569,   0.00481,  -0.04946,   0.11687,  -0.02845,  -0.04071,   0.00306,  -0.10724,  -0.03195,  -0.00044,  -0.03545,   0.07485,   0.02757,   0.03283,  -0.00394,  -0.00919,  -0.01795,  -0.08273,  -0.03896,  -0.00044,  -0.01970,   0.03983,   0.04333,  -0.03721,  -0.05121,  -0.03545,   0.03808,  -0.00044,   0.00306,   0.02407,  -0.00219,  -0.00394,   0.00481,  -0.03545,  -0.03020,  -0.04071,  -0.03545,  -0.09673,   0.02757,  -0.00394,   0.04158,  -0.02670,  -0.03195,   0.04333,  -0.05646,  -0.02495,  -0.04246,  -0.01444,  -0.09673,  -0.02145,   0.01182,  -0.02845,  -0.06347,  -0.01795,  -0.01094,  -0.02670,   0.03108,  -0.00569,   0.01007,   0.07310,   0.02057,  -0.04421,   0.01532,  -0.04771,  -0.03195,  -0.03020,  -0.03721,  -0.04771,  -0.04946,   0.02582,  -0.00569,  -0.01795,  -0.04246,  -0.03195,  -0.02495,  -0.05822,   0.06434,  -0.10899,  -0.04771,  -0.05121,   0.03108,  -0.01620,  -0.02145,  -0.01094,   0.00131,  -0.02320,   0.01357,  -0.04946,  -0.09148,  -0.05822,   0.03808,   0.01707,   0.09411,  -0.00044,  -0.00744,   0.05909,  -0.12300,   0.00306,   0.00306,  -0.04421,  -0.01094,   0.05384,  -0.05646,  -0.04071,  -0.05822,  -0.09323,  -0.03721,   0.01707,   0.03983,  -0.02320,   0.00832,   0.04333,  -0.02670,  -0.01094,   0.03458,  -0.00394,  -0.05296,   0.01007,  -0.03370,  -0.05296,   0.00131,  -0.00394,  -0.04946,   0.05034,  -0.06172,   0.04508,   0.00131,  -0.13525,   0.00306,  -0.01970,   0.06084,   0.01882,  -0.00919,  -0.03020,  -0.06172,   0.03808,   0.00832,  -0.02320
  -0.01620,  -0.01795,   0.03983,   0.02057,  -0.00919,  -0.01444,  -0.01620,   0.03633,   0.00131,   0.02232,  -0.10374,   0.08535,   0.00306,  -0.03020,   0.08535,  -0.01795,   0.01007,  -0.00569,   0.04158,   0.05384,  -0.07572,  -0.10199,   0.02582,   0.06434,  -0.01269,   0.02057,   0.01532,   0.00306,  -0.04946,   0.02407,  -0.05997,   0.02057,  -0.01269,   0.02232,  -0.03020,  -0.03896,  -0.10023,  -0.03545,   0.07485,   0.04683,   0.00481,  -0.00219,   0.09060,   0.01882,   0.01182,   0.00481,  -0.00919,   0.06784,  -0.01620,  -0.05471,  -0.05822,  -0.04071,   0.04508,  -0.03020,  -0.08448,  -0.07572,   0.02057,  -0.00744,   0.03808,  -0.00044,   0.00832,  -0.01620,  -0.00569,  -0.01444,   0.08710,   0.00306,   0.02582,  -0.00044,  -0.00744,   0.02933,   0.04858,  -0.00044,  -0.03370,   0.03458,  -0.00569,   0.04508,   0.04333,  -0.02320,  -0.06522,  -0.05822,  -0.05121,   0.04683,  -0.01970,   0.05559,   0.04858,   0.09235,   0.03633,   0.00306,  -0.04071,   0.09761,  -0.10549,  -0.04421,  -0.03370,   0.04858,   0.05909,  -0.03721,   0.04858,   0.00657,   0.01882,  -0.02320,  -0.02845,  -0.11949,   0.00832,   0.02757,   0.05909,  -0.01444,   0.07835,  -0.00219,  -0.08273,  -0.08973,   0.01882,  -0.03195,  -0.00569,   0.06959,  -0.08448,   0.01357,   0.01357,   0.07835,   0.06784,  -0.02145,   0.03283,   0.02057,   0.07835,   0.02933,   0.05734,   0.03633,  -0.00919,   0.07485,  -0.02145,   0.01007,   0.03108,  -0.02320,   0.02582,  -0.00044,  -0.11599,  -0.01620,  -0.01620,   0.01532,  -0.04421,  -0.06347,   0.12037,  -0.03020,  -0.00744,  -0.00044,  -0.02320,  -0.00044,  -0.02670,   0.00832,  -0.01795,  -0.03721,   0.05384,  -0.00044,   0.01182,  -0.01094,  -0.00044,  -0.03545,  -0.01444,   0.01357,  -0.00044,  -0.02145,  -0.02845,  -0.07747,  -0.07572,  -0.01444,  -0.05296,   0.06784,   0.01007,   0.04158,   0.02933,   0.02582,   0.02933,  -0.00569,   0.03283,   0.05384,  -0.03721,  -0.04071,   0.01532,   0.02232,  -0.02845,  -0.00044,   0.02933,   0.01707,  -0.01444,   0.05034,  -0.06697,  -0.01970,   0.01882,  -0.01795,   0.03983,  -0.08273,   0.02057,  -0.03721,  -0.01620,   0.03108,  -0.00219,  -0.02495,  -0.02845,   0.03283,  -0.07572,  -0.02670,  -0.02145,   0.06259,   0.04683,   0.02933,  -0.00744,  -0.04421,  -0.03896,  -0.02145,   0.03983,  -0.02495,   0.00657,   0.02057,  -0.07747,   0.07660,  -0.01269,  -0.06697,  -0.05296,  -0.05296,   0.02057,   0.02057,  -0.02670,   0.08185,   0.06259,   0.05559,   0.00481,  -0.07922,   0.02933,  -0.04946,  -0.00744,   0.07135,  -0.02145,  -0.00569,   0.01357,   0.03808,   0.02057,   0.06084,  -0.02845,  -0.00044,   0.00306,   0.02933,  -0.01970,  -0.01444,   0.01882,   0.02232,  -0.02145,   0.06959,  -0.00569,  -0.01269,  -0.05822,  -0.00569,  -0.02320,   0.02057,  -0.06172,   0.06259,   0.00131,   0.03633,  -0.03896,   0.01707,  -0.02495,  -0.01444,  -0.07397,  -0.02145,   0.00481,   0.01182,  -0.06347,  -0.02670,  -0.02670,   0.02057,   0.00306,   0.05559,  -0.05822,  -0.03896,  -0.05121,  -0.04946,   0.01007,  -0.00394,  -0.15101,   0.03108,  -0.04246,  -0.01269,   0.06084,   0.13087,   0.05034,  -0.00219,  -0.07047,  -0.00219,  -0.05121,   0.00657,   0.07485,  -0.00919,   0.03983,  -0.03896,  -0.00394,   0.06434,  -0.02320,   0.04858,  -0.06522,   0.00131,  -0.02145,  -0.07747,   0.07485,  -0.06522,   0.01182,  -0.04421,   0.05559,  -0.01094,   0.03458,   0.06259,  -0.09323,   0.03633,  -0.04421,   0.04508,   0.01532,  -0.08973,   0.02057,   0.04158,   0.06784,   0.06959,   0.01357,  -0.00044,   0.01882,  -0.06697,   0.10111,   0.04858,   0.07835,  -0.00394,  -0.07222,  -0.01795,  -0.06697,   0.09936,  -0.04771,  -0.06522,  -0.00219,   0.04508,   0.05734,   0.00131,  -0.02320,  -0.06172,  -0.00394,  -0.03370,  -0.00219,  -0.02145,  -0.03545,  -0.03545,  -0.01795,   0.00131,   0.06959,  -0.04071,  -0.04946,   0.03983,  -0.01094,   0.01357,   0.10111,  -0.01970,   0.01532,  -0.01269,   0.09411,   0.04683,  -0.05296,   0.01707,   0.00832,  -0.01970,  -0.03721,   0.04683,  -0.00569,  -0.01970,  -0.07747,  -0.01795,  -0.04421,  -0.00919,  -0.02495,  -0.00919,  -0.03195,   0.01182,   0.01357,   0.07485,   0.01882,   0.05034,   0.02582,   0.00481,   0.02933,  -0.04946,   0.00131,  -0.01620,  -0.02845,  -0.08273,   0.04683,  -0.00569,  -0.02495,   0.05384,   0.06259,  -0.06347,   0.02232,   0.01357,   0.00131,  -0.00394,   0.01182,   0.01532,  -0.00394,   0.02407,  -0.03545,  -0.06347,   0.07660,  -0.05822,  -0.05296,   0.01357,   0.04683,  -0.13000,  -0.02495,   0.02933,  -0.11949,   0.05734,   0.00306,  -0.01620,  -0.04421,  -0.02320,  -0.04071,  -0.05646,   0.01357,  -0.02670,   0.02407,  -0.07922,   0.02232,   0.01182,  -0.02670,   0.03633,  -0.02845,  -0.03020,   0.02057,  -0.02845,   0.00131,  -0.03896,   0.00832,  -0.01970,   0.05384,  -0.02670,   0.03458,   0.03983,  -0.04596,   0.01707,   0.06259,  -0.05121,   0.05209,   0.03458,   0.02057,   0.00481,   0.00131,   0.06084,  -0.01620,  -0.07222,   0.03458,  -0.11774,  -0.08798,  -0.11249,  -0.08798,   0.08535,   0.04333,   0.00832,   0.00832,   0.05559,   0.01007,   0.02933,   0.03983,  -0.01444,  -0.03195,   0.00306,  -0.08798,  -0.00219,  -0.01620,   0.08885,   0.02232,   0.01882,   0.04333,  -0.05296,  -0.02495,  -0.05296,   0.02232,  -0.10549,  -0.01094,  -0.06697,   0.06434,   0.02232,   0.06259,   0.00657,   0.02582,   0.07835,  -0.03195,  -0.03195,   0.12212,   0.02582,   0.08535,  -0.00044,   0.08535,   0.02933,  -0.00569,   0.06959,   0.04683,  -0.03020,   0.06259,   0.05209,   0.07310,   0.02232,   0.01707,   0.01707,  -0.02670,  -0.01795,   0.00306,   0.00481,   0.01707,   0.01357,   0.05209,   0.03983,   0.02582,   0.01182,  -0.02495,   0.02057,   0.01357,  -0.04246,  -0.01970,  -0.01795,   0.05384,   0.02407,   0.04683,  -0.04421,  -0.00569,  -0.03020,   0.02232,  -0.07572,   0.01882,  -0.05121,  -0.04771,   0.00131,   0.08010,   0.02407,  -0.02145,   0.01707,  -0.01444,   0.05909,   0.03458,  -0.04246,  -0.03370,  -0.05121,   0.00306,   0.05559,  -0.02845,   0.02232,  -0.03545,   0.01882,  -0.01444,  -0.08273,  -0.00569,  -0.05822,  -0.01620,  -0.00219,   0.00306,  -0.03896,  -0.06172,   0.08885,   0.05734,   0.01532,   0.00306,  -0.04596,  -0.05997,   0.05384,   0.00306,  -0.05296,   0.02232,   0.02407,  -0.05646,   0.02057,  -0.01444,  -0.00919,  -0.04071,  -0.02670,   0.01532,   0.02057,  -0.07922,   0.01182,   0.03108,  -0.04596,   0.03108,  -0.00744,  -0.00919,   0.02232,   0.04158,  -0.02320,  -0.00044,   0.06259,  -0.03896,  -0.04071,  -0.10374,   0.03458,   0.03633,   0.01182,  -0.02320,   0.02757,   0.06784,  -0.01795,   0.05384,   0.03808,  -0.07047,  -0.02670,  -0.06522,  -0.03896,   0.01007,  -0.00044,   0.08885,   0.02933,   0.05384,  -0.00394,   0.02407,   0.06609,  -0.00569,   0.00481,   0.03458,  -0.05471,   0.02933,   0.00306,   0.02933,  -0.02320,   0.03283,   0.01007,   0.04508,  -0.00569,  -0.00744,   0.03633,  -0.03545,   0.03458,  -0.02670,  -0.02145,  -0.06872,  -0.03721,  -0.06172,   0.05734,  -0.08798,   0.03283,  -0.02495,   0.03808,   0.04858,  -0.03545,  -0.00394,  -0.00219,   0.14138,  -0.00744,  -0.02145,   0.00481,   0.01182,  -0.05646,   0.07835,   0.04333,  -0.02495,   0.05909,   0.01532,  -0.01444,   0.01357,  -0.02845,  -0.02495,  -0.05997,  -0.00569,  -0.07747,   0.03108,  -0.01970,   0.05909,   0.05734,  -0.01444,   0.03983,   0.02933,   0.06609,  -0.03721,   0.12212,   0.03808,  -0.09323,  -0.04421,  -0.03370,   0.00131,   0.12387,   0.05034,   0.13087,   0.04333,  -0.02495,  -0.00744,  -0.02320,   0.02407,   0.03808,  -0.00569,  -0.04771,  -0.00044,  -0.06172,  -0.02145,  -0.04596,   0.02757,  -0.03370,  -0.02320,  -0.05471,  -0.00394,   0.05209,  -0.01620,   0.01357,  -0.06172,  -0.05471,  -0.03370,   0.08360,   0.03283,   0.03808,   0.07310,  -0.00394,   0.00481,  -0.05121,  -0.06347,   0.04858,  -0.01444,   0.06959,   0.07310,  -0.07747,   0.00481,  -0.00394,  -0.01620,   0.03808,  -0.00569,  -0.08623,   0.03983,  -0.00394,  -0.00919,  -0.04946,   0.04858,   0.02933,   0.01182,   0.05559,   0.00832,   0.08710,   0.01357,  -0.02495,  -0.03020,   0.05734,  -0.02145,  -0.00219,  -0.07747,  -0.02320,  -0.05471,   0.02232,  -0.03545,   0.02057,  -0.02495,   0.01707,  -0.07397,  -0.00219,  -0.01444,  -0.15626,  -0.01795,   0.04683,  -0.04421,  -0.03195,   0.01182,   0.03108,  -0.00919,  -0.03896,  -0.03195,  -0.00919,   0.05909,   0.02757,  -0.02845,  -0.01269,   0.00306,   0.05034,   0.06959,  -0.04246,  -0.00394,  -0.09848,  -0.05121,  -0.05997,  -0.11249,  -0.01795,   0.00832,  -0.02145,   0.02232,  -0.00569,   0.04333,   0.05034,  -0.01620,  -0.01795,   0.01532,   0.07485,   0.00481,  -0.05646,  -0.01444,   0.12212,   0.07485,   0.08885,  -0.00919,  -0.00744,  -0.03545,   0.01882,  -0.00044,   0.01532,  -0.02670,  -0.01970,   0.08360,  -0.01620,  -0.05471,  -0.00219,   0.11862,   0.02933,  -0.00219,   0.01882,  -0.02670,  -0.05471,   0.03283,   0.04683,   0.08885,  -0.10899,   0.11687,   0.04683,   0.04333,   0.01882,  -0.02845,  -0.01620,  -0.07047,   0.00131,  -0.05646,   0.02582,   0.03283,  -0.05822,  -0.03896,   0.01007,  -0.00394,   0.00657,  -0.07047,   0.02757,   0.01882,   0.02057,   0.08360,  -0.03195,   0.04858,   0.01707,  -0.00744,   0.01182,   0.07310,  -0.01970,   0.09761,   0.05209,  -0.04246,   0.00657,  -0.02495,   0.05909,   0.06609,  -0.02145,  -0.02320,   0.07660,   0.08885,  -0.03896,  -0.05471,  -0.07572,  -0.02670,  -0.06697,   0.01882,  -0.03896,  -0.00394,  -0.04071,  -0.00219,  -0.05646,   0.08010,   0.05559,  -0.01970,   0.03983,   0.00131,   0.02933,   0.01357,   0.03458,  -0.03721,   0.11336,   0.03983,   0.02407,  -0.00919,   0.09411,  -0.00394,   0.01707,   0.02232,   0.01357,  -0.00044,  -0.05471,   0.03633,   0.05209,   0.00131,  -0.04771,   0.02057,  -0.00219,  -0.03896,  -0.00919,   0.02757,  -0.07222,  -0.01269,  -0.02670,   0.00131,   0.00306,   0.07835,   0.04158,  -0.00744,  -0.05121,   0.05209,   0.15538,   0.07485,   0.00832,  -0.03020,  -0.06347,   0.00481,  -0.04596,   0.02057,  -0.01444,  -0.04771,   0.01707,  -0.06172,  -0.04071,   0.03633,  -0.11249,  -0.01094,  -0.03545,  -0.00044,  -0.03370,  -0.10899,  -0.00394,   0.02232,  -0.01269,   0.02057,  -0.02145,   0.01532,   0.08885,   0.04858,   0.00306,   0.04333,  -0.03020,   0.05559,  -0.07222,   0.01882,  -0.03370,  -0.06697,  -0.04946,   0.03633,  -0.03195,  -0.05997,  -0.02845,  -0.04246,   0.00131,  -0.01444,  -0.02670,   0.00306,   0.00481,   0.00832,   0.01532,   0.00481,   0.02407,  -0.05121,  -0.01970,  -0.09323,   0.02232,  -0.04946,  -0.03545,  -0.04246,  -0.03370,  -0.01795,  -0.00044,  -0.05471,   0.06259,   0.03283,  -0.01094,   0.04683,   0.00131,  -0.11074,   0.05734,   0.02407,  -0.01970,  -0.04771,  -0.02495,  -0.08448,   0.03808,   0.04858,   0.01357,  -0.04596,  -0.07222,   0.02757,   0.04333,   0.02057,  -0.05822,   0.02757,  -0.03721,  -0.02320,  -0.00219,  -0.00044,   0.06434,   0.06784,   0.02407,  -0.01094,  -0.02495,   0.02232,   0.05384,   0.06434,   0.02407,   0.00131,   0.02582,   0.01357,  -0.03370,   0.08010,  -0.04771,   0.02057,  -0.09148,   0.01882,   0.03633,   0.01532,   0.03283,  -0.05646,   0.03283,   0.00657,   0.04858,  -0.03195,  -0.08098,   0.00306,  -0.01970,   0.04333,   0.01707,  -0.05822,   0.07310,  -0.03020,   0.09761,  -0.00569,  -0.00044
   0.03458,  -0.09148,   0.01532,  -0.02845,  -0.06172,   0.02232,  -0.06172,   0.02057,   0.01882,   0.02407,  -0.01269,   0.02582,   0.01532,  -0.00919,   0.05734,   0.06434,  -0.01094,   0.08710,  -0.03721,  -0.00044,   0.05034,   0.09235,  -0.01620,  -0.03020,   0.02057,   0.05734,   0.00306,   0.03808,   0.02407,   0.05384,  -0.04946,   0.01532,  -0.00394,  -0.08098,  -0.02495,   0.01007,  -0.00394,   0.04333,  -0.02495,  -0.01269,  -0.03721,   0.00657,  -0.06697,  -0.03370,  -0.07572,   0.05909,  -0.06347,  -0.04071,  -0.01620,   0.00131,   0.00832,  -0.04946,   0.01357,  -0.06347,  -0.02320,   0.02407,  -0.01444,   0.02582,  -0.02670,   0.06959,  -0.07222,  -0.00569,  -0.03896,  -0.05121,   0.06959,   0.01882,   0.05209,   0.00306,   0.03808,   0.02057,   0.00657,   0.02057,  -0.02845,  -0.00919,   0.01707,  -0.03195,  -0.01444,   0.05559,  -0.07922,  -0.06347,   0.05209,  -0.00394,  -0.04771,   0.01007,  -0.05296,   0.00306,  -0.04421,   0.04158,   0.01707,   0.00832,  -0.02670,  -0.00569,   0.07135,   0.05209,  -0.00919,  -0.01970,  -0.01795,   0.03633,  -0.00394,   0.01882,   0.02757,  -0.00919,   0.01182,  -0.00569,  -0.05471,  -0.00569,   0.08185,  -0.11249,  -0.02495,  -0.00044,   0.00832,  -0.03370,  -0.04071,  -0.00044,  -0.05646,   0.07135,   0.02582,   0.08010,   0.00306,  -0.03896,  -0.03020,   0.04158,   0.00306,   0.00481,   0.05734,   0.06609,   0.01182,   0.10636,  -0.04946,  -0.07572,   0.00481,  -0.00919,   0.01007,   0.01707,   0.07835,  -0.03721,   0.00832,  -0.00569,   0.03983,   0.11161,  -0.00919,  -0.01970,   0.06609,  -0.07747,  -0.09673,  -0.08273,  -0.00394,   0.02407,   0.01182,  -0.00569,   0.04508,   0.01707,  -0.01269,   0.03283,  -0.06697,  -0.00569,  -0.05471,  -0.13000,   0.05559,   0.02757,  -0.03545,  -0.00744,   0.01182,   0.03108,   0.02757,  -0.02495,   0.01882,  -0.07572,   0.05209,  -0.06347,   0.07135,  -0.09323,   0.04858,  -0.06697,   0.08360,  -0.00394,   0.05034,  -0.01444,   0.08010,  -0.04071,  -0.00569,   0.07310,   0.02582,   0.02933,  -0.01620,   0.06609,   0.03283,  -0.01444,  -0.00919,  -0.09498,  -0.01795,   0.06959,  -0.05471,  -0.01795,   0.03808,  -0.05646,  -0.01269,  -0.03545,   0.10811,   0.00306,  -0.01620,   0.02407,  -0.03020,   0.03108,   0.05734,  -0.00919,   0.05384,  -0.01795,   0.00306,  -0.04246,  -0.00044,  -0.00569,  -0.00919,   0.09411,   0.09235,  -0.02845,  -0.00219,  -0.00919,  -0.09148,  -0.10549,  -0.00394,  -0.05997,   0.00306,   0.04158,  -0.00919,  -0.04771,  -0.01269,   0.07835,  -0.04421,  -0.04946,  -0.08623,   0.05034,  -0.03020,  -0.04246,   0.00657,   0.01532,  -0.08448,   0.00657,  -0.05121,   0.01357,  -0.00744,   0.17289,  -0.08098,  -0.00744,  -0.02495,   0.03283,   0.06434,   0.05734,   0.03983,   0.00131,   0.00481,   0.02757,   0.03283,   0.07660,  -0.02670,   0.05909,  -0.02670,  -0.02145,   0.09235,  -0.04071,  -0.00744,  -0.03370,  -0.03020,  -0.09148,  -0.00569,   0.03458,  -0.06872,   0.03983,   0.01532,   0.01357,   0.03108,  -0.00219,  -0.00919,   0.03983,   0.03633,   0.00306,   0.00131,  -0.10374,   0.01532,   0.03283,   0.06259,   0.01007,  -0.08623,   0.01707,  -0.01444,  -0.01094,   0.00481,   0.05734,   0.02057,   0.01182,  -0.04246,  -0.07397,  -0.06172,  -0.00044,  -0.09848,  -0.03721,   0.07135,   0.10111,  -0.06172,  -0.01620,   0.01007,   0.00306,   0.00657,   0.00481,   0.03458,  -0.05646,  -0.06522,   0.05559,   0.01532,  -0.02145,   0.00657,   0.04683,   0.04508,   0.01532,   0.05559,   0.05734,  -0.03370,  -0.03721,   0.01357,  -0.03195,   0.09761,   0.02757,  -0.02845,   0.02582,   0.02933,  -0.02670,   0.03808,  -0.05822,   0.01532,   0.04858,  -0.03195,   0.02933,  -0.03370,  -0.03721,  -0.03020,  -0.01269,  -0.03896,  -0.05646,   0.02933,  -0.10023,  -0.05471,   0.03283,  -0.00919,  -0.00569,  -0.06522,  -0.03370,  -0.04596,  -0.02670,  -0.05997,   0.02057,  -0.05997,   0.06084,  -0.03195,   0.00832,  -0.13875,  -0.01970,   0.00832,   0.02232,  -0.02145,  -0.05121,  -0.07397,   0.04158,   0.01357,  -0.00219,  -0.01795,  -0.04596,   0.03983,   0.06609,  -0.03721,   0.04508,  -0.02145,  -0.04771,  -0.02670,   0.01357,  -0.03195,   0.08185,   0.02407,  -0.04596,   0.02407,  -0.01795,   0.06959,   0.04158,   0.01007,   0.01707,   0.02582,   0.02582,  -0.02145,  -0.00219,  -0.01269,  -0.00219,   0.02757,  -0.05646,   0.04333,   0.08535,  -0.00394,  -0.03195,  -0.03896,   0.02757,   0.02232,  -0.07747,   0.00481,   0.10286,   0.05559,  -0.01970,  -0.01269,  -0.00044,   0.13613,  -0.09148,  -0.05121,  -0.01269,  -0.02845,  -0.08623,  -0.00044,  -0.03195,  -0.00044,  -0.07047,   0.01007,   0.03983,  -0.01094,  -0.00569,   0.04333,   0.05209,  -0.00569,   0.01182,  -0.01970,   0.03108,  -0.06347,  -0.01444,  -0.04071,   0.00481,   0.03808,   0.01357,  -0.06172,  -0.00394,  -0.05822,   0.04333,   0.11687,   0.01007,  -0.09323,  -0.02145,   0.05209,   0.02582,  -0.06872,  -0.05822,  -0.00219,   0.02757,   0.04508,   0.02582,   0.02232,   0.05209,  -0.02495,  -0.00919,  -0.01269,  -0.04071,  -0.02670,   0.02232,  -0.01970,   0.00832,   0.00481,   0.03283,  -0.01795,  -0.01970,  -0.06522,   0.08535,  -0.03020,   0.09060,  -0.03020,  -0.00044,  -0.01444,   0.04158,  -0.05471,  -0.04246,   0.00481,  -0.03545,   0.04683,   0.01182,  -0.00044,   0.00481,   0.06784,  -0.03370,   0.00657,   0.00131,  -0.02145,  -0.04946,   0.01357,  -0.07397,   0.01007,  -0.02495,   0.00481,   0.02933,   0.02232,   0.01707,  -0.07572,  -0.03370,  -0.04246,   0.01882,   0.02057,   0.10111,   0.00131,  -0.05997,  -0.01620,  -0.11599,  -0.03721,  -0.05646,   0.07660,   0.06434,  -0.02670,  -0.01795,  -0.10023,   0.01707,   0.05734,   0.06784,  -0.08973,   0.06609,   0.01182,  -0.05121,   0.05034,  -0.06697,   0.11161,  -0.03195,   0.06784,  -0.05296,  -0.07397,   0.00657,   0.01707,  -0.04421,  -0.01970,  -0.06697,  -0.10374,  -0.03896,   0.04508,  -0.01269,   0.01882,  -0.03545,   0.03808,  -0.01269,  -0.01269,  -0.03370,   0.06084,  -0.05121,   0.09235,  -0.08623,   0.01707,   0.02232,   0.00306,   0.00832,  -0.02320,  -0.02145,   0.05384,  -0.03020,   0.02232,  -0.00219,  -0.07922,  -0.03195,   0.03808,  -0.04421,   0.00657,  -0.01970,  -0.02145,  -0.03721,  -0.02495,   0.04333,  -0.03721,  -0.02670,  -0.04771,  -0.04071,  -0.06172,   0.06784,  -0.02670,   0.01357,   0.00306,   0.00832,  -0.05471,   0.03108,  -0.01970,  -0.01970,  -0.03545,   0.10111,   0.01532,   0.04683,  -0.01269,   0.00832,  -0.04946,  -0.00394,   0.05384,  -0.06347,  -0.06172,   0.13087,  -0.00394,   0.04158,  -0.00394,  -0.03545,  -0.05822,  -0.04421,   0.05034,   0.02757,   0.04158,   0.05734,  -0.02320,   0.09586,   0.01882,  -0.00569,   0.03283,  -0.00569,   0.03458,  -0.08273,   0.02057,  -0.05822,  -0.01444,   0.04158,   0.06959,   0.02582,   0.15013,  -0.04246,   0.02582,   0.03983,   0.05559,  -0.04071,   0.00832,  -0.00569,  -0.03896,   0.03108,   0.06084,   0.06259,  -0.03370,   0.06959,   0.07135,   0.00832,   0.00481,  -0.00744,   0.01357,   0.06784,  -0.01444,  -0.01269,  -0.03370,  -0.08623,  -0.06172,  -0.00744,  -0.04071,   0.14663,   0.04333,  -0.08623,   0.00657,  -0.03195,   0.00131,  -0.05296,  -0.09848,  -0.01094,   0.10111,   0.00306,  -0.02845,  -0.07572,   0.02582,   0.04858,   0.04333,   0.02407,  -0.06872,   0.08710,   0.06609,  -0.02495,  -0.06172,   0.01707,  -0.11424,   0.09411,  -0.07922,  -0.04946,   0.03108,   0.10111,  -0.01795,   0.05734,  -0.00044,   0.05209,  -0.01795,  -0.01620,  -0.00394,   0.07835,  -0.00044,  -0.01094,   0.00131,  -0.01970,  -0.09848,  -0.01970,   0.10986,   0.04508,   0.09936,   0.03108,  -0.01094,   0.00306,  -0.08273,  -0.04246,  -0.00744,  -0.04246,   0.03108,   0.09235,   0.00306,  -0.00394,  -0.05822,  -0.03370,   0.01532,  -0.01795,  -0.03020,   0.02582,   0.02582,   0.02582,   0.01707,  -0.03721,   0.01357,   0.05559,   0.03283,  -0.00744,   0.02757,   0.02057,   0.07485,   0.06609,   0.00832,   0.02407,   0.11161,   0.07135,   0.06959,   0.04508,   0.05034,   0.02407,   0.03458,  -0.08098,   0.01707,   0.01532,  -0.05646,  -0.03370,  -0.18953,  -0.08273,   0.05909,   0.04858,  -0.00919,  -0.03545,  -0.01269,   0.01532,  -0.01094,   0.06434,  -0.02495,   0.04508,  -0.11074,   0.05209,   0.10111,   0.01007,   0.02232,   0.04158,   0.01007,  -0.00394,  -0.02145,   0.01182,   0.06609,   0.03283,  -0.02670,   0.00657,  -0.01444,   0.06084,  -0.03020,   0.04158,  -0.01970,   0.02057,   0.05909,   0.01007,   0.02757,  -0.02670,  -0.03370,   0.03458,   0.01532,  -0.02495,   0.02407,   0.02232,   0.00657,   0.04333,  -0.06697,   0.09761,   0.04333,   0.00832,   0.02933,   0.07660,  -0.03370,  -0.05646,  -0.00569,   0.03633,   0.04333,  -0.06872,  -0.00394,   0.04158,  -0.01444,  -0.02670,   0.06259,   0.04158,  -0.03721,  -0.06522,  -0.00219,  -0.00044,  -0.05121,  -0.05471,   0.04683,   0.00131,   0.01882,  -0.03545,  -0.08623,   0.07660,   0.02232,  -0.00919,  -0.01269,  -0.01444,  -0.02670,  -0.02320,   0.01182,   0.01707,  -0.05822,   0.03108,   0.01882,   0.00306,  -0.08973,  -0.05822,   0.01182,  -0.05646,  -0.00569,  -0.05121,  -0.01444,   0.05559,  -0.08623,  -0.04771,   0.01182,   0.02407,   0.17114,   0.13788,  -0.02145,   0.00131,   0.06259,  -0.01444,   0.01532,   0.02757,   0.02757,  -0.05822,  -0.04246,   0.01357,   0.06434,  -0.08273,  -0.02320,   0.01707,  -0.04596,   0.06959,  -0.11424,   0.10111,   0.00306,   0.06609,   0.11336,  -0.02145,   0.01882,   0.00131,  -0.02145,  -0.00919,  -0.00044,  -0.03195,  -0.00219,   0.03108,   0.08710,   0.02933,   0.03633,   0.02057,   0.06434,  -0.02670,   0.00657,  -0.03545,   0.00481,   0.01182,  -0.03195,  -0.00044,  -0.04771,  -0.01970,   0.05734,  -0.04946,   0.05559,   0.05034,  -0.00394,   0.03633,   0.03808,  -0.02670,   0.03983,   0.02057,  -0.06522,  -0.02495,  -0.00569,   0.03108,  -0.02670,  -0.06872,   0.04333,  -0.06697,   0.02407,  -0.04771,  -0.00919,  -0.11074,  -0.09323,   0.02933,  -0.04246,   0.06959,   0.04333,  -0.01620,   0.10461,  -0.04421,   0.01882,   0.02582,  -0.02320,  -0.00219,  -0.04071,   0.09936,  -0.03195,  -0.03195,  -0.03370,  -0.02145,  -0.08273,  -0.04246,  -0.00744,  -0.06522,   0.03458,  -0.05296,  -0.05296,  -0.01094,   0.06609,  -0.00744,   0.01882,   0.05559,  -0.00569,  -0.06347,  -0.01269,  -0.02320,   0.08360,  -0.07572,  -0.00744,   0.02057,  -0.05997,  -0.02145,  -0.00744,  -0.04246,   0.08360,  -0.00394,  -0.05121,   0.07135,  -0.04246,   0.04333,   0.05734,   0.00481,   0.03808,   0.02582,   0.02933,   0.06259,   0.01882,   0.07835,   0.06259,   0.03108,   0.04508,  -0.01620,  -0.02145,  -0.05822,  -0.05646,  -0.05997,  -0.05997,  -0.01970,  -0.12124,   0.01007,  -0.03370,   0.06959,   0.02407,   0.02582,   0.00481,   0.03983,   0.05034,   0.02757,   0.00131,  -0.05121,  -0.04596,  -0.02495,   0.01882,   0.03283,  -0.07047,  -0.05997,   0.05909,  -0.01269,  -0.00394,  -0.07922,   0.00306,   0.08535,  -0.04596,  -0.01444,  -0.09848,  -0.00044,   0.02757,   0.01182,   0.02757,   0.08710,   0.02232,   0.10286,   0.01357,   0.03983,  -0.07397,  -0.04596,  -0.05471,  -0.00394,   0.00131,  -0.01094,  -0.02670,  -0.05121,  -0.02670,  -0.04596,   0.01007,  -0.01444,  -0.00919,  -0.02670,  -0.00219,  -0.00744,   0.01182,  -0.00044,  -0.06172,  -0.07047,   0.01182,   0.02057,  -0.09323,  -0.01795,  -0.04771,   0.08185,   0.00657,   0.09060
   0.05559,  -0.08448,  -0.02845,   0.03633,   0.00481,  -0.01620,   0.00657,   0.01007,   0.02582,   0.03983,  -0.00919,   0.03108,  -0.02145,   0.01182,  -0.03896,  -0.02320,   0.03458,  -0.03020,   0.03108,  -0.04071,   0.07485,  -0.06347,   0.02232,  -0.03195,  -0.03020,   0.02407,   0.09936,  -0.01444,  -0.03195,   0.04683,  -0.08273,  -0.00744,  -0.02495,  -0.00044,  -0.05646,   0.00131,  -0.02320,  -0.07047,  -0.01795,   0.02757,   0.01007,   0.00481,   0.03633,  -0.08623,   0.00306,  -0.08273,  -0.02495,   0.03108,   0.04158,   0.03983,  -0.00569,  -0.00219,  -0.02845,   0.02407,  -0.00219,  -0.00744,  -0.00394,  -0.02845,   0.02407,   0.02933,  -0.04071,   0.02057,  -0.00394,  -0.00394,  -0.01269,  -0.04071,  -0.02670,  -0.01970,  -0.05296,  -0.09323,  -0.02145,   0.04508,  -0.03896,   0.01182,  -0.00744,   0.06784,  -0.12300,   0.06259,   0.03283,  -0.00219,   0.01707,   0.03108,   0.00481,  -0.05822,  -0.00919,  -0.04946,  -0.05121,  -0.00919,   0.02057,  -0.03370,  -0.02145,   0.01182,  -0.03721,  -0.01269,   0.02232,  -0.03195,   0.03108,  -0.00744,  -0.06522,  -0.05121,  -0.00919,   0.01182,   0.02582,  -0.07747,   0.03283,  -0.02845,   0.01357,  -0.12825,  -0.00219,   0.02933,  -0.00044,   0.01532,  -0.03195,  -0.00919,   0.03633,  -0.06522,   0.01357,   0.02057,  -0.06172,  -0.00044,   0.03808,  -0.01795,   0.02582,  -0.00744,   0.04508,  -0.04246,   0.12737,  -0.03721,  -0.02145,  -0.01620,   0.01882,   0.01532,  -0.06347,  -0.04246,   0.00657,  -0.03195,  -0.01795,   0.00481,  -0.05296,  -0.03020,  -0.04071,   0.05734,   0.01182,   0.06784,  -0.01269,  -0.00219,   0.03983,   0.02232,  -0.05121,  -0.13350,   0.01532,   0.01532,  -0.01795,  -0.04421,  -0.02845,   0.01007,   0.02757,   0.09411,   0.08535,   0.01707,   0.00481,  -0.04596,   0.00481,  -0.03721,  -0.00569,  -0.12475,   0.04508,  -0.06172,  -0.01444,  -0.00394,   0.04508,   0.02057,  -0.00394,   0.02933,   0.03458,   0.06084,  -0.00219,   0.04158,   0.01532,  -0.02495,  -0.01094,  -0.00044,   0.02582,  -0.02145,   0.00657,   0.02232,   0.01357,  -0.01795,  -0.01620,   0.00481,  -0.06172,  -0.01620,  -0.00744,  -0.04071,  -0.01094,  -0.08098,  -0.01620,  -0.07397,   0.06259,  -0.01269,  -0.05997,  -0.02320,  -0.02145,   0.01532,   0.03808,  -0.00044,  -0.01094,   0.04333,  -0.00219,   0.03633,  -0.01620,  -0.04421,   0.02057,  -0.03195,  -0.03896,  -0.02670,  -0.01795,   0.00657,   0.01007,  -0.06347,   0.00306,  -0.01094,   0.04158,   0.02057,   0.04858,   0.02933,   0.04858,   0.03983,  -0.00744,   0.04508,   0.00306,  -0.03721,   0.04158,  -0.03721,  -0.04946,   0.01357,   0.07660,   0.01182,   0.00481,  -0.02670,   0.06084,  -0.05822,  -0.03020,   0.08010,  -0.00219,   0.01532,   0.04333,   0.01707,   0.05559,  -0.01444,   0.02057,   0.06609,  -0.01094,  -0.02320,  -0.04071,   0.01182,   0.04333,  -0.04071,   0.01707,   0.04683,  -0.03020,   0.00657,  -0.05471,   0.05209,  -0.09323,   0.02407,   0.05034,  -0.01444,   0.01882,   0.05734,  -0.00744,   0.06084,  -0.01444,   0.01007,   0.01357,   0.01707,   0.04858,   0.04858,   0.03458,  -0.03195,  -0.04596,  -0.06347,  -0.00744,   0.00657,   0.00131,   0.08010,   0.00306,  -0.00044,  -0.01795,   0.03108,  -0.01795,   0.00481,  -0.04421,  -0.01094,   0.05909,   0.03108,   0.02757,  -0.03721,   0.03458,   0.02407,  -0.03020,   0.04683,   0.01532,  -0.08798,  -0.01444,  -0.01795,  -0.01269,   0.01182,  -0.02320,  -0.02320,   0.04858,  -0.02670,  -0.00394,  -0.05121,  -0.09148,   0.03633,   0.03633,  -0.01620,   0.02933,   0.01357,   0.04158,  -0.08623,  -0.03721,   0.02232,   0.02933,  -0.02670,   0.00832,  -0.00569,  -0.01269,   0.03108,  -0.05646,  -0.08448,  -0.01795,  -0.01269,   0.06959,   0.05734,   0.04858,   0.00657,  -0.00919,  -0.05121,   0.03983,   0.00131,   0.00657,  -0.02320,  -0.02145,  -0.05646,   0.04858,  -0.04596,  -0.01269,  -0.15626,  -0.00044,   0.00131,   0.02232,   0.05909,  -0.02145,   0.00306,   0.02232,  -0.05471,  -0.00394,  -0.01795,  -0.00394,   0.01007,  -0.02845,   0.06434,  -0.03545,   0.04158,   0.01707,  -0.01094,  -0.06172,  -0.06347,  -0.07922,  -0.02845,   0.04683,  -0.05997,  -0.00394,  -0.02845,   0.00306,   0.01707,  -0.02495,  -0.13700,   0.02057,   0.03808,   0.04858,  -0.00569,  -0.00044,  -0.05121,   0.03458,  -0.03195,   0.01007,   0.01707,   0.02057,  -0.13000,   0.00481,  -0.02845,   0.05034,  -0.04421,  -0.01094,   0.02933,   0.03633,   0.03808,  -0.02670,  -0.02145,  -0.00044,  -0.04246,  -0.03896,   0.05909,  -0.06697,  -0.02495,  -0.05997,   0.02582,   0.08360,  -0.02320,   0.01357,   0.06959,   0.01182,  -0.03721,   0.02933,   0.03633,   0.07660,   0.05559,   0.06434,  -0.02145,   0.07135,   0.02933,  -0.05121,   0.02057,  -0.07397,   0.06959,  -0.02495,   0.02757,  -0.08448,  -0.06172,   0.04158,  -0.03896,  -0.07047,  -0.00044,   0.02057,   0.03808,   0.01882,   0.01357,  -0.00044,  -0.03195,   0.00131,   0.01357,  -0.00919,  -0.01094,  -0.01094,  -0.05997,  -0.06347,   0.08535,  -0.01444,  -0.00569,   0.03108,  -0.00394,   0.01707,  -0.03721,   0.01532,   0.01532,   0.02407,  -0.04771,  -0.04771,   0.00832,   0.05559,  -0.01970,   0.05384,  -0.07572,  -0.02145,   0.02757,   0.02057,   0.04333,  -0.03370,  -0.03545,   0.03633,   0.05209,   0.04158,   0.02057,  -0.01444,  -0.01970,   0.03458,  -0.03020,  -0.03370,   0.00657,   0.06959,  -0.03721,   0.08185,  -0.05822,  -0.02145,   0.04158,   0.02933,   0.02232,   0.03108,   0.00657,  -0.05646,   0.04508,   0.03283,   0.01182,  -0.00044,   0.05384,   0.01882,  -0.01269,   0.07310,  -0.02845,  -0.03020,  -0.03545,   0.01007,  -0.04596,   0.00481,  -0.03545,   0.03108,   0.04333,  -0.01795,  -0.00044,   0.00657,   0.01182,  -0.03020,  -0.02495,  -0.03721,   0.04508,   0.00306,  -0.05997,  -0.00219,  -0.01795,  -0.02495,  -0.05121,  -0.01444,   0.02057,  -0.04946,  -0.00919,   0.00306,   0.01882,   0.03108,  -0.00919,   0.06259,   0.04683,   0.00306,  -0.04071,  -0.02495,  -0.01094,   0.00306,  -0.02320,  -0.00219,   0.03983,   0.04858,   0.00481,  -0.00919,  -0.00044,   0.02057,   0.07660,  -0.03370,   0.02057,  -0.02670,  -0.00044,   0.01882,   0.04158,   0.03283,  -0.05997,  -0.02670,  -0.02320,  -0.03896,  -0.02145,   0.03108,  -0.07572,  -0.02845,  -0.04421,  -0.04071,   0.01182,   0.03108,  -0.07047,  -0.02670,  -0.01444,  -0.00744,   0.02407,  -0.03721,  -0.05121,  -0.02145,  -0.00744,  -0.01269,   0.03808,  -0.03020,   0.01007,   0.09411,   0.04158,  -0.01795,  -0.03545,  -0.00569,  -0.05296,   0.01532,  -0.04596,  -0.01444,  -0.09673,  -0.01269,  -0.00044,   0.01882,   0.05034,   0.01007,  -0.00219,  -0.00919,  -0.00744,   0.03108,  -0.04946,   0.05734,   0.02933,   0.04158,  -0.01620,  -0.02845,   0.01882,  -0.04421,   0.03633,  -0.03370,  -0.07922,   0.01182,  -0.00744,  -0.01620,  -0.00744,  -0.05471,   0.02232,   0.00832,   0.02232,   0.02757,   0.02057,   0.00306,   0.01007,   0.01007,  -0.06872,  -0.01620,  -0.03195,  -0.06697,  -0.01094,   0.04858,   0.10286,  -0.04071,  -0.02495,   0.04858,  -0.03195,  -0.00919,  -0.01444,   0.04158,  -0.03020,   0.01357,  -0.00044,  -0.05121,  -0.03721,  -0.01094,  -0.03020,   0.05209,   0.01357,   0.02232,  -0.03370,   0.00832,  -0.08623,   0.06084,  -0.05646,  -0.01795,   0.03983,   0.03458,   0.00306,   0.01882,  -0.00569,   0.01532,  -0.02145,  -0.01444,  -0.04246,   0.00306,  -0.02145,   0.04858,  -0.01795,  -0.00569,   0.01532,   0.03983,   0.00832,  -0.00744,  -0.01269,  -0.00394,  -0.00569,  -0.01444,  -0.01269,  -0.00919,   0.01882,  -0.02670,   0.05384,   0.02582,   0.03458,   0.06084,   0.01532,  -0.03545,   0.01532,  -0.02670,   0.00481,  -0.08273,  -0.00219,  -0.00569,   0.00131,  -0.01094,   0.01007,   0.05734,  -0.00569,  -0.04946,  -0.00394,  -0.03896,  -0.01269,   0.07660,   0.04683,  -0.00744,  -0.03195,   0.06084,  -0.03020,  -0.01269,   0.07485,   0.07660,   0.00657,   0.03983,  -0.05296,   0.05559,  -0.12124,   0.06784,   0.01357,   0.00832,  -0.02495,  -0.03370,  -0.03896,  -0.04246,   0.04508,  -0.02145,  -0.02145,  -0.06697,  -0.00744,  -0.00744,  -0.03195,   0.01532,  -0.06697,  -0.04596,  -0.01094,  -0.03020,   0.00481,   0.01707,   0.02407,  -0.03020,   0.00306,   0.00306,  -0.07922,  -0.02845,  -0.01094,  -0.02145,   0.05909,  -0.02495,  -0.01269,  -0.06697,   0.01882,  -0.00044,  -0.00044,   0.06434,   0.02407,   0.01357,  -0.10023,   0.06609,   0.04683,  -0.05997,  -0.02320,   0.06259,   0.05559,   0.01357,   0.08360,  -0.02670,   0.04508,  -0.02670,  -0.00919,   0.01182,   0.03108,  -0.03195,  -0.01094,  -0.00219,  -0.00569,  -0.03545,   0.03808,   0.03633,   0.01532,   0.06084,   0.03458,   0.00657,   0.01357,  -0.05296,  -0.03896,   0.01532,   0.01007,   0.09761,  -0.03020,  -0.01444,  -0.04246,   0.06434,   0.03633,  -0.01970,  -0.07047,  -0.00044,  -0.10199,  -0.04246,  -0.02320,   0.02057,   0.00131,   0.01882,  -0.00744,   0.01707,   0.01357,  -0.02145,   0.02057,   0.00306,   0.05384,  -0.02670,  -0.08623,  -0.03195,  -0.03721,   0.06084,  -0.04596,   0.01007,   0.00832,  -0.02845,  -0.03721,  -0.01795,  -0.00744,  -0.00744,   0.01182,   0.04508,  -0.03545,   0.00306,  -0.01970,   0.01357,  -0.02320,   0.01707,  -0.06347,   0.02933,  -0.01269,   0.01532,   0.04333,   0.04683,  -0.01620,   0.01707,   0.02407,  -0.01444,  -0.07747,   0.01182,  -0.00919,   0.03808,   0.07835,  -0.01620,  -0.07572,   0.01707,  -0.00569,   0.01357,  -0.02145,  -0.07047,   0.00306,  -0.02320,  -0.03195,  -0.00044,   0.10636,  -0.07922,  -0.02320,   0.01707,   0.01707,  -0.02495,   0.04333,  -0.01795,  -0.12650,   0.01532,   0.02057,   0.00481,  -0.08448,   0.00306,   0.00481,  -0.00919,   0.02582,  -0.04771,   0.03808,   0.06959,  -0.04246,  -0.01269,   0.02582,  -0.06522,  -0.00744,  -0.05822,  -0.03195,  -0.04071,  -0.08448,  -0.01795,   0.02933,  -0.04771,  -0.01094,  -0.02670,  -0.02145,  -0.01269,   0.10986,  -0.04421,  -0.03370,  -0.00044,   0.04508,   0.02232,   0.02582,   0.05209,   0.01007,  -0.01620,  -0.01269,  -0.03545,  -0.01620,   0.02057,   0.06434,  -0.00044,   0.01882,   0.00832,   0.01182,  -0.01444,  -0.01444,  -0.02670,   0.01532,  -0.02320,  -0.05822,   0.02582,   0.01182,  -0.05121,   0.04158,  -0.01795,  -0.01620,  -0.01094,   0.03108,   0.02933,  -0.00044,  -0.02845,   0.06959,   0.02933,  -0.01444,   0.05209,  -0.00044,   0.02582,   0.01357,  -0.00219,   0.03108,   0.00832,  -0.04071,   0.02757,  -0.00394,  -0.00044,   0.02057,  -0.03020,  -0.05121,   0.06784,   0.09936,  -0.02845,   0.06084,  -0.02495,  -0.06522,  -0.00744,   0.03983,  -0.04421,  -0.04421,  -0.04771,  -0.00394,  -0.01970,  -0.04071,  -0.03896,  -0.03545,  -0.04771,   0.06784,   0.01182,   0.04333,   0.02407,   0.01357,   0.03283,   0.04508,  -0.02670,  -0.05296,  -0.03896,  -0.05822,   0.00657,   0.00306,   0.00481,  -0.05296,  -0.03195,   0.00832,  -0.03896,   0.07310,   0.01357,  -0.00744,   0.02582,  -0.01094,   0.01532,  -0.00919,  -0.04596,   0.05559,   0.03108,  -0.04946,   0.02933,   0.01007,   0.00657,   0.01707,  -0.03545,   0.02933,   0.02232,  -0.03195,   0.03283,   0.01007,   0.08185,  -0.03020,   0.01007,  -0.01444,   0.01357,  -0.03721,   0.01882,  -0.02145,  -0.05121,   0.01007,   0.05559,  -0.04596,   0.01007,  -0.01620,  -0.00394,   0.00657,  -0.05997,  -0.01094,   0.10811,  -0.01094,  -0.03370,   0.03633,  -0.06347,  -0.03020,   0.08885,  -0.01444
   0.01007,  -0.02845,  -0.00744,  -0.04946,  -0.01094,   0.01882,  -0.03896,  -0.02145,  -0.01094,  -0.02495,   0.03108,  -0.03545,  -0.01795,  -0.00219,   0.01357,   0.01882,  -0.06172,   0.05209,   0.01007,   0.01357,  -0.03020,   0.04683,   0.01357,   0.00131,   0.00832,  -0.03896,   0.02933,  -0.08273,  -0.03896,   0.01707,  -0.05822,   0.02057,  -0.03896,   0.03633,   0.01532,   0.00481,  -0.04246,   0.03633,   0.08185,  -0.02320,   0.02407,  -0.01444,  -0.01970,  -0.06522,   0.03283,  -0.09498,  -0.04596,   0.01707,   0.02582,  -0.03545,  -0.01620,  -0.05997,  -0.04946,  -0.04946,   0.02757,  -0.02670,   0.01707,  -0.03721,   0.02232,   0.01007,   0.00306,  -0.01269,   0.02582,   0.07310,  -0.04071,  -0.01444,   0.02582,  -0.00394,  -0.03370,  -0.02320,  -0.03370,  -0.03020,  -0.01444,   0.04333,  -0.08098,   0.00481,   0.02582,  -0.02670,  -0.00044,  -0.04071,  -0.03545,  -0.04246,   0.04508,   0.03983,   0.04333,  -0.04246,   0.01357,  -0.02495,  -0.06347,  -0.00219,   0.00481,  -0.00044,   0.01882,  -0.00044,   0.00306,   0.02232,  -0.00219,   0.06084,  -0.00394,   0.05384,  -0.02320,   0.06784,   0.02407,   0.06084,  -0.06347,  -0.05121,  -0.02145,  -0.05822,   0.03458,   0.02582,  -0.00044,   0.02232,   0.05559,   0.00481,  -0.00044,   0.03633,  -0.03545,  -0.03545,   0.05034,   0.02757,  -0.04771,  -0.06172,   0.00131,   0.08360,   0.03633,  -0.05822,   0.02057,   0.05734,  -0.06522,   0.02232,  -0.04246,   0.06434,  -0.08273,  -0.02495,  -0.00219,   0.05909,   0.02232,   0.01357,   0.02933,   0.02933,   0.00306,   0.07485,  -0.04596,  -0.02320,  -0.03896,  -0.03370,  -0.00219,   0.01707,   0.01007,   0.06434,   0.02232,   0.02407,  -0.05471,  -0.01970,  -0.01970,  -0.03896,  -0.04071,  -0.01094,   0.08360,   0.02057,   0.08710,  -0.02845,  -0.00569,   0.05384,   0.02232,  -0.01795,   0.01007,  -0.01795,   0.01707,   0.00306,   0.08885,   0.00657,   0.02933,   0.03458,   0.03633,  -0.02145,  -0.05121,  -0.00219,  -0.04071,  -0.00744,   0.00306,  -0.03721,  -0.00394,   0.02232,  -0.04246,  -0.01269,   0.00481,   0.04683,   0.08360,  -0.06522,  -0.00569,   0.09761,  -0.03370,  -0.02320,  -0.02670,  -0.00394,  -0.00569,  -0.04946,  -0.00569,  -0.03721,  -0.00044,   0.01357,   0.06084,   0.06609,  -0.01620,   0.02407,  -0.01094,   0.05209,   0.01182,  -0.05121,  -0.04246,  -0.03545,  -0.04946,  -0.02845,   0.01007,   0.00131,  -0.05296,   0.00657,  -0.02145,  -0.03370,  -0.07047,   0.01707,  -0.00919,   0.03633,  -0.01094,   0.00306,   0.00481,   0.02582,   0.02757,   0.02232,  -0.04246,   0.00306,   0.03283,  -0.00569,  -0.01970,   0.00131,   0.01532,   0.01007,   0.02757,  -0.04596,  -0.04596,   0.06259,   0.04158,  -0.02670,   0.01882,   0.03808,  -0.10374,  -0.02845,   0.03983,   0.01357,  -0.06697,   0.08360,   0.00832,  -0.01269,  -0.03545,  -0.04421,  -0.00744,  -0.04071,  -0.00219,  -0.03545,  -0.05646,  -0.12300,  -0.01795,  -0.01970,   0.05909,  -0.01620,   0.00306,   0.01707,   0.00306,  -0.04946,   0.06959,  -0.05646,   0.08185,   0.07835,  -0.00744,   0.01707,   0.00306,  -0.00219,   0.03108,  -0.00569,  -0.02845,  -0.03545,   0.03983,  -0.05997,   0.05384,   0.01007,   0.00481,  -0.11949,  -0.07047,  -0.11249,   0.00481,   0.05734,   0.03283,   0.03108,   0.04683,   0.05909,   0.06959,  -0.00394,  -0.01269,  -0.00219,   0.00306,  -0.02670,  -0.00044,  -0.06697,   0.02582,  -0.00569,   0.00306,  -0.02670,  -0.07572,  -0.01269,  -0.00044,  -0.00394,  -0.00394,   0.05909,  -0.00219,  -0.00569,   0.01182,  -0.05822,   0.03458,   0.03108,   0.01532,  -0.05471,  -0.04771,  -0.01094,  -0.00569,  -0.02845,  -0.08973,   0.01007,  -0.01094,  -0.00219,   0.01707,   0.04508,   0.00832,   0.01007,   0.00832,   0.02582,  -0.02320,   0.00481,  -0.00219,   0.00306,   0.01357,   0.03808,   0.02582,   0.01882,  -0.02845,  -0.04596,  -0.08273,  -0.04071,   0.00832,   0.05734,   0.06959,   0.04858,  -0.02495,  -0.09673,  -0.00219,  -0.04596,   0.00481,   0.03808,  -0.03195,   0.00131,  -0.00919,   0.04158,   0.00306,   0.02057,  -0.06872,   0.02933,  -0.02845,  -0.03896,  -0.00569,   0.01532,  -0.09848,  -0.02495,  -0.02320,  -0.02845,   0.00657,   0.01007,  -0.01269,   0.06259,  -0.04246,   0.01007,  -0.02495,   0.02933,   0.01007,   0.02057,  -0.04421,  -0.04421,   0.10811,  -0.02845,  -0.03195,   0.00832,   0.02582,   0.02933,  -0.02145,   0.03458,   0.04683,  -0.05121,   0.02057,   0.00657,   0.00832,  -0.02670,  -0.01444,  -0.03721,  -0.01970,   0.05559,   0.00481,  -0.01620,  -0.04771,   0.03458,  -0.02670,  -0.01970,   0.01532,  -0.00394,  -0.01795,  -0.00919,   0.02057,   0.01182,  -0.03020,  -0.06697,   0.07135,   0.01182,   0.03458,   0.05034,  -0.03020,   0.03283,   0.04858,   0.00481,  -0.01094,  -0.04946,  -0.01269,   0.02933,  -0.00919,  -0.04421,   0.05909,  -0.03020,  -0.00044,   0.03983,  -0.03370,  -0.01795,  -0.01444,  -0.05822,   0.04333,   0.06784,   0.01182,  -0.00569,  -0.01094,   0.03458,   0.01182,   0.02757,   0.02407,  -0.09323,  -0.03020,  -0.00569,   0.02757,   0.02582,   0.02933,  -0.00394,  -0.06522,  -0.05646,   0.07835,  -0.00919,   0.01532,  -0.00044,  -0.00219,   0.02057,  -0.00219,  -0.04596,  -0.01444,   0.02057,  -0.04596,   0.03633,   0.05034,   0.01357,  -0.00394,  -0.05296,  -0.04946,  -0.02670,  -0.01444,  -0.09148,  -0.04071,  -0.02495,  -0.01269,   0.04683,   0.06084,  -0.03545,   0.03283,  -0.00394,   0.01532,   0.01707,   0.00131,  -0.00744,  -0.01269,  -0.00744,  -0.02670,   0.00481,  -0.03195,   0.08010,  -0.03020,   0.01007,   0.08360,   0.03633,   0.02757,   0.03283,  -0.00569,  -0.06172,  -0.11774,  -0.00569,   0.02232,  -0.03195,   0.05384,  -0.09673,   0.02232,  -0.01269,   0.05909,   0.07835,   0.05209,  -0.00744,   0.00481,  -0.01094,  -0.00744,   0.00131,  -0.03020,   0.06259,  -0.00744,   0.02757,  -0.00219,  -0.04421,  -0.02145,   0.01007,   0.03108,  -0.01970,   0.02582,  -0.01970,  -0.00219,   0.06784,  -0.05121,  -0.01620,  -0.05296,   0.00657,   0.01007,  -0.00044,   0.05559,  -0.08098,   0.04858,  -0.03195,  -0.01094,  -0.01795,  -0.03195,  -0.04596,   0.02757,   0.00306,   0.08710,  -0.04246,  -0.02495,   0.00832,  -0.00744,   0.00306,  -0.03020,   0.00306,  -0.02320,  -0.03020,  -0.07572,  -0.03370,   0.03808,   0.09060,  -0.01795,   0.05559,   0.02582,  -0.01094,   0.00306,  -0.04596,  -0.04946,  -0.03195,   0.02232,  -0.09498,  -0.01444,  -0.00044,  -0.00044,  -0.00219,  -0.05822,   0.03458,  -0.01620,  -0.01795,   0.01707,  -0.01094,  -0.02495,  -0.01620,   0.02057,   0.00481,   0.06609,  -0.01620,  -0.00044,  -0.08273,  -0.00044,  -0.02670,  -0.04946,  -0.00394,   0.06259,  -0.00919,  -0.00919,  -0.04946,  -0.07397,   0.07135,   0.03283,  -0.04071,   0.02232,   0.04683,   0.00306,  -0.00394,  -0.02845,   0.03983,   0.01357,   0.00131,  -0.03195,  -0.01269,  -0.03020,   0.02057,   0.07660,   0.01882,   0.01707,  -0.04246,   0.00657,  -0.00044,   0.01532,  -0.01970,   0.02582,   0.03108,   0.04158,  -0.05296,   0.04158,  -0.02320,  -0.05121,  -0.02495,  -0.01444,   0.04508,  -0.05296,  -0.05296,  -0.00919,  -0.03370,  -0.10374,  -0.04246,  -0.03370,   0.02582,  -0.04246,  -0.01094,  -0.07047,   0.01707,   0.01007,  -0.01444,  -0.02145,  -0.02495,  -0.02145,  -0.02145,  -0.02495,   0.02407,  -0.00919,  -0.03545,   0.01007,   0.07660,  -0.01094,   0.08010,  -0.01970,   0.08360,   0.05034,   0.01532,   0.00832,   0.07485,   0.00306,  -0.04246,  -0.03545,  -0.05296,  -0.01970,  -0.04771,  -0.02145,   0.06434,  -0.04946,  -0.00919,   0.01357,   0.05384,   0.06784,  -0.04246,  -0.07397,  -0.01444,  -0.07397,   0.00657,  -0.00569,  -0.00569,   0.01007,  -0.00744,  -0.03545,   0.04158,  -0.01444,   0.04683,  -0.01970,   0.03633,   0.05209,  -0.11249,   0.00832,   0.01532,  -0.04071,   0.02757,   0.00306,  -0.06522,  -0.02145,   0.01532,   0.00306,  -0.04946,   0.00657,   0.08535,  -0.00919,   0.06784,  -0.01094,  -0.01094,   0.03458,   0.03283,  -0.01269,  -0.01094,  -0.02495,  -0.00219,  -0.04246,   0.00306,   0.02933,  -0.05296,  -0.00394,  -0.00044,  -0.01970,  -0.07222,  -0.01795,   0.00481,  -0.00394,   0.01182,  -0.00044,  -0.01269,  -0.03020,   0.03633,  -0.03721,  -0.00744,  -0.00744,   0.06434,  -0.00219,  -0.02145,   0.05384,  -0.09323,   0.05384,   0.02582,   0.04158,  -0.04946,   0.01357,  -0.00044,   0.03983,  -0.08798,  -0.06522,   0.04158,   0.01357,  -0.02495,   0.02582,  -0.00044,  -0.06522,   0.02232,   0.00306,   0.04158,   0.01357,  -0.03020,  -0.03896,  -0.00044,   0.09235,   0.02232,   0.00657,  -0.00744,  -0.05646,   0.02057,  -0.05121,  -0.02495,  -0.09498,  -0.01444,   0.01707,  -0.01094,  -0.01269,   0.02057,  -0.02495,   0.05734,  -0.01094,  -0.06172,  -0.01620,   0.00832,  -0.04421,   0.02057,  -0.05997,  -0.00394,  -0.04246,  -0.03721,  -0.04596,  -0.00219,   0.05559,   0.04858,   0.02407,  -0.01795,   0.00131,   0.03283,  -0.03545,  -0.01269,  -0.00219,   0.01707,  -0.03370,   0.09060,   0.06784,   0.02757,   0.00131,  -0.02320,  -0.01795,  -0.03545,   0.01707,  -0.02845,  -0.09323,   0.02232,  -0.00919,   0.04158,  -0.00744,   0.04508,   0.04333,   0.06609,   0.03283,  -0.06172,  -0.05471,  -0.01094,   0.03458,  -0.00919,  -0.05646,   0.00306,   0.04333,   0.03458,  -0.01094,  -0.01970,  -0.05296,  -0.05646,   0.01007,  -0.01970,   0.03983,   0.01007,   0.01882,  -0.01620,  -0.02320,  -0.03370,   0.02057,   0.00657,  -0.00394,   0.03633,  -0.02670,  -0.01620,   0.05034,   0.01357,  -0.01620,  -0.07397,  -0.00394,   0.04683,   0.02232,  -0.02495,  -0.01269,  -0.03896,   0.03108,   0.01707,   0.03283,  -0.00919,   0.06959,  -0.02145,  -0.04071,   0.00481,   0.01357,   0.04683,   0.03983,  -0.02320,   0.03633,   0.02582,   0.00657,  -0.03721,  -0.01444,  -0.01269,  -0.06347,  -0.01094,   0.05384,  -0.00044,  -0.04596,  -0.07222,   0.04333,   0.01357,  -0.04246,   0.00832,  -0.00394,  -0.00569,  -0.01094,   0.03633,   0.00131,  -0.01970,   0.01182,  -0.00219,   0.02057,  -0.02845,  -0.00744,  -0.04771,  -0.04946,  -0.00919,  -0.03896,   0.03108,   0.02582,   0.01707,  -0.03020,  -0.04246,  -0.02145,   0.01357,  -0.03020,  -0.03020,  -0.05121,  -0.03545,  -0.00744,   0.01882,   0.01182,   0.03458,   0.05734,   0.00131,   0.05734,  -0.01269,  -0.02670,   0.02057,  -0.01795,   0.00657,  -0.03896,   0.00657,   0.01007,  -0.01269,   0.01182,   0.08185,   0.04333,  -0.04771,   0.05559,   0.06084,  -0.00569,  -0.03721,   0.01007,  -0.06697,  -0.05997,  -0.09323,   0.02057,  -0.06697,   0.01007,  -0.01094,  -0.01795,   0.02582,   0.03108,  -0.04771,   0.01882,   0.02057,   0.05909,  -0.05822,   0.03108,   0.02757,   0.02407,   0.05734,  -0.01970,   0.01882,  -0.06697,   0.01707,   0.02757,   0.02757,  -0.02845,   0.02757,  -0.05121,   0.02057,   0.00131,  -0.01970,  -0.03195,  -0.06347,   0.01532,  -0.05471,  -0.02145,  -0.00744,   0.00657,  -0.00919,  -0.02145,  -0.00569,   0.00131,   0.00306,  -0.01970,   0.02757,  -0.02145,   0.00481,  -0.05121,   0.04158,   0.02232,   0.00832,  -0.00744,   0.01357,  -0.00044,   0.00657,  -0.01795,   0.03108,   0.01357,   0.01707,  -0.01970,  -0.00394,  -0.02320,   0.01007,   0.01007,  -0.00744,  -0.03545,   0.02232,   0.06959,  -0.00744,   0.02232,   0.05559,  -0.01620,  -0.06697,   0.11336,  -0.00744,  -0.00744,   0.02232,   0.06084,   0.03983,   0.01182,  -0.04421,  -0.00569,  -0.04421,  -0.03020,  -0.05822,  -0.04246,   0.00131
  -0.04596,  -0.03370,  -0.01094,  -0.03020,  -0.03195,   0.02057,  -0.03370,   0.02933,   0.03983,  -0.01795,   0.05734,  -0.04771,   0.05734,  -0.03896,   0.06609,  -0.04071,   0.01182,  -0.07047,   0.13262,  -0.01094,   0.01357,  -0.03195,  -0.03545,  -0.05822,   0.00481,  -0.13000,  -0.03545,   0.04333,   0.08710,  -0.00744,  -0.03195,   0.00832,  -0.01094,   0.07135,  -0.03020,  -0.02845,   0.04858,  -0.02145,   0.06959,   0.02057,   0.02057,   0.01182,   0.08010,  -0.00394,  -0.05822,   0.01882,   0.03983,  -0.03545,  -0.03545,  -0.01970,   0.02933,   0.00131,   0.02407,  -0.02495,  -0.11949,   0.07835,  -0.01269,   0.08535,   0.02933,  -0.02670,   0.00481,   0.02057,  -0.01970,  -0.09848,   0.00306,   0.06084,  -0.05296,   0.00657,   0.04858,   0.02582,   0.03633,   0.01182,   0.16239,  -0.03195,  -0.05997,  -0.04771,  -0.02845,  -0.07047,  -0.00394,   0.09586,   0.01707,   0.02933,  -0.05646,   0.04333,  -0.05121,   0.01532,   0.02582,  -0.02320,   0.00306,  -0.01444,  -0.01444,  -0.05646,   0.02582,  -0.05121,  -0.00744,   0.00657,  -0.05296,  -0.00394,  -0.00744,   0.02057,   0.05034,   0.04158,   0.04333,   0.02407,  -0.04421,   0.01357,   0.00481,   0.02407,   0.00306,   0.07310,  -0.05121,  -0.02670,   0.06784,   0.01532,  -0.04071,  -0.02495,  -0.01269,   0.01532,   0.02757,   0.05734,   0.04333,   0.00832,   0.01882,   0.04508,  -0.01094,  -0.00394,  -0.02320,   0.01707,  -0.00569,  -0.02495,  -0.01094,  -0.08973,   0.02407,  -0.08973,  -0.01094,  -0.04421,   0.00481,   0.06784,  -0.00394,   0.07660,   0.00306,  -0.04246,  -0.06697,  -0.00744,  -0.03020,  -0.05822,  -0.01795,  -0.06172,   0.08010,   0.00832,   0.09586,  -0.03721,  -0.01795,  -0.03370,  -0.04246,   0.06959,  -0.05121,   0.03108,   0.02757,   0.07310,   0.01007,  -0.03721,  -0.04071,   0.03108,  -0.02670,   0.01007,  -0.00044,  -0.03721,  -0.10023,  -0.05997,   0.03633,   0.04508,  -0.04596,  -0.01269,   0.05034,   0.02582,   0.01532,   0.02057,   0.16239,  -0.00569,   0.04683,   0.01882,   0.02757,  -0.02670,  -0.07747,  -0.00744,  -0.05296,   0.09235,  -0.02145,   0.00306,  -0.05121,   0.04858,   0.02757,  -0.05296,   0.04683,   0.00481,  -0.05822,   0.05734,  -0.02670,   0.00131,   0.03808,   0.03283,  -0.01094,  -0.03020,   0.04683,  -0.00044,  -0.02145,   0.01007,  -0.03896,   0.00306,   0.12562,   0.03283,   0.00657,  -0.04071,   0.05034,  -0.02670,  -0.04071,   0.10811,  -0.01970,  -0.01795,   0.06434,  -0.04071,   0.05384,  -0.06172,   0.04333,   0.01007,   0.07310,   0.08535,   0.02582,  -0.01620,  -0.06172,   0.08885,   0.06434,   0.04333,   0.07485,   0.05734,   0.09060,   0.05209,   0.04683,   0.05384,  -0.04771,   0.02582,  -0.03896,  -0.01620,   0.01707,   0.01182,  -0.01269,   0.09936,   0.05559,   0.01707,   0.01357,  -0.03370,   0.07135,   0.06784,  -0.08798,   0.05734,   0.02232,   0.08710,  -0.01795,   0.03108,  -0.01970,   0.00832,  -0.04771,   0.03458,   0.01007,  -0.04771,  -0.02145,   0.06784,  -0.05646,   0.03808,  -0.02320,  -0.06172,   0.01182,   0.05559,   0.06784,   0.00481,   0.13963,  -0.03545,   0.05209,  -0.00394,   0.09060,   0.10286,   0.00657,  -0.04421,  -0.01094,   0.05559,   0.08185,  -0.00569,   0.05209,   0.11336,  -0.06347,   0.02582,  -0.03370,   0.03283,  -0.03020,  -0.00744,   0.06959,   0.01182,   0.02582,  -0.03721,   0.05209,   0.02582,  -0.01795,   0.05209,   0.03458,  -0.02670,  -0.11249,  -0.03545,   0.14138,  -0.06172,  -0.06697,   0.00481,  -0.01444,   0.12562,  -0.04421,  -0.04421,  -0.03545,  -0.05822,  -0.03195,  -0.07747,   0.05384,   0.03458,   0.00832,   0.00306,   0.00131,   0.03283,   0.00306,   0.00832,  -0.03896,   0.05909,  -0.02145,  -0.04771,  -0.01269,  -0.08623,   0.06784,  -0.06872,  -0.06172,   0.02407,  -0.09148,   0.08535,   0.06609,   0.01357,   0.05909,  -0.00569,   0.04508,   0.03108,  -0.07222,  -0.02495,  -0.04946,  -0.03020,  -0.00919,   0.04158,   0.01532,   0.04158,  -0.03896,   0.00657,  -0.02495,   0.00306,   0.09060,  -0.00919,  -0.05646,  -0.06347,   0.04333,  -0.06522,   0.02407,   0.03458,   0.14138,   0.00306,   0.03983,   0.00131,  -0.07222,   0.03283,  -0.07572,  -0.03545,  -0.04071,   0.06959,  -0.00394,  -0.04071,   0.06084,  -0.03370,  -0.03545,  -0.03370,   0.05034,  -0.04246,   0.02057,   0.03808,  -0.06522,   0.01182,   0.09761,  -0.08623,   0.10636,   0.02757,   0.08360,  -0.00744,  -0.01970,   0.05209,   0.02407,  -0.00219,   0.08710,  -0.00044,  -0.00919,   0.07310,   0.03633,  -0.01094,  -0.08798,  -0.11774,  -0.00919,  -0.05121,   0.05209,   0.06959,   0.03458,   0.07485,   0.02933,  -0.03370,   0.00306,  -0.00044,   0.01007,   0.04508,  -0.14576,  -0.03896,  -0.02670,   0.02232,  -0.02320,   0.04683,  -0.00394,   0.00306,  -0.01620,  -0.05997,  -0.01620,  -0.04946,   0.02407,   0.03108,  -0.02845,  -0.05471,  -0.03896,   0.06084,   0.04683,  -0.02670,  -0.04596,   0.02232,  -0.01444,   0.05384,  -0.05822,  -0.02145,  -0.00219,   0.05209,   0.00131,   0.00306,  -0.06522,  -0.00744,  -0.11074,  -0.01620,   0.03633,   0.06259,  -0.07922,   0.01007,   0.03458,   0.01532,  -0.04246,  -0.00394,  -0.08623,   0.03808,   0.09235,   0.00481,   0.04508,   0.03983,  -0.07397,   0.03633,  -0.09148,   0.04333,  -0.11949,   0.08535,  -0.03370,  -0.05646,  -0.01795,  -0.00044,   0.03108,  -0.12300,  -0.03545,   0.06959,   0.11161,  -0.01444,  -0.11074,  -0.03545,   0.05559,  -0.00219,  -0.03721,   0.11336,   0.16589,   0.03983,   0.04508,   0.01882,   0.05559,  -0.04421,  -0.03896,  -0.02845,  -0.01795,  -0.03370,  -0.06697,   0.02933,  -0.00219,  -0.10549,   0.01182,   0.03808,   0.01182,  -0.08098,   0.08010,  -0.03020,  -0.02670,  -0.05471,   0.03108,   0.06959,  -0.01444,   0.04158,  -0.05471,   0.00481,  -0.00744,  -0.05471,  -0.05822,   0.02582,   0.09761,  -0.01970,   0.01532,   0.10636,   0.02582,  -0.02145,   0.03633,  -0.04771,   0.02582,   0.04683,   0.01882,  -0.01094,  -0.01444,   0.01007,  -0.02495,   0.10111,  -0.02670,  -0.08273,   0.04508,  -0.00219,   0.10636,  -0.10549,  -0.05121,  -0.01444,  -0.00569,   0.01182,  -0.04246,   0.00832,   0.05384,   0.01532,   0.06084,  -0.00044,   0.06084,   0.01357,   0.00657,  -0.01444,   0.04333,  -0.02670,  -0.00744,   0.05909,  -0.05822,  -0.07397,  -0.03896,  -0.00744,   0.04858,  -0.10023,   0.02407,   0.08185,  -0.07922,  -0.12475,   0.04158,  -0.00569,   0.02582,   0.03283,  -0.02670,  -0.01094,   0.04858,   0.00131,   0.04508,  -0.03020,  -0.01094,  -0.00394,  -0.04596,   0.03283,  -0.01620,  -0.04071,  -0.03721,   0.00832,   0.03808,  -0.00044,  -0.01269,   0.04683,   0.02757,   0.00131,  -0.06347,   0.07135,  -0.00919,   0.07135,  -0.03020,  -0.06172,  -0.01620,  -0.05471,  -0.03020,  -0.07572,  -0.00394,   0.06084,   0.01882,  -0.00569,  -0.06872,  -0.02145,  -0.03545,  -0.02670,  -0.03721,  -0.01620,  -0.02670,   0.03283,  -0.01444,  -0.00394,  -0.07047,   0.01882,  -0.02320,  -0.01795,  -0.01795,   0.11512,  -0.00569,  -0.01795,  -0.06697,   0.04158,   0.05384,   0.02757,  -0.01795,   0.08710,   0.03108,   0.01182,   0.01532,   0.03458,  -0.00394,   0.05384,  -0.07047,   0.05209,  -0.06697,   0.00657,  -0.07047,  -0.00219,  -0.02145,   0.03283,  -0.00219,   0.01882,   0.09060,  -0.01620,  -0.02145,   0.01532,   0.01532,  -0.04421,  -0.00394,   0.01532,  -0.02495,   0.04858,  -0.00569,  -0.05121,  -0.07572,   0.01707,   0.00657,   0.00481,  -0.00044,   0.07135,  -0.04596,   0.02057,   0.00481,   0.04858,   0.01357,   0.04508,  -0.02145,  -0.00919,  -0.08448,  -0.03721,  -0.01970,   0.06784,  -0.03721,   0.01707,   0.04858,   0.01182,  -0.07047,   0.03283,   0.05209,  -0.01444,  -0.00219,   0.00657,  -0.00919,   0.08185,   0.01532,  -0.02320,  -0.01094,   0.06259,   0.01882,   0.03283,  -0.00744,   0.11336,   0.02582,   0.10111,  -0.09323,   0.02232,   0.00481,   0.09761,  -0.00569,   0.02232,  -0.00569,  -0.04771,   0.07485,   0.02407,  -0.05646,  -0.01269,  -0.04596,  -0.03721,   0.02757,  -0.01269,  -0.03195,   0.11161,   0.05559,   0.03633,  -0.02845,   0.04158,  -0.01094,   0.05909,  -0.03896,   0.04158,  -0.02670,  -0.04246,  -0.02845,  -0.04071,  -0.03896,   0.03808,   0.03983,   0.00131,   0.02933,  -0.07922,   0.05034,  -0.06697,  -0.02495,   0.02757,   0.01182,   0.00306,   0.08185,   0.03283,   0.03108,   0.01882,   0.02232,  -0.01094,   0.02582,   0.00832,   0.04858,  -0.05997,  -0.03545,  -0.03370,   0.01707,  -0.01970,  -0.03545,  -0.09848,   0.04858,   0.06259,   0.09586,  -0.00569,  -0.00919,  -0.00394,   0.02582,   0.02933,   0.01007,   0.02057,   0.04508,   0.05209,   0.08185,   0.01707,   0.01182,  -0.13000,  -0.03896,   0.00481,  -0.01795,   0.02057,   0.01532,   0.03108,   0.01532,   0.01007,  -0.05471,  -0.00569,  -0.02495,  -0.02495,   0.03808,   0.01007,   0.01532,  -0.07747,  -0.01269,  -0.03896,   0.03633,   0.00657,  -0.00044,   0.00657,  -0.00394,  -0.11249,  -0.02845,   0.01532,  -0.01795,   0.01007,   0.03458,  -0.00744,   0.00481,   0.12737,  -0.01269,   0.00832,   0.03283,   0.09411,   0.04158,   0.01007,   0.00306,  -0.05997,  -0.03896,   0.03983,   0.01182,   0.02582,   0.00657,  -0.05121,  -0.08098,   0.06959,   0.01007,  -0.01795,  -0.03020,   0.11687,  -0.02320,  -0.00569,  -0.05822,   0.01357,   0.00306,   0.05209,   0.00481,   0.03633,   0.07835,  -0.02145,   0.01007,   0.02407,  -0.03721,  -0.01444,   0.04333,  -0.01269,   0.02933,  -0.02495,  -0.00919,  -0.01094,  -0.09498,   0.05734,   0.04858,   0.00481,   0.00481,   0.02057,  -0.01094,  -0.07397,  -0.04771,   0.01007,   0.01357,  -0.03721,   0.13963,   0.05209,   0.01007,   0.01882,  -0.00394,   0.00131,  -0.00569,  -0.00569,   0.00832,  -0.11074,  -0.00744,  -0.09323,  -0.10199,   0.03983,   0.06959,   0.02407,   0.04683,   0.01532,  -0.00044,   0.07660,  -0.03896,   0.06084,   0.01007,  -0.04946,   0.01007,   0.07135,   0.03458,  -0.06697,   0.01707,   0.04158,   0.00657,   0.01182,   0.05209,   0.00481,  -0.05121,  -0.03020,   0.05034,   0.00306,   0.02407,   0.03108,  -0.03195,  -0.02495,   0.16239,   0.00657,  -0.00744,   0.02057,   0.02232,  -0.10899,  -0.05646,  -0.02495,   0.06434,   0.06609,   0.02757,   0.03808,   0.02933,   0.00657,   0.01007,  -0.04596,   0.04508,   0.02933,   0.00481,  -0.03545,   0.01707,  -0.01269,  -0.05121,   0.05384,   0.01182,  -0.06522,  -0.00919,  -0.06522,  -0.04246,   0.01532,  -0.04246,  -0.05296,  -0.06697,  -0.01269,   0.01882,   0.02933,  -0.03370,  -0.07922,  -0.05121,   0.03983,  -0.04421,  -0.00044,  -0.02320,   0.03458,   0.01357,   0.10811,   0.02582,   0.02933,  -0.02145,   0.06609,  -0.03020,   0.02057,  -0.03896,  -0.03545,  -0.01970,  -0.03020,   0.01182,  -0.04946,  -0.04246,   0.00481,  -0.08098,  -0.03545,   0.02933,   0.00657,   0.01882,  -0.00219,   0.04683,   0.00306,   0.02232,  -0.09673,  -0.01970,   0.00131,   0.02232,   0.08710,   0.01182,   0.05034,  -0.04421,  -0.04596,  -0.00219,  -0.03896,  -0.02845,  -0.02845,  -0.11249,   0.12562,  -0.01094,   0.02057,   0.03108,   0.01357,   0.00306,  -0.08973,  -0.07047,   0.02757,   0.06959,  -0.03195,  -0.04771,   0.02407,  -0.14926,  -0.01444,   0.00657,  -0.06522,   0.06784,   0.04683,  -0.08623,  -0.03195,   0.03983,  -0.01970,  -0.07047,  -0.03896,  -0.03370,   0.02407,  -0.02845,  -0.00919,   0.17114,   0.03283,   0.02407,  -0.02495,   0.00306,  -0.01444,   0.06784,   0.00832,   0.01357,   0.01357,   0.00481,   0.08710
   0.02582,  -0.00744,   0.03458,   0.03458,  -0.08623,   0.00657,   0.11161,   0.02407,   0.00131,   0.12212,  -0.00219,  -0.04246,   0.05034,   0.00306,   0.02407,   0.01882,   0.05734,  -0.01620,   0.02057,  -0.05471,  -0.05646,  -0.00919,  -0.00569,   0.04333,   0.01182,  -0.04421,   0.01882,  -0.01620,  -0.00394,  -0.01620,  -0.00044,  -0.01795,   0.00832,  -0.01269,   0.02757,   0.04158,   0.07660,   0.00306,   0.02232,   0.01532,  -0.05822,  -0.03370,   0.00306,   0.05384,   0.08535,  -0.00744,  -0.01970,   0.07660,   0.00306,  -0.05822,   0.05559,   0.03108,  -0.07222,   0.06084,  -0.06172,   0.03283,  -0.01970,  -0.04246,   0.02057,  -0.01094,  -0.01269,  -0.03721,  -0.00219,  -0.01444,   0.00657,   0.04158,  -0.03195,  -0.02845,  -0.05296,   0.08535,  -0.02670,   0.02933,   0.01532,  -0.01620,   0.01707,  -0.00919,   0.03108,  -0.00569,  -0.03020,  -0.00919,   0.05559,  -0.00394,  -0.03896,   0.01007,   0.05734,  -0.04071,   0.00481,  -0.05296,  -0.00569,  -0.01094,  -0.00219,  -0.03896,   0.02933,   0.06084,  -0.02845,  -0.03195,   0.04683,  -0.00394,  -0.03195,  -0.06347,  -0.04771,  -0.04946,   0.02057,   0.01882,  -0.03721,   0.01007,   0.02582,  -0.03020,  -0.02670,  -0.01269,   0.01882,   0.05384,   0.00481,  -0.00219,   0.02582,  -0.00744,  -0.00919,  -0.05822,  -0.03896,  -0.03195,  -0.07222,   0.04683,   0.02757,  -0.03545,  -0.01795,  -0.00394,   0.01707,  -0.01269,   0.10286,  -0.00394,   0.05034,  -0.02495,  -0.00569,  -0.03896,  -0.01094,  -0.04771,  -0.02145,  -0.01269,  -0.04946,  -0.00044,  -0.08273,   0.02407,   0.04858,   0.00657,  -0.02670,  -0.04771,  -0.02495,   0.08535,   0.00306,  -0.05997,  -0.00219,   0.05034,  -0.06172,   0.04858,   0.02757,   0.00131,  -0.01094,  -0.03370,   0.03283,   0.03283,   0.03283,   0.01182,  -0.06522,   0.00657,  -0.00744,  -0.03020,   0.01007,  -0.04771,  -0.06872,  -0.05646,   0.02232,   0.07135,   0.06434,   0.05559,   0.06259,  -0.02845,   0.01007,   0.08710,  -0.02495,   0.05734,   0.03808,  -0.05121,  -0.01444,  -0.01269,   0.00832,  -0.01269,  -0.00919,   0.01882,  -0.00044,   0.03458,   0.00131,   0.02232,   0.04508,  -0.00219,   0.01357,   0.00657,  -0.06872,  -0.02145,  -0.04246,   0.03458,   0.03108,   0.03108,  -0.06347,   0.06084,  -0.01269,   0.02407,   0.01357,   0.03108,   0.02582,  -0.03370,  -0.01620,  -0.03370,   0.01357,   0.00657,   0.05559,  -0.02145,   0.02057,  -0.00569,   0.01357,  -0.01620,  -0.01444,  -0.02320,  -0.00394,  -0.00569,   0.00131,  -0.02145,   0.02757,  -0.05997,   0.04508,   0.06609,   0.05734,   0.01182,   0.02057,  -0.03545,   0.00306,  -0.00744,  -0.04071,   0.03283,   0.01707,   0.02232,   0.06609,  -0.02145,  -0.08973,  -0.03721,  -0.00044,  -0.02145,  -0.04596,   0.01532,   0.05209,  -0.01970,   0.00657,  -0.00744,   0.05034,   0.09586,  -0.03370,  -0.03195,  -0.00044,  -0.04246,   0.02757,   0.00481,   0.00481,  -0.01795,   0.03108,  -0.03721,   0.03808,   0.03633,  -0.07922,   0.01007,   0.02933,   0.05209,   0.02057,  -0.01620,  -0.07572,  -0.00569,   0.04158,  -0.02845,  -0.00219,   0.09060,   0.02407,  -0.04596,   0.04333,   0.05559,   0.01882,   0.01182,   0.02232,   0.06259,  -0.00394,   0.00131,   0.05559,  -0.01094,   0.03983,  -0.03896,  -0.00744,   0.03458,   0.00481,   0.06259,   0.01707,   0.00131,  -0.04771,  -0.03370,  -0.00394,   0.00832,  -0.04421,  -0.07222,   0.01357,  -0.00744,   0.03283,   0.04683,   0.05909,   0.01357,  -0.01444,   0.07660,   0.02933,  -0.00744,  -0.01444,  -0.00394,   0.00131,  -0.01444,  -0.00394,   0.03458,  -0.03020,   0.01532,  -0.00219,   0.01182,   0.03983,  -0.05121,   0.01357,  -0.00744,  -0.07047,  -0.08273,   0.01532,  -0.00044,   0.07660,   0.05559,   0.01532,  -0.02320,   0.09761,  -0.02145,   0.08535,  -0.02495,  -0.05997,  -0.01444,   0.08535,   0.03283,  -0.00044,  -0.03545,   0.03283,   0.01882,  -0.07222,  -0.05646,  -0.00744,   0.04158,  -0.02495,   0.03983,  -0.00919,   0.01357,   0.02582,  -0.02145,  -0.01970,  -0.00744,  -0.00394,   0.00657,  -0.06522,   0.07660,  -0.00919,  -0.01620,   0.03458,   0.02057,  -0.02845,  -0.01444,  -0.02670,  -0.03896,   0.06959,  -0.01269,  -0.02845,   0.08885,   0.09235,   0.00481,   0.01007,  -0.01094,  -0.00744,  -0.00569,  -0.02495,   0.00306,  -0.00919,  -0.04596,   0.09235,  -0.02845,   0.08710,   0.10461,   0.06084,   0.04158,   0.01007,   0.00832,   0.00832,   0.00131,   0.00832,  -0.12475,   0.02933,   0.01532,   0.04333,  -0.04071,   0.00832,   0.06609,   0.05209,   0.01182,  -0.01795,   0.03458,  -0.05997,  -0.00569,  -0.03370,  -0.00569,  -0.00919,   0.09060,  -0.05471,   0.02757,  -0.01094,  -0.00569,   0.06084,   0.02757,  -0.03370,   0.00657,  -0.00919,  -0.00044,  -0.02145,   0.00657,   0.02933,   0.01707,  -0.00569,   0.02757,   0.02757,  -0.01970,   0.05209,   0.03808,   0.01882,   0.00481,  -0.05296,  -0.02320,   0.07660,   0.03108,   0.04683,   0.05034,  -0.03195,   0.09936,  -0.06347,   0.03983,   0.00832,   0.02933,  -0.01269,  -0.01795,   0.02407,  -0.02320,   0.02232,  -0.03020,  -0.05296,   0.01882,  -0.04946,  -0.04246,  -0.03896,   0.02582,   0.04333,  -0.00044,   0.02582,   0.04158,   0.02933,   0.09060,   0.02757,  -0.01094,  -0.10374,   0.02933,  -0.05646,  -0.00919,   0.02232,  -0.00219,   0.00481,   0.00131,  -0.00919,   0.06434,  -0.07047,  -0.03545,   0.04333,   0.08010,   0.00481,  -0.05121,  -0.05822,   0.03283,   0.00481,   0.03808,  -0.02845,   0.01357,   0.03108,  -0.05121,   0.01882,   0.03283,   0.14313,   0.02057,   0.00306,  -0.01620,   0.09936,  -0.05296,   0.00832,   0.02057,  -0.02320,  -0.01620,  -0.02670,  -0.02145,  -0.02670,   0.01882,   0.00657,   0.06084,   0.02933,   0.03633,   0.04683,  -0.01970,   0.03458,   0.01182,   0.07310,  -0.03195,   0.01357,  -0.08798,  -0.02320,   0.06084,   0.01532,  -0.01795,  -0.00744,  -0.03545,   0.04333,   0.03633,   0.03983,  -0.03721,   0.01357,  -0.03195,   0.00481,   0.03808,  -0.06697,  -0.01444,   0.02757,  -0.10374,  -0.01795,  -0.02845,  -0.09673,   0.03458,  -0.01620,   0.00306,   0.05034,   0.01357,  -0.03020,   0.06609,  -0.03195,  -0.01970,  -0.00569,   0.01182,   0.03983,  -0.00394,   0.12037,   0.02757,  -0.00744,   0.06259,   0.04158,   0.05384,   0.06259,   0.01532,  -0.01620,  -0.02145,  -0.00569,   0.02582,   0.06609,   0.00657,  -0.01269,  -0.01094,  -0.01444,  -0.02670,  -0.01795,   0.08710,  -0.07397,   0.03283,  -0.09848,  -0.00569,   0.08360,  -0.01094,   0.02232,  -0.00219,   0.02057,  -0.00744,   0.01532,   0.02057,  -0.03721,   0.00131,  -0.04421,   0.02232,  -0.00744,   0.06259,  -0.01444,   0.02057,  -0.01795,  -0.03370,  -0.02320,   0.01882,  -0.00744,   0.02057,  -0.01269,   0.02057,   0.00657,   0.10111,   0.00832,   0.05559,   0.05734,   0.02407,  -0.02145,   0.06609,   0.02057,   0.07310,  -0.04596,  -0.04946,   0.00481,  -0.00744,   0.01707,  -0.03545,  -0.01444,   0.05209,   0.00657,  -0.01444,  -0.02670,   0.01882,  -0.04771,  -0.00219,  -0.04071,  -0.03020,  -0.02495,  -0.04596,   0.10286,   0.05209,  -0.00394,  -0.07047,  -0.00219,  -0.00219,  -0.00219,   0.02407,   0.04683,  -0.01444,   0.02057,   0.06609,   0.01707,   0.06084,   0.01707,   0.03633,   0.01707,   0.02232,   0.01182,  -0.03370,   0.01882,   0.05209,  -0.00044,   0.07135,  -0.00919,   0.03808,  -0.02670,  -0.00744,  -0.03020,   0.09060,   0.00481,  -0.01444,   0.03458,  -0.03195,   0.04858,  -0.00569,  -0.00044,   0.03983,  -0.13000,   0.01007,   0.00481,  -0.04946,  -0.10899,  -0.04071,  -0.03545,  -0.02495,   0.01357,   0.03458,   0.00481,   0.02407,   0.01357,   0.00657,  -0.01094,  -0.00744,  -0.01444,  -0.08448,   0.03458,  -0.03721,   0.03283,   0.00306,   0.07835,   0.00131,  -0.03545,  -0.11424,  -0.01970,  -0.00744,  -0.02670,  -0.01620,  -0.02320,   0.02232,  -0.05471,  -0.02145,  -0.03195,  -0.09148,  -0.01094,  -0.04246,  -0.05997,  -0.05822,   0.03283,   0.01182,  -0.03020,  -0.02495,  -0.02495,  -0.03721,   0.03808,   0.09060,  -0.02495,  -0.00044,   0.00481,   0.02757,   0.01707,  -0.03545,  -0.02320,  -0.04946,   0.07485,  -0.02320,   0.00832,   0.07485,  -0.04421,  -0.02320,   0.00832,   0.04508,  -0.02845,   0.00131,   0.03108,  -0.06347,   0.08360,   0.01357,  -0.00744,   0.03283,   0.04858,   0.06259,  -0.01970,   0.06084,   0.01707,  -0.01444,  -0.02495,  -0.01795,  -0.03545,   0.01532,   0.00131,  -0.04246,  -0.03896,   0.04333,   0.01532,   0.01182,  -0.03195,  -0.08448,   0.11687,  -0.02670,  -0.00219,   0.08710,  -0.05822,   0.04158,   0.01882,   0.06784,  -0.00744,  -0.03020,  -0.04946,   0.07135,  -0.04771,  -0.02145,   0.01882,   0.03108,   0.03283,  -0.05646,  -0.06872,  -0.07747,   0.02232,  -0.01795,   0.00306,   0.02232,  -0.01269,   0.01182,   0.02057,   0.03458,   0.04683,  -0.02145,   0.06959,   0.02757,  -0.00569,   0.06784,  -0.00219,  -0.00744,   0.01707,  -0.00044,  -0.05296,   0.03458,  -0.05296,   0.01882,   0.05034,   0.00481,   0.01357,  -0.03195,   0.00306,  -0.02495,  -0.04246,   0.08010,  -0.01094,  -0.06697,   0.02582,   0.01357,   0.03633,   0.09060,  -0.03020,   0.03983,   0.04158,   0.01532,  -0.00394,  -0.00394,   0.00481,  -0.01444,   0.02407,   0.01707,  -0.07222,   0.01532,   0.00657,   0.02232,   0.01532,   0.00131,  -0.06522,   0.01532,   0.06434,  -0.00394,   0.01182,  -0.05471,  -0.04596,  -0.02145,   0.01357,  -0.06172,   0.00306,  -0.00919,   0.00832,   0.01532,   0.01182,  -0.04771,  -0.00219,   0.04683,  -0.00744,  -0.03721,   0.01007,   0.00306,  -0.05471,  -0.02320,   0.06784,  -0.04946,  -0.05121,   0.00306,   0.01707,  -0.05121,  -0.05121,   0.02232,   0.03108,   0.01182,   0.01882,   0.05734,  -0.07397,  -0.02845,  -0.01970,  -0.00394,   0.02407,   0.08185,   0.06084,   0.03983,  -0.00044,  -0.05121,  -0.04946,   0.02057,   0.04158,  -0.02495,   0.02057,  -0.00919,   0.05734,  -0.00744,  -0.05997,  -0.03545,  -0.05646,  -0.03545,   0.03808,   0.04508,   0.00832,   0.03633,   0.04158,   0.00131,  -0.01620,   0.01707,  -0.06172,   0.08010,  -0.02495,   0.00131,   0.08360,  -0.01444,   0.00657,  -0.01620,  -0.08098,   0.04508,  -0.01444,  -0.01094,  -0.07222,   0.02757,  -0.01269,  -0.02845,  -0.00044,   0.06784,   0.00657,   0.02057,  -0.04421,  -0.02145,  -0.01620,   0.03108,   0.01882,  -0.03896,  -0.01444,   0.02582,  -0.04771,  -0.00919,   0.01707,   0.10636,  -0.01094,  -0.07922,   0.10111,   0.09235,  -0.02845,  -0.07397,  -0.02845,  -0.06697,   0.03808,   0.01007,  -0.08448,   0.03108,   0.05734,   0.01182,   0.02757,   0.03458,   0.00657,   0.03808,  -0.09498,   0.03108,   0.07835,   0.02232,   0.06609,  -0.01094,   0.00832,  -0.03721,   0.03983,  -0.03721,  -0.00744,   0.08710,  -0.03545,  -0.05997,  -0.07572,  -0.00219,  -0.01444,  -0.01094,  -0.00744,   0.03808,   0.01532,   0.06609,  -0.04946,  -0.00394,   0.01707,  -0.02320,   0.03108,   0.07660,   0.05034,  -0.02145,  -0.06872,   0.01707,   0.02407,  -0.02145,   0.03983,   0.01357,  -0.02845,   0.00832,  -0.07222,   0.03283,   0.00481,  -0.01970,   0.10811,   0.00481,   0.08535,   0.02407,  -0.02495,  -0.02495,  -0.01970,  -0.03896,  -0.03545,   0.01182,   0.03108,  -0.02670,  -0.08273,  -0.00394,  -0.07397,  -0.02845,  -0.10374,  -0.00219,   0.07135,  -0.01094,  -0.04946,  -0.02320,   0.01532,   0.02933,   0.01007,  -0.02845,  -0.00394,  -0.01094,   0.08710,  -0.02495,   0.02407,   0.05034,  -0.07922,  -0.01970,   0.06084,   0.01707
   0.08360,   0.00131,  -0.00219,   0.02757,  -0.01620,   0.03808,   0.02933,  -0.01094,   0.05559,  -0.06697,  -0.12650,  -0.00219,   0.04683,   0.03108,   0.14138,   0.01532,   0.02232,  -0.03721,   0.08010,  -0.05997,  -0.03195,  -0.02495,  -0.07747,  -0.01620,  -0.03721,  -0.03020,   0.08535,   0.06959,   0.02757,   0.00832,  -0.05997,   0.00131,   0.08010,  -0.02670,  -0.01269,   0.02057,   0.03633,   0.04158,  -0.01795,  -0.03896,  -0.01269,   0.00306,  -0.06872,  -0.02495,   0.01182,  -0.09848,   0.03633,  -0.01269,  -0.01269,  -0.06522,   0.00657,  -0.03896,   0.04333,  -0.01970,  -0.03195,   0.02582,   0.03283,   0.05909,  -0.03195,  -0.03545,  -0.03195,  -0.02495,  -0.01620,   0.08010,  -0.00044,  -0.01795,   0.06609,   0.02232,  -0.00919,  -0.04071,  -0.00394,   0.02232,   0.11336,  -0.01444,  -0.03721,   0.09761,   0.00481,  -0.01269,  -0.00044,   0.03983,   0.01707,  -0.03370,  -0.04946,  -0.01094,   0.07660,   0.02407,  -0.03370,   0.07310,   0.02407,  -0.02495,  -0.01094,   0.08885,   0.03458,   0.08185,   0.00481,   0.01357,  -0.03721,   0.04508,   0.02757,  -0.03545,   0.04683,  -0.01094,   0.06434,   0.08885,   0.02933,   0.01007,  -0.04071,  -0.00394,   0.06434,  -0.02145,   0.05384,   0.00131,   0.03108,  -0.02145,   0.03283,   0.05909,   0.04508,  -0.01094,   0.05734,   0.04858,   0.01007,   0.05559,   0.01532,   0.01182,   0.07485,   0.02057,   0.04858,   0.01882,  -0.03721,  -0.02495,   0.03808,  -0.04421,   0.02582,  -0.04946,   0.02057,   0.03983,  -0.00744,  -0.04946,   0.02407,   0.00657,  -0.06522,   0.05034,   0.05034,   0.02582,  -0.08448,  -0.01620,  -0.06697,   0.03808,  -0.05296,   0.04683,   0.00131,  -0.01620,  -0.00219,  -0.01094,  -0.04421,  -0.04071,  -0.02495,   0.00657,  -0.01094,  -0.03370,  -0.06697,  -0.04771,  -0.03370,   0.13087,  -0.03195,  -0.01620,  -0.05997,  -0.04421,   0.02757,   0.03108,   0.00657,  -0.06172,  -0.01094,   0.06434,   0.00306,  -0.01970,   0.03108,   0.00481,   0.02057,   0.02757,  -0.01795,   0.07485,  -0.05646,  -0.00219,  -0.05822,   0.00657,  -0.05822,  -0.00919,  -0.05121,   0.04508,   0.04683,  -0.00919,  -0.04596,   0.05734,  -0.13875,   0.06609,  -0.06172,   0.00131,   0.02757,  -0.01269,  -0.01094,  -0.01970,  -0.00569,   0.02057,   0.03458,   0.05559,  -0.02495,  -0.05471,  -0.01269,  -0.00219,  -0.02495,   0.00306,  -0.02320,   0.03283,  -0.01094,  -0.05296,  -0.01444,  -0.05997,   0.08185,   0.08010,   0.01532,  -0.01795,   0.00306,  -0.00394,  -0.01269,  -0.02845,  -0.01970,  -0.02145,   0.00657,   0.08535,   0.10636,  -0.00219,   0.05034,  -0.10374,  -0.06522,   0.02232,  -0.00569,   0.01532,  -0.00394,   0.02407,   0.00832,  -0.04071,   0.02057,  -0.04246,   0.02582,  -0.03545,   0.05559,  -0.00219,  -0.00394,   0.01007,   0.05209,  -0.01970,   0.04333,   0.04683,  -0.06347,  -0.05471,   0.03808,   0.06609,   0.06434,   0.00657,  -0.02670,  -0.04421,   0.01182,   0.05734,   0.01532,   0.08710,  -0.08623,  -0.02670,  -0.00394,   0.02757,  -0.02845,   0.01007,  -0.02495,  -0.02320,  -0.00744,  -0.02320,  -0.07572,  -0.01269,   0.05559,  -0.00394,  -0.04596,   0.05209,  -0.03896,   0.02757,  -0.01094,  -0.00394,  -0.02145,  -0.01094,   0.02232,  -0.02845,  -0.02320,   0.02232,  -0.02320,  -0.06872,  -0.00744,   0.01182,  -0.05997,   0.01182,  -0.01970,  -0.02495,   0.05734,  -0.00569,  -0.00744,  -0.03545,  -0.00044,   0.04508,   0.02232,   0.02407,   0.05209,   0.00657,   0.00657,   0.04158,   0.02407,   0.03108,  -0.05121,  -0.01795,   0.01532,  -0.00569,  -0.02145,   0.01532,  -0.00919,   0.00306,  -0.04771,   0.00306,  -0.04071,  -0.01269,   0.01182,   0.03633,   0.01707,   0.05909,  -0.00219,   0.02933,   0.08885,  -0.00394,  -0.02320,  -0.00744,   0.04858,  -0.01269,   0.00832,   0.05909,  -0.00219,  -0.00394,  -0.06347,   0.06434,  -0.02320,   0.06784,   0.02933,  -0.05471,   0.01357,   0.06259,   0.00306,  -0.02320,   0.01007,   0.01532,   0.02057,  -0.06172,   0.07135,  -0.01795,   0.00481,  -0.03020,  -0.04596,  -0.01620,  -0.06172,  -0.01795,  -0.05471,  -0.00744,   0.00306,  -0.03896,  -0.04071,   0.06259,   0.01707,   0.06259,   0.00481,   0.02582,   0.01007,   0.05209,   0.04333,   0.00832,   0.03633,  -0.00569,  -0.00219,   0.02407,  -0.03896,   0.02757,   0.00657,  -0.03195,   0.09936,  -0.02670,   0.01357,  -0.01970,  -0.01970,  -0.01620,   0.02582,   0.00131,  -0.03020,  -0.01970,  -0.05997,  -0.00569,  -0.02320,   0.09586,  -0.02320,   0.04683,   0.00306,  -0.00919,  -0.12124,  -0.02495,  -0.05471,  -0.03545,  -0.03195,  -0.01795,  -0.03370,   0.00481,  -0.04771,  -0.01620,  -0.08098,   0.03458,  -0.03370,  -0.02145,  -0.03896,  -0.04071,   0.03108,   0.00481,   0.03458,   0.00832,  -0.08448,  -0.05296,  -0.01795,  -0.07922,  -0.01269,   0.02232,  -0.00394,  -0.01795,  -0.05646,   0.05559,   0.10986,  -0.04421,   0.05034,  -0.00744,  -0.00044,   0.04333,  -0.02145,  -0.06697,  -0.07747,   0.01707,   0.08535,   0.02407,   0.01707,  -0.04071,   0.01007,  -0.01620,  -0.05646,   0.01532,  -0.02145,  -0.04596,   0.01532,   0.02933,   0.02582,   0.02057,   0.00131,  -0.00219,  -0.00219,  -0.02670,   0.01357,  -0.01444,   0.02933,   0.03633,  -0.03195,   0.03633,  -0.02320,  -0.00744,  -0.00394,  -0.03195,   0.10461,   0.07660,   0.03458,   0.01707,  -0.01094,  -0.01269,  -0.03370,   0.00306,   0.01357,   0.09060,   0.03633,  -0.00569,   0.03633,  -0.01795,  -0.01269,   0.01882,   0.01007,  -0.00919,  -0.01444,  -0.02495,   0.01357,   0.00657,  -0.00044,   0.01882,  -0.04946,   0.03108,   0.03283,  -0.01269,  -0.01444,   0.04508,   0.04158,   0.03983,  -0.01795,  -0.03721,   0.00306,   0.02232,   0.02232,   0.00657,   0.08885,  -0.06697,   0.03458,  -0.02320,  -0.01094,  -0.02845,   0.00481,   0.07310,  -0.02670,   0.02407,  -0.04771,   0.06784,   0.03108,  -0.02145,  -0.01795,   0.01532,   0.04508,   0.00131,   0.03458,   0.02933,  -0.04421,  -0.01269,   0.03983,   0.03808,   0.02933,  -0.03020,   0.04508,  -0.04771,   0.00832,  -0.04246,   0.00306,  -0.09323,   0.05034,  -0.01444,   0.01532,  -0.07047,   0.00131,  -0.01269,  -0.02670,  -0.02495,   0.06609,  -0.03896,  -0.01444,  -0.04596,  -0.00744,  -0.01269,   0.03283,   0.04683,   0.04858,  -0.02495,  -0.02670,   0.01882,  -0.02495,   0.01532,  -0.05296,  -0.00394,   0.02757,  -0.02670,  -0.02320,   0.01532,  -0.01620,  -0.00744,  -0.00394,   0.03808,  -0.00744,   0.02407,  -0.05646,  -0.04421,   0.02933,  -0.02670,   0.00131,  -0.08623,  -0.03721,  -0.06347,  -0.05121,  -0.05822,  -0.02320,  -0.02495,   0.00832,  -0.03721,  -0.05997,   0.04508,   0.01007,  -0.08973,   0.03633,  -0.00744,  -0.03545,  -0.03370,  -0.00744,  -0.03195,  -0.01620,  -0.00044,   0.00657,   0.05384,   0.03108,  -0.05646,  -0.01269,   0.02407,  -0.06522,  -0.00219,   0.05734,   0.03283,  -0.03195,   0.00306,  -0.04596,  -0.04946,   0.00131,  -0.05471,  -0.04771,   0.05034,  -0.06872,  -0.03020,   0.00306,   0.01357,  -0.05296,   0.01357,   0.05909,   0.04158,  -0.06347,  -0.01795,   0.00657,   0.02407,  -0.03721,  -0.07047,   0.01182,   0.05209,   0.02407,   0.01532,   0.00306,   0.00657,  -0.02320,   0.04333,  -0.05822,  -0.02320,  -0.02845,   0.02582,   0.10286,   0.04508,   0.00657,  -0.01795,   0.08010,   0.05909,   0.03108,  -0.03545,  -0.07047,  -0.00569,  -0.01269,  -0.05296,  -0.04246,   0.00306,  -0.03020,  -0.01444,   0.01532,  -0.04946,  -0.01970,   0.02232,   0.00131,   0.03808,   0.03108,   0.04508,  -0.01444,   0.09936,  -0.03370,  -0.01094,  -0.01970,  -0.01269,  -0.03896,  -0.00744,   0.03983,  -0.08623,   0.06259,   0.01182,   0.05734,   0.01357,  -0.01620,  -0.00569,  -0.04246,   0.00481,  -0.04071,   0.02582,  -0.05121,   0.04858,   0.03108,   0.03808,  -0.02320,   0.02582,   0.02933,   0.01357,  -0.04246,   0.02407,  -0.07397,  -0.02320,   0.02407,  -0.00569,   0.03283,  -0.02670,   0.00832,   0.03108,  -0.03721,   0.09060,  -0.00219,  -0.02670,   0.04158,  -0.01444,  -0.03370,  -0.08273,   0.05734,  -0.07222,  -0.05471,  -0.05997,   0.01182,   0.04158,   0.03108,   0.00481,   0.01532,   0.00657,  -0.05121,  -0.02845,  -0.08273,   0.02407,   0.01357,   0.03808,   0.01182,  -0.00744,  -0.01094,  -0.01795,   0.00306,  -0.03195,  -0.02670,  -0.01444,  -0.07397,   0.01182,  -0.03195,   0.06609,   0.04333,   0.06784,   0.00481,  -0.00569,  -0.07922,  -0.04071,   0.08360,  -0.04771,   0.01182,  -0.08798,  -0.00044,   0.01007,  -0.03721,   0.00481,  -0.01269,   0.00832,  -0.03020,  -0.00919,  -0.03545,   0.01882,  -0.04071,   0.06084,   0.00657,  -0.01269,   0.06784,  -0.00744,  -0.02670,  -0.00044,  -0.02145,   0.00657,  -0.03020,  -0.03721,  -0.01094,   0.05384,  -0.00744,   0.02057,   0.00832,  -0.00919,  -0.00219,  -0.09848,   0.02582,  -0.01444,  -0.00219,  -0.00219,   0.04858,   0.00481,  -0.01444,   0.04158,  -0.01094,  -0.03896,  -0.03721,  -0.03721,  -0.04421,  -0.04421,  -0.04071,  -0.05296,   0.04508,   0.02057,   0.03808,   0.04158,   0.00131,   0.01182,  -0.04246,  -0.05822,   0.00131,   0.01882,   0.01007,  -0.03896,   0.13788,   0.03283,  -0.00569,  -0.02845,  -0.04421,   0.00481,  -0.02145,  -0.03721,  -0.05471,   0.00131,   0.04158,  -0.03545,  -0.00569,   0.00832,  -0.03195,  -0.02495,   0.00657,   0.00481,   0.00306,  -0.03370,   0.00306,   0.05034,  -0.00394,   0.01182,  -0.04421,  -0.03195,   0.01007,   0.03983,   0.03108,   0.00832,  -0.03020,   0.06959,   0.02232,   0.00306,   0.03633,   0.03983,   0.01357,   0.00131,  -0.02495,  -0.00569,   0.00306,  -0.04771,   0.11862,  -0.03370,  -0.05997,  -0.01269,   0.02933,   0.02757,  -0.00919,  -0.03896,   0.03283,  -0.05997,  -0.08973,   0.00131,   0.03108,  -0.01094,   0.00481,  -0.03370,   0.04333,   0.08710,  -0.03370,   0.01882,  -0.03020,   0.06084,   0.08010,   0.02933,  -0.01620,  -0.04421,  -0.03721,  -0.02145,  -0.00394,  -0.05296,  -0.07397,  -0.00744,   0.02057,   0.00832,   0.06784,   0.03108,   0.00131,  -0.01094,   0.07835,   0.05034,  -0.01970,   0.03108,  -0.02845,   0.03283,   0.02057,  -0.04596,  -0.00569,  -0.01795,  -0.06172,   0.03983,   0.05909,   0.03983,  -0.06172,   0.04158,  -0.00744,  -0.00044,   0.00832,   0.01882,   0.01707,  -0.02845,   0.02757,   0.00131,   0.01357,   0.01707,  -0.02320,  -0.00044,   0.03983,   0.01707,  -0.07572,  -0.00394,  -0.08798,   0.00131,   0.03458,   0.02757,  -0.00394,   0.02407,  -0.05822,   0.01532,   0.01532,   0.01532,  -0.07047,   0.05559,   0.00481,   0.05734,  -0.04596,   0.01357,  -0.03896,   0.02407,  -0.04946,   0.05734,   0.06259,   0.07135,  -0.07222,  -0.01620,   0.03458,   0.00657,   0.01357,   0.01182,   0.02933,  -0.09848,  -0.06872,  -0.04071,   0.05384,  -0.01444,  -0.05646,  -0.04071,   0.06084,  -0.03195,   0.01007,  -0.03195,   0.01182,   0.01357,   0.05209,  -0.00044,  -0.00919,   0.06784,  -0.01620,   0.04333,  -0.04246,  -0.00919,  -0.02495,  -0.10023,  -0.04421,  -0.01795,   0.03458,   0.03458,   0.02933,   0.02057,  -0.00744,   0.00657,   0.00306,   0.00832,  -0.01620,  -0.03370,  -0.00394,   0.00481,   0.00481,  -0.00569,  -0.00044,  -0.00919,   0.01882,  -0.01620,  -0.08623,   0.03808,   0.02232,  -0.05296,   0.00306,   0.00306,  -0.02495,   0.01707,  -0.01795,   0.01182,   0.00832,   0.04508,   0.04333,  -0.00569,   0.05384,   0.08360,  -0.01094,   0.01882,   0.02057,   0.06609,   0.06434,   0.00481,  -0.09498,   0.02057,   0.01357,   0.04508,   0.00657,   0.04333
   0.02057,  -0.00569,   0.03808,  -0.06172,   0.02057,   0.05909,   0.04333,   0.02757,   0.00481,   0.07835,   0.03283,  -0.02145,  -0.03020,  -0.00744,  -0.06522,   0.09060,  -0.02145,  -0.02145,  -0.03195,   0.07485,  -0.00569,   0.07310,   0.02582,   0.02582,  -0.07572,   0.05209,  -0.02495,   0.00131,   0.04158,  -0.00744,   0.03108,   0.04333,  -0.01795,  -0.01094,   0.01707,  -0.08448,  -0.04596,   0.06084,   0.02757,  -0.08623,  -0.00569,  -0.04596,  -0.05471,  -0.03020,  -0.01094,  -0.00569,  -0.02145,   0.11687,  -0.03545,   0.00131,  -0.00044,   0.03283,  -0.06872,  -0.03896,   0.03283,   0.00131,  -0.00569,   0.05209,  -0.06347,   0.04158,  -0.05997,   0.03283,  -0.02495,   0.06959,   0.01532,  -0.04596,  -0.10199,   0.02933,  -0.00044,  -0.01444,   0.00832,  -0.03545,   0.00131,  -0.01269,  -0.04421,   0.04858,   0.05209,   0.03633,  -0.05296,   0.02057,  -0.04071,   0.00832,  -0.00219,  -0.00044,  -0.03545,   0.01007,   0.02757,  -0.06522,   0.01707,  -0.05296,  -0.01620,  -0.00044,  -0.00569,  -0.00569,  -0.01444,   0.00481,   0.03983,  -0.04596,  -0.08273,   0.05559,  -0.05121,  -0.01444,  -0.06347,   0.00657,   0.04333,   0.02757,   0.02057,  -0.03896,  -0.04421,  -0.07222,   0.01357,  -0.04246,  -0.05121,  -0.07047,  -0.03545,  -0.06172,   0.05909,   0.00306,   0.04508,  -0.00569,  -0.00744,  -0.01444,   0.01707,   0.07485,   0.07485,   0.02582,   0.03633,   0.08885,   0.02232,   0.01532,   0.04858,   0.06784,   0.02057,   0.09586,  -0.03020,  -0.03020,  -0.01970,  -0.04771,  -0.00219,   0.02057,  -0.01970,  -0.01970,   0.01357,  -0.04771,  -0.02845,  -0.02845,   0.02407,   0.02933,  -0.01970,  -0.04946,  -0.10023,   0.01007,  -0.01269,  -0.01269,  -0.04421,   0.03108,  -0.06522,  -0.01970,   0.00306,  -0.09323,   0.01882,  -0.10023,  -0.00219,   0.08710,  -0.09498,   0.02757,   0.07485,   0.00306,  -0.03721,   0.00657,   0.07310,  -0.01620,  -0.02145,   0.01882,   0.02407,   0.01882,  -0.03721,  -0.04071,  -0.03721,  -0.04771,   0.02232,  -0.06172,   0.01707,   0.00481,   0.09761,   0.08535,  -0.00744,   0.08535,  -0.05121,  -0.00044,  -0.00744,   0.07135,   0.01007,   0.01882,   0.02057,   0.08885,  -0.03195,   0.07660,   0.10286,   0.04158,  -0.07222,   0.01532,   0.01007,  -0.03545,   0.04333,   0.02582,  -0.00919,  -0.02320,  -0.01094,  -0.04421,   0.07835,   0.00306,  -0.05471,  -0.03020,   0.02582,  -0.01970,   0.06434,   0.03808,   0.03633,   0.01532,   0.04333,   0.02757,  -0.03545,  -0.04596,   0.01882,  -0.02845,  -0.05471,   0.03458,  -0.09323,   0.00657,   0.04333,  -0.01094,   0.01707,   0.03808,  -0.00919,  -0.13875,  -0.00569,  -0.05296,  -0.05997,   0.00131,  -0.04771,   0.02582,  -0.01094,  -0.01269,   0.01182,  -0.07397,  -0.01094,   0.01357,   0.00657,   0.03633,  -0.04246,  -0.05121,  -0.06347,   0.03983,  -0.02320,   0.01182,  -0.02670,   0.08535,  -0.08273,   0.01007,   0.05909,  -0.08273,   0.06259,  -0.00044,   0.10111,   0.02407,   0.02057,  -0.03545,  -0.00744,  -0.03370,  -0.02145,   0.05909,  -0.04946,  -0.02845,   0.08885,  -0.00394,  -0.03020,   0.01182,   0.03283,   0.05734,   0.07835,   0.03983,  -0.06872,  -0.03370,   0.03283,  -0.00394,  -0.00219,   0.02057,  -0.04596,   0.08360,  -0.03721,  -0.02145,   0.08535,  -0.04246,  -0.02670,   0.03633,   0.04333,  -0.02320,   0.00131,  -0.02145,  -0.04421,  -0.00569,   0.06084,   0.08885,  -0.02845,  -0.01620,   0.00657,   0.06784,  -0.02845,   0.02582,   0.06434,  -0.04246,   0.00657,   0.05559,  -0.02670,  -0.00394,  -0.05646,  -0.03721,   0.02582,  -0.03195,  -0.00044,   0.01882,   0.08885,   0.01182,  -0.05471,   0.00131,   0.01882,   0.01707,  -0.02145,   0.09235,  -0.05121,  -0.00394,  -0.00044,   0.04333,  -0.03896,  -0.05296,   0.02582,  -0.06172,   0.02407,   0.03983,   0.02933,  -0.02495,  -0.03896,   0.05909,   0.02407,  -0.03721,  -0.02670,  -0.01094,   0.01182,  -0.03370,   0.01707,   0.00657,  -0.00919,  -0.02145,  -0.01795,   0.05384,   0.00306,   0.01182,  -0.09498,  -0.07047,  -0.01620,   0.01007,  -0.07747,   0.01532,  -0.03370,  -0.00394,   0.01707,   0.04858,   0.05384,  -0.06872,   0.03283,  -0.01620,  -0.07047,  -0.01444,   0.03108,  -0.00569,   0.11862,   0.04158,  -0.04071,  -0.06522,  -0.03370,   0.01532,  -0.06347,   0.04158,   0.03108,   0.04333,   0.10811,  -0.00219,   0.01532,  -0.00569,  -0.02495,   0.00131,  -0.04771,  -0.03545,   0.03283,   0.09235,  -0.04421,   0.03633,  -0.08623,  -0.10023,   0.10111,  -0.00919,   0.01882,   0.01182,   0.00131,   0.00657,   0.03458,   0.02582,  -0.04771,  -0.05471,  -0.01094,  -0.06872,   0.04683,  -0.03721,   0.08010,   0.03808,   0.03633,   0.03458,   0.00657,   0.02757,   0.02407,   0.01532,   0.04333,  -0.04071,  -0.01269,   0.04333,  -0.00744,  -0.02145,   0.00306,   0.00131,  -0.03370,   0.05559,  -0.02670,   0.02057,   0.06959,  -0.04946,   0.05734,   0.06084,   0.00481,  -0.00044,   0.07835,   0.05034,  -0.04421,   0.07660,  -0.01094,   0.00657,  -0.02495,   0.02933,  -0.05646,   0.11512,   0.06259,   0.05034,   0.09586,   0.03808,  -0.09848,  -0.05822,   0.01882,  -0.04071,   0.02757,  -0.02495,   0.01882,  -0.00394,   0.03458,   0.00481,  -0.00394,  -0.09673,  -0.01444,   0.06084,   0.06434,   0.00657,   0.04158,   0.03983,   0.00832,  -0.03370,  -0.06872,   0.01707,   0.03283,   0.00832,   0.09761,   0.02757,  -0.02670,   0.04683,  -0.07572,  -0.01620,   0.02232,   0.02582,   0.00481,  -0.05822,  -0.02845,  -0.03020,  -0.06697,   0.05559,   0.02757,   0.03983,   0.02232,  -0.00744,  -0.00044,  -0.09148,   0.00306,   0.06434,   0.01707,  -0.03545,  -0.02495,   0.05034,  -0.00569,   0.02757,  -0.08623,   0.00657,   0.03808,   0.03283,   0.01182,   0.04858,   0.04333,  -0.05471,   0.02933,   0.03283,  -0.00044,   0.02407,   0.06784,  -0.00744,   0.00481,   0.00481,  -0.01094,  -0.00044,  -0.00919,  -0.00919,  -0.02145,   0.03108,  -0.00569,  -0.00394,   0.00306,   0.03633,   0.03458,   0.07135,   0.01707,   0.10636,   0.01007,   0.02057,   0.04858,   0.00131,  -0.05296,  -0.01094,   0.03108,   0.07660,  -0.04071,  -0.00044,   0.02933,  -0.00919,  -0.00744,   0.01007,   0.01707,  -0.07047,   0.05209,  -0.04771,   0.13262,  -0.03545,   0.02407,   0.12037,  -0.05121,  -0.02320,  -0.01094,   0.05034,  -0.04246,   0.01532,  -0.02845,   0.01882,  -0.08448,   0.03283,   0.00306,  -0.00744,  -0.04771,  -0.01094,   0.01357,   0.01007,  -0.02495,   0.10286,  -0.00569,  -0.04596,   0.05384,  -0.01620,  -0.01620,   0.11512,  -0.02670,  -0.01269,  -0.08098,  -0.01444,   0.02057,  -0.04946,  -0.07047,  -0.04071,   0.00832,   0.03108,  -0.05121,  -0.02145,  -0.03370,   0.02757,   0.06084,   0.01882,  -0.06697,  -0.04421,   0.03808,   0.01882,   0.01182,   0.00131,   0.02933,  -0.04071,   0.04683,   0.06784,  -0.05471,  -0.03896,   0.13963,  -0.02670,   0.00306,  -0.02670,   0.05034,   0.04158,   0.05209,   0.04158,   0.04333,   0.03108,   0.02057,   0.02757,   0.02933,   0.05734,   0.05734,  -0.08973,   0.01182,  -0.04771,   0.01182,   0.04158,  -0.07047,   0.02757,  -0.00219,   0.00657,  -0.05296,  -0.02670,  -0.05121,  -0.00744,  -0.04421,  -0.01444,   0.07835,  -0.06347,  -0.06697,  -0.00744,  -0.05997,  -0.00569,   0.00832,  -0.00569,  -0.05646,   0.01882,   0.02582,   0.01357,  -0.07222,  -0.00569,  -0.05997,  -0.01269,  -0.02495,   0.11687,   0.11336,   0.01007,   0.03283,  -0.05646,  -0.03370,   0.06959,  -0.08273,   0.04508,   0.01357,  -0.00044,  -0.02845,  -0.02495,   0.01707,  -0.06347,  -0.01620,   0.06434,   0.02232,  -0.01269,   0.00481,   0.09235,  -0.09148,   0.01007,   0.01007,   0.09936,   0.03808,   0.00657,  -0.00044,   0.01007,   0.06434,   0.03458,  -0.03020,  -0.01269,   0.02407,  -0.03370,   0.10986,  -0.02845,   0.01532,  -0.02145,  -0.08098,  -0.03020,  -0.08623,  -0.00219,   0.01357,   0.12037,   0.03983,   0.05034,   0.05559,  -0.01269,  -0.02845,  -0.00394,  -0.07747,  -0.05121,   0.01357,  -0.01620,   0.00832,  -0.03195,   0.02933,  -0.12475,   0.05384,   0.09761,  -0.00919,  -0.07222,   0.01357,  -0.02670,   0.00832,  -0.03545,   0.07835,  -0.03020,  -0.03545,   0.05209,  -0.06522,  -0.00919,  -0.00569,   0.03633,  -0.04596,  -0.08448,  -0.03896,  -0.03896,  -0.04771,   0.05209,  -0.04596,  -0.01620,  -0.00044,  -0.04946,   0.09586,   0.00481,   0.01532,   0.08010,   0.11161,  -0.07222,   0.05734,   0.07485,  -0.01970,   0.01357,  -0.01795,  -0.02320,  -0.03020,  -0.02495,   0.03458,   0.07310,   0.00306,  -0.00744,   0.02757,   0.05034,  -0.03721,   0.03808,   0.05209,   0.03983,   0.00131,  -0.06522,   0.02757,  -0.01094,   0.01707,  -0.04246,  -0.03370,  -0.02670,   0.08185,   0.05559,   0.02757,   0.00131,   0.02232,   0.05034,  -0.01094,  -0.03020,   0.02582,  -0.04421,   0.02582,   0.02582,  -0.02495,  -0.01444,  -0.01094,   0.06434,  -0.05646,  -0.07397,   0.08710,   0.02757,  -0.05121,   0.02407,   0.05559,  -0.05296,   0.00481,  -0.10899,   0.04858,   0.03458,   0.04858,  -0.00219,   0.04858,   0.06084,   0.01357,   0.04508,  -0.04596,   0.02057,  -0.01269,  -0.01444,   0.06259,   0.03458,   0.07135,  -0.01094,  -0.09148,   0.02933,  -0.03721,  -0.01620,   0.02232,  -0.00744,  -0.04946,   0.08885,   0.09235,   0.03633,   0.01007,  -0.01269,  -0.02845,   0.08535,   0.03983,  -0.04246,   0.04333,   0.02582,  -0.00394,  -0.01094,   0.02933,  -0.04421,  -0.00744,   0.00832,  -0.04421,  -0.03721,  -0.05296,   0.11862,   0.00481,   0.06784,   0.02582,   0.11687,  -0.04246,   0.00306,   0.01532,  -0.01795,   0.10811,   0.03458,  -0.00394,   0.02757,  -0.01444,  -0.00394,   0.07660,   0.03108,   0.11336,   0.02407,   0.02933,   0.08010,  -0.04246,  -0.06872,  -0.03370,   0.01357,   0.02933,  -0.07397,  -0.05646,   0.00131,   0.06784,  -0.09848,   0.04683,  -0.02320,  -0.07922,  -0.07747,   0.01707,   0.05209,   0.08010,   0.03283,   0.03983,  -0.02320,   0.01882,  -0.05997,   0.04683,   0.05559,   0.08360,  -0.00394,  -0.01094,   0.00832,  -0.01970,  -0.01269,   0.02232,  -0.05646,  -0.04421,  -0.00394,   0.09411,   0.01007,   0.04858,  -0.04421,  -0.00569,   0.11161,   0.02057,   0.06259,  -0.04071,  -0.00044,   0.01007,   0.00306,  -0.07222,   0.09761,   0.12912,   0.07135,  -0.00569,   0.03108,   0.03108,  -0.05646,   0.06434,  -0.05646,  -0.08973,   0.05034,   0.03808,  -0.02495,  -0.06697,  -0.03195,  -0.01970,   0.01532,  -0.06872,  -0.02495,  -0.01444,   0.00481,  -0.04071,  -0.00569,  -0.00569,  -0.01970,   0.02057,   0.02757,  -0.07047,  -0.07747,  -0.02320,   0.05034,   0.01882,   0.03283,   0.07660,   0.05384,  -0.01269,   0.02933,  -0.03370,   0.01882,   0.03283,  -0.02320,   0.07310,  -0.01269,   0.03983,   0.01532,   0.07310,   0.01357,  -0.00044,  -0.03370,   0.01007,   0.03458,  -0.00394,   0.00657,  -0.04071,  -0.05646,   0.05209,   0.01882,   0.06784,   0.01882,   0.04158,  -0.04946,  -0.04246,  -0.04421,   0.07660,   0.06084,  -0.07397,   0.00832,  -0.02845,   0.08535,   0.04508,  -0.02145,   0.04858,   0.02757,  -0.05121,  -0.00394,  -0.04771,  -0.06697,  -0.02670,  -0.05997,  -0.01620,  -0.01444,   0.00481,  -0.00919,   0.02757,  -0.04771,  -0.06172,   0.01357,   0.01007,  -0.03721,  -0.03545,  -0.11774,   0.02933,  -0.05646,   0.01182,   0.02057,  -0.03896,  -0.02845,   0.04333,   0.00832,  -0.03721,  -0.08798,  -0.00044,  -0.04596,   0.03983,   0.01182,   0.01707,  -0.07397,   0.01882,  -0.01620,  -0.05997,   0.09936,  -0.01970,  -0.04771
   0.03808,   0.04508,   0.09586,  -0.02145,   0.02057,   0.02933,   0.02757,  -0.01620,   0.07660,  -0.00744,   0.02757,  -0.01444,   0.08185,   0.04683,   0.00832,  -0.04421,  -0.02495,   0.03633,   0.00131,  -0.07922,   0.02232,  -0.07222,   0.01357,  -0.04421,   0.05734,  -0.03721,  -0.03721,   0.10111,  -0.04946,   0.06959,   0.01532,  -0.03020,  -0.04596,   0.04508,  -0.01795,   0.03108,   0.02057,   0.03108,  -0.07047,  -0.04246,  -0.01094,  -0.00744,  -0.08448,   0.01357,   0.02582,   0.04333,   0.01882,   0.02582,   0.02582,   0.06959,  -0.02320,  -0.04596,   0.01182,  -0.00044,  -0.05997,   0.03108,  -0.04596,   0.11512,  -0.00394,  -0.04421,  -0.05121,   0.00832,   0.02407,  -0.01094,  -0.01970,   0.00481,  -0.08448,   0.03633,   0.01357,   0.00131,   0.00306,   0.02757,  -0.06347,  -0.00919,   0.00481,   0.02407,  -0.05471,   0.02407,  -0.01094,  -0.00219,   0.02933,  -0.03721,   0.01707,  -0.05471,   0.03983,   0.06434,  -0.00569,   0.02057,  -0.04421,  -0.07572,  -0.02495,   0.03983,   0.01882,   0.01532,  -0.04246,  -0.06697,  -0.05296,  -0.06872,  -0.01269,   0.03458,  -0.00744,   0.06609,   0.07660,  -0.03020,  -0.01620,  -0.03195,  -0.01620,  -0.02495,   0.01007,  -0.02145,  -0.08973,   0.01357,   0.03808,   0.06084,   0.05909,  -0.00044,   0.00832,  -0.05121,   0.01532,  -0.03721,  -0.00744,   0.01532,  -0.02145,  -0.06522,   0.00657,   0.02757,  -0.10199,   0.01707,   0.09411,   0.06434,  -0.07922,  -0.06522,  -0.02320,   0.12212,  -0.01094,  -0.02495,  -0.02845,   0.01707,   0.03808,   0.03983,   0.01182,  -0.02670,  -0.00569,  -0.00569,   0.03108,  -0.03896,  -0.02145,  -0.01970,   0.09060,  -0.03020,   0.01532,   0.03458,  -0.01269,  -0.02845,   0.04333,  -0.00219,   0.09411,  -0.03721,  -0.05296,   0.06259,   0.00131,   0.04508,  -0.03721,   0.01007,  -0.01970,   0.06609,   0.02232,   0.00306,  -0.04771,  -0.04596,   0.00306,  -0.02320,  -0.00569,  -0.01970,   0.00481,  -0.04771,  -0.03721,  -0.01444,   0.07135,  -0.01970,   0.05384,   0.00131,   0.04333,  -0.00044,   0.05909,  -0.05646,  -0.07222,  -0.04946,   0.06259,  -0.00219,   0.01707,   0.02582,  -0.04246,   0.02933,  -0.04771,   0.01532,  -0.00219,  -0.01620,   0.01182,   0.07135,   0.01007,  -0.05121,  -0.02495,  -0.05296,  -0.04771,   0.06784,   0.15188,  -0.04246,  -0.02145,   0.05034,  -0.08448,  -0.00569,   0.00832,   0.02407,   0.06259,   0.01707,   0.06434,  -0.07747,  -0.00744,  -0.07922,  -0.02320,   0.02057,   0.01007,  -0.00394,  -0.04596,   0.01882,  -0.03195,  -0.04421,   0.08885,  -0.01269,  -0.01444,  -0.05121,  -0.08098,  -0.05822,  -0.04771,  -0.03370,   0.00832,  -0.00044,  -0.02320,  -0.00219,  -0.04946,   0.03458,   0.04333,   0.01182,   0.05209,  -0.09848,   0.00657,  -0.01620,  -0.00219,  -0.01269,   0.04683,  -0.00569,   0.01357,  -0.02495,  -0.07397,   0.00131,   0.05559,  -0.00744,  -0.04421,  -0.04596,  -0.00044,  -0.02845,  -0.03195,  -0.03545,  -0.00569,  -0.10549,  -0.09323,  -0.00219,   0.01532,   0.03633,   0.01182,   0.05734,  -0.01970,  -0.09498,  -0.03195,   0.03458,  -0.11424,  -0.03195,  -0.03370,   0.06609,  -0.05997,  -0.00044,  -0.02845,  -0.03195,   0.06259,  -0.07222,  -0.01094,  -0.00569,  -0.06172,  -0.04071,  -0.03020,  -0.00044,  -0.00044,   0.09411,  -0.03195,  -0.09148,  -0.02320,   0.00306,  -0.04596,  -0.07572,   0.00131,   0.03458,  -0.00569,   0.05559,  -0.01795,  -0.03545,  -0.00044,   0.00131,  -0.04596,   0.04683,  -0.04421,   0.02407,   0.02057,  -0.02670,   0.00481,   0.04158,   0.01532,  -0.00919,   0.02407,   0.06434,   0.04508,  -0.11949,  -0.01795,   0.05909,  -0.04421,  -0.04071,   0.00657,   0.00657,   0.01707,  -0.04946,  -0.00744,   0.01532,  -0.03370,  -0.00744,   0.01532,  -0.06347,   0.01182,   0.02407,   0.02582,   0.03983,  -0.02670,  -0.04071,   0.06959,  -0.03896,  -0.01094,  -0.00919,   0.01182,   0.00832,  -0.00919,   0.01357,  -0.03721,   0.02933,  -0.04946,   0.07135,  -0.04946,  -0.03721,  -0.01620,   0.01707,  -0.04596,   0.09235,  -0.02495,   0.09235,   0.06259,   0.01532,  -0.06172,  -0.03370,   0.00481,  -0.02145,  -0.01269,   0.08010,   0.02232,   0.00832,  -0.07747,  -0.03195,  -0.00044,   0.01007,   0.01182,   0.04333,  -0.00394,  -0.02320,  -0.05471,  -0.07747,  -0.00394,   0.04858,   0.01182,   0.00832,  -0.06347,  -0.04071,   0.03283,   0.06434,  -0.01269,  -0.01795,  -0.03020,  -0.01970,  -0.03370,  -0.00219,   0.03633,  -0.02145,   0.01357,   0.01007,   0.05384,  -0.03370,  -0.01269,  -0.06522,   0.06959,   0.03458,  -0.01970,   0.01357,  -0.00919,   0.04683,   0.05209,  -0.09848,  -0.09498,   0.02232,   0.03808,   0.05559,  -0.04071,   0.05034,   0.04333,   0.03283,  -0.02495,   0.00306,   0.01182,  -0.01444,   0.05734,  -0.00394,  -0.00744,  -0.01620,   0.01882,  -0.08273,  -0.09673,   0.02057,   0.03808,  -0.02670,   0.08535,   0.05209,  -0.02845,   0.00832,   0.03108,   0.02232,  -0.00044,   0.00131,  -0.07572,   0.02757,  -0.03545,   0.00832,   0.01007,  -0.01795,   0.04158,   0.07135,   0.01357,  -0.00919,   0.01182,   0.00131,  -0.05296,  -0.01620,  -0.03896,  -0.03721,   0.03808,  -0.01444,  -0.02495,  -0.03545,   0.05034,   0.00657,  -0.14751,  -0.05471,   0.00131,   0.05384,   0.02057,  -0.00219,   0.00131,   0.06434,   0.02232,   0.02057,  -0.06347,  -0.00744,  -0.00044,  -0.02320,  -0.04071,  -0.03545,  -0.05296,  -0.01795,   0.00481,   0.04683,  -0.03195,   0.03458,   0.00657,  -0.04596,  -0.03195,  -0.07747,  -0.01269,  -0.04071,   0.06434,   0.05559,   0.02407,  -0.04596,  -0.00394,  -0.04421,  -0.05296,   0.02232,   0.00306,   0.00306,  -0.02845,   0.00481,   0.00306,   0.01357,  -0.01795,   0.04158,  -0.02320,   0.00832,   0.00657,  -0.01970,  -0.01444,  -0.03370,   0.01532,  -0.01620,  -0.01620,   0.04683,  -0.02495,   0.02057,   0.00481,  -0.00394,  -0.01094,   0.02057,  -0.01620,   0.02582,   0.04858,  -0.00219,  -0.04771,  -0.04596,   0.00832,  -0.00219,  -0.05646,   0.00657,  -0.06347,  -0.00569,  -0.01094,  -0.03721,   0.01532,  -0.06872,   0.01707,  -0.04421,  -0.02670,  -0.10724,   0.01182,  -0.00744,   0.04858,  -0.04946,   0.07135,   0.02933,   0.03808,   0.03458,  -0.07397,   0.00481,   0.03633,  -0.00219,  -0.01795,   0.03808,   0.02757,   0.03458,   0.00481,  -0.04771,   0.02407,  -0.09848,   0.01882,  -0.02845,   0.00832,  -0.03545,   0.03108,  -0.05822,   0.03808,  -0.01094,   0.06959,  -0.04071,   0.03633,  -0.04246,  -0.02495,  -0.01269,   0.10111,  -0.06172,   0.01182,   0.00657,  -0.00394,  -0.08273,  -0.05822,  -0.03020,  -0.06347,  -0.08273,  -0.05997,   0.03108,   0.02757,   0.02933,   0.02757,  -0.03020,  -0.01620,  -0.02320,  -0.05471,  -0.01444,  -0.03195,  -0.00919,  -0.02845,  -0.03370,   0.08185,  -0.07047,  -0.03721,   0.05384,  -0.03545,   0.03458,   0.01357,   0.01007,  -0.06522,   0.00832,  -0.09848,  -0.05822,  -0.12300,  -0.04596,  -0.00044,   0.03108,   0.06259,  -0.03370,   0.02057,   0.02407,  -0.00919,   0.00306,   0.00131,   0.08185,   0.01357,   0.04158,  -0.05471,  -0.01795,  -0.00919,   0.00131,  -0.05296,  -0.03545,  -0.02845,  -0.01620,  -0.01269,   0.05209,  -0.02320,   0.05734,  -0.03721,   0.02057,   0.08885,   0.03458,  -0.02670,  -0.07222,  -0.04071,  -0.01444,  -0.02495,   0.09761,  -0.03195,  -0.00394,   0.05734,  -0.08448,   0.02057,  -0.01094,  -0.02145,   0.00657,   0.08185,   0.01882,  -0.01444,   0.04158,   0.07485,  -0.04596,  -0.01269,  -0.02845,  -0.04771,  -0.01620,   0.01707,   0.02057,  -0.06522,   0.04158,   0.01182,  -0.07572,  -0.00744,  -0.08448,  -0.07047,   0.05559,  -0.02670,  -0.05296,   0.03458,   0.01007,   0.01007,  -0.04946,  -0.00219,  -0.04596,  -0.03370,   0.13262,   0.01357,   0.02057,  -0.01269,   0.07135,   0.05209,  -0.03370,  -0.09148,  -0.08623,   0.06434,  -0.00394,   0.01182,   0.06259,  -0.01269,   0.04158,   0.03458,   0.02933,  -0.03721,  -0.06172,   0.00131,   0.01182,   0.01532,  -0.07222,  -0.02495,   0.00657,  -0.00394,   0.04683,   0.01007,  -0.00569,   0.01707,   0.06609,   0.05909,  -0.01094,  -0.01795,   0.02582,   0.00657,  -0.04421,  -0.03721,  -0.01444,  -0.09323,  -0.08273,  -0.03545,  -0.01970,  -0.00394,   0.05384,   0.03983,  -0.00394,  -0.00919,  -0.06697,  -0.01620,  -0.00744,   0.01707,  -0.03721,   0.01182,  -0.01094,  -0.05121,  -0.00919,  -0.02670,  -0.00744,   0.04333,  -0.05997,   0.05559,   0.00657,   0.04158,   0.02232,   0.01007,   0.01532,   0.03808,  -0.00044,  -0.05646,  -0.00394,   0.13087,  -0.03020,   0.03983,   0.08185,   0.00832,  -0.02845,   0.00657,   0.02057,  -0.00044,  -0.04596,   0.03808,   0.05209,  -0.04946,   0.01007,  -0.01444,  -0.04421,  -0.02845,   0.03458,   0.02232,   0.05559,   0.02057,   0.01182,  -0.03721,  -0.00569,  -0.01970,  -0.07047,  -0.01094,  -0.02670,  -0.01094,  -0.02670,   0.04683,   0.01182,   0.01357,   0.00657,  -0.00569,  -0.02145,   0.10811,  -0.02145,   0.00832,  -0.02145,  -0.00219,  -0.06347,  -0.07572,   0.03108,   0.00481,  -0.00569,  -0.01620,   0.00657,  -0.01620,  -0.02670,  -0.01970,  -0.07397,  -0.03370,   0.00832,  -0.05471,   0.05909,  -0.01970,  -0.08098,  -0.05471,  -0.03370,   0.02057,  -0.05121,  -0.02320,   0.00832,  -0.00044,  -0.03545,   0.13437,  -0.01444,   0.01882,  -0.01269,   0.03808,  -0.00744,   0.01882,  -0.01620,   0.02232,   0.01532,   0.03108,   0.00131,   0.04333,   0.07135,  -0.05822,   0.01182,   0.06609,   0.00657,  -0.04771,   0.02407,   0.07135,   0.00481,  -0.02320,  -0.02495,  -0.03545,   0.09761,  -0.03545,  -0.03370,  -0.09323,  -0.00044,  -0.01269,  -0.09148,  -0.01444,  -0.07047,  -0.10374,   0.02057,  -0.05121,  -0.01970,  -0.00219,  -0.04596,   0.03283,   0.04333,  -0.04071,   0.00131,   0.01357,  -0.05471,  -0.03721,  -0.02320,  -0.01620,   0.03108,   0.02757,  -0.03545,   0.02933,   0.02757,  -0.00219,  -0.03545,  -0.02670,   0.04683,   0.02757,  -0.05997,  -0.04946,   0.00832,  -0.05121,  -0.08973,   0.04858,  -0.01620,  -0.01444,  -0.00569,   0.02757,  -0.02670,   0.01532,   0.03108,  -0.01444,   0.02757,   0.05734,   0.02232,  -0.01094,  -0.02320,  -0.03195,   0.03983,  -0.06347,   0.12037,  -0.04596,   0.04508,  -0.07922,   0.06784,   0.04858,  -0.04246,   0.00481,  -0.02320,  -0.03195,   0.01007,   0.01882,  -0.01269,   0.00131,  -0.00219,   0.01882,   0.03458,   0.00131,   0.04333,   0.00657,   0.02407,   0.00131,   0.01707,  -0.01094,   0.02933,  -0.01970,   0.02407,  -0.01970,  -0.03195,  -0.01970,   0.03633,  -0.01269,  -0.01620,   0.02757,   0.02407,  -0.01269,   0.12912,   0.00306,   0.00306,  -0.00569,  -0.01444,  -0.00394,   0.02757,  -0.02495,  -0.02845,  -0.04596,  -0.09848,   0.00481,   0.03283,   0.05384,  -0.06347,   0.01007,   0.01357,  -0.04421,  -0.03545,   0.03808,  -0.01094,   0.01882,  -0.00219,   0.01532,  -0.02845,   0.05034,   0.06609,  -0.06872,   0.01532,   0.07660,  -0.00394,  -0.00219,   0.04683,  -0.05997,  -0.05121,  -0.02845,   0.01707,   0.01707,  -0.00569,   0.02232,  -0.04421,  -0.00044,  -0.00919,  -0.03370,   0.03808,  -0.04771,  -0.00744,   0.00657,  -0.04246,   0.01007,   0.07835,  -0.02145,  -0.00919,  -0.02670,  -0.02320,  -0.00919,  -0.05646,   0.01882,   0.00832,  -0.03896,  -0.07397,  -0.06872,  -0.02670,   0.03283,  -0.01269,   0.00481,  -0.00919,   0.02933,  -0.08098,   0.11512,   0.05209,  -0.00044,  -0.06347,   0.02582,  -0.06522,  -0.01444,   0.06959,   0.00131,  -0.02845,   0.06259,  -0.06522,   0.04508,   0.00657
   0.08360,   0.05734,  -0.04246,  -0.00044,   0.01182,   0.03983,  -0.00044,   0.06084,  -0.02670,  -0.04246,  -0.02320,   0.01007,  -0.00919,  -0.03721,  -0.00219,   0.04683,  -0.00919,   0.01707,   0.02057,   0.03633,   0.04683,  -0.00219,  -0.01970,   0.04508,   0.02057,   0.03808,  -0.01094,  -0.03020,   0.02407,  -0.05471,  -0.01795,   0.01182,  -0.01795,   0.01357,  -0.06172,  -0.00219,  -0.07397,  -0.02320,  -0.04421,   0.03283,   0.01007,   0.04508,   0.00657,  -0.00919,  -0.04596,   0.09936,  -0.04946,  -0.01094,   0.02582,   0.04683,  -0.05121,   0.02057,   0.00657,  -0.07222,  -0.03020,   0.03458,   0.00306,   0.01882,  -0.02320,   0.01707,  -0.01620,  -0.03545,   0.05909,  -0.01444,   0.11336,  -0.07047,  -0.10374,   0.03108,   0.00306,  -0.03370,  -0.02145,  -0.02320,  -0.02320,  -0.09323,  -0.00219,  -0.02845,  -0.04421,   0.00131,  -0.05646,   0.02582,   0.02582,  -0.01795,   0.03983,  -0.00044,   0.00131,  -0.08798,  -0.01269,   0.08885,  -0.04946,  -0.02495,   0.01707,  -0.00394,   0.00832,   0.03283,  -0.02845,  -0.00219,   0.00306,  -0.02145,   0.01532,   0.03108,   0.01707,  -0.06697,   0.05559,  -0.02145,  -0.03896,   0.00131,  -0.02670,   0.04508,  -0.04421,   0.03633,  -0.04596,  -0.05646,   0.06084,   0.04333,  -0.04071,  -0.00744,  -0.00569,  -0.01620,  -0.10549,   0.02232,  -0.00044,  -0.00569,   0.01182,   0.03458,   0.00832,   0.09936,  -0.05121,   0.01882,  -0.03195,   0.08360,   0.00306,  -0.01795,   0.01882,   0.05734,  -0.01795,  -0.04246,  -0.04596,  -0.00394,   0.02407,   0.00131,   0.05734,   0.07835,  -0.02145,  -0.05822,  -0.06697,   0.02407,   0.03283,   0.05734,   0.00832,  -0.00219,  -0.02145,  -0.02320,  -0.03896,   0.06784,   0.04508,  -0.00394,  -0.00219,  -0.05822,  -0.05646,  -0.03721,   0.06084,   0.00306,  -0.03195,   0.05734,  -0.03370,   0.09411,  -0.00744,  -0.00394,   0.03283,  -0.05646,   0.00481,  -0.00219,   0.02582,  -0.01970,  -0.04596,  -0.03721,   0.00306,  -0.01094,  -0.01094,  -0.01269,  -0.00919,  -0.02145,   0.02582,   0.00657,  -0.04771,  -0.01795,  -0.03545,   0.09235,  -0.03370,  -0.01620,   0.00832,   0.00131,   0.05559,  -0.02845,   0.00306,  -0.05296,   0.03633,   0.01182,  -0.01094,  -0.08098,   0.02057,   0.06959,   0.02057,  -0.08798,   0.06259,  -0.01269,   0.00481,  -0.00044,   0.01007,  -0.08098,   0.06609,   0.04508,  -0.02320,  -0.06522,  -0.01269,  -0.01620,  -0.02845,  -0.01269,   0.01532,   0.04158,   0.01707,  -0.11074,   0.08710,  -0.05997,   0.03633,  -0.05296,  -0.01094,   0.09936,  -0.02670,   0.03808,  -0.00394,  -0.01444,   0.01357,   0.03458,   0.01007,   0.04858,   0.01707,  -0.01620,  -0.01970,  -0.04946,   0.07310,   0.07835,   0.04333,   0.07135,   0.03983,  -0.00919,  -0.09148,  -0.03020,  -0.04946,   0.00306,   0.02757,  -0.01444,   0.00832,  -0.01269,  -0.02145,  -0.01970,  -0.04946,  -0.06172,   0.01182,  -0.03721,   0.02232,  -0.10899,  -0.04596,   0.02232,  -0.09323,   0.03283,  -0.00219,   0.04158,   0.05384,   0.06784,  -0.02845,   0.00481,  -0.04071,  -0.01970,  -0.08798,  -0.06522,   0.04333,  -0.05121,   0.00306,   0.02057,  -0.05822,   0.04683,  -0.01620,  -0.00219,  -0.00569,  -0.08273,  -0.03896,   0.01882,  -0.00919,   0.00481,  -0.01094,  -0.01269,   0.02582,   0.05909,   0.01357,   0.02407,  -0.00569,   0.01882,  -0.03370,   0.05034,  -0.07222,   0.01007,   0.01357,  -0.02495,  -0.00744,  -0.01094,  -0.03721,  -0.00919,  -0.01269,   0.08010,  -0.01620,   0.01882,  -0.01269,  -0.02845,  -0.02145,  -0.02495,  -0.04596,  -0.01970,   0.01532,  -0.00569,  -0.05296,   0.00481,   0.03108,  -0.04596,   0.00481,  -0.01620,  -0.01444,  -0.01795,   0.06609,   0.03458,  -0.04246,   0.00306,  -0.04071,   0.01007,  -0.05997,  -0.00394,  -0.04771,  -0.03721,  -0.01620,   0.04508,   0.04508,  -0.01970,   0.02757,   0.00306,  -0.00394,   0.00657,  -0.01094,  -0.04421,   0.04858,   0.02057,  -0.00219,  -0.01094,   0.04508,  -0.07922,  -0.03545,   0.01182,   0.00657,  -0.03896,   0.02232,   0.04858,  -0.08273,   0.00832,   0.00832,   0.02232,  -0.02145,   0.02582,  -0.06522,  -0.07922,   0.02582,  -0.04421,  -0.02845,  -0.03896,  -0.01269,   0.02582,   0.01007,   0.06084,   0.04858,  -0.09498,  -0.00219,  -0.02845,  -0.00569,  -0.05121,   0.00131,  -0.01620,   0.03633,   0.04333,   0.07135,   0.00832,  -0.05296,   0.03808,   0.01182,   0.03633,  -0.01444,  -0.08973,  -0.00044,  -0.02845,  -0.07747,   0.01357,   0.02933,  -0.00744,   0.08010,  -0.04771,   0.00832,  -0.00744,  -0.04071,   0.01007,   0.01532,  -0.05121,   0.04158,   0.00481,  -0.02145,   0.09060,   0.00481,   0.00131,   0.01007,  -0.05296,   0.03633,   0.02757,   0.05559,  -0.02145,   0.02057,   0.01182,  -0.02670,  -0.04596,  -0.01269,  -0.00044,   0.08710,   0.00306,   0.01707,  -0.01094,  -0.00394,  -0.00394,  -0.04071,  -0.04771,   0.04333,  -0.05471,   0.08360,   0.03633,   0.01007,   0.01707,   0.06434,  -0.05121,   0.03983,  -0.00044,  -0.01444,   0.01707,   0.01707,  -0.01269,   0.04333,   0.05034,   0.01007,  -0.03195,  -0.00044,  -0.00919,  -0.00919,  -0.03020,  -0.03370,   0.09586,   0.02057,  -0.01269,  -0.05471,  -0.06697,  -0.03721,   0.05384,  -0.04946,   0.01007,   0.00131,  -0.03195,  -0.04421,   0.05209,   0.03283,  -0.06347,  -0.11949,   0.01357,   0.05034,   0.01882,   0.00306,   0.00481,  -0.01970,   0.02757,   0.05034,   0.03633,  -0.06172,   0.02407,  -0.05997,   0.01357,   0.01007,   0.08535,  -0.01970,  -0.08973,   0.02933,  -0.02495,  -0.00569,   0.00832,  -0.03195,   0.12037,   0.01532,  -0.02845,  -0.02495,   0.01707,   0.01007,   0.00131,   0.02757,   0.01532,   0.02057,   0.02933,  -0.00219,   0.00832,   0.00657,  -0.02845,  -0.05296,   0.00832,  -0.04421,   0.00131,   0.02232,  -0.04946,  -0.01795,   0.04333,   0.01882,  -0.04421,  -0.04071,   0.07310,   0.02057,  -0.03195,  -0.02320,   0.01007,   0.00481,   0.02057,   0.00131,  -0.08448,  -0.02320,   0.08535,  -0.01269,   0.07310,  -0.00219,   0.01532,  -0.01094,  -0.04071,  -0.03721,  -0.02145,   0.01357,   0.00832,   0.04508,   0.00657,  -0.04246,  -0.03896,   0.04683,  -0.02145,  -0.00744,   0.00832,   0.05559,   0.03283,  -0.05997,   0.00657,  -0.01795,   0.00657,   0.01532,  -0.04071,  -0.01970,  -0.05646,   0.02232,  -0.01795,  -0.03721,  -0.05997,  -0.01620,   0.06959,  -0.01795,  -0.01970,   0.05209,  -0.02145,   0.06259,  -0.00919,   0.00306,  -0.00394,  -0.03370,  -0.02845,  -0.03020,   0.02757,  -0.00394,   0.02757,   0.05384,  -0.00044,  -0.00919,  -0.04946,   0.04508,  -0.01620,  -0.02845,   0.02582,   0.00306,  -0.01795,  -0.04421,   0.01532,  -0.03721,   0.02407,  -0.02495,  -0.02670,   0.02582,  -0.06697,   0.02757,  -0.03020,   0.02933,  -0.02670,  -0.01795,   0.02057,  -0.04596,  -0.00044,   0.09586,  -0.03370,  -0.05121,   0.02933,   0.02933,  -0.04246,   0.00657,  -0.05646,  -0.08273,   0.01182,  -0.01094,   0.02933,  -0.03896,  -0.04946,   0.04508,   0.00832,   0.05209,  -0.03370,   0.07835,  -0.00394,  -0.02145,  -0.03195,   0.02057,  -0.01795,  -0.01444,  -0.04071,   0.00131,  -0.02845,  -0.00219,   0.04333,   0.05034,  -0.10549,   0.06259,   0.03283,  -0.03545,  -0.01269,   0.01532,   0.01882,  -0.01444,  -0.02845,   0.05384,  -0.00044,  -0.01094,  -0.01620,  -0.04771,  -0.03370,  -0.06872,  -0.05121,  -0.01269,   0.05384,  -0.00394,  -0.01269,   0.02933,  -0.01970,  -0.07222,   0.02757,  -0.01795,  -0.00919,  -0.03896,   0.00131,  -0.05296,  -0.00219,  -0.05646,  -0.04596,  -0.00219,  -0.03896,  -0.00744,  -0.01795,   0.04333,   0.03983,  -0.08098,   0.06434,  -0.03195,  -0.03195,   0.01882,   0.01707,   0.06959,  -0.02145,   0.10286,   0.04333,   0.04508,  -0.01094,   0.03108,  -0.02845,  -0.01094,   0.03983,  -0.03195,  -0.09148,   0.02933,   0.05209,  -0.00219,   0.01707,   0.00306,   0.03808,  -0.04421,  -0.07397,  -0.01444,  -0.05997,   0.01357,  -0.00919,  -0.03195,  -0.12650,  -0.03020,  -0.00044,   0.02232,   0.01007,   0.00832,   0.05209,   0.04683,  -0.01269,   0.04508,   0.00306,  -0.03020,  -0.01970,   0.03108,  -0.02495,   0.01182,  -0.00219,   0.05034,   0.04508,   0.02407,  -0.00219,  -0.03020,  -0.04946,   0.01532,  -0.08273,   0.01007,   0.01357,  -0.05471,   0.02757,   0.01882,   0.03283,   0.00306,   0.01182,   0.00832,  -0.08448,   0.02757,   0.05209,  -0.07047,  -0.01094,  -0.09323,  -0.04421,  -0.06697,   0.03808,  -0.01094,   0.01882,   0.01007,   0.02757,   0.02582,  -0.03721,  -0.02145,  -0.05121,   0.09761,   0.04683,   0.00131,   0.03808,   0.03983,  -0.02320,  -0.01970,   0.03283,   0.03983,  -0.02495,  -0.00569,  -0.04071,  -0.03721,   0.03633,   0.03283,  -0.02145,   0.06784,  -0.02495,  -0.07222,  -0.05997,   0.00131,   0.04508,  -0.04596,  -0.00394,   0.02232,   0.02407,  -0.01269,  -0.02670,   0.02933,  -0.06872,  -0.01620,   0.01357,  -0.01269,   0.05559,   0.03283,   0.06259,   0.00832,   0.05034,   0.03808,  -0.07397,   0.00832,  -0.01094,   0.03458,   0.05559,   0.03808,  -0.08973,   0.04333,  -0.02320,  -0.05646,   0.06784,   0.07485,  -0.02320,   0.01882,   0.07310,   0.02057,  -0.01269,  -0.04946,  -0.08623,  -0.08798,  -0.02495,   0.03108,   0.03108,   0.03808,   0.05909,   0.01007,  -0.00044,   0.03633,   0.07135,  -0.01795,  -0.03896,  -0.04771,   0.03458,   0.03458,  -0.04421,  -0.01094,   0.00832,   0.05209,   0.02407,   0.02933,  -0.00044,  -0.00394,  -0.00394,   0.00481,   0.01532,  -0.05646,   0.08710,   0.01707,   0.08885,  -0.05471,  -0.08098,  -0.01094,   0.08885,   0.01007,   0.01707,   0.01532,  -0.00044,  -0.03020,  -0.03896,   0.00832,   0.03983,   0.02582,  -0.04071,   0.04333,   0.02757,   0.00481,  -0.05471,  -0.06172,  -0.06172,   0.02057,   0.04333,  -0.02670,   0.01707,   0.01882,   0.05209,  -0.04596,   0.07660,   0.00657,   0.02757,  -0.04421,  -0.00919,   0.00306,  -0.00044,   0.05559,   0.02582,  -0.06697,  -0.05822,  -0.08098,   0.04158,   0.07310,   0.02057,   0.01707,  -0.05296,   0.01532,   0.03808,  -0.01620,  -0.06872,  -0.07397,   0.00306,  -0.06522,   0.03808,  -0.02845,  -0.00919,  -0.02845,  -0.04246,  -0.03020,   0.06959,  -0.01620,  -0.03195,  -0.00394,  -0.05296,  -0.01795,  -0.11599,  -0.00044,   0.02057,   0.01707,   0.00832,   0.12037,   0.04158,  -0.00744,   0.02232,   0.01007,  -0.01620,  -0.01795,   0.03983,  -0.01269,  -0.04071,  -0.07222,  -0.03721,  -0.02320,  -0.09323,  -0.02495,  -0.03020,  -0.02495,   0.06084,  -0.00744,  -0.07222,  -0.06172,  -0.01269,   0.03983,  -0.07572,  -0.00919,   0.06434,  -0.05997,   0.01007,  -0.03370,   0.00306,  -0.01620,   0.07310,   0.04333,  -0.07922,   0.01357,   0.07310,   0.02582,  -0.04246,  -0.04421,  -0.06172,  -0.05296,   0.03633,   0.07660,  -0.09498,  -0.00919,   0.00481,   0.00131,   0.01707,   0.00657,   0.02232,   0.05209,  -0.02320,   0.02407,  -0.00394,   0.01007,  -0.00744,   0.02582,  -0.03195,   0.05734,   0.08885,   0.00832,  -0.03195,   0.01357,   0.02232,   0.02757,  -0.02845,  -0.01970,   0.00131,  -0.09323,   0.06084,  -0.03545,   0.04683,  -0.03545,  -0.05822,   0.03633,   0.03458,   0.04683,  -0.02670,  -0.03545,   0.03108,   0.06609,  -0.01269,  -0.01970,  -0.00569,  -0.00219,   0.04333,   0.05384,   0.08185,   0.01882,  -0.10023,  -0.00569,   0.05209,   0.01532,   0.01882,  -0.00744,   0.02407,  -0.05296,  -0.04071,  -0.00569,  -0.05471,  -0.00394,   0.00481,   0.06259,   0.01182,  -0.04071,   0.02757,  -0.03195,  -0.00044,  -0.11949,  -0.05646
   0.00481,   0.03108,   0.09761,  -0.06697,   0.03283,   0.03633,   0.06084,   0.02407,  -0.04071,   0.01882,   0.11862,  -0.02670,  -0.04071,  -0.02145,  -0.05997,  -0.05296,   0.06259,   0.02582,   0.01007,   0.01182,  -0.04771,   0.01882,  -0.01094,  -0.02845,   0.04858,   0.05034,  -0.00744,  -0.00044,  -0.06172,   0.03808,   0.01182,   0.00832,  -0.01269,   0.04508,  -0.03721,  -0.00219,   0.03808,   0.04333,   0.02582,  -0.01620,   0.01357,   0.02057,  -0.01795,   0.03983,  -0.04246,  -0.06172,   0.02757,  -0.03195,  -0.04596,   0.02933,  -0.00744,  -0.00044,   0.02407,  -0.05646,  -0.03896,   0.03458,  -0.03896,   0.01707,   0.06259,   0.02407,   0.06434,  -0.06872,   0.04508,  -0.00219,  -0.03896,  -0.00219,   0.04858,  -0.00394,   0.00481,   0.01182,   0.01357,   0.00306,   0.00306,  -0.01444,   0.06084,  -0.04421,   0.05209,   0.02582,   0.02933,   0.02407,   0.04333,  -0.00394,   0.01357,  -0.05471,  -0.00219,  -0.04946,  -0.00919,  -0.05296,  -0.00919,  -0.06172,  -0.01620,  -0.00044,  -0.04071,  -0.02320,   0.05384,  -0.09848,   0.07485,  -0.01795,   0.03108,   0.06784,  -0.02670,  -0.01269,  -0.05121,   0.03633,   0.00481,  -0.01970,   0.04858,   0.01007,  -0.00569,   0.05559,  -0.03020,   0.09235,   0.00481,   0.00131,  -0.00219,  -0.02145,   0.05909,  -0.00394,   0.01532,   0.04508,  -0.08098,   0.04508,  -0.05471,   0.02232,  -0.06347,   0.07310,   0.05734,  -0.02495,   0.05034,   0.04683,  -0.00919,  -0.06522,   0.04158,   0.00131,  -0.00394,  -0.03545,  -0.06522,  -0.02845,   0.02582,  -0.01094,  -0.02845,   0.00481,   0.01182,   0.00131,  -0.04946,  -0.02670,  -0.03721,  -0.00744,  -0.00219,   0.10986,   0.02407,   0.01357,   0.04858,  -0.13875,  -0.02495,  -0.04246,   0.02582,   0.05209,  -0.00044,  -0.00744,  -0.02495,  -0.06697,  -0.02145,  -0.04771,  -0.00394,  -0.00044,  -0.02845,   0.02407,  -0.04421,   0.06084,  -0.01094,  -0.05296,  -0.04771,  -0.03370,   0.06609,   0.02407,  -0.00919,  -0.08098,  -0.09673,  -0.05471,  -0.01094,  -0.06347,   0.05209,  -0.04246,   0.01357,  -0.05296,   0.03458,  -0.03370,   0.09761,  -0.01620,   0.01532,  -0.09148,  -0.00044,   0.02057,  -0.08273,   0.06084,  -0.00744,  -0.00219,  -0.05296,  -0.00394,  -0.05471,   0.02057,   0.02933,  -0.02145,   0.04333,   0.13613,  -0.09498,   0.06784,   0.03283,   0.01707,   0.03633,   0.01882,   0.01357,   0.01357,   0.01182,   0.01182,   0.07310,  -0.01620,   0.03108,  -0.00219,  -0.06872,  -0.00744,   0.05384,   0.02407,  -0.01094,  -0.00394,   0.08010,  -0.01444,   0.00306,   0.02933,   0.09411,  -0.05121,   0.00481,   0.05559,   0.00131,  -0.08623,  -0.02145,   0.01182,  -0.05997,  -0.01269,   0.04333,  -0.05121,  -0.00919,   0.05734,   0.00131,   0.00481,   0.00306,   0.03283,  -0.00744,   0.02232,  -0.03370,   0.03108,  -0.09848,  -0.02320,   0.04333,  -0.01269,  -0.03195,  -0.05296,   0.05209,   0.08185,   0.00657,  -0.00044,   0.08535,   0.07660,  -0.05471,   0.05909,  -0.02495,   0.00657,  -0.00394,  -0.05296,  -0.02495,  -0.00744,   0.00832,  -0.05296,  -0.03370,  -0.06697,  -0.04596,   0.00481,   0.01532,  -0.01094,  -0.03896,  -0.02320,   0.03808,   0.05734,  -0.00744,   0.06259,  -0.03721,   0.05209,  -0.03370,  -0.00044,  -0.02145,  -0.02495,   0.01007,  -0.00569,   0.02933,  -0.05296,  -0.05296,   0.04683,  -0.00044,   0.07310,  -0.06697,   0.00832,   0.03283,   0.06259,  -0.07747,   0.02232,  -0.02670,   0.03283,   0.06609,   0.00306,   0.03808,  -0.04246,   0.07310,   0.02582,  -0.04946,   0.00306,  -0.01269,   0.02582,   0.05909,   0.01707,  -0.01269,  -0.02670,  -0.05822,  -0.09673,   0.02232,   0.00306,   0.00131,   0.04508,  -0.00394,  -0.00569,   0.05734,  -0.01620,   0.03983,  -0.05471,   0.06784,  -0.01795,  -0.06872,   0.00832,   0.03808,   0.00657,   0.00131,  -0.08798,  -0.01444,  -0.09323,   0.01707,  -0.00394,   0.01007,  -0.08273,  -0.01444,  -0.00394,  -0.02145,  -0.02495,   0.05559,   0.02757,   0.04683,   0.00832,   0.00657,   0.05209,   0.02933,  -0.01795,  -0.07747,  -0.00219,  -0.00744,  -0.05822,  -0.06522,  -0.01795,  -0.00919,  -0.03020,   0.03983,   0.01532,   0.04158,   0.00657,   0.02582,   0.02057,   0.02933,  -0.04421,  -0.08273,  -0.03195,   0.06609,  -0.04071,   0.07660,  -0.08623,   0.00832,  -0.03721,   0.07835,  -0.00919,   0.01707,   0.01707,  -0.01444,  -0.04596,   0.01882,  -0.06697,   0.00131,   0.05384,   0.01882,   0.03983,  -0.02845,   0.01707,   0.06084,  -0.01444,  -0.01094,  -0.02845,  -0.00744,   0.01882,   0.10986,  -0.08973,  -0.07222,   0.05909,   0.01707,   0.04683,  -0.02845,   0.00131,  -0.05471,  -0.01269,  -0.00919,  -0.01269,   0.00131,   0.05559,  -0.00219,   0.00481,   0.00481,   0.00306,   0.03633,  -0.01444,   0.05734,  -0.02845,   0.09761,   0.03633,  -0.04946,  -0.01620,  -0.02320,   0.00481,  -0.02145,  -0.00219,   0.03983,   0.02232,  -0.11774,  -0.01094,  -0.07397,  -0.00044,  -0.01970,   0.01532,   0.03458,   0.04158,   0.02232,  -0.01269,   0.03108,  -0.03020,   0.07485,  -0.07222,  -0.05471,   0.00481,  -0.05121,  -0.00569,   0.01007,  -0.02145,   0.01182,  -0.01970,   0.02757,   0.05909,   0.00481,  -0.04246,  -0.00044,  -0.00394,  -0.07922,   0.00832,  -0.11074,  -0.01269,   0.13262,  -0.01269,   0.03108,   0.06784,  -0.05997,   0.02407,  -0.02495,  -0.04071,  -0.03195,  -0.03020,  -0.08098,   0.03108,  -0.03896,  -0.01094,  -0.02845,  -0.05471,  -0.02320,  -0.04946,   0.02057,   0.02057,   0.01707,  -0.02495,  -0.00569,   0.00306,   0.01007,   0.02933,   0.00306,  -0.01269,  -0.06347,  -0.08273,   0.05384,   0.04508,  -0.04246,   0.03458,   0.00657,   0.03108,  -0.09848,   0.03283,  -0.04946,  -0.01620,  -0.00919,   0.00832,   0.01532,   0.01707,  -0.03896,  -0.02845,  -0.02320,   0.02232,  -0.09673,  -0.02495,  -0.02670,   0.04508,   0.00832,  -0.03896,   0.00832,  -0.00394,  -0.05121,  -0.07572,   0.07310,  -0.03545,   0.05034,   0.00832,  -0.00569,  -0.04946,   0.05209,   0.01357,   0.00481,  -0.01094,  -0.04421,   0.04683,  -0.04946,   0.04158,  -0.00569,  -0.07222,   0.01357,  -0.00044,   0.05909,  -0.00569,   0.02232,  -0.01269,   0.00832,   0.02232,  -0.02320,  -0.07922,   0.00481,   0.02582,   0.00832,   0.03808,   0.09936,   0.10636,   0.04858,  -0.01269,  -0.07572,   0.02407,  -0.04596,  -0.03896,  -0.00919,  -0.01444,   0.05734,  -0.00919,  -0.00219,   0.06084,  -0.03020,   0.02582,  -0.05822,  -0.03195,   0.05734,  -0.00919,  -0.01094,  -0.03370,  -0.01620,  -0.03020,  -0.03545,   0.06784,  -0.03370,  -0.02670,  -0.00919,   0.00481,   0.07660,   0.00131,   0.09235,  -0.00394,  -0.07572,  -0.05997,   0.03808,  -0.04246,   0.02933,   0.04683,  -0.10023,  -0.08623,   0.01357,   0.01007,   0.03983,   0.03458,  -0.00569,   0.03283,  -0.06872,   0.02407,  -0.06522,   0.01532,  -0.02320,   0.04158,  -0.01269,  -0.06872,   0.04683,  -0.03020,  -0.00394,  -0.02145,  -0.03721,  -0.05997,  -0.01795,   0.00131,  -0.01795,  -0.01795,  -0.01269,  -0.03721,  -0.06347,  -0.02845,  -0.04071,   0.02232,  -0.08448,  -0.03370,  -0.05822,   0.02232,  -0.04246,  -0.02670,  -0.01970,   0.00131,   0.02232,   0.00832,   0.02232,   0.00481,  -0.05822,   0.04858,   0.03458,   0.00131,   0.03633,  -0.00219,   0.05909,   0.02057,   0.03458,   0.05734,   0.02933,  -0.02670,   0.05909,  -0.02320,   0.04508,   0.03983,   0.06259,   0.00131,  -0.04071,  -0.02845,  -0.00394,  -0.00394,  -0.02320,   0.05209,   0.02933,   0.01182,  -0.01094,  -0.01444,  -0.03370,  -0.04421,  -0.04071,  -0.08973,  -0.05471,   0.10286,   0.00131,  -0.07747,  -0.02495,  -0.01094,   0.04858,   0.00481,   0.05559,  -0.03195,  -0.00569,   0.01182,   0.06784,  -0.02320,   0.06259,   0.02582,  -0.02320,   0.04683,   0.08360,   0.06609,  -0.01970,  -0.02145,   0.07310,   0.00131,   0.02057,  -0.06522,  -0.04421,  -0.06347,   0.05909,  -0.03545,  -0.04771,   0.00306,   0.01532,  -0.05646,   0.06959,  -0.02845,   0.01182,  -0.00744,   0.01182,  -0.04421,   0.01707,  -0.01094,  -0.03370,  -0.06172,   0.01007,   0.00481,   0.02057,  -0.03020,   0.04508,  -0.10023,  -0.00394,   0.02057,  -0.01970,  -0.03545,  -0.03545,  -0.02145,   0.04508,  -0.03721,   0.02933,   0.06434,   0.02933,  -0.00744,  -0.10899,  -0.00044,  -0.03896,  -0.04421,   0.03108,  -0.03545,  -0.03195,  -0.09148,  -0.06697,  -0.00044,  -0.03195,   0.03458,   0.02933,   0.01882,   0.02407,  -0.01970,  -0.01269,   0.07660,  -0.00219,  -0.02145,  -0.03195,  -0.01795,  -0.02145,   0.03283,  -0.02845,   0.03458,   0.04333,  -0.01620,  -0.01795,  -0.04246,   0.00481,  -0.00919,   0.03808,   0.03983,  -0.03020,  -0.00744,   0.06434,  -0.02320,  -0.00744,   0.02933,  -0.05296,   0.00131,  -0.00219,  -0.00919,  -0.08273,   0.00306,  -0.01620,   0.03108,   0.06259,   0.04158,   0.02933,   0.01357,   0.00481,   0.04508,  -0.01094,   0.03108,   0.03983,  -0.01970,  -0.00744,  -0.01970,  -0.00044,  -0.03721,   0.04158,   0.02057,   0.05209,  -0.02145,  -0.03721,   0.01357,   0.02933,  -0.06697,   0.02057,   0.02582,  -0.01094,   0.02057,   0.03633,  -0.05296,  -0.03896,   0.04508,   0.01532,   0.01357,   0.04158,   0.01182,  -0.03896,  -0.09673,  -0.00919,   0.00131,   0.04333,   0.01357,   0.05734,  -0.03020,   0.00657,  -0.01795,  -0.01620,  -0.02845,   0.02933,   0.03108,   0.08885,  -0.00394,  -0.02670,  -0.03545,  -0.04596,   0.03283,  -0.04946,   0.02407,  -0.01620,  -0.05471,  -0.00044,   0.00131,  -0.05471,  -0.01620,  -0.01094,   0.01182,  -0.02845,  -0.02670,  -0.04421,   0.01532,   0.04683,   0.00657,   0.11862,   0.01007,   0.08185,   0.00481,   0.05734,   0.05034,   0.05034,  -0.04596,  -0.05822,  -0.00044,  -0.03020,   0.02933,   0.01357,  -0.00219,   0.02933,  -0.06697,  -0.00394,   0.00481,   0.02407,   0.00657,   0.01007,  -0.00919,  -0.06172,  -0.01620,  -0.02145,   0.01532,  -0.04596,  -0.01620,  -0.03545,  -0.00569,   0.00306,  -0.09148,   0.05734,  -0.07922,  -0.02320,  -0.07397,   0.01707,  -0.08448,   0.00306,  -0.05121,  -0.03370,  -0.09498,  -0.05121,  -0.01795,  -0.06697,  -0.06172,   0.02582,   0.01532,  -0.07572,   0.06609,  -0.00919,  -0.05822,  -0.02670,  -0.00394,  -0.04771,  -0.02670,  -0.03195,  -0.05646,   0.04683,  -0.01795,   0.01182,  -0.03896,   0.02407,   0.04858,   0.05384,   0.04508,   0.04333,  -0.01795,  -0.00044,  -0.01094,   0.01707,   0.03283,   0.00306,   0.04683,   0.03108,   0.02407,  -0.07397,  -0.07572,   0.08185,  -0.04771,   0.04683,   0.10286,  -0.03721,  -0.01269,   0.02407,   0.03808,   0.03983,  -0.02495,  -0.02320,   0.00657,  -0.02145,  -0.02320,   0.00306,   0.09761,  -0.03896,  -0.05646,   0.04683,   0.03108,   0.07135,   0.06784,   0.02582,  -0.07222,   0.07135,   0.06784,   0.01532,   0.03633,   0.03983,   0.01882,  -0.02670,  -0.03370,   0.00832,   0.01882,  -0.10899,   0.00832,  -0.00044,   0.03108,  -0.01094,  -0.07572,  -0.02495,   0.04858,  -0.04071,  -0.02320,   0.01882,   0.02582,   0.00657,  -0.01970,   0.03983,  -0.04946,  -0.12300,  -0.01620,   0.04158,  -0.03370,   0.02757,   0.02582,  -0.06697,  -0.02670,  -0.01795,  -0.00744,  -0.06347,   0.00832,   0.00832,  -0.04421,   0.00832,   0.07660,   0.02057,   0.01707,  -0.07922,  -0.00394,  -0.01620,  -0.01094,  -0.00744,   0.00131,   0.02582,   0.05559,  -0.00569,   0.01707,   0.04858,   0.02933,  -0.01970,  -0.07922,  -0.09148,  -0.02495,   0.03983,   0.02057,   0.03108,  -0.07397,  -0.03545,  -0.00919,   0.02407,  -0.04596,  -0.00744,   0.01532
   0.00481,  -0.04421,  -0.11949,   0.02232,  -0.04421,  -0.15276,  -0.06522,  -0.05646,  -0.01444,  -0.02495,  -0.01795,   0.03458,  -0.00919,   0.05384,   0.01357,   0.03108,  -0.01620,   0.01357,   0.00131,  -0.00044,  -0.04246,   0.03458,   0.10461,  -0.02145,   0.00481,   0.00657,   0.00306,  -0.03896,  -0.00919,   0.01007,  -0.04596,  -0.05822,  -0.10199,   0.07835,  -0.07922,  -0.09673,   0.05559,   0.06959,   0.00657,   0.02057,  -0.02845,  -0.06522,   0.06959,   0.00832,   0.01182,  -0.08448,  -0.04946,   0.00481,  -0.12124,   0.14663,   0.02757,  -0.04771,   0.00131,   0.12037,   0.06259,  -0.00919,   0.03283,  -0.04596,  -0.01094,  -0.01094,  -0.02845,   0.02407,   0.04158,  -0.02670,  -0.03370,   0.01357,  -0.00394,  -0.01269,   0.11161,  -0.01795,  -0.00394,  -0.03370,  -0.00569,   0.03458,  -0.04596,  -0.12300,   0.07310,  -0.03721,  -0.07922,  -0.00044,  -0.03370,  -0.01795,  -0.03545,  -0.06522,  -0.02320,   0.00657,  -0.00744,   0.00657,   0.01357,   0.01532,  -0.02145,  -0.04596,   0.03983,  -0.01444,   0.02757,   0.12387,  -0.08448,   0.07485,   0.00306,   0.07485,  -0.00219,   0.02232,   0.05909,  -0.00219,  -0.00744,   0.07310,   0.00832,  -0.03721,   0.05559,   0.02757,   0.04858,  -0.04771,  -0.03721,   0.01007,  -0.03370,   0.04333,   0.01007,   0.07835,  -0.00919,   0.00131,  -0.03370,  -0.02145,  -0.00744,  -0.07222,  -0.02670,  -0.02495,   0.04858,  -0.06172,   0.01707,  -0.03020,  -0.01444,  -0.05646,  -0.05997,   0.03808,  -0.01795,   0.08010,  -0.01269,   0.00131,  -0.02145,  -0.00569,   0.00657,  -0.10899,  -0.03195,   0.03983,  -0.12825,   0.01357,   0.00657,   0.02057,  -0.02320,  -0.03020,   0.07660,   0.04158,   0.08185,  -0.05646,  -0.06172,  -0.03545,  -0.01094,  -0.05646,   0.05384,   0.04683,  -0.00394,  -0.01620,  -0.04071,   0.02407,   0.05559,   0.03458,   0.00481,   0.08185,  -0.00044,   0.01182,   0.04333,   0.01532,  -0.11074,  -0.00569,   0.09411,  -0.08448,   0.03983,  -0.01620,  -0.00044,   0.01357,  -0.03896,  -0.01795,  -0.00744,  -0.05822,   0.00832,   0.04158,  -0.04946,   0.04333,   0.00657,  -0.01444,  -0.01444,  -0.05121,  -0.00394,   0.00131,  -0.00569,  -0.00219,  -0.07047,   0.01882,  -0.03545,  -0.07397,  -0.07922,   0.10286,  -0.09673,   0.05384,   0.02057,   0.00131,   0.05209,   0.00306,  -0.05997,   0.08360,  -0.00919,  -0.03370,  -0.00044,   0.05384,   0.00306,   0.04508,  -0.03896,  -0.03545,   0.05034,   0.02232,  -0.00219,   0.03458,  -0.00569,   0.03808,   0.04508,  -0.01444,  -0.01795,  -0.11774,  -0.02670,  -0.04771,  -0.04071,  -0.03721,  -0.05997,   0.07485,   0.12212,   0.08710,   0.04858,  -0.04246,  -0.03896,   0.02757,   0.03108,  -0.03896,   0.09060,  -0.01444,  -0.11424,  -0.04421,  -0.02495,   0.05734,  -0.03721,   0.01357,  -0.01444,  -0.05296,  -0.05822,  -0.01269,  -0.01444,   0.09060,   0.01182,   0.02057,   0.08010,   0.09586,  -0.08273,  -0.00569,   0.03108,   0.10986,  -0.10199,   0.03283,   0.08535,  -0.00919,  -0.02320,   0.01007,   0.02933,   0.02582,   0.00131,  -0.07572,  -0.05471,  -0.07747,   0.00131,   0.02057,   0.08710,  -0.01444,   0.02757,   0.04683,   0.01357,  -0.10199,   0.06084,  -0.05822,  -0.11424,   0.03633,  -0.09848,  -0.04771,  -0.04596,  -0.02495,  -0.02670,  -0.02145,   0.00832,  -0.04771,   0.08710,  -0.00919,  -0.08273,   0.01707,  -0.01269,   0.03633,  -0.07397,  -0.02670,   0.06784,   0.00481,  -0.03195,  -0.04946,  -0.06347,  -0.03721,   0.01707,   0.05034,   0.08710,   0.04508,  -0.02670,   0.00481,  -0.04771,   0.00131,   0.02232,  -0.08448,  -0.04596,   0.06609,  -0.04946,   0.05209,   0.07485,   0.01882,  -0.00919,  -0.05471,  -0.00919,   0.07660,   0.01182,   0.06084,  -0.01795,   0.01707,  -0.00919,   0.06609,  -0.01444,   0.03808,  -0.00569,   0.01882,  -0.02845,  -0.02495,   0.11512,  -0.03195,  -0.01444,   0.02232,   0.00306,  -0.02145,  -0.00919,  -0.02670,  -0.09148,   0.14313,  -0.02845,   0.02232,   0.00657,  -0.07222,   0.01007,  -0.04596,  -0.00919,  -0.04246,  -0.02495,  -0.05646,  -0.05822,   0.03983,  -0.02845,  -0.00394,  -0.01620,   0.05209,  -0.05997,   0.07135,   0.03458,   0.01882,   0.03458,  -0.06347,   0.01532,  -0.04596,   0.02232,  -0.00569,   0.01007,  -0.01620,   0.08010,   0.01707,   0.02232,   0.08185,  -0.13350,   0.03633,  -0.01620,   0.02933,  -0.09148,   0.17464,   0.00306,   0.06609,  -0.00569,  -0.00219,   0.04158,   0.00131,   0.07660,   0.05559,  -0.07047,   0.05034,   0.02582,  -0.02670,   0.15188,  -0.05121,   0.05209,  -0.02495,   0.06959,   0.03983,   0.02582,  -0.00744,  -0.05646,   0.02933,  -0.03195,  -0.04946,   0.06084,  -0.09323,   0.05384,   0.00832,  -0.03370,  -0.02145,  -0.05646,   0.02407,  -0.02670,   0.01707,   0.02057,   0.10636,   0.08185,   0.01532,   0.00832,   0.01182,  -0.07222,  -0.06697,  -0.00394,  -0.00044,  -0.01970,  -0.01620,  -0.07047,  -0.09498,  -0.00569,   0.03108,  -0.07572,  -0.01094,   0.04683,   0.04158,   0.03283,  -0.05471,   0.01882,   0.02757,  -0.03721,   0.02757,   0.01007,  -0.01094,   0.03108,  -0.00569,   0.04158,  -0.03370,   0.06259,  -0.05646,   0.01357,  -0.00394,  -0.10374,  -0.01620,   0.04858,   0.03633,  -0.04596,   0.01357,   0.00832,   0.02757,   0.02232,   0.02933,   0.01357,   0.04858,   0.01182,   0.05909,   0.00131,   0.08185,   0.00657,  -0.03721,   0.02057,   0.00481,  -0.04421,   0.09586,  -0.03020,   0.05384,  -0.05296,   0.03983,   0.08360,  -0.05296,   0.04858,  -0.01444,  -0.02320,  -0.03195,  -0.00919,  -0.01620,   0.03808,  -0.07922,   0.06434,   0.03283,   0.02933,  -0.02145,   0.02407,  -0.00919,  -0.01444,  -0.05471,   0.05909,  -0.03721,  -0.02320,   0.00306,   0.00481,   0.08360,   0.02232,   0.05034,   0.03458,   0.04508,  -0.02495,  -0.03896,  -0.04246,  -0.01970,  -0.00219,  -0.04596,   0.01357,   0.10811,  -0.00744,  -0.06347,  -0.02495,  -0.03020,   0.02933,   0.00131,   0.01007,   0.00657,  -0.06522,  -0.04421,   0.06959,   0.00832,  -0.01444,  -0.04771,   0.06259,  -0.03896,  -0.06347,   0.06784,  -0.01444,   0.04858,   0.03983,   0.16589,   0.00131,  -0.03370,  -0.00744,  -0.00394,   0.10986,  -0.05822,  -0.00044,  -0.07397,  -0.07222,   0.07660,   0.06784,  -0.02320,  -0.02670,  -0.05997,  -0.01970,   0.00481,   0.02057,   0.03808,  -0.05296,   0.01357,  -0.00919,  -0.02670,  -0.00569,   0.05034,   0.02232,  -0.04771,   0.00832,   0.01357,  -0.02145,  -0.02670,   0.01357,  -0.00569,   0.04683,   0.05384,   0.06259,   0.02757,  -0.00219,   0.00657,  -0.00394,   0.00832,  -0.01094,  -0.02495,  -0.00569,  -0.01620,   0.10986,  -0.04946,  -0.03195,  -0.15101,   0.02057,   0.01007,   0.06084,  -0.00219,  -0.02845,   0.02933,  -0.03370,  -0.02845,  -0.03370,  -0.02670,   0.03283,  -0.00744,  -0.04071,  -0.05822,  -0.02145,  -0.03020,  -0.00919,  -0.04071,   0.04858,  -0.02670,  -0.00394,   0.06084,   0.00832,   0.06259,   0.08360,  -0.04771,   0.01357,   0.01357,  -0.00744,   0.02933,   0.05384,  -0.02670,  -0.03195,  -0.07747,   0.02232,   0.01007,  -0.00744,  -0.03721,  -0.09323,  -0.02670,   0.01007,  -0.02845,  -0.00744,  -0.02845,  -0.01620,  -0.02145,   0.01707,  -0.01795,   0.20791,   0.01182,   0.03808,   0.00657,   0.05559,   0.02232,  -0.06172,  -0.04946,  -0.04596,  -0.04946,   0.01182,   0.06959,  -0.05471,   0.00306,  -0.00744,  -0.03020,  -0.03545,   0.02757,  -0.02145,   0.02933,  -0.02845,   0.03108,  -0.00394,  -0.00219,  -0.02320,  -0.02845,  -0.04421,   0.03458,   0.06434,   0.10461,  -0.03721,   0.02232,   0.01357,  -0.01970,   0.02232,   0.06434,  -0.03721,  -0.05822,  -0.07397,  -0.11074,  -0.03545,   0.01007,   0.01532,   0.01182,  -0.00044,   0.01357,  -0.04946,   0.05734,  -0.10374,   0.03633,  -0.03195,  -0.02320,  -0.02145,  -0.00394,   0.00657,  -0.01970,  -0.03896,  -0.01444,   0.06259,   0.01707,   0.10461,   0.02582,  -0.04071,  -0.02495,   0.07660,  -0.07222,  -0.02670,  -0.02495,  -0.09323,   0.01882,   0.01357,  -0.00044,   0.00657,   0.07485,   0.04858,   0.08885,   0.00657,   0.05384,   0.00657,  -0.01444,  -0.01269,  -0.08623,  -0.05121,   0.04508,  -0.04771,  -0.06522,  -0.09848,  -0.05822,  -0.06872,   0.01007,   0.09761,   0.01182,  -0.05471,  -0.00744,   0.07660,  -0.03370,  -0.00394,   0.13613,  -0.01970,  -0.06347,   0.00481,   0.02232,   0.05034,   0.09411,   0.08710,  -0.07222,  -0.02495,   0.00657,  -0.01795,   0.10811,  -0.02495,  -0.01970,  -0.06872,   0.00131,   0.01707,  -0.02670,   0.02582,  -0.00569,   0.03808,  -0.07572,   0.02582,  -0.06522,   0.06259,  -0.00044,   0.00131,  -0.06347,   0.03458,  -0.03370,  -0.10724,  -0.00394,   0.01357,  -0.10374,   0.00832,   0.08885,   0.10811,   0.08010,   0.01707,  -0.04771,  -0.00394,  -0.01444,  -0.02495,  -0.02670,   0.01882,  -0.12300,  -0.06697,   0.02582,   0.04158,  -0.02670,  -0.03370,   0.04333,  -0.01795,   0.05209,  -0.06172,  -0.04771,  -0.00394,  -0.05646,   0.05034,  -0.11424,  -0.03020,  -0.04071,  -0.06522,   0.02757,  -0.00394,   0.02757,   0.03633,  -0.05121,  -0.01444,   0.00131,   0.00481,   0.00832,  -0.00744,  -0.04771,  -0.00219,   0.10986,   0.06084,   0.02757,  -0.01620,  -0.01970,  -0.03195,   0.00306,   0.04858,   0.07835,   0.05909,   0.00832,   0.08360,  -0.03896,   0.05734,  -0.01444,   0.06259,  -0.05121,   0.08710,   0.01532,  -0.02145,  -0.03896,  -0.01094,   0.00657,  -0.01444,  -0.09673,   0.03458,   0.01532,   0.02057,  -0.01444,   0.02757,  -0.00919,   0.01182,  -0.02670,   0.05909,  -0.00919,  -0.04421,  -0.02845,   0.03983,   0.01357,   0.03108,   0.03283,   0.05734,  -0.04246,   0.00657,  -0.04071,  -0.05296,   0.13963,   0.10636,   0.01707,   0.01182,  -0.05822,   0.03633,   0.09936,   0.05734,   0.03983,  -0.08448,  -0.06172,  -0.07922,   0.02407,   0.04508,   0.01007,  -0.03195,   0.09761,  -0.04946,   0.06959,   0.11687,   0.01357,   0.11512,   0.02232,   0.06784,   0.01182,   0.01707,  -0.11074,   0.00657,  -0.05997,   0.04333,   0.03458,  -0.05471,  -0.02845,   0.02232,  -0.01444,  -0.03721,  -0.03721,   0.01007,   0.09060,   0.02057,   0.00657,   0.01182,  -0.08798,   0.01532,  -0.05997,  -0.03020,  -0.00569,   0.01007,  -0.02670,   0.09235,  -0.00394,  -0.01269,   0.05209,   0.02057,  -0.11074,   0.02757,  -0.03020,  -0.03721,  -0.04596,  -0.02670,   0.04158,   0.03983,   0.04333,  -0.02320,  -0.03896,  -0.02145,  -0.01094,  -0.04596,  -0.04246,  -0.00744,  -0.03721,   0.07835,  -0.06347,   0.06259,  -0.04246,  -0.00219,   0.01357,   0.02232,   0.01882,   0.02057,   0.03633,   0.00481,  -0.00919,  -0.02320,  -0.03195,   0.01182,   0.05909,  -0.07747,  -0.03020,  -0.00569,   0.03808,   0.02057,   0.02582,  -0.07747,  -0.01269,  -0.06697,   0.00481,   0.08535,   0.03633,   0.04333,   0.01707,  -0.05997,  -0.04246,  -0.01795,   0.00832,   0.02057,  -0.04771,   0.00131,  -0.00044,  -0.01094,   0.04683,  -0.07572,   0.02933,  -0.03020,   0.01532,  -0.05646,  -0.02845,  -0.04596,  -0.01970,  -0.11074,   0.00131,   0.00481,  -0.00744,  -0.01620,   0.07660,  -0.01444,  -0.04771,   0.01007,  -0.01970,   0.06084,  -0.02845,  -0.05646,  -0.02495,  -0.04421,  -0.04771,  -0.00044,  -0.07397,  -0.03721,  -0.01970,  -0.03020,  -0.04771,   0.12387,  -0.01444,  -0.01094,  -0.06172,  -0.05646,   0.00657,  -0.01795,  -0.05296,  -0.00394,  -0.04421,   0.01007,   0.05034,  -0.00394,  -0.02320,   0.00306,  -0.06697,   0.05384,  -0.02145,   0.04858,  -0.03721,  -0.01620,  -0.03370,  -0.00219,   0.03283
  -0.03545,   0.02933,   0.09235,  -0.00219,  -0.05121,   0.00832,   0.07485,   0.05209,   0.01532,   0.02407,   0.05209,  -0.00744,  -0.03545,  -0.08973,   0.04333,   0.06784,   0.04508,   0.00657,   0.05209,   0.10286,   0.06084,   0.02582,  -0.00044,   0.00832,  -0.02495,   0.11336,  -0.05296,  -0.01094,   0.05384,  -0.04771,  -0.06697,   0.03283,  -0.03195,  -0.00044,   0.04333,  -0.01094,   0.05384,   0.09411,  -0.08273,   0.02232,  -0.05296,  -0.01269,   0.01357,  -0.01795,  -0.04421,  -0.02495,  -0.09323,   0.01707,   0.08710,  -0.07222,   0.07660,   0.06259,  -0.02670,  -0.03370,  -0.14751,  -0.03896,   0.00306,   0.06259,  -0.04771,   0.02582,   0.01882,   0.00832,   0.05209,   0.05034,   0.07485,   0.00832,   0.04508,   0.03108,   0.07835,   0.05559,   0.05209,   0.03108,  -0.02495,  -0.05121,   0.01007,  -0.00219,   0.11336,  -0.08273,  -0.03896,   0.02057,  -0.01269,   0.01357,  -0.05471,  -0.04246,  -0.03721,   0.07135,  -0.03721,  -0.04596,   0.09411,   0.10111,  -0.05822,   0.00131,  -0.13350,   0.00657,  -0.07047,   0.00832,  -0.02145,   0.09235,   0.06959,   0.01007,   0.01882,  -0.01094,  -0.03195,  -0.08973,  -0.03896,  -0.03195,   0.08360,   0.05734,   0.03983,  -0.00219,   0.01007,  -0.08098,   0.02057,   0.06084,  -0.02145,   0.01882,  -0.03545,   0.02407,  -0.01269,   0.03983,   0.10636,  -0.04071,   0.00131,   0.01882,   0.05909,   0.01882,  -0.07747,   0.06084,  -0.03370,   0.02933,   0.03808,   0.02407,  -0.04071,   0.04858,   0.05384,  -0.04071,  -0.02320,  -0.08798,  -0.08973,   0.01182,  -0.02670,   0.02407,  -0.00394,   0.02582,  -0.00394,   0.01007,   0.02232,  -0.04596,   0.06259,   0.00481,  -0.07047,  -0.00044,   0.05559,   0.02582,   0.04683,   0.00306,   0.06259,   0.00131,  -0.00044,   0.01182,   0.10636,  -0.05471,   0.09761,   0.03283,  -0.03020,  -0.04596,   0.04508,   0.03283,  -0.04946,  -0.04421,   0.03983,  -0.05471,   0.04333,  -0.05296,  -0.04421,  -0.02845,   0.04683,  -0.02495,  -0.00219,   0.07135,  -0.01094,  -0.00569,   0.03458,   0.00481,   0.01357,  -0.05121,  -0.04246,   0.05209,  -0.04771,  -0.01795,   0.00657,  -0.00569,  -0.05997,  -0.05296,  -0.00219,   0.03808,   0.03108,   0.04683,   0.03283,   0.02757,   0.05384,  -0.03020,   0.02582,   0.00657,   0.00832,  -0.03545,   0.02933,  -0.04771,   0.00131,  -0.03370,   0.01882,   0.08360,  -0.02845,   0.01707,  -0.02670,   0.00481,   0.06784,   0.04333,  -0.05997,  -0.03370,  -0.00394,   0.05034,  -0.04246,  -0.02670,   0.03283,   0.01882,  -0.03020,   0.02057,   0.13087,  -0.01795,   0.01007,   0.01707,  -0.07747,  -0.03370,  -0.00569,   0.00481,  -0.00044,  -0.08098,   0.03633,  -0.01795,  -0.03195,  -0.00569,   0.04333,   0.05909,   0.05559,  -0.05296,   0.04333,   0.00306,   0.04683,  -0.05822,  -0.00044,  -0.02320,   0.05559,   0.01007,   0.11512,   0.02057,  -0.01620,   0.05559,  -0.06172,  -0.02495,  -0.02320,  -0.11074,  -0.06172,   0.03283,   0.12212,   0.08710,  -0.04946,   0.02933,  -0.04246,  -0.01970,  -0.03721,   0.00481,   0.06609,   0.02057,   0.00657,   0.03458,   0.02933,  -0.03545,   0.03108,  -0.01094,   0.07660,   0.02057,  -0.04246,   0.03983,   0.03458,  -0.11074,   0.15538,   0.04508,  -0.04771,   0.01532,   0.04508,   0.00306,  -0.06697,  -0.00919,  -0.04071,  -0.00394,   0.02232,  -0.01269,   0.01182,   0.02232,  -0.07747,  -0.03370,   0.00481,  -0.05646,  -0.04421,  -0.07922,  -0.02145,  -0.00744,  -0.04071,  -0.07047,   0.00832,  -0.00394,   0.02757,  -0.02145,   0.00481,   0.00832,  -0.01269,  -0.01269,  -0.01444,  -0.02495,   0.06434,  -0.05997,   0.01707,  -0.01620,   0.00306,   0.08885,  -0.04421,   0.03983,  -0.03195,  -0.05296,   0.00131,  -0.02320,   0.05734,   0.01882,   0.12037,  -0.03545,   0.07835,  -0.04246,  -0.03020,   0.00306,  -0.00569,   0.04333,  -0.04421,   0.02232,  -0.04596,  -0.03545,   0.05384,   0.06259,  -0.02145,  -0.01444,  -0.02145,   0.04508,   0.02582,  -0.06872,  -0.05471,   0.08535,   0.03808,  -0.03195,   0.02933,   0.02057,  -0.04946,   0.01707,   0.02757,  -0.03545,   0.13262,   0.01882,   0.04158,   0.01182,   0.06434,   0.01882,  -0.00569,  -0.04771,   0.02582,   0.01532,   0.00131,  -0.08973,   0.05034,  -0.02145,  -0.04246,   0.01707,  -0.00394,  -0.03545,   0.07135,   0.03108,   0.02582,   0.05909,   0.01007,   0.06434,   0.01357,  -0.05296,  -0.00744,  -0.09673,   0.05209,  -0.05822,   0.12387,  -0.08448,   0.03808,   0.02407,   0.10636,  -0.00219,  -0.05471,   0.07135,  -0.01795,   0.00832,  -0.01620,   0.10286,  -0.07047,   0.02933,  -0.02670,  -0.05646,   0.10111,  -0.06172,  -0.00569,   0.00657,  -0.05121,  -0.10549,  -0.03195,  -0.06172,  -0.02145,  -0.01094,   0.06259,   0.02582,  -0.00569,  -0.04421,   0.01357,  -0.00219,  -0.12650,  -0.07922,   0.08185,   0.07485,  -0.01444,   0.04333,  -0.00394,   0.01182,   0.06609,  -0.04246,  -0.02845,   0.03108,  -0.00569,   0.02933,  -0.03195,   0.11336,   0.02757,  -0.07222,  -0.05471,   0.05909,  -0.02845,   0.01532,   0.02057,  -0.04596,  -0.05121,  -0.00744,  -0.00044,   0.04858,   0.01357,   0.00481,  -0.02670,  -0.03545,  -0.06522,   0.00131,   0.01707,   0.05384,   0.00131,   0.00832,   0.04333,   0.01707,   0.06784,  -0.02845,   0.03983,  -0.03020,   0.04333,  -0.03896,  -0.00569,   0.07660,   0.02582,  -0.06172,   0.08535,  -0.03370,   0.04858,   0.01007,   0.03458,  -0.01795,  -0.04596,  -0.02320,  -0.01444,   0.02232,   0.05034,   0.04158,  -0.07047,  -0.03896,   0.02582,  -0.00394,  -0.01094,   0.04683,  -0.01094,  -0.02145,   0.04333,   0.00306,   0.03983,   0.01707,   0.06609,  -0.00394,  -0.07047,   0.03983,  -0.01795,  -0.03545,   0.10111,   0.00657,  -0.00569,  -0.07572,   0.03108,   0.03283,  -0.07747,  -0.00394,  -0.11249,   0.02757,  -0.06522,   0.08885,   0.06434,   0.05384,   0.02757,   0.01357,  -0.03545,   0.04333,   0.01007,  -0.06697,  -0.01620,   0.04683,   0.06434,   0.02757,   0.01707,  -0.03195,   0.02582,  -0.03020,   0.12212,   0.03983,  -0.04946,  -0.00394,  -0.00569,  -0.09148,  -0.01444,  -0.01795,  -0.01795,   0.03808,  -0.02495,  -0.02495,  -0.04946,  -0.01444,  -0.02670,   0.00481,  -0.02670,  -0.06172,   0.02057,  -0.08973,  -0.04421,  -0.06697,   0.07135,  -0.00044,   0.03633,   0.02933,  -0.03721,   0.03108,  -0.01094,  -0.06697,  -0.03721,   0.00657,   0.11862,  -0.03896,  -0.03020,   0.00306,   0.03108,   0.02407,  -0.01269,   0.04333,  -0.01970,   0.04858,  -0.05997,   0.07310,  -0.03020,   0.05559,  -0.06172,   0.03633,  -0.03721,  -0.01094,  -0.07047,   0.09761,  -0.03370,  -0.07222,   0.00306,  -0.04596,   0.04858,  -0.09323,  -0.06172,   0.03633,  -0.03370,  -0.03545,  -0.02145,   0.04158,  -0.06347,   0.06609,  -0.04771,  -0.02145,   0.01707,   0.01182,   0.05034,  -0.06522,  -0.07572,  -0.01620,   0.00131,  -0.02845,   0.01882,  -0.00394,   0.06784,  -0.00394,  -0.01269,  -0.02320,  -0.00744,   0.15714,   0.00481,   0.00481,  -0.02845,  -0.08798,   0.09411,  -0.00919,   0.00306,  -0.05296,  -0.00569,   0.04683,  -0.05121,  -0.05471,  -0.00744,  -0.00919,   0.04158,   0.03983,  -0.01269,  -0.07572,  -0.04421,   0.01882,  -0.03020,   0.01357,   0.05209,   0.02582,  -0.08798,   0.03633,  -0.02670,   0.03108,   0.02057,  -0.05646,   0.00832,  -0.11424,  -0.11424,   0.09235,  -0.00044,  -0.01444,   0.02057,  -0.02845,  -0.05997,  -0.02145,   0.11687,   0.01182,  -0.01970,  -0.04421,  -0.05121,  -0.06872,   0.05734,   0.04333,  -0.03896,   0.02757,  -0.07747,   0.06084,   0.00657,   0.01007,  -0.01795,   0.07135,  -0.00569,  -0.03370,  -0.00044,  -0.04071,  -0.04246,  -0.03020,   0.06259,  -0.01620,   0.01357,  -0.00919,  -0.00394,  -0.02845,   0.02057,   0.03808,   0.02582,   0.01357,   0.02933,  -0.01269,  -0.04421,  -0.01620,   0.03633,  -0.11599,   0.04683,  -0.00394,  -0.04246,  -0.04071,  -0.07747,   0.10811,   0.03983,   0.00657,  -0.06697,  -0.01970,  -0.00394,   0.11687,   0.09936,  -0.01269,  -0.00394,  -0.01444,  -0.01269,   0.07135,   0.07835,   0.06434,   0.01357,  -0.01444,  -0.05121,   0.09586,   0.02407,   0.01182,   0.02933,   0.02057,  -0.01094,  -0.01620,   0.00306,  -0.01970,   0.03633,   0.02057,  -0.01094,   0.11862,   0.02232,  -0.01094,   0.01182,  -0.05296,   0.00481,   0.01357,  -0.00569,   0.07485,  -0.06347,  -0.06347,   0.10111,  -0.00569,  -0.01620,  -0.02495,   0.02582,   0.09586,  -0.01094,   0.09586,  -0.04596,  -0.09673,  -0.01444,  -0.03370,  -0.05121,  -0.01094,   0.00657,  -0.01620,  -0.03020,   0.01882,   0.10811,  -0.04421,  -0.05997,  -0.05296,   0.04683,   0.04158,   0.01357,  -0.00219,  -0.01094,   0.02232,   0.06084,  -0.03721,   0.01532,  -0.07922,   0.00832,   0.06084,  -0.00394,  -0.05121,   0.06609,  -0.03721,   0.10111,   0.06609,  -0.04771,   0.01532,   0.08360,   0.12912,   0.00481,  -0.04246,  -0.02320,   0.03808,  -0.07222,   0.07135,   0.00832,  -0.08098,  -0.01444,   0.03633,   0.02057,   0.09235,   0.00832,  -0.09148,  -0.00919,  -0.00919,   0.03108,  -0.05822,   0.05909,   0.01182,   0.08185,   0.05034,  -0.08973,   0.10461,   0.00832,  -0.04596,   0.05909,   0.01707,   0.10461,   0.06084,  -0.06522,  -0.06347,   0.02057,  -0.02845,   0.04858,   0.08185,   0.00657,   0.08710,  -0.01620,  -0.04421,  -0.05997,  -0.01795,  -0.00219,   0.02757,   0.01532,  -0.00394,   0.03983,   0.02757,  -0.03545,  -0.02320,  -0.04421,  -0.05471,  -0.02320,   0.00481,  -0.05296,  -0.04946,  -0.03370,   0.00131,   0.00481,   0.00306,  -0.00569,  -0.01444,   0.05034,  -0.07922,  -0.00394,   0.00481,  -0.04771,   0.02407,  -0.06697,   0.04333,   0.03633,  -0.01970,   0.04858,   0.01882,  -0.03370,  -0.01795,  -0.03896,   0.12037,   0.01182,   0.03633,   0.07485,   0.03108,  -0.03195,  -0.03896,   0.01532,  -0.03195,  -0.04246,   0.01182,   0.00306,   0.09060,  -0.04246,  -0.05822,   0.03633,  -0.06347,  -0.05471,   0.02057,   0.01357,   0.00657,   0.00657,  -0.00744,   0.05034,   0.02057,   0.06259,  -0.04596,  -0.01620,   0.00131,   0.00481,  -0.03545,   0.06784,  -0.02145,  -0.05646,  -0.05296,   0.05034,  -0.06872,   0.04508,  -0.03896,   0.05559,   0.04683,  -0.07222,   0.01357,  -0.02495,   0.00832,   0.01882,   0.07135,   0.06259,  -0.12300,   0.01707,   0.02582,  -0.02145,   0.01182,   0.00481,  -0.02145,  -0.01269,  -0.06172,   0.00306,  -0.04246,   0.07310,  -0.05121,  -0.00569,   0.01707,  -0.08973,  -0.03370,  -0.02320,   0.02582,  -0.03721,   0.03808,   0.01532,  -0.03195,   0.03633,   0.03983,   0.05559,   0.00481,   0.03983,  -0.04596,   0.09936,  -0.15801,   0.00481,   0.00306,  -0.00219,   0.02582,  -0.01795,   0.02407,  -0.08623,  -0.05997,  -0.05997,   0.02582,  -0.08273,  -0.05296,   0.13262,   0.07660,  -0.03370,  -0.01444,  -0.08273,  -0.02845,  -0.00219,   0.03633,  -0.02845,   0.07485,  -0.03896,   0.00832,  -0.02670,  -0.00569,  -0.02145,  -0.04246,  -0.00569,   0.03633,   0.03633,  -0.02320,   0.08010,  -0.01795,  -0.00219,   0.02582,  -0.00044,   0.04508,  -0.01094,   0.01357,  -0.08448,   0.05034,  -0.04246,  -0.07222,   0.02582,   0.05734,  -0.08973,  -0.03721,  -0.04596,   0.03983,   0.03283,  -0.06697,   0.00481,  -0.08623,  -0.01620,  -0.02145,   0.03633,   0.01532,   0.10811,  -0.08273,   0.00832,  -0.00919,  -0.03020,  -0.03195,  -0.02145,  -0.01444,  -0.00569,  -0.03020,  -0.02845,   0.01182,  -0.00919,  -0.02845,   0.00657,   0.01532,   0.03808,   0.01357,   0.01357,   0.01182,  -0.03721,   0.10986,   0.01882,   0.17464
   0.03458,  -0.01094,   0.07835,  -0.07047,   0.03633,  -0.01795,   0.04508,   0.06959,  -0.03721,   0.02933,   0.06084,  -0.04071,  -0.04596,   0.02582,  -0.01094,  -0.03721,  -0.09323,   0.02232,   0.01707,  -0.00919,   0.04508,  -0.04071,   0.02057,   0.06434,  -0.00219,   0.06259,  -0.05646,  -0.02495,   0.03283,   0.01182,   0.04858,   0.03283,   0.01007,  -0.00219,   0.02757,   0.01357,   0.02057,  -0.09148,   0.03808,   0.01182,  -0.00219,   0.04333,  -0.07747,   0.02407,  -0.00219,  -0.00569,   0.02407,   0.06084,  -0.01444,  -0.07572,   0.05734,  -0.02845,  -0.01620,  -0.00919,  -0.06872,  -0.01444,  -0.02845,   0.00306,   0.06084,   0.05209,   0.02057,  -0.02320,  -0.00569,  -0.01795,  -0.09498,  -0.02495,  -0.01795,  -0.03896,  -0.03020,   0.05384,  -0.00219,   0.00657,  -0.00919,  -0.03195,  -0.00569,   0.00832,   0.03458,  -0.03020,   0.01357,   0.02757,  -0.05997,   0.03283,   0.00306,  -0.03020,   0.04858,  -0.05296,  -0.02670,   0.05734,  -0.08273,   0.01532,  -0.07047,  -0.06172,  -0.05822,   0.05384,  -0.03195,   0.00131,  -0.03896,   0.01532,   0.03458,   0.08185,   0.09235,   0.05209,  -0.04246,  -0.03370,   0.01182,   0.01532,   0.01357,  -0.08798,  -0.01620,  -0.04246,   0.05034,  -0.00569,   0.00131,   0.05734,   0.07485,   0.06084,  -0.03721,  -0.06172,   0.02407,   0.04683,   0.00832,   0.00131,   0.04683,   0.03108,   0.02757,   0.01182,   0.06959,   0.04858,  -0.02845,   0.05034,   0.03283,  -0.03370,  -0.01620,  -0.04421,   0.00657,  -0.00394,   0.01532,   0.09235,  -0.00394,   0.01182,  -0.04771,  -0.04946,  -0.07222,   0.00832,   0.00306,  -0.04071,   0.01007,  -0.04421,   0.02057,  -0.02495,  -0.04946,   0.02757,   0.02407,   0.05209,   0.00481,  -0.04596,  -0.02320,  -0.01970,   0.01882,  -0.02320,   0.02232,   0.03108,   0.00131,  -0.05471,   0.00306,   0.07485,   0.03283,   0.01357,   0.08185,  -0.01444,  -0.07047,  -0.03195,  -0.02320,  -0.00744,   0.03633,  -0.01970,  -0.02845,  -0.00744,   0.02232,  -0.02495,   0.04858,   0.00481,  -0.03195,  -0.04071,   0.01707,  -0.01444,   0.00131,   0.03808,   0.05034,  -0.00919,  -0.00219,   0.04683,   0.00131,   0.03808,  -0.05121,  -0.02495,   0.01182,  -0.00569,   0.04158,   0.02232,   0.00306,  -0.04071,  -0.02670,   0.04508,   0.01007,   0.03458,   0.05209,   0.00131,  -0.02320,   0.01532,   0.02757,  -0.02495,   0.03983,  -0.02670,   0.03108,  -0.02670,   0.06084,  -0.00744,   0.01532,  -0.08623,   0.01532,  -0.01094,   0.09761,  -0.08098,  -0.05471,  -0.00744,   0.05909,   0.04858,  -0.03896,   0.03633,  -0.01970,   0.03283,   0.05209,  -0.03545,  -0.05822,  -0.01444,  -0.03545,  -0.01795,   0.06084,   0.03458,   0.00481,   0.01882,  -0.02670,   0.01357,   0.01707,  -0.01269,  -0.01094,  -0.01444,   0.03633,   0.11336,   0.01357,   0.06609,  -0.02145,   0.03283,  -0.04246,   0.02232,   0.00657,  -0.01269,  -0.05121,   0.02407,  -0.04771,   0.04858,  -0.07397,   0.01007,  -0.01970,  -0.05646,   0.05559,   0.03108,  -0.00044,  -0.00394,  -0.07747,  -0.01970,  -0.06172,  -0.02670,   0.06959,   0.08360,  -0.01269,   0.04508,  -0.03896,  -0.07572,  -0.01094,  -0.00919,   0.03108,  -0.01444,  -0.01620,  -0.00394,  -0.04071,  -0.10899,   0.00131,  -0.06172,   0.09761,  -0.04946,  -0.03020,  -0.01970,   0.03108,  -0.02495,  -0.01970,   0.03283,  -0.06347,  -0.02845,  -0.00569,   0.02057,   0.01182,   0.02407,   0.01532,  -0.00394,  -0.04771,   0.02582,   0.01182,   0.08885,   0.04683,   0.06259,  -0.06347,   0.02232,   0.01532,   0.01007,   0.05734,   0.00306,   0.04858,  -0.00919,   0.02582,  -0.03721,  -0.03195,   0.03108,  -0.00394,  -0.02495,  -0.00044,   0.06959,  -0.04596,   0.01007,   0.06609,   0.01007,  -0.00044,  -0.00219,  -0.02145,   0.03458,  -0.04071,  -0.06522,  -0.00569,  -0.01970,  -0.00919,  -0.03896,  -0.00569,  -0.00569,  -0.01269,   0.05034,  -0.02320,  -0.03721,  -0.04946,  -0.03195,   0.01357,   0.06084,   0.03983,   0.02757,   0.05034,  -0.00219,  -0.02145,  -0.03020,  -0.00744,   0.04683,   0.03983,  -0.07047,   0.03808,   0.03983,  -0.05296,  -0.04246,  -0.03195,  -0.05822,   0.03633,  -0.05121,  -0.03896,   0.08885,   0.02582,   0.05384,   0.00832,  -0.09148,   0.02757,  -0.07397,  -0.00569,  -0.01795,  -0.07047,  -0.01444,  -0.07572,  -0.07747,  -0.08273,  -0.02320,  -0.01970,   0.05034,  -0.00394,  -0.01795,   0.02582,   0.05209,  -0.00219,   0.07660,  -0.03020,  -0.06522,  -0.00044,  -0.01620,  -0.00044,  -0.05822,  -0.00919,  -0.09848,   0.00481,  -0.02495,  -0.04596,   0.00481,  -0.00569,  -0.07747,  -0.07747,   0.01707,  -0.01970,   0.02757,  -0.00744,   0.06084,   0.03983,   0.01182,  -0.05121,   0.01357,  -0.02670,   0.01007,   0.00832,   0.00131,   0.03458,   0.02582,  -0.03195,   0.06959,   0.00131,  -0.03195,  -0.05296,  -0.01970,  -0.00219,   0.02582,   0.01357,  -0.08273,  -0.06347,  -0.01795,   0.02232,   0.02232,   0.03283,  -0.04421,  -0.05997,  -0.02145,   0.00832,  -0.00394,   0.00481,  -0.03896,  -0.01444,   0.00481,   0.03108,   0.02407,  -0.05121,  -0.04421,   0.06259,  -0.03721,   0.01707,  -0.04421,   0.03108,   0.05209,  -0.01795,  -0.02495,  -0.05997,   0.04683,  -0.00044,   0.00481,   0.00131,  -0.04596,   0.01707,  -0.01269,   0.02232,  -0.01795,  -0.03545,  -0.05121,  -0.03896,  -0.04071,  -0.01620,   0.01182,  -0.00744,  -0.02320,  -0.00219,  -0.03896,  -0.01970,   0.00131,  -0.01444,  -0.02845,   0.06434,   0.03808,   0.02407,  -0.00919,   0.09586,  -0.05997,   0.05384,  -0.06347,  -0.00219,  -0.03896,   0.04508,   0.01882,  -0.05471,   0.04333,  -0.03370,  -0.13175,   0.01357,   0.01357,  -0.04421,   0.05034,   0.08185,  -0.02495,   0.02057,  -0.01269,   0.02407,  -0.03020,   0.07835,  -0.02145,  -0.01620,  -0.03370,  -0.02845,  -0.01444,   0.05384,  -0.02670,  -0.08448,   0.00131,   0.02057,   0.02407,   0.00481,  -0.06697,  -0.00569,  -0.05121,  -0.00919,  -0.04596,  -0.03370,   0.04158,   0.02582,  -0.04421,  -0.02495,   0.05734,  -0.01795,   0.05909,  -0.02670,   0.03283,   0.10811,  -0.02145,  -0.01094,  -0.04771,   0.02057,  -0.05121,  -0.02670,  -0.02845,   0.04333,  -0.01795,  -0.07047,  -0.01795,   0.02582,   0.03458,  -0.04771,   0.02232,   0.00832,   0.01182,  -0.03020,   0.03808,  -0.00044,  -0.04771,   0.02232,   0.02933,   0.01007,  -0.03896,   0.06084,  -0.05121,  -0.01094,  -0.02145,   0.02232,   0.00306,  -0.00044,   0.01182,  -0.02495,   0.06959,   0.02757,  -0.04596,   0.07835,  -0.01444,   0.05909,  -0.02495,  -0.01444,  -0.01795,  -0.02670,  -0.00569,  -0.00919,  -0.01970,  -0.03545,   0.01357,  -0.00044,   0.02057,  -0.00394,   0.01182,   0.03108,   0.02757,   0.00481,  -0.03020,   0.06959,  -0.05471,   0.03983,  -0.00744,   0.04858,  -0.04771,  -0.05997,   0.00306,   0.00657,   0.03983,   0.00306,   0.00131,  -0.03370,  -0.03896,   0.05034,  -0.00044,  -0.00744,   0.01357,  -0.10374,   0.09411,  -0.03721,  -0.02845,  -0.01444,  -0.02145,  -0.00919,   0.06084,  -0.02845,  -0.00394,   0.04333,   0.02933,  -0.05471,   0.05384,  -0.04246,   0.02933,  -0.10899,   0.02933,  -0.02845,  -0.07922,  -0.02495,  -0.02670,   0.00131,   0.00131,  -0.04071,  -0.03721,   0.07835,   0.03458,   0.05734,   0.01532,   0.05909,   0.00657,  -0.00219,   0.02407,  -0.00394,   0.03108,   0.02582,  -0.04421,  -0.02495,  -0.02320,   0.10286,  -0.01444,  -0.07572,   0.02407,  -0.04946,  -0.01970,   0.01882,   0.02057,  -0.05646,  -0.03370,   0.03983,   0.07310,   0.01357,   0.00131,   0.03283,   0.05734,  -0.03020,  -0.06172,  -0.03195,  -0.01795,   0.03983,   0.04683,   0.05034,   0.04158,   0.05559,  -0.03020,   0.10461,   0.03283,  -0.02320,  -0.03195,   0.04508,   0.00481,  -0.06347,  -0.01269,   0.01707,   0.03108,   0.04333,   0.01532,  -0.00919,   0.03808,   0.02057,   0.02757,   0.02232,  -0.03545,  -0.05646,  -0.01269,  -0.00219,   0.00481,  -0.09148,  -0.01444,   0.06609,  -0.02145,   0.08535,  -0.00744,   0.00306,   0.02582,   0.03808,  -0.03370,   0.05734,   0.02933,  -0.03195,  -0.04946,   0.02057,   0.03983,  -0.02495,   0.02407,  -0.00744,   0.01882,   0.00131,   0.04158,  -0.00044,   0.07660,  -0.03545,   0.02757,   0.05034,  -0.05121,   0.01182,  -0.11424,  -0.01094,   0.03983,  -0.04946,   0.00832,   0.01707,  -0.01269,  -0.04246,   0.05384,   0.00481,   0.05734,  -0.07572,   0.06084,   0.01707,   0.04683,  -0.00219,  -0.00394,  -0.01094,   0.02757,   0.01882,   0.01007,   0.02933,  -0.01970,   0.00481,  -0.02495,  -0.04246,   0.06784,  -0.01795,   0.00306,   0.00481,   0.05559,   0.04858,   0.03283,  -0.05471,   0.00306,   0.05734,   0.01532,   0.00481,  -0.02495,  -0.06522,  -0.02670,  -0.03896,  -0.06872,   0.08885,   0.06084,   0.05384,  -0.02670,  -0.04771,   0.02232,   0.01357,  -0.04596,   0.02757,   0.05559,  -0.07397,  -0.03545,   0.02933,   0.03633,  -0.06347,   0.02407,   0.01882,  -0.00044,  -0.01269,  -0.02145,  -0.02845,   0.00832,   0.01882,  -0.00919,   0.04508,  -0.05296,  -0.04246,   0.00306,   0.05384,  -0.00394,   0.01707,  -0.03721,   0.02582,  -0.01094,  -0.04946,   0.07660,  -0.01795,  -0.01269,  -0.01094,   0.01357,  -0.02145,  -0.04071,   0.03633,  -0.00394,  -0.06522,  -0.05646,  -0.05471,   0.00657,   0.01182,   0.02933,   0.02757,  -0.03195,  -0.14225,  -0.01620,   0.01882,  -0.01094,   0.01182,  -0.01269,  -0.09148,   0.02232,   0.04158,  -0.01094,   0.06784,  -0.01094,  -0.00569,   0.03808,   0.03458,   0.01357,   0.01532,   0.05384,  -0.00219,   0.09586,  -0.07222,  -0.02145,  -0.00394,   0.02582,   0.02933,  -0.05471,  -0.04596,   0.01357,   0.04683,  -0.06522,  -0.03721,  -0.01970,  -0.02495,  -0.08623,  -0.01620,   0.00657,   0.02232,  -0.01094,   0.03808,   0.05909,   0.05384,   0.01707,  -0.00919,  -0.01269,  -0.01795,   0.04683,  -0.02670,   0.03983,  -0.02845,   0.02407,   0.02757,   0.01532,  -0.03370,   0.02407,   0.00832,  -0.02320,   0.03983,  -0.05822,   0.00481,   0.03283,   0.03108,  -0.00919,   0.03633,  -0.02845,  -0.12124,   0.03983,  -0.01269,   0.01532,   0.02757,  -0.03370,  -0.02145,   0.02757,  -0.01094,   0.01357,   0.00131,  -0.06697,   0.05384,   0.06784,  -0.00919,   0.05209,  -0.00219,   0.01882,  -0.03195,  -0.07397,  -0.00219,  -0.01444,  -0.01444,  -0.03370,   0.01532,   0.06784,   0.09060,   0.05734,  -0.02320,  -0.03896,  -0.04946,  -0.05121,  -0.00394,  -0.00744,  -0.02145,  -0.00569,   0.06434,   0.05384,  -0.04771,   0.03108,  -0.03020,  -0.01970,   0.02582,  -0.04596,  -0.04596,   0.01182,  -0.01795,  -0.02320,  -0.01094,   0.10111,  -0.01094,  -0.00044,  -0.00394,   0.05734,   0.11161,  -0.01094,   0.00657,   0.01882,  -0.05997,  -0.02670,   0.00832,  -0.04596,  -0.07397,  -0.00219,   0.04333,  -0.04421,  -0.03020,  -0.00394,   0.04683,  -0.00394,  -0.03195,  -0.04596,   0.00306,   0.00832,  -0.03195,  -0.04071,   0.03808,  -0.02670,  -0.03020,  -0.02320,  -0.03896,  -0.06522,  -0.01094,  -0.00219,   0.01357,  -0.03896,   0.02057,  -0.04421,   0.00131,  -0.03370,  -0.04246,   0.04333,  -0.12300,  -0.03370,  -0.00394,   0.05734,  -0.00044,   0.00481,   0.00832,   0.02933,  -0.01269,  -0.03195,   0.05034,   0.01182,  -0.04071,  -0.02495,  -0.04946,  -0.02145,   0.06784,  -0.03195,   0.00306,   0.08010,  -0.00919,  -0.02670,  -0.00744,  -0.01269,  -0.01094,   0.03808,  -0.00394,  -0.05121,  -0.06347,  -0.00044,   0.06084,  -0.03721,  -0.05646,   0.06784,  -0.01094,  -0.04421,  -0.01444,  -0.05296,  -0.01094,  -0.08973,   0.05734,  -0.08798
   0.05034,  -0.03020,   0.00657,  -0.04946,  -0.04946,   0.01882,  -0.02495,   0.02933,   0.02407,   0.08010,  -0.01094,   0.04508,   0.01532,  -0.00394,   0.00657,  -0.03370,   0.00832,   0.07835,  -0.03721,   0.03283,  -0.02145,  -0.07922,  -0.04596,  -0.02670,   0.01182,  -0.00569,  -0.02495,  -0.14400,   0.01707,  -0.06522,   0.01357,   0.00481,  -0.04071,   0.03458,  -0.05296,  -0.01444,  -0.02495,   0.02582,  -0.00219,   0.00131,   0.01882,  -0.00219,   0.02582,   0.00131,  -0.00044,   0.01357,  -0.01094,   0.00657,  -0.04946,   0.00832,   0.00306,  -0.01269,  -0.03020,  -0.06522,   0.04158,  -0.02845,   0.05209,  -0.02845,   0.03808,  -0.02320,  -0.00919,   0.03633,   0.02757,  -0.02145,  -0.00744,  -0.00394,   0.07310,   0.02057,  -0.04246,  -0.00394,   0.06784,   0.03458,  -0.00744,  -0.01444,   0.04508,   0.05734,   0.04508,   0.00481,  -0.06347,   0.03633,  -0.01970,   0.04683,   0.02407,   0.00832,  -0.06697,   0.05384,  -0.02845,  -0.06697,   0.02407,   0.01007,  -0.00394,   0.04333,   0.04508,  -0.00044,  -0.06172,  -0.03545,  -0.01970,   0.06434,   0.05209,   0.04158,  -0.04421,  -0.03370,   0.03458,  -0.00394,   0.00131,  -0.01620,  -0.05121,  -0.06697,  -0.00044,   0.00481,  -0.03545,   0.04508,   0.00481,   0.02757,  -0.02845,  -0.01970,  -0.01620,  -0.02145,   0.08535,  -0.02845,   0.02057,  -0.04596,   0.00481,  -0.01444,  -0.04246,  -0.01444,   0.04333,   0.03283,  -0.04946,  -0.01620,   0.03983,   0.00131,  -0.03020,  -0.02845,  -0.00744,  -0.03020,   0.00306,   0.06609,   0.03633,  -0.09148,   0.02933,  -0.02145,   0.07310,   0.02933,   0.03108,   0.03808,   0.03283,   0.00306,  -0.04596,   0.04158,   0.03808,   0.05209,   0.04158,   0.02057,  -0.02320,  -0.00569,   0.03108,  -0.02145,   0.04858,   0.00832,   0.01182,   0.02933,  -0.02320,   0.01007,  -0.01620,   0.01007,   0.01707,  -0.03721,   0.07310,   0.01007,   0.08535,   0.06084,   0.01182,   0.03283,  -0.07397,   0.03283,  -0.05997,   0.01357,   0.01532,  -0.02145,  -0.01795,  -0.05822,  -0.08098,  -0.00394,   0.04333,   0.03108,   0.00832,   0.06784,   0.06784,  -0.09673,  -0.00394,   0.01882,   0.00481,  -0.09498,   0.01882,  -0.03545,   0.01532,   0.05384,  -0.03020,  -0.10899,  -0.03721,   0.00131,  -0.00569,  -0.04771,  -0.05121,  -0.05471,   0.01882,  -0.01269,   0.03283,   0.02757,   0.02057,  -0.03020,  -0.01269,   0.03983,   0.00131,   0.00832,  -0.00919,   0.03283,   0.05209,  -0.02845,   0.05034,   0.03283,  -0.00394,   0.02933,   0.02582,   0.00832,  -0.02845,   0.08885,  -0.01620,   0.00657,  -0.03370,   0.01882,   0.07485,   0.05734,  -0.03545,  -0.04771,  -0.01094,  -0.02145,   0.03458,   0.03983,   0.05559,   0.02582,  -0.04246,   0.02757,   0.00306,   0.06609,   0.02057,   0.05209,  -0.04421,   0.04333,  -0.04071,   0.06784,  -0.04596,  -0.00744,   0.00481,   0.01882,  -0.06347,   0.07485,  -0.00219,  -0.00394,  -0.05121,  -0.00044,  -0.00044,   0.00481,  -0.00219,   0.05559,   0.03983,   0.00657,   0.02933,  -0.05296,   0.01882,   0.01532,  -0.01269,  -0.07747,  -0.01970,  -0.00394,   0.05559,   0.06434,   0.00481,   0.03458,   0.06259,  -0.03195,  -0.02670,   0.10461,  -0.03545,   0.03983,   0.08185,   0.01007,   0.01007,  -0.04771,  -0.05646,  -0.02145,   0.03458,   0.07660,   0.00832,  -0.05296,  -0.03545,   0.13087,   0.05909,  -0.04421,  -0.05296,  -0.02320,   0.03808,   0.01182,  -0.02670,  -0.02495,  -0.04246,  -0.01269,  -0.00919,   0.00832,  -0.01094,   0.08010,   0.06434,  -0.01795,  -0.00219,   0.04333,   0.01357,   0.01182,   0.02757,  -0.08973,  -0.01094,  -0.00394,  -0.00744,   0.05909,   0.03633,   0.05909,   0.05559,  -0.01970,  -0.01795,   0.02582,   0.00832,  -0.03545,  -0.01970,   0.00306,  -0.01620,   0.00306,   0.01707,  -0.00744,   0.01007,  -0.09498,  -0.04071,  -0.01620,  -0.06872,  -0.07222,   0.01707,  -0.01094,   0.02757,  -0.01795,   0.01182,   0.04858,  -0.05646,   0.03108,   0.05909,  -0.03370,   0.06609,  -0.03370,  -0.04246,   0.00306,  -0.00044,  -0.04771,  -0.06522,   0.00657,  -0.03896,  -0.00919,  -0.02145,   0.01707,   0.02407,  -0.04596,   0.03108,   0.03633,  -0.05997,   0.13788,   0.01707,  -0.08448,  -0.04246,   0.08360,  -0.00919,   0.00481,   0.04333,  -0.01970,   0.00131,  -0.07747,   0.07835,  -0.04071,  -0.05646,  -0.04771,  -0.01094,  -0.00744,  -0.05822,   0.01532,  -0.07047,  -0.00219,   0.00657,  -0.01094,   0.02757,   0.07835,  -0.07047,  -0.00744,   0.00832,   0.03108,   0.02232,  -0.02320,  -0.03195,   0.04683,  -0.01444,  -0.04071,   0.05909,  -0.02145,  -0.01094,   0.01707,  -0.05646,  -0.01620,   0.02232,   0.05384,   0.09411,  -0.04246,   0.00306,  -0.01795,  -0.00744,   0.01182,  -0.04246,   0.00306,  -0.00044,   0.00832,  -0.04246,  -0.10023,  -0.02145,   0.02582,  -0.01795,  -0.04771,   0.02933,   0.00481,  -0.00219,   0.00481,  -0.02145,  -0.01970,   0.00306,   0.01882,  -0.06522,   0.00657,  -0.00219,  -0.16677,   0.08360,  -0.01269,   0.07835,  -0.02845,   0.03808,  -0.07572,  -0.00744,   0.03108,  -0.04071,  -0.06872,  -0.05121,   0.06959,  -0.03020,  -0.01970,   0.07135,   0.00481,   0.04683,  -0.03195,  -0.03370,   0.01182,  -0.04596,   0.02057,   0.07835,  -0.06522,  -0.00394,   0.03283,   0.01707,  -0.02145,   0.01882,  -0.06172,  -0.06522,   0.04508,   0.00832,  -0.04946,  -0.06172,   0.04508,  -0.08973,  -0.00044,  -0.04771,  -0.00744,  -0.03195,   0.00306,  -0.02845,  -0.01444,   0.03808,   0.01882,   0.01532,  -0.05822,   0.03808,   0.06434,  -0.01094,  -0.00744,   0.01182,   0.06784,  -0.09848,  -0.03545,   0.05384,  -0.01094,  -0.00394,   0.03458,   0.03983,  -0.06522,  -0.02845,  -0.02495,   0.00832,   0.10286,   0.00131,   0.02057,  -0.00569,   0.02232,   0.00657,   0.08885,  -0.05296,  -0.03545,  -0.03721,   0.02232,  -0.00394,   0.01007,   0.06434,  -0.05822,  -0.00919,   0.05384,  -0.01620,   0.01007,   0.00131,   0.02582,  -0.02145,  -0.01444,  -0.03195,   0.05034,   0.01182,   0.02933,  -0.02320,  -0.01970,   0.06609,  -0.06697,   0.01532,   0.00131,  -0.00044,  -0.00044,  -0.01795,   0.03808,   0.03633,  -0.04246,  -0.02145,  -0.01444,  -0.01444,  -0.02320,   0.01882,   0.03283,   0.00131,  -0.06172,   0.05209,   0.03983,  -0.03020,  -0.01795,   0.00832,   0.03108,  -0.05471,  -0.00744,   0.05209,   0.02057,   0.09235,  -0.02145,  -0.06522,   0.04508,  -0.04246,   0.01882,   0.01182,  -0.05296,  -0.07747,  -0.05121,  -0.02845,   0.02232,  -0.01620,   0.00481,  -0.00569,   0.01357,  -0.03370,  -0.03020,   0.02757,   0.07485,   0.02232,   0.00657,  -0.04071,   0.04508,  -0.04421,  -0.00569,  -0.00219,  -0.00394,  -0.07222,  -0.00569,  -0.05997,  -0.00394,  -0.02320,  -0.03195,  -0.00044,  -0.05646,  -0.04596,  -0.07922,   0.06084,  -0.03020,   0.03808,   0.02757,   0.03283,   0.00306,   0.04858,  -0.02670,   0.00131,   0.05734,  -0.02145,   0.00657,   0.00481,   0.00832,   0.03808,  -0.00219,   0.06784,   0.05734,   0.08010,  -0.00569,   0.03633,  -0.00569,  -0.04246,   0.01707,  -0.02670,   0.09411,  -0.05296,  -0.05646,  -0.01269,   0.03108,  -0.03370,  -0.01620,  -0.01970,   0.00131,  -0.04596,   0.06259,   0.10811,  -0.01795,  -0.11424,   0.00131,  -0.00219,  -0.05121,  -0.13700,  -0.03195,  -0.04421,  -0.01269,   0.00306,  -0.03370,  -0.05121,  -0.00569,   0.03983,   0.00657,   0.07310,   0.00306,  -0.01795,   0.02933,  -0.01094,  -0.00919,  -0.02495,   0.01707,  -0.05121,   0.00131,  -0.06697,  -0.03370,  -0.02145,   0.02582,   0.02232,   0.05909,  -0.00219,  -0.01795,   0.05209,   0.12387,  -0.06522,  -0.02845,   0.05559,   0.05209,  -0.03020,  -0.00044,   0.02582,   0.01707,   0.04508,  -0.00044,   0.01532,  -0.02845,   0.00131,  -0.00219,   0.03808,   0.08885,   0.03633,  -0.04596,  -0.06872,   0.00657,  -0.00569,   0.00481,  -0.05121,   0.06259,  -0.00744,   0.03633,  -0.00744,  -0.00394,  -0.00569,   0.02232,   0.01007,   0.01532,  -0.06697,  -0.00919,   0.00481,  -0.02495,   0.01532,   0.00657,  -0.01970,  -0.02845,   0.03458,  -0.08973,  -0.00744,  -0.09673,   0.02933,  -0.02320,   0.06259,   0.04158,   0.00657,  -0.14225,  -0.02845,   0.05734,   0.02757,   0.05734,   0.04683,  -0.00394,   0.02757,   0.09411,   0.01882,  -0.01444,  -0.02845,   0.04858,   0.03983,  -0.05296,   0.00131,  -0.01444,  -0.04596,  -0.07047,  -0.00919,   0.00306,  -0.04771,  -0.02495,   0.03458,   0.00306,   0.02933,   0.02933,   0.01007,  -0.07222,   0.00306,  -0.01444,  -0.03370,   0.03108,  -0.03721,  -0.00919,  -0.01795,  -0.02495,   0.00832,  -0.01094,   0.01532,  -0.02845,  -0.00219,   0.06959,   0.03458,  -0.09848,  -0.04596,   0.03283,  -0.00044,   0.00306,   0.02057,  -0.05471,   0.04858,   0.00481,  -0.05296,  -0.03721,   0.00832,  -0.00919,   0.00481,   0.01357,   0.01182,   0.03808,   0.01007,   0.03808,   0.03108,   0.06259,   0.03108,   0.12037,   0.03458,   0.02057,  -0.01795,   0.04333,  -0.04246,  -0.01444,   0.04508,  -0.01620,  -0.02145,  -0.03020,   0.02057,  -0.04596,  -0.00219,  -0.09323,   0.05559,   0.01532,  -0.01094,  -0.01444,  -0.05646,   0.01007,   0.02057,  -0.06872,   0.01707,   0.05559,   0.01707,  -0.00919,   0.00306,  -0.00569,  -0.01620,  -0.02145,  -0.04946,  -0.01444,  -0.03195,   0.02933,   0.03983,   0.02232,   0.04508,  -0.06347,  -0.08098,   0.06259,  -0.03020,  -0.02145,   0.04333,  -0.07222,  -0.04071,   0.02933,  -0.03020,  -0.00569,   0.01532,   0.02757,  -0.03020,   0.00481,   0.00657,   0.02582,   0.02407,  -0.04946,   0.02933,  -0.07047,  -0.00744,   0.03808,  -0.00919,  -0.02495,   0.04858,   0.00131,   0.05909,   0.05034,  -0.00394,   0.05384,  -0.04246,  -0.03370,   0.05734,  -0.03545,  -0.06697,   0.01882,   0.02407,  -0.07572,   0.03983,   0.00657,  -0.00394,  -0.05121,  -0.04246,   0.03283,   0.09586,   0.00481,  -0.01094,  -0.07397,  -0.04421,   0.07835,   0.03283,   0.03808,   0.02933,  -0.02670,   0.02933,  -0.00219,   0.01707,  -0.03896,  -0.03370,   0.05209,   0.00832,  -0.07397,   0.00481,   0.01182,   0.03808,   0.03108,  -0.05822,  -0.01444,  -0.02320,  -0.04421,  -0.00219,  -0.01094,   0.03283,   0.02407,  -0.01620,   0.09586,  -0.03545,  -0.00219,  -0.01795,  -0.02495,   0.00131,   0.02407,  -0.03195,  -0.03370,  -0.01444,  -0.05822,  -0.04071,  -0.02495,  -0.02845,  -0.03721,  -0.07572,  -0.03545,  -0.00569,   0.06259,  -0.01444,  -0.00569,  -0.03896,   0.04158,   0.01882,   0.00481,   0.05909,  -0.07047,  -0.02145,  -0.00744,   0.04333,  -0.04071,   0.01357,   0.06609,  -0.06172,  -0.06697,   0.00657,   0.07310,   0.00481,   0.00832,  -0.02145,   0.00481,   0.09060,   0.01707,   0.01357,  -0.09673,   0.06434,   0.05209,  -0.00394,  -0.05646,   0.05559,   0.00306,  -0.03020,  -0.04071,   0.03808,   0.01007,  -0.02845,   0.01357,   0.03808,  -0.02145,   0.05909,  -0.00569,  -0.01620,  -0.04596,  -0.03195,   0.03808,  -0.03370,   0.05559,   0.02757,   0.01707,   0.01707,  -0.01269,   0.01007,  -0.03545,  -0.05822,  -0.03370,   0.03458,  -0.03896,  -0.08098,   0.01882,   0.06609,  -0.00919,   0.05209,   0.03283,  -0.02670,   0.07485,   0.04508,   0.03808,  -0.00394,   0.01357,  -0.03370,  -0.02320,  -0.08973,  -0.00919,  -0.04246,   0.05909,  -0.06172,  -0.05997,  -0.04246,   0.02407,  -0.01795,  -0.11424,  -0.06872,  -0.06347,  -0.02495,  -0.02845,  -0.05296,   0.00481,  -0.01444,   0.00481,  -0.01094,   0.02757,  -0.07922,  -0.02670,   0.00306,   0.03283,   0.02757,   0.02407,   0.00306,   0.01707,  -0.01795,   0.05034
   0.00481,  -0.01970,   0.04333,   0.03808,  -0.00044,   0.05909,   0.02582,  -0.04596,   0.01707,   0.01007,  -0.02495,   0.05384,  -0.01269,  -0.01444,   0.04333,  -0.05471,   0.03283,   0.02057,  -0.02845,   0.01357,   0.02757,   0.00306,  -0.02670,   0.00657,  -0.01269,   0.05559,  -0.02145,   0.06959,   0.04158,  -0.00219,   0.01707,   0.06259,   0.00131,   0.00657,   0.00657,  -0.00569,  -0.02320,  -0.04246,  -0.04071,   0.02933,   0.01007,  -0.06172,  -0.02670,  -0.02670,   0.00131,  -0.03195,  -0.06697,  -0.00744,   0.00657,  -0.05646,  -0.03896,   0.01007,  -0.04421,   0.01007,  -0.08448,   0.01532,   0.04858,  -0.00044,   0.10111,   0.04158,   0.04858,   0.00131,   0.04333,   0.05034,  -0.03020,  -0.04071,   0.03808,   0.01882,  -0.00219,  -0.04596,   0.06084,  -0.07747,  -0.02670,  -0.03195,  -0.03195,   0.05209,   0.01007,  -0.03545,   0.03633,  -0.00569,   0.03458,  -0.01444,   0.05909,  -0.13000,  -0.01444,   0.00131,   0.04333,  -0.03020,   0.03458,   0.01357,   0.00131,  -0.05296,   0.01357,   0.06784,  -0.00919,  -0.05822,  -0.04421,  -0.02670,   0.05734,   0.02407,  -0.01620,   0.03458,  -0.08798,   0.04508,  -0.04071,  -0.02845,   0.00657,   0.00832,  -0.06522,  -0.10374,   0.04158,  -0.06522,   0.00481,   0.01007,   0.00657,   0.01182,  -0.01444,  -0.00219,  -0.00219,  -0.04421,   0.03108,  -0.02495,   0.02232,  -0.03195,   0.06609,   0.05209,   0.00131,   0.05384,  -0.01094,  -0.05296,  -0.02845,  -0.10023,   0.00306,  -0.00394,  -0.02320,  -0.02845,  -0.01094,   0.00306,  -0.06522,   0.01357,  -0.03020,  -0.10899,   0.01007,   0.15363,  -0.00219,   0.03633,   0.01532,  -0.00394,  -0.04246,   0.03808,   0.03808,   0.00657,   0.04333,  -0.02320,   0.01532,   0.04333,   0.04858,  -0.04596,   0.01007,   0.04508,  -0.03370,  -0.09148,   0.09411,  -0.01970,   0.02757,   0.00481,  -0.00219,   0.04858,   0.01532,  -0.03721,   0.08535,   0.01182,   0.01532,  -0.02320,  -0.03370,   0.05384,  -0.00044,   0.04158,  -0.01795,  -0.00219,   0.00481,   0.04158,  -0.00569,  -0.05822,   0.01707,  -0.01094,   0.04158,   0.00832,  -0.00219,  -0.04771,  -0.02145,  -0.10199,  -0.01620,  -0.07047,   0.02407,   0.04858,  -0.05296,   0.03283,   0.01882,  -0.02145,  -0.04421,  -0.03896,   0.01707,   0.03808,  -0.00569,  -0.05121,   0.01357,   0.04333,  -0.03545,   0.00131,   0.13613,   0.01707,   0.04683,  -0.06872,  -0.07222,  -0.03896,   0.00481,   0.04158,  -0.03370,  -0.05296,   0.00832,   0.01707,   0.05034,   0.02933,   0.06784,  -0.02495,  -0.01444,  -0.02320,  -0.07747,   0.00131,   0.00131,   0.01707,  -0.00919,   0.03283,  -0.04071,   0.03633,   0.11512,  -0.00394,   0.00832,  -0.02670,   0.03983,   0.01182,   0.04158,  -0.02845,   0.08535,  -0.09148,   0.05734,  -0.01620,  -0.05296,  -0.02320,   0.04508,  -0.00744,   0.05034,   0.04508,  -0.00919,  -0.03195,   0.02582,   0.03108,  -0.03195,  -0.03020,  -0.05471,  -0.02320,   0.06784,  -0.01269,   0.04158,   0.04683,   0.02407,   0.01007,   0.00306,   0.01182,   0.03283,  -0.06697,   0.04508,   0.07485,  -0.01444,   0.05034,   0.10286,  -0.00919,  -0.02845,  -0.02145,  -0.03370,  -0.01444,  -0.03545,  -0.07922,  -0.01795,   0.06084,  -0.06697,  -0.14576,   0.00306,  -0.02845,  -0.05997,   0.06434,   0.05909,   0.03983,   0.05559,  -0.01795,   0.04158,   0.06959,   0.02232,   0.00306,   0.02057,   0.03283,   0.02933,  -0.07047,   0.00481,   0.01882,  -0.00569,   0.01007,   0.02582,  -0.07047,   0.04858,  -0.04071,   0.04508,  -0.03896,   0.03808,   0.05034,  -0.08798,  -0.01620,   0.06784,  -0.04771,  -0.06872,  -0.06172,  -0.02670,  -0.03020,  -0.00219,  -0.05822,   0.02057,   0.03808,   0.03458,   0.03458,   0.02933,   0.02232,  -0.03020,  -0.03195,  -0.02145,  -0.03721,  -0.02845,  -0.02320,  -0.02495,   0.02582,   0.03108,  -0.03896,  -0.01970,  -0.03896,   0.01532,   0.05909,  -0.00044,  -0.07222,   0.06084,   0.01532,   0.06609,  -0.02845,  -0.02495,   0.00131,   0.02057,  -0.00744,   0.01882,   0.01182,  -0.01970,  -0.03370,   0.05734,   0.01882,   0.06609,   0.02933,   0.00131,   0.05909,  -0.00394,  -0.10199,   0.02933,  -0.00219,  -0.00919,   0.05734,  -0.05997,  -0.05997,   0.04333,   0.02232,   0.08535,   0.01182,   0.08010,  -0.04596,  -0.05296,   0.00657,  -0.05296,   0.00832,  -0.01444,  -0.05121,   0.01882,   0.04508,   0.01357,   0.04508,  -0.02320,   0.00131,   0.00306,  -0.03896,  -0.00044,   0.05209,   0.00131,   0.04683,  -0.02670,   0.01532,   0.05209,  -0.09323,   0.00481,   0.09060,  -0.02145,  -0.07047,  -0.05822,  -0.03370,  -0.01795,   0.06259,  -0.03195,   0.04508,   0.06084,   0.00306,  -0.00744,   0.03108,   0.07660,  -0.02845,   0.06084,  -0.02320,   0.07310,   0.00832,   0.02582,  -0.03020,  -0.10549,   0.07485,  -0.02845,   0.00306,   0.03108,   0.00832,   0.01182,  -0.00919,  -0.06872,  -0.00919,  -0.03020,  -0.05822,   0.03458,   0.04683,  -0.04071,   0.09235,  -0.01094,  -0.04946,  -0.01094,  -0.00394,  -0.05646,   0.01357,  -0.09848,  -0.00744,   0.04683,  -0.00044,  -0.00219,   0.01707,  -0.07572,   0.02232,  -0.00919,   0.01532,  -0.05296,   0.03283,   0.01532,  -0.00919,  -0.06172,   0.02933,  -0.00044,  -0.08098,  -0.00394,   0.02582,  -0.01444,   0.00481,  -0.03370,  -0.02320,   0.09936,  -0.01444,   0.01357,  -0.03370,  -0.04421,  -0.01620,   0.06609,   0.03283,  -0.01620,  -0.01620,   0.02057,   0.00131,   0.02757,   0.01707,  -0.00919,   0.00306,   0.03808,   0.02057,   0.01182,  -0.10199,  -0.08273,   0.00481,   0.07660,  -0.01094,  -0.05121,   0.05559,  -0.04421,  -0.02495,   0.00832,   0.01882,   0.02057,   0.07310,  -0.03195,  -0.00569,   0.05034,   0.00306,  -0.04596,  -0.02320,  -0.03721,  -0.05822,   0.01532,  -0.06172,   0.08535,  -0.03020,  -0.05296,   0.08885,  -0.03370,   0.05034,  -0.02495,   0.02933,  -0.04421,   0.00832,  -0.03721,  -0.00394,   0.01882,  -0.02145,   0.05909,   0.00306,  -0.07572,   0.02582,   0.02407,   0.00657,   0.03458,   0.02407,  -0.04421,   0.03983,  -0.03896,  -0.01444,   0.01707,   0.09411,  -0.03545,  -0.01444,  -0.07047,  -0.02845,   0.07660,   0.03633,  -0.00219,   0.03283,  -0.03195,  -0.01795,  -0.02670,   0.02757,  -0.02845,   0.02582,   0.05559,  -0.02495,  -0.04246,   0.01007,   0.01532,   0.00657,   0.04158,  -0.02145,   0.03983,   0.02057,  -0.07222,  -0.01795,   0.00131,  -0.01970,  -0.01444,   0.05559,   0.00481,  -0.02670,  -0.00919,  -0.05296,  -0.00569,   0.03808,   0.04158,   0.00306,   0.05034,   0.07135,  -0.03896,   0.02582,   0.02757,  -0.09323,  -0.01620,  -0.02495,   0.00832,  -0.03195,  -0.04246,  -0.02145,  -0.00044,   0.07135,  -0.05997,  -0.00569,   0.07135,  -0.05646,  -0.00919,  -0.03195,   0.00131,  -0.04771,   0.05559,   0.07135,   0.01182,   0.00306,  -0.01620,  -0.01970,  -0.06697,  -0.02495,  -0.03896,  -0.05296,  -0.00744,   0.01882,  -0.06172,  -0.02145,   0.02407,  -0.02320,  -0.03370,  -0.04421,  -0.00219,   0.04858,  -0.00569,   0.00306,   0.05559,  -0.02320,   0.08360,  -0.00569,  -0.03020,  -0.01444,  -0.04946,  -0.04246,  -0.01795,   0.02757,   0.01007,  -0.02145,  -0.03195,  -0.06697,  -0.06697,   0.00306,   0.04333,  -0.02670,  -0.00744,  -0.02495,   0.04683,  -0.03020,  -0.02495,  -0.00569,   0.05734,  -0.00219,   0.02232,  -0.03370,  -0.01970,  -0.03721,   0.04333,  -0.06522,   0.11336,  -0.01970,   0.00832,   0.06084,   0.04858,  -0.04771,   0.00481,  -0.01269,  -0.05121,  -0.02495,  -0.03896,   0.00306,   0.01707,  -0.01094,  -0.00919,   0.01007,  -0.06872,  -0.00569,  -0.01795,  -0.07047,  -0.03370,   0.09411,  -0.02845,   0.02232,  -0.01269,   0.02933,  -0.02145,  -0.01795,  -0.03370,  -0.01444,  -0.05296,   0.03108,   0.05559,   0.07310,   0.01007,   0.03283,  -0.03545,   0.05209,  -0.03721,  -0.02670,   0.10286,  -0.00394,   0.02582,  -0.02670,   0.02933,   0.05209,   0.00832,   0.02407,   0.01532,   0.03283,   0.01532,   0.01357,   0.01532,   0.03808,  -0.06172,   0.02057,   0.00832,   0.05209,   0.04158,  -0.00569,  -0.10899,  -0.03896,  -0.00044,   0.04683,  -0.04946,   0.00832,  -0.09673,   0.05384,  -0.04071,   0.07835,  -0.01444,   0.00832,  -0.05296,   0.02407,  -0.05121,  -0.00044,   0.05909,   0.05034,  -0.01094,  -0.01269,  -0.01620,   0.00481,   0.03108,   0.03808,  -0.00919,   0.01007,  -0.02320,  -0.06347,   0.03633,  -0.00394,  -0.03195,   0.05209,  -0.07047,  -0.00219,   0.03283,   0.03458,  -0.09148,  -0.01444,   0.02407,   0.03458,   0.00657,  -0.00919,   0.02057,  -0.03370,   0.03283,   0.02232,   0.05384,   0.03808,  -0.14050,  -0.05121,  -0.00044,  -0.07922,   0.07135,  -0.10549,  -0.01795,   0.03458,  -0.02495,  -0.05822,   0.02757,  -0.00569,  -0.02495,  -0.07397,   0.06084,  -0.02845,   0.00306,   0.07485,   0.03808,  -0.05121,   0.07485,   0.03633,   0.01007,   0.04683,   0.01182,   0.05384,  -0.01094,   0.02057,   0.01182,  -0.00394,   0.01882,   0.00481,  -0.00744,  -0.02670,   0.01707,   0.05209,   0.03633,  -0.03896,  -0.04246,  -0.06347,  -0.02845,   0.01182,  -0.02845,   0.03633,   0.02933,  -0.05646,   0.03283,  -0.03370,  -0.01795,  -0.05296,   0.03283,  -0.00044,   0.02582,  -0.01269,  -0.02320,  -0.06347,  -0.02495,   0.08360,   0.01707,   0.04683,  -0.03195,   0.02407,   0.09411,   0.04858,   0.01182,   0.09761,  -0.04946,   0.02232,  -0.06172,  -0.04246,  -0.05121,  -0.01620,  -0.08623,   0.03633,   0.06084,  -0.00394,  -0.01620,   0.06434,  -0.00044,  -0.03721,  -0.00919,   0.00657,  -0.01620,  -0.07922,  -0.02845,  -0.00744,  -0.01444,   0.03283,   0.05734,  -0.00044,  -0.10199,   0.07835,   0.13087,   0.06609,  -0.02320,   0.02057,   0.03283,  -0.03721,   0.00481,   0.02057,  -0.00744,   0.03283,   0.10111,   0.06259,  -0.02670,  -0.02320,  -0.08798,  -0.04246,   0.03283,   0.00832,   0.03108,   0.00306,   0.00481,   0.03108,  -0.02145,   0.02407,   0.01532,  -0.01269,  -0.00569,  -0.06172,   0.01182,   0.03633,  -0.03195,  -0.06347,   0.10986,   0.04158,  -0.00219,  -0.02670,  -0.03370,  -0.04596,  -0.02320,   0.07135,   0.05559,   0.02933,   0.08535,  -0.00044,   0.01007,  -0.02145,   0.07135,  -0.03545,   0.01882,  -0.03721,  -0.00394,   0.02933,   0.05559,  -0.07747,  -0.02320,   0.03108,   0.02757,   0.00657,   0.01357,   0.02057,  -0.01970,  -0.02495,   0.02757,   0.04333,  -0.13700,   0.09586,  -0.08448,   0.02057,   0.02407,   0.05734,   0.01882,  -0.02670,   0.00657,  -0.05997,   0.03283,  -0.02670,   0.07835,  -0.01795,   0.03983,   0.02407,  -0.03370,  -0.07572,  -0.02320,  -0.00919,  -0.02145,  -0.05471,   0.02582,   0.03458,  -0.02495,   0.06609,  -0.05121,  -0.07397,   0.05559,  -0.04771,  -0.04596,  -0.07222,  -0.05997,  -0.00219,   0.01357,   0.08885,  -0.04771,  -0.01620,   0.01007,  -0.03721,  -0.02320,   0.05559,  -0.06172,  -0.00219,   0.02407,  -0.01795,  -0.02845,   0.09761,   0.06434,   0.06434,   0.07485,   0.00832,  -0.00044,   0.02757,  -0.03195,   0.03458,  -0.04596,  -0.00394,   0.05734,   0.00131,   0.03458,  -0.00394,  -0.03195,   0.00832,   0.09761,   0.04158,   0.01182,  -0.04246,   0.04333,   0.03283,  -0.04071,  -0.08798,   0.03983,  -0.00744,  -0.01795,   0.03633,   0.06084,  -0.05296,   0.01182,  -0.05121,   0.04508,   0.02232,   0.00131,  -0.04771,   0.01007,  -0.00219,   0.00481,  -0.02670,  -0.01269,   0.01882,  -0.02495,   0.05559,   0.02232,   0.05209,   0.01182,  -0.05822,  -0.04246,  -0.07922,   0.08360,  -0.01620,   0.04333,  -0.01620,   0.01882,  -0.00569,  -0.01620,  -0.00569
   0.11687,  -0.04946,   0.07135,   0.03458,  -0.10549,  -0.08448,  -0.04946,   0.02933,   0.00481,   0.00481,  -0.05471,   0.00657,   0.06434,  -0.07397,   0.04158,  -0.00569,   0.05384,  -0.04246,  -0.05121,   0.02582,  -0.05296,  -0.01269,  -0.02670,  -0.03370,   0.08360,  -0.04596,  -0.01970,  -0.03020,  -0.03545,  -0.06697,  -0.04421,   0.02582,  -0.04946,   0.02232,  -0.03020,   0.03458,  -0.00569,  -0.01795,   0.02057,   0.03283,   0.01707,  -0.00044,   0.03283,  -0.01269,   0.00481,  -0.05296,   0.02582,   0.03458,  -0.05296,   0.05209,  -0.03896,  -0.06697,   0.03808,  -0.03896,  -0.00569,   0.00131,  -0.00219,   0.00657,   0.01007,   0.00657,  -0.02320,  -0.05296,  -0.03195,   0.06959,  -0.07397,   0.05559,  -0.11424,  -0.09848,  -0.01444,  -0.00919,  -0.08623,   0.08360,  -0.08448,   0.02757,  -0.01269,   0.01532,  -0.03545,  -0.06872,  -0.01094,  -0.05997,   0.05034,   0.06084,   0.10811,  -0.03370,   0.01882,   0.04683,   0.04858,  -0.05646,   0.07485,  -0.01795,   0.01882,  -0.00219,  -0.04421,  -0.02670,  -0.04771,   0.04508,  -0.03545,  -0.08098,   0.05734,  -0.01795,  -0.00394,  -0.03020,   0.03108,  -0.03721,   0.00306,  -0.06522,   0.02057,  -0.02495,   0.01882,   0.02582,  -0.02670,   0.03458,   0.03458,  -0.07397,   0.00481,  -0.03545,  -0.06522,   0.02232,  -0.00744,  -0.02670,   0.07135,   0.04333,   0.06259,  -0.03195,  -0.04071,  -0.03896,  -0.01795,  -0.03545,   0.07135,  -0.00219,  -0.04946,  -0.04596,   0.01182,  -0.05296,   0.03108,  -0.01269,  -0.00219,   0.06084,  -0.01444,   0.02757,  -0.01795,   0.02057,  -0.01269,  -0.00569,  -0.06347,  -0.04771,   0.00131,  -0.00744,   0.00832,  -0.00744,   0.03458,  -0.02845,   0.03108,   0.04158,  -0.01620,  -0.01620,  -0.04071,  -0.02145,   0.08535,   0.01707,   0.04683,   0.02582,   0.03283,   0.04158,  -0.07747,   0.02757,   0.00306,   0.01007,  -0.00219,  -0.03545,   0.05909,  -0.02145,   0.03983,   0.06434,   0.01532,   0.03808,  -0.00744,   0.01182,   0.01707,   0.07485,   0.10111,   0.03633,  -0.02145,  -0.02145,   0.02933,  -0.05296,  -0.03195,  -0.01094,  -0.01269,   0.01182,   0.01007,   0.03633,   0.03108,   0.03283,   0.01007,  -0.06347,  -0.00919,   0.04683,  -0.01795,   0.01532,   0.02933,  -0.07047,  -0.01970,  -0.04246,   0.01707,  -0.09148,  -0.01795,   0.06434,   0.02582,  -0.03020,   0.00131,   0.00481,   0.01532,  -0.03195,   0.01007,  -0.00569,  -0.07047,   0.04683,   0.00832,   0.04158,  -0.02495,   0.02232,  -0.02670,  -0.07397,  -0.00394,   0.05559,  -0.04071,  -0.01795,  -0.04771,  -0.02495,   0.02057,   0.05209,  -0.04071,   0.06259,   0.03458,   0.02933,   0.03458,  -0.00219,  -0.02320,  -0.00044,   0.03458,  -0.00394,  -0.05121,  -0.01970,   0.04508,  -0.03545,   0.10811,   0.03458,   0.02757,  -0.02495,  -0.02670,  -0.01795,  -0.08973,  -0.05471,   0.03458,  -0.10023,  -0.04596,  -0.00394,   0.01007,  -0.01970,  -0.06347,  -0.00744,   0.03808,   0.00481,   0.02232,   0.05209,   0.06609,   0.01182,  -0.01269,   0.01357,  -0.13350,   0.03283,  -0.00744,  -0.03020,  -0.00744,  -0.03721,  -0.02320,   0.02057,  -0.08098,  -0.05296,   0.05209,  -0.03370,  -0.01094,   0.00306,   0.02582,   0.00131,  -0.01269,  -0.10724,  -0.02145,  -0.01444,  -0.00044,  -0.03020,   0.07835,  -0.03195,  -0.06347,   0.06609,  -0.04946,  -0.05121,  -0.02145,   0.03108,   0.00832,  -0.02320,  -0.04771,  -0.02670,  -0.03195,  -0.02145,  -0.07397,  -0.04071,  -0.04421,  -0.01444,  -0.04596,   0.01707,   0.04508,   0.00832,  -0.03721,   0.05034,  -0.01269,  -0.02495,   0.05909,   0.02057,   0.03808,   0.02933,   0.02057,  -0.01269,  -0.03896,   0.02933,  -0.01094,  -0.02495,  -0.00044,  -0.01620,   0.01357,   0.03983,  -0.02670,   0.00832,   0.00657,  -0.04596,   0.01882,   0.00306,   0.09411,   0.03283,   0.10286,   0.00481,   0.03458,   0.00657,   0.07310,   0.01882,  -0.00044,  -0.10374,  -0.01094,  -0.01269,   0.02933,  -0.07922,  -0.03545,   0.03458,   0.01007,  -0.02845,   0.03808,   0.02582,  -0.00219,   0.01357,  -0.10023,   0.00131,  -0.02320,   0.01532,   0.07310,  -0.07047,   0.02582,   0.00131,  -0.00744,  -0.03721,  -0.01444,   0.02582,  -0.06172,  -0.06522,  -0.03195,   0.09060,  -0.01094,  -0.03195,   0.02757,   0.04158,   0.01882,  -0.05121,   0.04683,  -0.02495,   0.00306,  -0.00219,   0.00131,  -0.03896,  -0.00919,   0.01182,  -0.03721,  -0.02145,  -0.02145,  -0.00044,  -0.03370,   0.00657,   0.02232,  -0.03545,   0.06959,   0.03108,   0.04158,  -0.05471,   0.02757,   0.05559,   0.02057,   0.02407,  -0.03721,  -0.00919,  -0.05997,   0.01357,  -0.00919,   0.01357,  -0.04596,   0.03633,   0.08010,   0.02933,   0.00306,  -0.01970,   0.02407,  -0.07397,  -0.02320,  -0.01620,   0.03108,  -0.01094,  -0.04246,   0.00832,  -0.00919,   0.02582,  -0.03721,   0.00131,   0.04683,   0.05559,   0.01707,  -0.01094,   0.00306,  -0.02320,   0.02407,   0.00306,  -0.04771,  -0.08448,  -0.05121,   0.07135,   0.00481,  -0.01795,  -0.02145,   0.03633,   0.01882,  -0.02320,  -0.01269,   0.02407,  -0.05471,   0.04333,   0.00657,  -0.05997,  -0.00394,   0.06784,   0.02582,  -0.07572,   0.03808,   0.04683,   0.02582,   0.07660,   0.07485,  -0.03370,   0.05734,  -0.01444,   0.00657,   0.08185,  -0.05471,  -0.03020,   0.03983,   0.00481,   0.06084,  -0.02495,   0.04508,   0.03283,   0.00657,   0.08360,  -0.00919,   0.00481,   0.00832,   0.00657,  -0.12124,  -0.04946,   0.04333,   0.00131,   0.04333,  -0.01970,  -0.04771,  -0.07222,   0.03983,  -0.02670,   0.03808,   0.03458,   0.11161,  -0.05997,  -0.03370,   0.02582,   0.02757,   0.04683,   0.03108,   0.04858,  -0.02145,   0.03108,  -0.07572,   0.04333,   0.03458,  -0.04771,   0.01007,   0.02582,  -0.07047,  -0.01444,   0.03283,  -0.03721,  -0.02145,  -0.05646,  -0.03721,  -0.01444,  -0.04246,   0.00306,   0.01532,   0.08360,   0.02933,   0.00481,   0.00131,  -0.05121,   0.04683,   0.03983,   0.01707,  -0.05646,   0.04508,   0.05734,  -0.03020,  -0.05822,   0.02933,  -0.01269,   0.03283,  -0.00919,   0.02232,  -0.00919,  -0.02495,  -0.00919,   0.06609,   0.00131,   0.02582,   0.04858,  -0.00394,  -0.03896,  -0.00919,   0.02582,  -0.03195,  -0.08448,  -0.01795,   0.03108,   0.01182,  -0.02670,  -0.03545,  -0.03370,  -0.06347,   0.05734,   0.06259,  -0.06522,  -0.03721,  -0.02320,  -0.02845,   0.03983,  -0.02670,  -0.01795,   0.05559,  -0.01269,  -0.01620,  -0.02495,   0.09761,   0.00832,   0.00306,   0.02933,  -0.00569,  -0.04421,  -0.01094,   0.02407,   0.01707,  -0.04946,   0.02582,   0.00481,  -0.05997,   0.07310,   0.03108,  -0.07047,   0.03633,   0.00657,   0.02582,  -0.03020,   0.05734,  -0.01444,  -0.01970,  -0.00394,  -0.05822,  -0.02320,   0.04333,   0.04333,  -0.04946,   0.05559,   0.01707,   0.01357,  -0.04246,   0.07485,   0.05034,  -0.02320,   0.05559,   0.01707,   0.03983,   0.05559,   0.03808,   0.05209,  -0.07222,  -0.01970,   0.07485,  -0.00919,  -0.01444,   0.02582,   0.03108,   0.01007,  -0.07397,  -0.00394,   0.00306,   0.00306,   0.07660,  -0.01795,   0.07485,   0.10461,  -0.01094,   0.02933,   0.03458,  -0.00044,  -0.04071,  -0.07572,  -0.06872,   0.01882,   0.04508,   0.07660,  -0.00044,   0.00481,   0.02057,   0.02933,   0.01182,  -0.01444,  -0.01620,  -0.02320,  -0.03195,  -0.04946,   0.02582,  -0.00394,  -0.00569,  -0.05121,   0.03983,  -0.01620,  -0.02845,   0.04858,  -0.02145,  -0.04946,   0.08535,  -0.06522,  -0.03370,   0.02407,   0.00131,   0.02582,  -0.03721,  -0.03370,  -0.04246,  -0.04946,  -0.01094,  -0.00569,  -0.01795,   0.05559,  -0.03370,   0.07660,   0.05209,  -0.03020,   0.08185,   0.04333,  -0.05822,   0.00131,   0.01532,  -0.00394,  -0.08273,  -0.05471,  -0.00044,  -0.01970,  -0.02495,  -0.00219,  -0.02320,  -0.00219,   0.02582,   0.02232,   0.07835,   0.04683,  -0.02845,  -0.06172,   0.02582,  -0.00219,  -0.04246,   0.06609,   0.03633,   0.02057,   0.07310,   0.03983,  -0.00044,  -0.01620,   0.08535,   0.01007,   0.05559,   0.04508,   0.01707,  -0.02670,  -0.05471,   0.00657,  -0.03896,  -0.01444,  -0.05296,   0.03458,  -0.01094,  -0.00744,   0.03108,   0.02057,   0.02933,   0.09936,   0.03808,  -0.06347,  -0.02845,  -0.03195,  -0.01094,  -0.03896,  -0.01269,  -0.04421,   0.03633,  -0.03370,  -0.04771,  -0.02320,  -0.00219,   0.05909,   0.02232,  -0.00569,  -0.00394,  -0.03370,   0.00832,  -0.05822,  -0.03195,  -0.05471,  -0.03020,   0.03283,   0.05559,   0.03983,   0.02407,   0.07660,   0.02232,  -0.00044,  -0.01094,  -0.01444,  -0.01795,  -0.04421,  -0.02320,  -0.13175,  -0.07047,  -0.08273,  -0.05646,  -0.05121,  -0.03370,  -0.00744,   0.10461,  -0.02845,  -0.01094,  -0.03020,   0.06609,  -0.01620,   0.00657,   0.02757,  -0.06172,  -0.00919,  -0.01444,  -0.02145,   0.02582,  -0.02845,  -0.04596,  -0.04421,   0.02757,   0.01182,   0.03633,  -0.03370,  -0.06522,  -0.05646,  -0.02670,   0.01182,  -0.02320,   0.00832,  -0.01269,  -0.06172,  -0.01094,  -0.03721,  -0.06347,   0.00131,  -0.02145,   0.01182,   0.07660,   0.01182,  -0.04771,   0.03983,  -0.01620,  -0.02145,  -0.03370,   0.09235,  -0.01620,   0.03633,  -0.00394,   0.04858,  -0.05296,  -0.00044,   0.04858,   0.00657,  -0.05822,  -0.00044,  -0.06172,  -0.03896,  -0.01269,  -0.02670,   0.12387,   0.04508,  -0.07922,   0.01882,   0.04683,   0.06434,   0.02933,   0.02582,  -0.06522,   0.02232,   0.00131,   0.00657,  -0.04596,  -0.08098,  -0.00219,  -0.01269,  -0.08798,   0.00657,   0.04158,  -0.07222,   0.04858,   0.02582,   0.03283,  -0.00744,  -0.02320,   0.03458,   0.00306,   0.06609,   0.05034,   0.04158,   0.03633,   0.06434,   0.00131,  -0.01795,  -0.06697,   0.10636,   0.00306,   0.04683,  -0.04596,   0.02582,  -0.02145,   0.01707,  -0.01269,   0.05209,  -0.10023,   0.05909,   0.01182,   0.00657,  -0.00744,  -0.09323,   0.02582,   0.01182,   0.03458,   0.09235,  -0.00219,  -0.00394,   0.03108,   0.08360,   0.02933,  -0.00219,  -0.00919,   0.01182,  -0.03195,  -0.04421,   0.00306,  -0.00394,  -0.01620,  -0.04596,  -0.00919,   0.04508,  -0.03896,   0.02582,   0.01532,  -0.01795,  -0.01795,   0.03108,  -0.04946,   0.02232,   0.02407,   0.03633,   0.01707,   0.00306,   0.05909,  -0.04071,   0.00131,  -0.03721,   0.03458,   0.03283,  -0.00394,  -0.00219,   0.01182,  -0.08273,  -0.04771,   0.03808,   0.02057,   0.06434,   0.00306,  -0.04246,  -0.03896,  -0.05296,   0.01182,   0.02582,   0.06259,  -0.06347,   0.02582,  -0.00919,   0.02757,   0.02232,   0.02933,  -0.00569,   0.02933,   0.01532,  -0.06347,  -0.00044,   0.03808,  -0.04946,   0.05559,   0.00657,   0.04858,   0.06609,   0.01357,  -0.07047,   0.03983,  -0.01795,  -0.05822,   0.02933,  -0.03020,   0.05559,   0.02232,   0.06784,   0.00131,  -0.03195,  -0.01444,  -0.02670,  -0.02145,   0.04858,   0.05734,  -0.00219,  -0.02845,   0.01357,   0.02057,  -0.00044,  -0.00744,   0.05734,  -0.06172,  -0.07222,   0.03983,   0.04683,  -0.02320,   0.00481,   0.04508,  -0.02495,  -0.03370,   0.02933,   0.05384,  -0.01795,  -0.04071,  -0.02320,  -0.05121,  -0.00919,  -0.00744,  -0.01795,  -0.05121,  -0.02145,   0.03458,   0.00306,   0.07485,   0.01707,   0.03283,  -0.02495,   0.01007,  -0.04771,  -0.04421,  -0.02320,   0.01707,   0.02757,   0.07135,   0.02057,  -0.01795,  -0.03545,   0.02057,   0.01182,  -0.02320,  -0.01620,  -0.02145,  -0.01444,  -0.01269,   0.01182,  -0.03195,   0.01882,   0.01182,   0.03983,  -0.00219,   0.00657,  -0.02495,  -0.01620,   0.06434,  -0.04071,   0.06259,  -0.04071
   0.04508,   0.02933,  -0.05296,   0.02933,   0.05034,   0.00306,  -0.01620,  -0.03721,   0.03458,   0.08185,  -0.01444,   0.01357,  -0.03545,  -0.01620,  -0.05997,   0.04333,   0.04333,  -0.01795,  -0.02145,  -0.00744,   0.04508,  -0.03370,   0.01007,  -0.03370,  -0.07047,  -0.00569,   0.01007,   0.08360,   0.00481,  -0.02145,  -0.02495,  -0.01444,   0.00481,   0.05034,   0.00657,  -0.02495,   0.05034,  -0.04771,  -0.00569,  -0.01620,   0.00131,  -0.00219,   0.00131,   0.06084,  -0.07747,   0.03458,   0.05384,   0.03108,  -0.08273,  -0.00219,  -0.04596,  -0.03545,  -0.02145,  -0.02320,   0.00657,   0.04858,  -0.00919,  -0.00219,   0.07310,  -0.03545,   0.01182,  -0.00219,  -0.04946,   0.02232,   0.01182,   0.00657,  -0.04071,   0.04158,   0.00832,  -0.11774,  -0.03896,   0.00481,   0.07310,   0.00657,   0.05384,   0.01007,  -0.04771,   0.02057,   0.03108,  -0.01620,  -0.00219,   0.00306,   0.00657,   0.00306,  -0.01444,   0.00657,   0.03108,  -0.04596,   0.00306,  -0.08448,  -0.06347,  -0.03020,  -0.05997,   0.01357,   0.05034,   0.02232,  -0.01444,  -0.01094,   0.04683,   0.01182,  -0.02670,   0.10986,   0.06609,   0.07835,  -0.00394,  -0.05997,  -0.03195,  -0.03721,  -0.01970,  -0.00569,   0.01357,  -0.01620,   0.00832,  -0.09498,  -0.01444,  -0.05296,   0.08010,   0.05734,   0.00131,   0.02933,   0.03283,  -0.00744,  -0.02495,  -0.02320,  -0.02145,  -0.07222,  -0.01269,  -0.00744,  -0.03896,  -0.01970,  -0.05997,  -0.10899,   0.03633,  -0.02670,  -0.05296,   0.04333,  -0.12124,  -0.04596,  -0.02495,  -0.11599,   0.00306,  -0.01795,  -0.03896,   0.01007,  -0.04071,  -0.03370,  -0.04946,  -0.04071,  -0.03545,   0.00131,  -0.07747,  -0.07397,  -0.04771,  -0.01970,   0.01007,  -0.00394,  -0.04946,  -0.03020,  -0.03195,  -0.01970,   0.03983,   0.03633,   0.00481,   0.05209,  -0.04246,   0.06084,   0.01007,   0.00306,  -0.01269,   0.02057,  -0.01620,  -0.00569,  -0.05646,   0.03633,   0.05909,  -0.01094,  -0.04946,   0.03983,  -0.08448,  -0.02320,   0.02057,   0.01357,  -0.01795,  -0.04596,  -0.02495,  -0.03370,   0.00832,  -0.01795,  -0.00044,  -0.02145,   0.02232,   0.00657,   0.00832,  -0.01620,  -0.00744,  -0.01795,   0.07660,   0.00657,   0.02057,  -0.00919,   0.00657,   0.03283,   0.04858,  -0.02320,   0.03283,  -0.07047,  -0.00744,  -0.14400,   0.01182,  -0.10549,   0.02582,  -0.00744,  -0.01795,  -0.00569,   0.03108,  -0.14225,   0.01532,  -0.00044,  -0.06172,  -0.02495,   0.00832,  -0.08623,   0.02057,   0.01182,  -0.06872,   0.00131,  -0.05646,   0.01882,  -0.00394,  -0.07222,   0.07135,  -0.05471,   0.01357,   0.02933,   0.03458,   0.00657,  -0.00219,  -0.02320,   0.06434,  -0.03195,   0.00832,  -0.08623,   0.00657,   0.04333,   0.03283,  -0.03545,  -0.00394,  -0.05646,   0.11336,  -0.00219,   0.02582,  -0.00744,   0.06434,   0.07135,   0.07135,  -0.01970,  -0.06172,   0.06084,   0.00131,  -0.05296,  -0.00744,   0.04158,   0.03458,   0.00832,  -0.02845,   0.02407,  -0.05121,  -0.02320,   0.02582,   0.05734,  -0.05471,   0.02057,  -0.02670,   0.02057,  -0.00744,  -0.02145,  -0.01094,   0.03283,   0.12737,  -0.00919,  -0.04246,  -0.03896,   0.02407,  -0.04946,   0.03983,  -0.03896,   0.01182,   0.02757,  -0.01269,  -0.01795,   0.06609,   0.00131,   0.00657,   0.00131,  -0.06697,  -0.03721,  -0.03195,  -0.00219,   0.05909,  -0.02145,  -0.06347,  -0.04071,  -0.04246,  -0.05822,  -0.00569,   0.02057,   0.02757,  -0.04246,  -0.05121,   0.01532,   0.04333,  -0.03020,  -0.07047,   0.00131,  -0.00569,   0.03808,  -0.01620,  -0.03370,   0.00481,  -0.00919,  -0.00044,   0.00832,  -0.01444,   0.03808,   0.08185,  -0.05997,  -0.02145,   0.00131,   0.00657,   0.04858,   0.00657,  -0.00744,  -0.01444,  -0.05471,   0.00131,   0.06084,   0.00481,  -0.03020,  -0.03721,  -0.04421,   0.04858,   0.03983,  -0.06872,  -0.00744,   0.02582,  -0.02495,  -0.04071,  -0.02495,   0.09411,  -0.01444,  -0.02670,  -0.01444,   0.02757,   0.03633,  -0.06172,  -0.02845,   0.03458,  -0.01444,  -0.02495,   0.04683,   0.01007,  -0.01970,  -0.01094,  -0.07047,   0.07660,   0.02933,  -0.00569,   0.02582,   0.06609,  -0.02670,  -0.04246,  -0.05121,   0.05909,  -0.01620,   0.02407,   0.06259,  -0.03721,  -0.05997,   0.02933,  -0.05296,  -0.03721,  -0.11774,   0.03283,  -0.02145,  -0.01795,  -0.03896,  -0.00919,  -0.02495,  -0.03545,   0.04858,  -0.04421,   0.01532,  -0.01269,  -0.02145,   0.06259,  -0.04246,  -0.02670,   0.01007,  -0.04421,  -0.00919,   0.03458,  -0.00919,  -0.00044,   0.00657,   0.00657,  -0.00044,   0.06434,  -0.04596,  -0.05822,  -0.03020,  -0.03370,  -0.04771,  -0.03020,  -0.01094,   0.02757,  -0.00044,   0.00832,  -0.03020,   0.01707,   0.04508,   0.01532,  -0.03721,  -0.05296,   0.01532,  -0.07047,   0.02933,   0.04683,   0.02407,   0.05384,  -0.00394,   0.04858,  -0.01269,   0.02933,   0.03108,   0.04158,  -0.04946,  -0.03370,   0.00657,   0.03983,   0.03808,  -0.03896,   0.03458,   0.01707,   0.01532,  -0.00569,   0.05559,   0.03458,   0.10986,  -0.01444,  -0.05121,  -0.04246,  -0.01094,  -0.01795,   0.02582,  -0.00044,   0.03808,  -0.05646,  -0.06347,  -0.06172,  -0.07222,  -0.00744,  -0.01970,   0.03808,   0.03283,   0.03633,   0.00657,   0.05034,  -0.02495,   0.05384,  -0.00744,  -0.04946,   0.04333,   0.03458,   0.01182,   0.02407,   0.02232,   0.02933,  -0.01970,   0.00832,   0.03283,   0.07135,  -0.03020,   0.01707,  -0.04771,  -0.00219,  -0.00569,  -0.00394,   0.00832,  -0.02145,   0.04158,   0.03108,   0.07310,   0.00306,   0.01882,  -0.05646,   0.01532,  -0.00744,   0.05209,  -0.00394,   0.05559,  -0.00044,   0.00832,   0.09411,  -0.01444,   0.02057,  -0.02845,   0.09411,   0.00306,  -0.00394,   0.04158,  -0.06872,  -0.00394,  -0.04421,  -0.03721,   0.01357,   0.00481,   0.08360,   0.03108,  -0.02670,  -0.02145,   0.01182,  -0.02670,  -0.11249,  -0.00219,  -0.04246,  -0.01620,  -0.00744,   0.04508,  -0.04946,  -0.03195,  -0.05296,  -0.00919,  -0.02495,  -0.02320,   0.00657,   0.04508,   0.01882,   0.00832,  -0.01970,  -0.03370,   0.02057,  -0.02845,  -0.07222,  -0.06172,  -0.03370,  -0.00219,   0.03458,   0.02582,   0.04333,  -0.03896,   0.01007,  -0.03370,  -0.02670,  -0.00919,   0.03458,   0.04158,  -0.01094,  -0.05471,  -0.00219,  -0.00394,  -0.02670,  -0.01970,   0.01182,  -0.01620,   0.00131,  -0.03195,   0.05559,   0.05734,   0.01882,  -0.06172,  -0.08273,   0.04508,   0.06609,   0.05209,   0.01007,   0.03808,   0.01707,  -0.03896,  -0.01444,   0.02057,   0.01007,   0.01882,  -0.05121,   0.02757,  -0.04071,   0.01182,  -0.00394,   0.03983,   0.03108,  -0.02320,  -0.06172,  -0.07222,  -0.03195,   0.08360,   0.05734,   0.03283,  -0.03896,  -0.01795,  -0.02145,  -0.04596,  -0.00919,  -0.00219,  -0.01269,  -0.05822,  -0.00394,  -0.03195,   0.03283,  -0.04946,   0.01007,   0.02582,   0.06959,  -0.08098,  -0.10023,   0.02757,  -0.04071,  -0.08273,  -0.04771,   0.02757,  -0.01620,  -0.02320,  -0.01620,   0.03283,  -0.04596,   0.04333,   0.02757,  -0.08798,  -0.04771,   0.03458,   0.01357,   0.03808,  -0.02670,  -0.04771,   0.05384,  -0.02495,   0.04158,   0.05559,  -0.03020,   0.02407,  -0.01269,  -0.07572,  -0.05471,   0.08360,  -0.06697,  -0.04071,  -0.00919,  -0.01269,   0.08185,   0.07835,   0.07835,   0.00481,  -0.09498,  -0.07047,   0.01532,  -0.04246,   0.02933,  -0.03545,  -0.01620,  -0.12475,  -0.04421,   0.01182,  -0.01269,  -0.00394,  -0.02670,   0.07835,  -0.07222,  -0.05997,   0.08185,   0.03108,   0.01007,  -0.02145,  -0.02495,  -0.01269,   0.00832,  -0.07572,   0.04333,   0.00481,  -0.00744,   0.05909,  -0.05997,   0.00657,   0.01882,   0.03983,   0.00481,  -0.01444,   0.00832,   0.01707,  -0.05646,  -0.03896,  -0.04771,  -0.03020,  -0.01444,  -0.02670,   0.02407,  -0.02845,   0.04858,  -0.07397,   0.04858,   0.00481,  -0.01269,  -0.07397,  -0.05997,  -0.10199,  -0.01444,   0.04858,  -0.02495,   0.09235,  -0.00569,   0.09411,   0.11161,   0.02933,  -0.01094,  -0.00394,   0.01707,  -0.00219,   0.01357,   0.00481,  -0.04071,   0.02232,   0.04508,  -0.04771,  -0.01269,   0.03808,  -0.07747,   0.04158,   0.05209,   0.05734,  -0.00219,  -0.05997,  -0.03721,  -0.00744,  -0.01269,  -0.12124,  -0.04946,  -0.00919,  -0.01620,  -0.04071,  -0.00219,  -0.02845,   0.02407,   0.01882,  -0.02495,   0.03108,   0.00832,  -0.00569,   0.09060,  -0.06172,   0.00481,   0.05034,   0.00131,  -0.01795,  -0.00394,  -0.00569,  -0.03195,  -0.05997,   0.06609,  -0.00394,  -0.03020,  -0.01795,  -0.00044,   0.00306,  -0.08623,   0.03808,  -0.05997,  -0.00744,   0.08185,   0.02933,  -0.03721,  -0.06872,   0.00657,   0.05209,   0.04158,  -0.00044,   0.05909,   0.02407,  -0.07397,   0.06784,  -0.00394,   0.02933,  -0.02320,  -0.00569,   0.01357,   0.03458,  -0.00919,   0.00481,   0.03983,  -0.00044,  -0.08273,  -0.04246,  -0.01444,   0.00131,  -0.03545,  -0.05646,   0.01007,   0.01182,  -0.02670,   0.02407,   0.02057,  -0.07047,   0.05034,  -0.04946,   0.04333,  -0.09498,   0.00832,  -0.09323,  -0.07747,  -0.03721,   0.06084,   0.08010,  -0.03545,  -0.04071,  -0.00394,  -0.06522,  -0.07747,  -0.01444,   0.01532,  -0.00044,   0.00131,  -0.00394,  -0.02145,  -0.00569,   0.02057,  -0.01620,  -0.01269,   0.03808,   0.03633,   0.02933,  -0.06522,  -0.04071,  -0.03370,   0.05034,   0.06259,   0.03458,   0.05384,  -0.03545,   0.00481,  -0.06347,   0.09235,  -0.01970,   0.04158,  -0.00394,   0.04158,   0.01707,  -0.01795,   0.07485,  -0.01620,   0.03108,   0.02582,  -0.03370,  -0.00744,   0.05034,   0.03983,   0.05209,   0.03283,  -0.01269,   0.02057,   0.07485,  -0.00394,  -0.08448,   0.01707,   0.00131,   0.01882,  -0.01094,  -0.03370,  -0.04596,   0.04158,  -0.01620,   0.02057,  -0.04946,  -0.02495,  -0.04596,   0.01007,  -0.00569,  -0.00744,   0.04858,  -0.04596,   0.00832,   0.02057,   0.04333,  -0.05997,  -0.06697,  -0.00394,   0.00832,   0.03633,   0.03458,  -0.02495,  -0.04071,  -0.02670,  -0.03195,   0.05734,   0.01357,   0.03808,  -0.05822,  -0.09498,   0.01007,   0.00481,  -0.05121,   0.01007,  -0.05471,  -0.01444,   0.09060,   0.00131,  -0.01795,  -0.05121,  -0.04421,  -0.02495,   0.06434,   0.04683,  -0.03370,  -0.03195,  -0.02145,   0.00481,   0.00832,  -0.03545,   0.00832,  -0.04246,   0.06084,  -0.01094,   0.01357,  -0.03896,  -0.02320,  -0.03195,   0.03283,  -0.12475,  -0.02670,  -0.02845,   0.07835,  -0.02320,   0.01532,  -0.03896,  -0.03721,  -0.02320,   0.02933,   0.00832,  -0.03721,  -0.08098,   0.06434,  -0.05296,   0.01182,   0.02933,   0.02057,  -0.03020,   0.06434,   0.01357,  -0.05997,  -0.02845,  -0.02145,   0.03808,   0.00657,   0.00306,  -0.10374,  -0.01620,   0.04158,  -0.04246,  -0.08623,   0.00832,  -0.04596,   0.01182,  -0.03370,   0.02757,  -0.08973,   0.03108,  -0.00569,  -0.02670,  -0.02145,  -0.04946,   0.03458,   0.06084,   0.03458,   0.03983,   0.05209,   0.02933,   0.00481,   0.01532,   0.03633,   0.04158,   0.03633,   0.01182,  -0.08273,   0.08535,   0.06084,   0.07135,   0.04858,  -0.08973,  -0.00919,  -0.03545,   0.01707,   0.02757,  -0.03195,   0.01182,  -0.00744,  -0.01620,  -0.01444,   0.04858,  -0.03545,   0.00832,  -0.04246,   0.02582,  -0.02670,  -0.00044,  -0.01620,  -0.01620,  -0.02495,  -0.00394,  -0.01269,   0.10286,  -0.01795,   0.06434,  -0.02845,  -0.03721,  -0.01795,   0.00657,  -0.05822,   0.03633,   0.01007,  -0.07747,  -0.01620,  -0.05997,  -0.03721,  -0.01094,  -0.00744,   0.00657,   0.06434,   0.01882,   0.04158
   0.02933,  -0.06347,   0.02933,   0.01532,  -0.05646,  -0.05471,   0.12212,   0.02933,   0.01707,   0.01707,   0.08885,   0.03283,   0.02933,  -0.05646,   0.05034,   0.01182,  -0.02670,   0.06084,  -0.02670,   0.00131,   0.01882,  -0.05471,  -0.08798,  -0.01094,   0.05559,   0.04683,   0.01882,   0.00306,   0.03983,   0.06609,  -0.02495,   0.08010,  -0.03721,  -0.03721,   0.01182,   0.03808,   0.00131,  -0.01094,  -0.04771,   0.02933,  -0.01620,  -0.02495,  -0.05646,  -0.03896,   0.01882,   0.05909,   0.02582,  -0.02845,   0.05909,  -0.02320,  -0.07747,   0.00131,  -0.02845,  -0.01269,  -0.06697,   0.01007,  -0.01970,  -0.02845,   0.09235,  -0.05471,  -0.00744,  -0.01795,  -0.00394,   0.00306,   0.04508,  -0.01795,   0.05209,   0.03808,   0.04158,   0.03983,   0.04158,   0.05909,  -0.06522,  -0.03896,   0.00131,   0.00131,  -0.04946,  -0.01795,   0.07660,  -0.01269,   0.02582,  -0.03545,  -0.02145,   0.03283,  -0.02845,   0.01882,  -0.01620,  -0.03545,  -0.04596,  -0.00744,   0.09235,   0.02757,   0.08010,   0.05034,  -0.13000,   0.01532,   0.01707,   0.05734,  -0.02845,  -0.00394,   0.05034,   0.00832,   0.00306,   0.04333,   0.07135,   0.00306,  -0.01444,   0.03458,  -0.03721,   0.01882,   0.01182,  -0.03545,  -0.00394,   0.06084,  -0.03195,   0.01882,  -0.05822,  -0.08448,  -0.00744,   0.00306,   0.04333,   0.02933,  -0.01795,   0.04158,   0.05559,  -0.00569,  -0.05296,  -0.08273,  -0.04771,   0.02933,  -0.10374,  -0.00569,   0.01357,   0.00657,  -0.00219,  -0.09673,  -0.07222,  -0.01795,  -0.01620,  -0.01094,  -0.04246,  -0.00744,  -0.03896,   0.00306,  -0.04071,  -0.03195,   0.06434,   0.02407,   0.04158,   0.00131,  -0.06172,   0.07310,   0.03633,   0.04683,   0.06434,  -0.06697,   0.01182,  -0.04246,  -0.04596,   0.03983,  -0.00569,  -0.00919,  -0.00919,   0.02582,   0.07660,  -0.01269,   0.00657,   0.01007,  -0.01269,  -0.04946,   0.15188,   0.06609,   0.00832,   0.02582,  -0.04596,   0.09761,   0.00481,  -0.05121,   0.06434,   0.00481,   0.00131,   0.09411,  -0.02845,  -0.08448,   0.04333,  -0.07572,   0.01357,   0.04158,   0.00306,   0.05559,   0.01007,  -0.00044,  -0.05296,  -0.04246,   0.06259,   0.06259,  -0.00919,   0.04158,  -0.01795,  -0.07397,   0.02232,   0.02757,   0.01707,   0.06609,  -0.01269,   0.01532,   0.06434,  -0.02320,   0.03108,   0.10636,  -0.07047,  -0.04421,  -0.00569,   0.12562,  -0.03721,  -0.05296,  -0.07747,  -0.01620,   0.07135,  -0.06522,   0.03108,   0.00481,  -0.05646,  -0.05997,  -0.04421,   0.02232,  -0.05646,   0.06609,  -0.03545,   0.01357,   0.01707,   0.00481,   0.01882,  -0.02145,   0.00131,  -0.03721,   0.09411,  -0.01620,   0.04508,  -0.05646,  -0.00569,  -0.00044,  -0.05471,  -0.00394,   0.06959,  -0.04071,  -0.09848,   0.03633,  -0.01620,   0.05909,  -0.01620,   0.06434,   0.01007,  -0.06697,  -0.04246,  -0.10549,   0.11512,  -0.08448,   0.03458,   0.00131,  -0.02320,   0.01882,   0.00306,  -0.07397,   0.05034,   0.06084,  -0.00044,  -0.00044,   0.04683,   0.02232,   0.01882,  -0.01094,   0.03983,   0.02757,   0.00131,   0.04508,   0.02407,  -0.01094,  -0.04596,  -0.05822,   0.01532,  -0.07397,  -0.05296,  -0.07922,   0.03458,  -0.07222,  -0.01795,   0.01532,  -0.11249,   0.01707,  -0.04071,   0.04683,   0.02232,   0.04683,  -0.01970,   0.08360,   0.04858,  -0.01094,  -0.05296,  -0.00219,  -0.01094,   0.04158,   0.01882,  -0.01269,   0.07135,   0.10286,  -0.06172,   0.02057,   0.05559,  -0.00569,   0.03458,   0.12212,   0.03633,   0.00131,  -0.00394,   0.02232,   0.06259,   0.02232,  -0.05646,  -0.01094,   0.11336,  -0.06522,  -0.01269,   0.02582,   0.04333,  -0.03195,   0.10636,  -0.08973,   0.04333,   0.04333,   0.05734,  -0.01269,  -0.01795,  -0.01795,   0.03633,  -0.01795,  -0.00219,  -0.01620,   0.03808,  -0.04421,   0.04858,  -0.04071,   0.00657,   0.01882,  -0.03370,  -0.03370,   0.04508,  -0.00569,   0.08185,  -0.00219,  -0.09148,   0.08010,   0.00481,   0.02407,  -0.05471,  -0.05471,   0.01707,   0.06084,  -0.01620,  -0.00044,  -0.04071,   0.01007,   0.02933,  -0.08098,   0.04333,   0.00657,  -0.01269,  -0.01620,   0.02933,  -0.05296,   0.03633,   0.05909,  -0.04246,   0.04683,  -0.06872,   0.07835,   0.03458,  -0.01795,  -0.01444,  -0.11074,  -0.01444,  -0.06697,   0.05559,   0.01707,  -0.02670,  -0.04946,   0.08535,  -0.00919,  -0.00394,  -0.01094,  -0.07922,  -0.03545,  -0.00044,  -0.10899,   0.08185,   0.00657,  -0.00044,  -0.01269,  -0.12825,  -0.01269,   0.01882,   0.02057,   0.02232,   0.03108,   0.02582,  -0.01094,  -0.03195,   0.02057,  -0.01269,  -0.03896,   0.08710,   0.01007,  -0.10724,  -0.03721,  -0.01444,  -0.05121,   0.05384,  -0.08623,   0.03108,   0.08185,  -0.01620,   0.05034,  -0.00569,  -0.00044,   0.03808,  -0.01094,   0.07660,  -0.00394,  -0.00919,  -0.01620,  -0.00919,  -0.07922,   0.02232,  -0.09498,   0.02582,   0.01007,  -0.07747,   0.02757,  -0.03721,   0.03808,   0.02057,   0.00306,  -0.01094,  -0.04421,  -0.01970,  -0.03020,  -0.04246,  -0.03370,   0.05209,  -0.00044,  -0.02145,  -0.02495,   0.02057,  -0.00569,  -0.02495,   0.01182,  -0.00219,   0.05034,   0.03458,   0.08010,  -0.02845,   0.04158,  -0.06697,  -0.01444,   0.06959,  -0.02670,   0.02582,  -0.01269,  -0.03721,  -0.04071,   0.09235,  -0.08098,  -0.03721,  -0.02145,   0.03458,  -0.03370,  -0.01094,   0.01532,  -0.05822,  -0.00044,  -0.00394,   0.03808,   0.00131,   0.02232,  -0.04946,   0.01007,   0.01357,  -0.02845,   0.04858,  -0.03195,   0.07135,   0.00131,  -0.05121,   0.03108,   0.01707,  -0.04246,  -0.02495,   0.02757,  -0.05646,  -0.04071,   0.03983,   0.02933,  -0.01620,  -0.02320,  -0.01970,  -0.01094,   0.08710,  -0.06697,   0.01707,  -0.09848,   0.03633,  -0.01795,  -0.00219,  -0.02845,   0.01007,  -0.01795,  -0.02845,   0.10286,   0.04508,   0.01182,  -0.03370,   0.01532,  -0.00569,   0.12912,   0.01882,  -0.00919,   0.03983,  -0.00394,   0.00832,  -0.02670,   0.00131,  -0.05121,   0.03633,   0.01007,   0.00306,   0.04508,  -0.03195,  -0.03545,  -0.00219,  -0.00569,  -0.03370,   0.02232,   0.08535,   0.03283,   0.03283,  -0.03195,  -0.00744,  -0.06172,   0.01357,  -0.00219,   0.02757,   0.02933,  -0.01795,   0.04508,   0.04683,  -0.03195,  -0.01795,  -0.04071,   0.07660,   0.01707,   0.04508,   0.01357,  -0.02495,   0.02057,   0.00657,   0.02582,   0.04508,  -0.01795,   0.14313,   0.02232,  -0.01620,  -0.01269,  -0.01620,   0.00481,  -0.02495,  -0.04946,  -0.00919,  -0.06172,   0.13788,  -0.07222,  -0.00219,  -0.01620,   0.03283,   0.01007,  -0.01620,  -0.07047,  -0.00219,   0.02057,  -0.01620,   0.00657,  -0.01795,  -0.04246,   0.00832,   0.00832,   0.05034,  -0.00044,  -0.03195,  -0.00744,   0.01707,  -0.03721,  -0.00744,  -0.07747,   0.07135,  -0.03370,   0.00481,  -0.01620,  -0.00919,  -0.10023,   0.02057,   0.02933,  -0.04421,   0.01532,   0.01532,  -0.01269,  -0.07397,   0.03108,  -0.01269,   0.02232,  -0.00219,  -0.05121,   0.01882,   0.03458,   0.02933,   0.02757,   0.03458,  -0.01620,   0.00657,  -0.07572,   0.01357,  -0.04421,  -0.04071,  -0.00744,  -0.00219,  -0.03020,   0.04158,  -0.04946,  -0.04596,   0.04683,   0.05909,  -0.00219,  -0.04596,  -0.06347,   0.01532,  -0.02670,  -0.06172,  -0.01444,  -0.01094,  -0.06347,   0.00306,   0.01707,   0.01007,  -0.01094,   0.05909,   0.09060,   0.11862,  -0.06172,   0.00306,  -0.11424,  -0.04421,  -0.02320,   0.02582,   0.05734,   0.00832,  -0.01970,   0.05209,   0.07835,   0.00481,  -0.04071,   0.01707,  -0.08273,   0.00131,   0.03458,   0.02407,   0.02232,  -0.01795,  -0.10023,   0.04858,  -0.07222,   0.04508,  -0.00919,   0.01357,  -0.00044,  -0.04421,  -0.05822,   0.03633,  -0.04246,  -0.02670,  -0.05471,  -0.03370,  -0.02145,  -0.02845,  -0.01269,  -0.01620,   0.02057,  -0.04071,  -0.07047,  -0.01444,  -0.01269,   0.08010,   0.01357,  -0.02495,  -0.03195,  -0.05646,   0.00481,  -0.04246,  -0.01970,   0.01007,   0.00481,   0.02057,   0.07135,  -0.00744,   0.00481,   0.02407,  -0.05296,   0.05209,  -0.02145,   0.13087,   0.07485,   0.01707,   0.08010,  -0.01795,  -0.00744,   0.11687,   0.03983,  -0.06697,  -0.02320,   0.04508,   0.01882,  -0.03370,   0.06609,  -0.03721,   0.03808,   0.09936,  -0.02320,   0.00832,   0.03983,  -0.01795,   0.02582,  -0.02670,  -0.07222,  -0.01269,  -0.05646,  -0.01444,  -0.03896,   0.00131,   0.06259,   0.02582,   0.04858,  -0.09673,   0.04858,   0.00131,   0.01707,   0.02582,  -0.03721,  -0.07047,   0.10461,  -0.01269,  -0.03721,  -0.02495,   0.02057,   0.00306,   0.00306,  -0.06697,  -0.07922,  -0.01269,   0.02582,  -0.02845,  -0.01620,   0.08360,   0.03808,  -0.02670,   0.06259,   0.03983,  -0.00219,  -0.00044,  -0.00569,   0.00832,  -0.03370,  -0.02320,   0.02232,   0.00832,   0.01182,   0.00306,   0.10111,  -0.10199,  -0.02845,  -0.03370,   0.04158,  -0.04421,  -0.00219,   0.03633,   0.05384,  -0.07922,  -0.02495,   0.05384,   0.04858,  -0.01094,   0.03808,   0.00657,  -0.01970,   0.08185,  -0.03721,   0.03458,   0.01882,  -0.01795,  -0.00919,  -0.01970,   0.04858,  -0.04946,   0.06259,  -0.03020,   0.00832,   0.04858,   0.02407,   0.02582,   0.03458,  -0.00219,   0.01707,   0.03283,  -0.01970,  -0.02145,   0.01182,   0.07485,  -0.00569,   0.01882,   0.06084,   0.00657,  -0.01795,   0.00131,   0.11161,  -0.01795,  -0.03020,   0.04508,   0.02933,  -0.01795,   0.02057,  -0.01094,  -0.00219,   0.02232,  -0.04071,  -0.04071,  -0.01444,   0.04333,   0.04508,   0.08710,  -0.02145,   0.03108,  -0.04071,   0.01007,  -0.03721,  -0.03896,  -0.01094,  -0.00744,   0.02582,  -0.00394,   0.02757,   0.08885,  -0.00219,   0.01182,   0.00832,   0.01357,  -0.02320,  -0.06522,   0.00131,   0.03108,   0.04158,  -0.03020,  -0.01094,  -0.03721,   0.02933,   0.05734,  -0.04771,  -0.03020,  -0.05822,   0.03283,   0.01182,   0.02582,  -0.03545,  -0.02320,   0.05909,  -0.10199,   0.02057,  -0.07047,   0.07485,  -0.03721,   0.06084,   0.03458,   0.02232,   0.02057,  -0.03896,  -0.00744,  -0.03020,   0.02057,   0.02933,  -0.02495,   0.06259,  -0.01970,  -0.00044,  -0.00569,  -0.00044,  -0.05471,  -0.07397,  -0.07047,   0.05559,  -0.05822,  -0.00569,   0.02757,  -0.02495,   0.00306,  -0.03721,  -0.01620,  -0.01970,   0.00657,  -0.00219,  -0.12300,   0.01182,  -0.00744,  -0.05296,  -0.06872,  -0.00394,  -0.00569,  -0.00044,   0.01007,  -0.02495,  -0.02320,   0.00306,  -0.04246,   0.01882,   0.02057,  -0.00919,   0.04158,  -0.06347,  -0.01970,  -0.01620,   0.09235,   0.11687,  -0.03195,  -0.05997,  -0.00044,   0.09761,   0.01007,   0.00657,   0.05559,  -0.00744,  -0.04071,   0.04158,  -0.07572,   0.02057,  -0.08098,   0.00832,  -0.03195,  -0.01970,   0.02057,   0.09761,  -0.03370,   0.09761,  -0.03545,   0.04683,  -0.03195,   0.01357,  -0.03195,  -0.03896,  -0.05296,   0.06959,  -0.02495,   0.00306,  -0.02320,   0.02933,  -0.01094,  -0.00044,  -0.05471,  -0.03370,  -0.04771,   0.05034,  -0.05646,   0.00306,  -0.02845,   0.04683,  -0.01269,   0.03458,  -0.11074,  -0.03020,  -0.08098,   0.01532,  -0.07397,  -0.03545,   0.02757,  -0.06872,  -0.01970,   0.02757,   0.04333,   0.01532,  -0.01795,   0.05034,   0.03633,   0.01882,  -0.02145,   0.04508,   0.06959,   0.06259,   0.01007,   0.00657,  -0.00744,  -0.02495,  -0.05997,  -0.05822,  -0.03545,   0.06959,  -0.10374,   0.03633,  -0.05296,   0.02582,  -0.04946,   0.08010,   0.03983,   0.01882,   0.06259,   0.02407,   0.04508,  -0.02320,  -0.00219,  -0.01970,   0.10811,   0.10636
   0.01182,  -0.01970,  -0.00394,   0.03808,  -0.06172,  -0.05296,   0.00832,   0.05909,   0.00832,   0.03108,   0.07485,  -0.02320,   0.01182,  -0.06872,  -0.04946,   0.00657,   0.01882,  -0.04596,   0.02232,   0.03283,  -0.00044,   0.02407,  -0.03370,  -0.02320,   0.01532,   0.04508,   0.02407,  -0.04771,  -0.04421,  -0.01795,  -0.08098,  -0.00044,  -0.02495,  -0.05822,  -0.06872,   0.02407,  -0.01444,  -0.01795,   0.02407,  -0.02495,   0.05384,  -0.02145,  -0.04421,   0.04508,  -0.05296,  -0.05997,   0.01532,   0.01882,   0.01357,  -0.02320,   0.01532,   0.00131,  -0.04596,   0.00832,   0.01532,   0.02757,   0.00306,   0.00481,  -0.06172,  -0.00219,  -0.03370,  -0.03020,   0.02407,  -0.08798,  -0.00744,  -0.00044,  -0.01620,   0.01007,  -0.05121,  -0.03195,  -0.07047,   0.01182,  -0.07397,   0.00306,   0.03108,  -0.01444,  -0.03370,   0.05384,   0.02757,   0.07485,   0.00481,  -0.05471,   0.05209,  -0.04071,   0.06784,   0.02582,   0.03633,   0.05209,  -0.07047,  -0.01795,   0.05034,  -0.08973,  -0.04771,   0.05384,   0.03633,  -0.00219,  -0.08798,  -0.00919,  -0.06872,  -0.06872,  -0.00569,  -0.01970,   0.01007,  -0.00569,   0.07135,  -0.02845,  -0.05296,   0.05909,  -0.03370,  -0.03721,  -0.04421,  -0.06522,  -0.07747,   0.04333,   0.00131,  -0.00569,   0.09411,  -0.03545,  -0.06522,   0.07660,  -0.01269,   0.00131,   0.01007,   0.04858,  -0.08448,  -0.02495,   0.05034,  -0.09498,  -0.06522,   0.03808,   0.03108,   0.03458,  -0.04246,  -0.08448,   0.01007,  -0.00919,  -0.02495,   0.02232,  -0.02145,  -0.05296,   0.07660,   0.04158,   0.01882,  -0.05296,   0.02757,   0.01707,  -0.01795,  -0.01094,  -0.04946,  -0.04246,   0.06609,  -0.07222,  -0.07397,  -0.00744,   0.00832,   0.01007,   0.07485,   0.02582,   0.02057,   0.01182,  -0.05822,  -0.02145,   0.03458,   0.02933,   0.09235,   0.03633,  -0.00394,  -0.01094,   0.01532,  -0.00219,  -0.01444,   0.01357,  -0.01620,  -0.02495,  -0.04421,  -0.02495,   0.05909,  -0.00044,   0.01532,  -0.00044,   0.01357,   0.03983,  -0.04596,  -0.06172,  -0.03020,  -0.04071,  -0.03896,  -0.00219,  -0.03195,   0.01182,  -0.06872,   0.03983,  -0.00044,  -0.06522,   0.01532,   0.01532,   0.04683,  -0.00219,   0.00481,  -0.01444,   0.06959,  -0.00044,   0.06084,  -0.00919,  -0.02145,  -0.03020,  -0.05296,  -0.03195,  -0.00919,   0.02582,  -0.01444,  -0.05646,   0.01182,   0.02232,   0.03808,   0.03633,   0.09586,  -0.00044,  -0.01444,  -0.00219,  -0.02495,  -0.00219,  -0.01094,  -0.03020,   0.01532,   0.01882,   0.02232,   0.07660,  -0.00919,   0.02407,   0.00832,   0.00657,  -0.00394,   0.06959,  -0.02495,  -0.02495,   0.04683,  -0.01795,  -0.05471,   0.04158,  -0.00044,   0.02232,  -0.00744,   0.00131,  -0.03370,  -0.04946,  -0.05471,   0.00832,  -0.07222,  -0.03020,  -0.06347,  -0.03896,  -0.08273,  -0.04771,   0.00131,  -0.06697,  -0.07572,   0.01357,   0.03808,  -0.01620,   0.00832,   0.03283,  -0.03370,  -0.01795,  -0.00394,  -0.04946,   0.07485,  -0.08098,   0.00306,  -0.02145,  -0.03195,   0.00131,  -0.04421,   0.08885,  -0.02145,   0.16764,   0.02057,  -0.02495,  -0.00569,   0.04858,   0.08185,   0.01707,  -0.05822,  -0.03545,  -0.05997,  -0.04421,   0.01182,  -0.01094,   0.07310,   0.04508,  -0.08098,   0.01007,  -0.00044,   0.00832,   0.01707,  -0.00044,   0.04858,   0.02057,  -0.06347,  -0.03195,   0.03983,   0.00131,   0.03458,  -0.01269,  -0.06172,  -0.01795,   0.02057,  -0.00044,   0.02933,  -0.02670,   0.03108,   0.06084,  -0.11249,   0.05034,   0.07660,  -0.01094,   0.00306,   0.06434,   0.00657,   0.03983,   0.03108,   0.03983,  -0.03370,   0.01707,  -0.00044,  -0.01094,  -0.06697,  -0.06522,   0.02407,   0.03283,  -0.01094,   0.02407,   0.00306,   0.01007,  -0.00919,  -0.06172,   0.01007,  -0.01795,   0.05909,  -0.03370,   0.01532,   0.01882,  -0.01795,  -0.04596,   0.08185,   0.06959,   0.02933,   0.05559,  -0.01269,  -0.02670,  -0.02670,  -0.00044,   0.03108,  -0.01620,   0.07835,  -0.02495,   0.11862,  -0.07747,  -0.11774,   0.03283,  -0.07047,   0.07660,   0.03983,  -0.03545,  -0.03721,   0.03283,  -0.03020,   0.00131,   0.04508,  -0.07222,  -0.07047,   0.05909,   0.00131,  -0.00394,  -0.01444,  -0.00919,   0.06609,  -0.08098,  -0.01269,  -0.02845,  -0.07222,   0.06084,  -0.10023,  -0.04071,   0.08010,   0.02232,   0.07485,   0.01357,  -0.02495,   0.03108,   0.01182,   0.08360,   0.01882,  -0.04946,   0.00832,   0.01007,   0.01357,  -0.07572,  -0.04946,   0.05734,  -0.08973,  -0.00744,  -0.00569,   0.03108,   0.01007,   0.02582,   0.01882,  -0.00569,   0.00131,   0.10286,  -0.01094,   0.03108,  -0.01970,   0.05034,  -0.01444,  -0.03195,  -0.00744,   0.00481,   0.00832,  -0.04246,  -0.03370,  -0.03370,   0.00657,  -0.00744,  -0.06172,   0.06959,   0.00131,   0.00832,   0.04508,  -0.01094,   0.02582,   0.01182,   0.02933,   0.00481,   0.06259,  -0.02845,  -0.05296,   0.00131,  -0.03370,  -0.00394,   0.05034,  -0.01094,   0.01182,   0.05034,  -0.01970,  -0.05121,  -0.00219,   0.00131,  -0.00044,   0.04333,   0.06609,  -0.03896,  -0.00044,  -0.03195,   0.06259,  -0.10199,   0.00657,   0.00131,  -0.00919,  -0.00744,   0.03108,   0.06084,   0.04858,  -0.03370,   0.04508,   0.00481,   0.08535,  -0.06522,   0.03458,  -0.04421,  -0.00744,  -0.01970,  -0.07572,   0.03808,   0.05209,   0.02407,  -0.00569,   0.06084,   0.01532,   0.03808,  -0.03545,   0.02582,  -0.02845,   0.09586,  -0.05646,   0.07135,   0.01357,   0.04158,  -0.00919,   0.00306,   0.03983,  -0.03545,   0.02057,   0.05034,   0.01007,  -0.05646,   0.01182,  -0.00744,  -0.03896,  -0.05121,   0.00832,   0.01532,  -0.01444,  -0.02670,  -0.01795,   0.03458,  -0.03896,   0.06084,  -0.06697,  -0.08448,   0.01357,  -0.07397,  -0.04771,  -0.00219,  -0.00569,   0.07135,  -0.08798,  -0.01094,  -0.04071,  -0.04071,  -0.09323,  -0.03020,  -0.00044,  -0.03721,  -0.01620,  -0.04421,   0.00131,  -0.01970,   0.03983,   0.02757,   0.07485,  -0.07047,  -0.01620,  -0.02845,  -0.05997,  -0.00569,   0.04858,   0.00306,  -0.05296,   0.00131,  -0.04771,  -0.03896,   0.03283,  -0.01970,  -0.00394,  -0.01094,   0.05034,  -0.07397,  -0.00219,  -0.01094,   0.06259,   0.05734,  -0.02495,  -0.04071,  -0.03721,  -0.00044,  -0.02145,   0.03458,  -0.01444,   0.06959,  -0.09498,  -0.01444,   0.09060,   0.03458,   0.00657,  -0.00919,   0.05209,  -0.02670,  -0.00394,  -0.00219,   0.07485,  -0.01444,   0.00306,  -0.00219,  -0.00919,   0.11336,   0.04333,  -0.03020,   0.01707,   0.04508,   0.02232,   0.04683,   0.02232,  -0.00044,  -0.06522,  -0.03370,   0.05559,   0.02232,  -0.01795,   0.01357,  -0.04596,   0.03633,   0.00832,   0.05734,   0.05559,  -0.01444,   0.03108,  -0.06697,   0.05909,   0.00306,  -0.00219,  -0.05997,  -0.11074,  -0.01094,   0.02232,   0.05734,   0.03108,   0.02057,  -0.00394,  -0.10374,   0.02407,   0.01532,   0.00832,  -0.02145,   0.00306,   0.01532,  -0.04771,   0.06084,   0.02582,  -0.00919,  -0.01269,  -0.07397,  -0.05822,  -0.05296,   0.01357,  -0.01620,  -0.07222,  -0.07747,  -0.04771,  -0.02670,   0.05559,  -0.02845,   0.02232,  -0.01444,   0.02232,   0.08010,  -0.05646,  -0.07047,   0.04158,  -0.06522,   0.00131,   0.02232,   0.03983,  -0.09673,   0.09235,   0.01882,   0.00657,   0.01707,  -0.00219,  -0.04771,   0.01532,   0.04508,   0.01707,  -0.02145,  -0.01444,   0.00832,  -0.00744,  -0.03545,  -0.11074,   0.00306,  -0.07222,   0.07660,   0.00131,  -0.00394,  -0.11774,  -0.06522,  -0.02845,  -0.01620,  -0.04246,  -0.01269,  -0.05121,  -0.05997,  -0.06172,   0.06609,   0.04333,  -0.08973,   0.01182,  -0.00394,  -0.04421,   0.00481,   0.12912,  -0.08448,  -0.05997,  -0.00394,  -0.06522,   0.09586,  -0.01970,  -0.07572,   0.09235,   0.03108,   0.03458,  -0.00394,   0.03458,  -0.08798,  -0.04596,  -0.02320,   0.01882,   0.00832,   0.03283,  -0.03545,  -0.00394,  -0.04596,  -0.00744,   0.03808,  -0.13175,  -0.00744,   0.08535,  -0.02845,   0.01707,  -0.01620,  -0.09148,  -0.03370,  -0.05646,   0.02057,  -0.04246,   0.00306,  -0.01970,  -0.03545,  -0.02495,  -0.01444,   0.03808,  -0.03370,   0.01882,   0.06784,   0.00657,   0.01707,  -0.02495,   0.05384,  -0.02845,   0.04858,   0.05384,   0.01882,  -0.02845,  -0.02845,  -0.00919,  -0.01970,  -0.03545,  -0.04771,  -0.01269,   0.00832,   0.00657,  -0.03195,   0.03108,   0.00481,  -0.00219,  -0.04946,  -0.04946,   0.08010,   0.01882,  -0.00919,  -0.04596,   0.02057,  -0.01269,  -0.03721,   0.00832,   0.05734,  -0.08798,   0.02057,  -0.04946,  -0.04771,  -0.05997,  -0.01269,   0.03983,  -0.03545,  -0.01444,   0.01182,  -0.00219,   0.01007,  -0.05296,  -0.03721,  -0.00569,  -0.02320,  -0.03195,   0.07135,  -0.03020,   0.08710,   0.01357,  -0.09148,   0.06959,   0.01007,  -0.02145,   0.02582,  -0.08798,   0.04158,  -0.05296,  -0.04421,   0.00832,   0.09586,  -0.01444,  -0.03195,   0.01532,   0.06434,  -0.01970,  -0.03370,  -0.02145,   0.06259,   0.03983,  -0.03721,  -0.03896,  -0.05822,   0.10461,   0.01182,   0.13262,  -0.03195,   0.02757,   0.07485,   0.03458,   0.03458,   0.00131,   0.03983,   0.04158,  -0.04071,   0.08010,  -0.02320,  -0.03020,  -0.02670,  -0.06697,  -0.03370,   0.02057,  -0.08623,   0.01007,   0.03108,  -0.07747,  -0.05471,   0.06959,  -0.00219,  -0.02320,  -0.04421,   0.01007,  -0.03721,  -0.06697,   0.00131,  -0.01444,  -0.00044,  -0.03020,  -0.01269,  -0.01269,  -0.03370,  -0.03195,  -0.02845,   0.03458,  -0.03020,  -0.00919,  -0.04596,  -0.01094,   0.02757,  -0.00044,  -0.00744,   0.07660,   0.05909,  -0.06872,   0.00832,  -0.00219,   0.00832,   0.00306,   0.04333,   0.02407,   0.06959,   0.12562,  -0.00919,  -0.02145,   0.00832,  -0.02320,   0.06434,  -0.03370,   0.05034,   0.04683,   0.09586,   0.02407,   0.01707,  -0.03195,   0.03633,  -0.05121,  -0.08273,   0.02057,  -0.08973,  -0.00394,   0.00832,   0.00657,   0.04158,  -0.01444,   0.08885,   0.08185,  -0.00569,  -0.03195,  -0.05121,  -0.03370,   0.00481,  -0.03545,   0.04683,   0.00657,  -0.01444,   0.00131,  -0.01094,   0.02757,  -0.04421,   0.01532,   0.02757,   0.00481,   0.02757,  -0.02145,   0.04333,  -0.03896,  -0.09498,  -0.06172,  -0.04071,   0.02407,   0.04158,  -0.03020,  -0.02320,   0.09761,   0.04333,  -0.02495,   0.06434,   0.04508,  -0.06697,  -0.08798,  -0.07222,  -0.01444,   0.00306,  -0.01094,   0.09235,  -0.00394,  -0.00394,  -0.02670,  -0.04246,   0.07660,   0.00481,   0.04158,  -0.06872,  -0.04246,  -0.01970,   0.01182,  -0.10199,  -0.02145,   0.02407,  -0.03370,   0.03108,   0.02057,  -0.02320,  -0.01269,  -0.00044,   0.00131,  -0.03545,  -0.00044,   0.00131,  -0.00919,   0.01357,  -0.10374,  -0.00394,  -0.07222,  -0.00744,  -0.01970,  -0.04771,   0.04333,  -0.05822,   0.04683,  -0.04946,   0.06609,  -0.05121,   0.06434,  -0.05296,  -0.01795,  -0.03020,   0.06434,  -0.01795,  -0.03721,   0.02057,   0.00481,   0.02057,  -0.00919,   0.00481,   0.01007,   0.03633,  -0.03721,   0.03983,   0.02407,   0.01707,  -0.03370,   0.04508,   0.00481,  -0.07922,  -0.06347,   0.06259,   0.00657,  -0.00569,  -0.09323,   0.01882,   0.03283,  -0.05646,  -0.02145,  -0.01444,   0.03458,   0.03808,   0.00481,  -0.01444,   0.01882,  -0.05822,   0.05384,  -0.01970,   0.08360,   0.05734,   0.04858,   0.05734,  -0.04246,  -0.04071,   0.02933,  -0.02670,   0.00657,  -0.08448,  -0.04071,   0.02232,  -0.01795,  -0.00219,  -0.05997,  -0.02495,   0.04858,  -0.02495,  -0.06172,   0.01007,   0.00657,  -0.07922,  -0.06347,   0.03808
   0.02407,   0.08710,  -0.03195,  -0.13000,   0.05909,  -0.01269,  -0.00219,   0.01882,  -0.01269,  -0.00744,  -0.12300,  -0.00394,   0.03458,   0.02933,   0.00481,   0.00481,   0.03983,   0.07835,   0.04508,   0.00832,  -0.03721,   0.00657,  -0.01620,   0.04333,   0.04333,   0.02407,  -0.03721,   0.03633,   0.00657,  -0.03370,  -0.01620,  -0.00744,   0.03633,  -0.01795,   0.02057,   0.01707,   0.05034,  -0.02670,   0.06784,   0.03808,   0.01007,  -0.00744,  -0.01269,   0.02232,   0.02582,  -0.01094,  -0.03545,  -0.02145,  -0.06347,   0.02582,  -0.01269,  -0.02845,  -0.09148,  -0.02670,   0.04508,   0.06434,   0.03108,   0.02582,   0.03983,  -0.05822,   0.08710,   0.08710,  -0.02320,  -0.07047,  -0.01269,  -0.04946,   0.01357,  -0.03896,   0.10111,   0.02757,   0.01707,   0.07835,   0.02407,  -0.06697,  -0.04596,  -0.06697,  -0.01970,   0.01882,  -0.04246,   0.03108,  -0.00044,  -0.01970,  -0.06347,  -0.00219,   0.07135,   0.02057,  -0.01444,   0.01532,   0.03108,  -0.01444,  -0.02320,  -0.01620,   0.00481,  -0.01094,   0.01357,  -0.00219,   0.02407,  -0.08273,   0.06959,   0.03458,  -0.04246,  -0.02145,   0.01882,  -0.00919,  -0.00044,  -0.02495,  -0.03020,   0.02582,   0.03283,  -0.02320,   0.04508,  -0.01970,   0.04858,   0.01882,  -0.05296,   0.01532,  -0.04946,   0.00832,   0.00481,  -0.04596,   0.01882,   0.01182,   0.04508,  -0.00394,   0.06959,  -0.01970,   0.02933,   0.03808,  -0.03545,  -0.01444,  -0.04071,  -0.05296,   0.00131,  -0.02845,  -0.00744,   0.10461,   0.09761,  -0.01795,   0.03108,   0.01707,   0.02757,   0.01007,  -0.00044,   0.04683,  -0.01795,   0.00481,   0.02933,  -0.04246,   0.00481,  -0.01094,  -0.03896,   0.02582,  -0.03370,   0.04333,  -0.02145,   0.07485,   0.00131,  -0.00219,   0.00481,  -0.03896,  -0.00394,   0.07835,   0.01007,  -0.04421,   0.10461,  -0.08098,   0.04158,   0.02757,   0.01707,  -0.05296,   0.05384,   0.01532,  -0.03545,  -0.01795,  -0.00394,  -0.00044,  -0.06347,   0.01357,   0.01532,  -0.07047,  -0.02670,   0.00832,  -0.03721,   0.02757,   0.04858,  -0.07397,   0.06084,   0.03633,  -0.01970,   0.01007,   0.05559,   0.02582,  -0.03896,  -0.04596,   0.06084,   0.04858,  -0.00569,   0.02232,  -0.00919,   0.05209,  -0.00044,  -0.02145,  -0.00044,   0.04333,  -0.01444,  -0.04596,  -0.03545,   0.03808,  -0.02495,   0.02933,  -0.03896,  -0.01094,   0.02933,   0.03983,  -0.04071,  -0.04946,   0.00657,   0.00657,   0.03458,  -0.01094,   0.03283,   0.00306,   0.01007,   0.02582,   0.03283,  -0.07922,   0.08710,   0.00832,   0.01357,   0.02582,   0.01357,  -0.00919,  -0.00219,   0.03633,   0.06434,  -0.03195,   0.08535,   0.03283,  -0.03545,   0.04158,   0.11161,   0.05559,  -0.00394,   0.03983,  -0.05997,   0.00481,   0.00306,  -0.03545,  -0.01970,  -0.01444,   0.01882,  -0.01269,   0.04858,  -0.00919,   0.02232,  -0.00394,   0.02582,  -0.01620,   0.02232,  -0.13875,   0.00306,  -0.04071,  -0.01620,   0.02232,   0.02057,   0.05734,  -0.05997,  -0.00394,  -0.02670,   0.01357,   0.10986,  -0.01970,  -0.00044,  -0.00919,  -0.03896,  -0.09848,   0.04333,  -0.02670,   0.02057,   0.05034,   0.00131,   0.00306,   0.01007,   0.03283,  -0.04421,   0.00657,  -0.06522,   0.03633,  -0.05296,  -0.06522,  -0.00569,   0.00481,  -0.08273,  -0.04596,   0.04858,   0.00657,   0.04858,  -0.02320,   0.00306,  -0.00569,   0.00131,  -0.01094,  -0.01444,   0.07310,   0.06084,   0.04508,  -0.02145,   0.04333,   0.08885,   0.02232,  -0.09673,  -0.05121,  -0.04946,   0.00131,   0.00657,  -0.05646,  -0.03370,  -0.01444,  -0.08623,  -0.08098,  -0.02845,   0.05384,  -0.00394,  -0.05997,   0.02757,   0.06609,  -0.08098,   0.01882,   0.03633,   0.01532,   0.03983,   0.03458,  -0.00044,   0.11336,   0.04683,   0.06259,  -0.02845,   0.01882,   0.02582,   0.01007,   0.01007,  -0.03370,  -0.05296,   0.00131,   0.01182,   0.01707,   0.01007,   0.05559,  -0.16501,   0.04508,   0.05209,   0.01357,   0.06259,   0.01707,  -0.01620,   0.16239,  -0.01269,  -0.02845,  -0.03020,   0.01007,   0.06084,   0.00832,  -0.06172,  -0.04421,  -0.02495,  -0.00394,   0.05209,  -0.08798,  -0.01795,   0.00131,  -0.01444,  -0.04246,  -0.10724,  -0.01620,   0.01182,   0.02407,   0.01532,   0.01007,  -0.00044,   0.00481,  -0.01620,  -0.01094,  -0.03195,  -0.01094,  -0.03195,   0.03633,  -0.04946,   0.03108,  -0.01970,   0.01882,  -0.03721,   0.00657,   0.02407,   0.04508,  -0.01269,  -0.00044,   0.08710,  -0.04946,   0.02057,   0.06784,   0.03458,  -0.03721,   0.03808,   0.02232,  -0.03370,  -0.02145,   0.05209,   0.02933,  -0.07222,  -0.00744,  -0.02145,  -0.04246,  -0.02145,  -0.04771,  -0.08448,   0.02757,  -0.07047,   0.01707,   0.01882,  -0.00569,   0.06784,   0.07660,   0.04158,   0.03108,  -0.00044,  -0.06697,  -0.00569,  -0.04071,   0.00131,  -0.05121,   0.05209,   0.08535,  -0.00569,  -0.07572,   0.01532,   0.03633,   0.03458,  -0.05997,   0.02757,   0.02232,  -0.02320,  -0.01094,   0.00306,  -0.00044,  -0.07572,   0.01707,   0.03808,  -0.06872,  -0.08448,  -0.03195,  -0.07222,  -0.05296,   0.03458,  -0.03721,  -0.03370,  -0.04246,  -0.01269,  -0.08448,  -0.08273,  -0.00394,   0.07835,   0.08185,   0.02232,  -0.09323,   0.00306,  -0.00919,   0.06609,   0.02582,   0.02582,  -0.05997,  -0.03195,  -0.06872,  -0.02845,  -0.00044,  -0.06172,  -0.01094,  -0.06872,  -0.06347,   0.05559,  -0.03721,   0.04683,   0.03108,  -0.05646,  -0.02145,   0.06959,   0.02582,  -0.02495,   0.00657,   0.09235,   0.01007,   0.01882,  -0.05997,   0.02232,   0.01532,   0.00832,  -0.03896,   0.00481,   0.06609,   0.02407,  -0.03195,   0.05034,  -0.01094,   0.01007,   0.04683,   0.02407,  -0.03195,  -0.01795,   0.09060,   0.00131,  -0.02145,   0.02407,   0.04333,   0.00657,  -0.04771,  -0.01795,  -0.03545,   0.05734,  -0.04596,  -0.05121,  -0.00394,   0.00481,   0.09586,  -0.02145,   0.03108,   0.04508,   0.03808,  -0.04771,  -0.00569,  -0.02145,   0.01357,  -0.04246,  -0.05121,   0.01182,  -0.02320,  -0.04071,   0.10111,   0.08885,   0.06959,  -0.00744,   0.06959,   0.03633,   0.01707,  -0.04771,   0.00131,   0.01882,  -0.02320,   0.01007,  -0.00044,  -0.00044,  -0.07047,   0.06259,  -0.10724,  -0.01444,  -0.00219,   0.06434,  -0.05121,   0.04683,  -0.03195,  -0.10023,  -0.02145,  -0.01795,   0.00657,   0.00832,  -0.03896,   0.05209,  -0.05296,   0.03983,   0.05209,   0.01532,   0.04683,  -0.03370,  -0.05296,   0.03108,   0.04508,   0.05909,  -0.03020,  -0.00394,  -0.00044,   0.03458,   0.04508,   0.01007,  -0.03896,   0.01182,  -0.01094,   0.02933,  -0.01094,  -0.05471,  -0.07222,   0.03633,  -0.02495,   0.13087,   0.04858,   0.01707,  -0.04421,   0.01357,   0.02933,   0.08535,   0.04508,  -0.04421,   0.05034,  -0.04771,   0.01707,   0.05559,   0.02407,  -0.03195,   0.00131,  -0.00044,   0.00306,  -0.02845,   0.02232,   0.00306,   0.03108,   0.05384,  -0.02145,   0.03808,  -0.03370,   0.03108,   0.09936,   0.03458,  -0.01970,   0.02757,   0.04858,  -0.05121,   0.01707,   0.04683,   0.00131,  -0.02145,  -0.01094,   0.08185,  -0.03721,  -0.00569,  -0.00744,  -0.04946,   0.03283,  -0.04946,  -0.05997,  -0.01620,  -0.02845,   0.03458,  -0.01269,  -0.05471,   0.03108,   0.00657,  -0.06872,  -0.00919,   0.06609,   0.05209,  -0.00919,  -0.03896,   0.04858,   0.01882,   0.00481,   0.04508,   0.01882,  -0.01970,   0.05209,  -0.00569,   0.02582,  -0.07222,   0.02407,   0.00832,   0.06084,   0.07310,   0.01357,  -0.01094,   0.03458,  -0.08273,   0.00832,   0.02933,   0.08010,  -0.03020,  -0.01795,   0.01357,   0.02232,   0.00832,   0.06259,   0.00657,  -0.05997,   0.03633,  -0.01444,  -0.05121,  -0.01094,  -0.02145,  -0.04771,  -0.00919,  -0.05296,  -0.02495,   0.03283,   0.04158,   0.08535,   0.03283,  -0.00919,  -0.07397,   0.02933,   0.06084,  -0.00394,   0.03808,   0.03633,   0.03633,  -0.04421,   0.02057,   0.01707,   0.02232,   0.04858,  -0.00219,  -0.00919,   0.07485,  -0.00044,   0.07835,  -0.03020,   0.00306,  -0.04071,  -0.00919,  -0.03721,  -0.01094,  -0.00394,  -0.02145,  -0.04596,   0.00481,   0.02757,  -0.03020,   0.00131,  -0.04246,  -0.10199,   0.01007,   0.01707,  -0.01620,   0.02232,   0.02757,  -0.03721,   0.04858,  -0.02845,  -0.04246,  -0.02320,   0.09936,  -0.02495,   0.04858,   0.02407,  -0.05121,   0.00131,  -0.04946,   0.01532,  -0.00919,  -0.07222,   0.04508,   0.06434,   0.04508,  -0.04596,   0.07135,   0.06609,   0.03458,   0.04158,  -0.08273,   0.09411,  -0.01444,  -0.02495,  -0.00219,  -0.07572,  -0.02845,   0.04508,  -0.01444,  -0.04946,   0.06959,   0.09936,  -0.03896,   0.00131,  -0.01444,  -0.03721,  -0.04946,  -0.08973,   0.05909,   0.00131,   0.05034,   0.02582,  -0.01444,  -0.03721,   0.00657,  -0.03370,   0.03283,  -0.03896,   0.00832,   0.04683,   0.01707,   0.00481,  -0.02145,  -0.02845,  -0.01269,   0.02582,  -0.01795,  -0.01094,  -0.03195,  -0.02145,  -0.00569,   0.01182,  -0.02145,  -0.08098,  -0.04246,  -0.03195,  -0.03545,  -0.01970,   0.06084,   0.06609,   0.01707,   0.04333,   0.01882,   0.09586,  -0.01620,   0.03633,   0.00657,   0.02407,   0.01532,  -0.02845,   0.01357,  -0.00919,   0.00306,  -0.01269,   0.05384,   0.02407,  -0.06697,   0.05559,  -0.06522,  -0.00219,  -0.05296,   0.05559,  -0.00569,  -0.02495,  -0.00744,  -0.07572,  -0.00044,   0.04508,  -0.07397,   0.00131,  -0.03545,   0.01707,  -0.01269,  -0.02670,   0.05384,  -0.02495,   0.05209,  -0.04071,  -0.02320,  -0.00044,  -0.03020,   0.03283,   0.07835,   0.08185,   0.03633,  -0.05471,  -0.01795,   0.07135,   0.04858,   0.03108,  -0.05121,  -0.02320,  -0.01620,   0.03458,   0.00481,  -0.04596,  -0.10199,  -0.00919,  -0.00919,  -0.04071,  -0.00744,  -0.04246,   0.03808,   0.05209,  -0.02495,  -0.07047,  -0.00744,   0.02582,   0.04683,   0.01007,   0.06434,   0.01882,  -0.01269,   0.04158,   0.03983,  -0.06522,   0.01707,   0.07135,   0.03458,   0.11862,   0.07485,   0.01532,  -0.01094,  -0.00744,   0.02933,   0.06434,  -0.01795,   0.02757,   0.01182,   0.03983,  -0.01444,   0.10986,   0.04333,  -0.01795,  -0.00744,  -0.04596,  -0.05822,   0.05909,  -0.04246,  -0.04771,  -0.01269,   0.04508,   0.00481,  -0.00394,   0.00131,  -0.01970,   0.01182,  -0.01795,  -0.07747,   0.13262,  -0.00919,   0.02582,   0.00481,   0.12562,  -0.01970,   0.00832,  -0.00219,   0.03108,   0.03633,   0.04858,  -0.02845,  -0.03721,  -0.00744,   0.03458,  -0.03545,   0.02057,   0.11336,  -0.00744,  -0.00394,   0.01532,   0.00481,   0.06434,   0.00306,   0.08535,  -0.03721,  -0.05296,   0.08535,  -0.00044,  -0.05471,  -0.02670,  -0.03721,   0.05209,   0.03808,  -0.05822,  -0.00744,   0.07835,   0.02232,   0.02407,  -0.00919,  -0.00744,  -0.06172,   0.03808,  -0.05471,   0.00306,  -0.00044,  -0.02495,   0.03983,  -0.04421,  -0.03370,   0.06784,   0.07660,   0.04508,   0.02757,  -0.00919,   0.02757,  -0.01970,   0.03808,  -0.10549,  -0.01970,  -0.05296,  -0.00919,   0.03108,   0.05034,  -0.00044,   0.05559,   0.03633,  -0.08098,   0.03633,   0.03633,   0.06609,  -0.03545,   0.00481,   0.00131,  -0.01970,   0.03983,  -0.06347,  -0.03020,   0.03633,  -0.00219,  -0.01795,   0.05034,   0.02757,   0.10636,   0.14838,  -0.03545,   0.07835,  -0.03721,  -0.01269,  -0.02320,  -0.00394,  -0.05296,   0.01882,  -0.00219,   0.00657,  -0.03545,   0.04333,   0.01007,   0.03458,  -0.00394,  -0.01795,   0.07310,   0.01532,  -0.04421,  -0.00219,   0.00481,  -0.05646,  -0.03195,   0.02057,  -0.00744,  -0.03370,   0.05909,   0.05209
   0.01357,  -0.00919,   0.03458,   0.02757,   0.02582,  -0.00569,   0.04508,   0.01182,   0.04858,  -0.02670,  -0.01970,  -0.04421,  -0.00044,   0.00131,  -0.02145,  -0.00044,   0.00306,   0.01882,  -0.04946,  -0.00044,   0.04158,  -0.00394,  -0.01269,   0.00306,   0.00832,   0.01707,  -0.01795,  -0.01444,   0.03458,   0.01182,  -0.02495,   0.08360,   0.02057,  -0.01269,   0.04158,  -0.06522,  -0.02670,   0.01532,   0.00481,   0.06084,  -0.02845,   0.09761,  -0.04421,  -0.02495,  -0.04596,  -0.01094,  -0.07922,   0.03808,  -0.08273,  -0.02845,   0.00131,   0.07135,   0.08710,  -0.01094,   0.04683,   0.02232,   0.04333,  -0.04946,  -0.04421,  -0.07222,  -0.04596,   0.04508,   0.02057,   0.02407,  -0.02495,  -0.08273,  -0.02145,  -0.02495,   0.05734,   0.00131,  -0.01620,   0.09586,  -0.02320,   0.03983,  -0.03020,  -0.00219,  -0.00919,   0.06784,  -0.03370,  -0.05646,   0.00832,  -0.06347,   0.01532,   0.06084,  -0.03545,   0.06959,   0.04683,   0.01357,   0.04333,   0.08360,  -0.01269,  -0.00044,   0.02582,   0.04158,   0.01182,  -0.06522,  -0.00394,   0.01007,   0.01882,   0.00306,  -0.00744,  -0.04421,  -0.06697,   0.07135,   0.08185,   0.01707,   0.10986,   0.01007,   0.00832,   0.07485,  -0.00394,   0.06084,   0.02933,  -0.01094,   0.02582,   0.03983,  -0.01620,   0.00306,   0.01357,   0.02232,   0.04508,   0.01357,   0.01707,   0.01357,  -0.02670,   0.02232,   0.05034,   0.10461,  -0.01094,   0.00657,  -0.09848,  -0.02495,   0.00306,   0.02933,  -0.04421,   0.01007,   0.06084,  -0.02320,  -0.04596,   0.04858,  -0.04421,  -0.00394,  -0.00919,   0.00131,   0.03983,   0.05209,  -0.01269,   0.00306,  -0.03545,  -0.03195,  -0.06522,   0.02933,   0.00306,  -0.01269,  -0.04946,  -0.03721,  -0.03370,  -0.02495,  -0.00044,   0.03983,  -0.03370,   0.02757,   0.05909,   0.01707,  -0.02670,   0.04508,   0.01532,  -0.05121,   0.02757,  -0.05121,   0.02757,  -0.04946,  -0.02320,   0.03458,   0.02232,   0.02057,   0.03983,   0.06259,   0.00832,   0.05909,  -0.02145,  -0.00919,  -0.00919,  -0.05296,  -0.04946,  -0.09148,   0.02582,  -0.01269,  -0.03721,  -0.02145,  -0.00394,  -0.03545,  -0.07222,   0.01532,  -0.02145,  -0.01444,  -0.03545,   0.06084,   0.00306,  -0.04596,  -0.00569,  -0.01795,  -0.05471,  -0.01795,  -0.00044,  -0.02320,  -0.02845,  -0.04946,   0.09586,  -0.04771,   0.07310,  -0.02845,  -0.04421,  -0.06872,  -0.02495,   0.01532,   0.03108,  -0.01444,  -0.01444,  -0.07747,   0.02757,  -0.01970,  -0.03195,  -0.00044,   0.03283,   0.01007,  -0.04596,  -0.00219,  -0.03370,  -0.03020,   0.06084,  -0.00569,  -0.00569,  -0.01795,  -0.01620,   0.11687,   0.00832,   0.06259,   0.00306,  -0.04596,  -0.04946,  -0.01444,  -0.05121,   0.04858,  -0.10724,  -0.00569,  -0.04421,  -0.07747,  -0.00569,  -0.01269,   0.08185,   0.03633,  -0.00394,   0.03633,   0.01357,  -0.02145,   0.00832,   0.00131,  -0.02320,  -0.02320,  -0.07047,  -0.02495,   0.03108,   0.05209,  -0.00219,  -0.00569,  -0.07922,   0.02933,   0.06784,  -0.01620,   0.05209,   0.03808,   0.00657,  -0.02320,   0.06959,   0.03458,  -0.13175,  -0.03370,  -0.08623,   0.02057,   0.07310,  -0.04421,  -0.01970,  -0.10724,  -0.02670,  -0.02320,   0.01182,   0.02057,  -0.07047,   0.02933,   0.03458,   0.01532,  -0.07397,   0.02933,  -0.07922,  -0.00744,  -0.00219,  -0.03721,  -0.04246,   0.00832,   0.01182,  -0.03370,   0.07835,   0.00657,   0.01532,   0.01882,  -0.02670,  -0.08273,  -0.02145,  -0.07747,   0.01007,   0.07660,   0.01007,   0.03808,  -0.01795,   0.03108,   0.11687,   0.04158,   0.03108,  -0.08273,   0.02933,   0.03983,  -0.03020,   0.00657,  -0.04596,   0.06609,   0.04683,   0.09060,  -0.03195,   0.06784,   0.01532,  -0.04771,   0.01532,   0.10986,  -0.02845,  -0.05997,   0.05734,   0.01182,   0.01532,  -0.01094,   0.06084,  -0.02495,   0.03983,  -0.02845,   0.03808,  -0.01620,  -0.05997,  -0.05121,   0.01882,   0.02057,   0.00131,  -0.04596,   0.02582,   0.00306,   0.01532,   0.06609,  -0.03195,  -0.07047,   0.02057,   0.01532,   0.08360,  -0.02145,   0.00832,  -0.01444,   0.02407,   0.05559,   0.01357,  -0.00219,   0.01707,  -0.02145,  -0.01444,  -0.02495,  -0.05997,  -0.01269,  -0.00044,  -0.00394,   0.02057,  -0.04421,  -0.06522,   0.03633,   0.01007,   0.03633,   0.08185,  -0.02495,  -0.00219,   0.09761,   0.03633,  -0.04246,  -0.00394,   0.06609,  -0.07047,   0.00481,  -0.03020,  -0.04071,  -0.06172,   0.07310,   0.00832,  -0.00394,   0.01007,   0.01882,   0.00131,  -0.04946,   0.01532,  -0.06697,  -0.02320,  -0.08273,  -0.03195,   0.03283,   0.05384,  -0.00219,  -0.02145,  -0.02495,   0.03983,   0.01532,   0.05384,  -0.02670,   0.00657,  -0.03020,   0.01707,  -0.02145,  -0.02145,  -0.08273,   0.03633,  -0.04771,   0.05209,   0.03283,   0.02582,   0.01882,   0.00131,   0.00832,   0.01882,   0.03458,  -0.03020,   0.01007,  -0.01444,   0.06084,   0.02582,  -0.13000,   0.00657,  -0.06697,   0.03283,   0.01882,   0.03808,  -0.02495,   0.01707,  -0.07222,   0.00481,  -0.03545,  -0.07222,  -0.08973,  -0.00569,   0.02407,  -0.00219,  -0.08273,  -0.03545,   0.03283,  -0.06522,  -0.00744,  -0.02495,   0.06084,  -0.01269,   0.03283,  -0.00919,   0.04683,  -0.02670,  -0.04071,  -0.02845,  -0.02845,  -0.00219,   0.01357,  -0.01444,   0.00657,   0.03983,   0.01007,  -0.02320,  -0.03721,  -0.00744,  -0.03545,  -0.04946,  -0.00569,  -0.07222,  -0.01269,  -0.03370,   0.02407,  -0.01795,   0.00306,  -0.00219,  -0.04421,   0.03108,  -0.03020,  -0.01094,   0.02057,   0.08535,  -0.06872,  -0.03545,  -0.02670,  -0.02495,   0.03983,  -0.03195,   0.04508,  -0.05997,   0.05909,   0.02757,  -0.01795,  -0.00394,   0.00306,  -0.05822,  -0.00219,  -0.04421,  -0.04246,  -0.04596,  -0.03370,   0.04508,  -0.04421,   0.03983,   0.02407,  -0.05121,  -0.07397,  -0.00919,   0.00832,   0.00131,  -0.01269,   0.03808,   0.05734,  -0.00744,  -0.00919,  -0.03370,   0.04158,   0.07835,   0.06959,   0.03283,   0.06434,  -0.00744,   0.04858,   0.01357,  -0.02670,  -0.01795,   0.03283,   0.09235,  -0.02495,   0.00306,  -0.03370,  -0.02495,   0.04158,   0.03633,   0.00832,   0.00832,   0.04158,   0.03633,  -0.01269,  -0.02145,  -0.04246,  -0.01620,   0.02757,   0.01182,   0.01357,   0.00657,  -0.10724,  -0.03545,   0.00131,   0.07310,   0.00131,  -0.01970,  -0.05296,  -0.01094,  -0.02495,   0.02582,   0.01707,  -0.01620,   0.01007,  -0.07572,   0.02582,  -0.03020,  -0.08098,  -0.04596,  -0.04421,   0.02757,  -0.04421,   0.03808,  -0.04946,  -0.00919,  -0.00919,  -0.03370,  -0.02495,  -0.03370,   0.00832,   0.05384,  -0.04596,  -0.06522,  -0.00569,  -0.00219,   0.05034,  -0.02495,   0.05734,  -0.06347,   0.03983,  -0.02670,   0.03283,   0.00481,  -0.01795,  -0.00394,   0.03983,  -0.06872,  -0.00394,   0.00481,   0.00657,   0.02232,   0.04858,  -0.04596,   0.06784,   0.02407,   0.07135,  -0.00219,  -0.13000,  -0.01795,   0.10461,  -0.09323,   0.02232,  -0.03370,  -0.02845,  -0.02495,   0.04158,   0.01182,  -0.05471,  -0.01970,  -0.00219,  -0.02495,  -0.11074,  -0.02495,  -0.06347,  -0.04071,   0.04158,   0.01532,  -0.04421,   0.00657,  -0.02845,  -0.10899,  -0.01444,   0.00481,  -0.01970,  -0.07747,  -0.02845,   0.06609,   0.05384,  -0.01795,   0.01882,   0.06959,  -0.04421,  -0.01970,   0.00481,   0.02407,  -0.04946,   0.00131,   0.00481,   0.06259,  -0.02495,  -0.04946,  -0.02320,  -0.04596,   0.02232,   0.01007,   0.05209,   0.02407,   0.00657,  -0.01620,  -0.01620,  -0.05471,   0.03108,   0.01357,   0.02407,   0.01182,  -0.03896,   0.05559,  -0.00744,   0.04158,  -0.10023,  -0.01269,  -0.01269,  -0.01620,  -0.07397,  -0.03370,   0.05034,  -0.01269,  -0.05471,   0.01182,  -0.01269,  -0.08798,   0.02933,   0.01007,  -0.05471,   0.00657,  -0.03370,   0.00481,  -0.04596,  -0.00044,  -0.01269,   0.01532,   0.00131,  -0.02145,  -0.00744,   0.05909,  -0.03721,   0.01707,   0.00131,   0.09761,  -0.02845,   0.03983,  -0.06347,  -0.01444,   0.06609,  -0.04071,   0.00131,  -0.01620,  -0.00744,  -0.01970,  -0.02145,   0.01882,  -0.08973,  -0.06522,   0.04333,   0.02232,  -0.01970,   0.04858,   0.02057,  -0.02845,  -0.04946,   0.06259,   0.05559,   0.00832,  -0.01094,   0.08885,  -0.05822,  -0.05121,   0.00481,  -0.06522,   0.03633,  -0.01444,  -0.04246,  -0.07922,  -0.07397,  -0.02145,  -0.00219,  -0.01094,  -0.02320,   0.04333,   0.04508,   0.02582,   0.03983,   0.00481,   0.02757,   0.04158,   0.00131,  -0.05296,  -0.03545,   0.04333,   0.00832,  -0.01795,   0.06784,  -0.04246,  -0.08098,  -0.03896,  -0.00569,  -0.02495,   0.01357,  -0.00394,  -0.04246,  -0.02320,   0.04333,   0.00832,  -0.00919,  -0.02845,  -0.05997,  -0.04596,  -0.04246,  -0.02145,  -0.07047,  -0.05997,  -0.05646,  -0.02320,  -0.04421,   0.00306,   0.12037,  -0.01269,  -0.00919,  -0.01444,   0.00832,  -0.00044,  -0.03896,  -0.06522,  -0.09323,   0.04508,  -0.00744,   0.02757,   0.00306,  -0.00569,  -0.00919,   0.03633,   0.06609,  -0.06697,  -0.04946,  -0.01795,  -0.00044,   0.04508,  -0.08273,   0.08360,  -0.01620,   0.02232,  -0.03545,  -0.05296,   0.00306,   0.03633,  -0.03370,  -0.02845,   0.10986,  -0.07747,   0.04158,   0.07835,   0.02232,   0.07485,   0.02407,   0.06609,   0.04158,   0.06084,   0.02933,   0.09586,  -0.00219,  -0.05121,  -0.02145,  -0.06522,  -0.03370,  -0.02320,  -0.03545,  -0.00044,  -0.04246,  -0.04246,   0.01707,   0.04683,   0.03283,  -0.01795,   0.04508,   0.00306,  -0.04771,   0.05909,   0.01707,  -0.00919,  -0.00919,   0.04333,  -0.02320,  -0.02145,   0.03458,  -0.06697,   0.09235,   0.01707,  -0.02670,   0.07485,   0.01357,  -0.03896,   0.05209,  -0.01094,   0.05384,   0.00832,   0.04158,   0.00481,   0.04333,   0.01007,  -0.00744,  -0.05997,  -0.04421,  -0.07222,  -0.02145,  -0.02845,   0.02582,  -0.01620,  -0.03545,   0.03283,   0.06959,   0.02757,  -0.08448,  -0.04246,   0.16239,  -0.03896,  -0.02145,  -0.04421,   0.01882,   0.02933,  -0.06172,  -0.00569,   0.02933,  -0.00919,   0.01007,   0.02232,   0.03108,  -0.02320,  -0.05121,   0.00481,   0.03283,  -0.00919,   0.06084,   0.07660,  -0.07747,   0.02933,   0.02407,  -0.02320,   0.06084,  -0.00744,  -0.01269,  -0.00919,   0.02582,   0.03983,  -0.02320,  -0.01444,   0.01182,   0.04508,   0.03458,  -0.07397,   0.06084,  -0.05296,   0.06434,   0.09761,   0.04158,   0.00481,  -0.00919,  -0.01970,   0.03633,  -0.07397,  -0.05646,  -0.05646,  -0.03545,  -0.00044,   0.00481,  -0.07047,  -0.03896,   0.02232,  -0.06172,   0.06434,   0.00306,  -0.05997,  -0.07397,   0.04683,  -0.09673,   0.01707,   0.05209,  -0.05822,   0.00306,  -0.03896,   0.02933,  -0.01795,  -0.04771,  -0.01269,   0.04333,  -0.03545,  -0.04246,  -0.04071,  -0.03020,   0.01532,  -0.02845,   0.03458,  -0.01094,   0.00306,  -0.05296,  -0.09323,   0.02057,   0.02407,  -0.04946,  -0.03370,  -0.00919,   0.01707,   0.00481,   0.01007,  -0.07747,  -0.00219,   0.01007,   0.01707,   0.01532,  -0.01444,   0.05559,  -0.00219,   0.06784,  -0.03896,  -0.02670,  -0.02495,   0.09235,   0.00306,   0.01707,  -0.05296,   0.01357,   0.03808,   0.06434,   0.03633,  -0.00569,  -0.01795,   0.02232,  -0.07572,  -0.01620,   0.04158,   0.03458,   0.00657,  -0.00919,  -0.01620,  -0.05296,   0.05734,  -0.01269,   0.05734,  -0.03721,  -0.00394,   0.01882,  -0.05471,  -0.02320,  -0.04771,   0.03458,   0.01007,   0.00832,  -0.02845,   0.02407,   0.00131,   0.02407,  -0.00394,   0.06084,   0.05384,   0.02232,  -0.04596,   0.02933,  -0.02320,   0.05384
   0.05034,   0.05209,  -0.06697,  -0.02495,  -0.07047,  -0.03020,   0.00832,  -0.03370,  -0.00219,  -0.02670,   0.00832,   0.02407,  -0.04421,   0.01707,  -0.00044,   0.02757,  -0.00394,  -0.01269,   0.03808,  -0.02145,  -0.00569,  -0.04246,   0.01707,   0.02232,  -0.02670,   0.01707,   0.02407,   0.01882,  -0.04071,   0.02057,  -0.04421,   0.00832,  -0.06697,   0.01007,   0.01532,  -0.01970,  -0.03195,  -0.01970,  -0.01970,   0.03458,   0.00481,  -0.02495,   0.01007,   0.08535,   0.05034,   0.00131,   0.05909,   0.03808,  -0.04596,  -0.04071,   0.05384,  -0.01094,   0.03808,   0.04158,   0.04508,   0.03633,   0.08535,  -0.02495,   0.04158,  -0.00744,   0.06434,  -0.02670,  -0.04246,  -0.02670,   0.03458,   0.05734,   0.01532,   0.00131,  -0.05296,  -0.03545,  -0.03545,   0.05034,  -0.01620,  -0.01094,   0.03983,   0.04508,   0.01532,  -0.00044,  -0.09323,  -0.00919,   0.08535,  -0.09148,  -0.00744,  -0.10724,  -0.03721,   0.00832,  -0.00044,   0.01182,   0.06784,  -0.07047,  -0.02670,  -0.06697,   0.03283,  -0.05646,  -0.04421,   0.08185,  -0.04071,  -0.00919,  -0.06172,  -0.00569,   0.06959,  -0.00044,   0.06084,   0.02407,   0.00657,   0.03808,  -0.00044,   0.01882,  -0.01970,  -0.03896,  -0.04071,   0.03808,   0.01532,   0.04333,   0.00481,   0.02057,   0.00131,   0.01707,  -0.00569,   0.01007,   0.02582,   0.01007,  -0.07397,  -0.05646,  -0.01269,   0.01182,  -0.03020,   0.04683,  -0.09848,  -0.03721,  -0.05997,   0.01357,  -0.03195,  -0.02495,  -0.10899,  -0.05471,   0.00306,   0.02057,  -0.01970,   0.01007,  -0.07047,  -0.06522,   0.06959,   0.00657,  -0.00569,   0.03983,  -0.04421,   0.09936,   0.02232,   0.00481,  -0.00744,  -0.00919,  -0.04946,   0.01357,   0.04683,  -0.01795,  -0.02145,  -0.06347,  -0.00044,  -0.02670,   0.06609,  -0.00044,  -0.00044,  -0.00044,   0.04858,   0.03983,  -0.04771,  -0.03545,   0.10111,  -0.04771,  -0.10374,   0.05559,  -0.03721,  -0.00219,  -0.00044,  -0.02320,   0.00657,   0.02407,  -0.06172,   0.03283,   0.02933,   0.00306,  -0.05296,  -0.06872,  -0.04071,   0.06084,  -0.02495,  -0.07047,   0.03458,  -0.02495,  -0.08973,   0.05034,  -0.02670,   0.01882,   0.03983,  -0.03020,  -0.04246,  -0.01620,  -0.01620,  -0.02495,   0.02582,  -0.03721,  -0.06347,   0.00131,   0.01707,  -0.03896,  -0.08098,  -0.00569,   0.03808,  -0.11074,  -0.03545,   0.06084,   0.07660,   0.04333,  -0.03545,  -0.08098,   0.01707,   0.03808,  -0.00744,   0.00306,   0.02232,  -0.05997,   0.04333,   0.07485,   0.01182,  -0.02320,  -0.01094,   0.13437,   0.04858,  -0.00219,  -0.01970,   0.08885,   0.07310,  -0.01269,   0.01532,  -0.00219,  -0.03370,   0.06434,   0.00131,   0.04333,   0.05209,   0.05209,  -0.04946,  -0.05471,   0.05734,   0.04158,  -0.01795,  -0.03721,   0.14138,   0.00131,  -0.02320,  -0.00919,   0.06609,   0.12037,   0.00306,   0.03633,  -0.04596,  -0.02845,   0.01532,   0.10636,  -0.01444,  -0.00744,  -0.05646,  -0.01444,  -0.01269,  -0.04596,  -0.02320,   0.02407,   0.03283,   0.01007,  -0.04771,   0.06084,  -0.02495,   0.06084,   0.09411,   0.12387,   0.01007,   0.02757,  -0.05822,   0.01882,  -0.00219,   0.00832,   0.06784,  -0.09848,  -0.00394,  -0.02320,   0.01007,   0.01357,   0.01357,   0.01882,   0.01357,   0.04158,   0.05209,  -0.01269,   0.00832,   0.06084,  -0.03370,   0.04683,   0.05034,  -0.01444,   0.05734,  -0.00569,  -0.01620,   0.06084,  -0.00219,  -0.02145,  -0.06872,  -0.02145,  -0.02670,   0.03283,   0.05209,   0.02933,  -0.00744,   0.05384,  -0.00919,   0.11336,  -0.02670,   0.01182,   0.02933,   0.04158,   0.00306,  -0.01795,  -0.04596,  -0.00044,   0.06084,   0.03633,  -0.00919,   0.09936,  -0.04946,  -0.03545,  -0.00044,   0.04158,   0.00481,  -0.00044,  -0.00044,  -0.04771,  -0.00919,   0.04508,   0.01182,   0.00306,   0.00131,  -0.05296,  -0.06697,   0.06259,  -0.06522,  -0.00219,  -0.00744,  -0.09498,   0.03458,  -0.07397,   0.03808,  -0.00394,   0.02933,  -0.03195,   0.01532,   0.03808,   0.00131,  -0.04946,   0.02232,  -0.04071,  -0.03545,  -0.03195,  -0.03721,  -0.02145,  -0.01620,   0.00481,  -0.03545,  -0.05646,   0.05209,   0.00657,   0.01707,   0.04858,   0.02407,  -0.06347,  -0.02320,   0.05384,  -0.04246,  -0.00219,  -0.08798,   0.03283,  -0.00394,  -0.08623,   0.01707,  -0.06172,   0.06784,  -0.05296,  -0.00919,  -0.00044,  -0.01269,  -0.04071,  -0.00919,  -0.02670,  -0.03020,  -0.00744,  -0.10374,  -0.00219,  -0.03545,   0.01707,   0.04158,  -0.01970,  -0.01269,  -0.03896,  -0.03020,   0.01357,   0.06259,  -0.03896,  -0.01094,  -0.00044,  -0.01795,   0.02757,  -0.00744,  -0.00569,  -0.00744,   0.07660,   0.09586,   0.09936,   0.06084,   0.02057,  -0.07572,  -0.02670,  -0.02320,   0.06084,   0.02057,  -0.04421,  -0.01269,   0.09586,   0.00832,  -0.02670,   0.02933,  -0.08798,   0.02582,  -0.01795,  -0.02495,   0.02057,  -0.03721,  -0.01269,   0.02057,   0.01707,  -0.03721,  -0.00569,  -0.00569,   0.00131,   0.10811,  -0.00044,  -0.03896,   0.10636,   0.02582,   0.02757,  -0.00044,   0.03458,   0.06084,  -0.01795,   0.00131,   0.04333,  -0.02670,  -0.08798,  -0.00394,   0.00131,   0.02757,  -0.01970,  -0.00044,  -0.00044,  -0.13000,   0.00657,   0.00832,  -0.07222,  -0.00569,   0.05209,   0.02757,  -0.00919,   0.00657,  -0.01269,   0.03808,  -0.02320,  -0.00744,   0.01007,   0.04508,  -0.03020,   0.00131,   0.04158,   0.03283,   0.00832,   0.00481,   0.04858,   0.05909,   0.03983,  -0.04596,   0.05909,   0.01357,  -0.00219,  -0.01970,   0.10811,  -0.04596,  -0.13175,   0.03283,   0.00306,  -0.05471,   0.01707,   0.06959,   0.01532,  -0.00744,   0.01182,  -0.02845,  -0.03020,   0.01707,  -0.02495,  -0.02845,   0.02057,  -0.02845,   0.01532,  -0.07922,   0.01182,   0.04158,   0.01182,  -0.08623,   0.01007,  -0.00394,  -0.01970,   0.02582,  -0.04421,  -0.03195,  -0.04246,  -0.03896,   0.03983,  -0.04421,  -0.03896,  -0.01970,  -0.06347,  -0.00044,  -0.07747,   0.05559,   0.04508,  -0.16326,   0.00657,   0.05384,  -0.01269,  -0.02145,   0.01532,   0.03458,   0.00481,   0.01182,  -0.04946,   0.03108,   0.00481,   0.08185,  -0.03370,  -0.01970,  -0.09673,  -0.09323,   0.06259,  -0.05121,   0.05734,   0.04508,  -0.05121,  -0.10199,  -0.01094,  -0.06347,  -0.03896,  -0.01795,  -0.00744,   0.03633,  -0.01269,  -0.05471,   0.03283,   0.03108,   0.02757,   0.00131,   0.04508,  -0.04071,  -0.01795,   0.05209,   0.02407,   0.02933,   0.10986,  -0.00744,   0.02232,   0.00481,  -0.00919,   0.02057,  -0.00219,   0.01532,   0.02757,   0.03808,   0.02933,  -0.00569,   0.00657,   0.00832,  -0.01094,  -0.04071,   0.00657,  -0.01620,  -0.00219,  -0.07047,  -0.07047,  -0.02845,   0.04508,   0.07835,  -0.00044,   0.00306,  -0.00044,   0.03283,  -0.03896,  -0.04246,   0.07660,  -0.00919,   0.01532,  -0.04421,  -0.01094,  -0.04246,  -0.08273,  -0.04421,  -0.04421,   0.04158,   0.06084,  -0.05121,   0.01707,  -0.01444,  -0.10374,   0.06959,  -0.05822,  -0.01620,   0.00131,  -0.03896,  -0.09323,   0.02933,   0.01357,  -0.15451,   0.05034,  -0.00044,  -0.05296,   0.00481,   0.03633,  -0.02320,  -0.01269,  -0.02145,   0.05209,  -0.01970,   0.03983,   0.07310,  -0.02145,   0.00657,  -0.02320,   0.05734,   0.01882,  -0.05121,   0.02232,   0.02757,  -0.00044,  -0.01620,   0.02057,  -0.07572,   0.02407,   0.07660,   0.00657,   0.06434,  -0.08798,   0.03283,  -0.01970,  -0.01269,  -0.05646,   0.01357,   0.05209,  -0.00569,  -0.02670,  -0.08098,  -0.03020,   0.01357,   0.03983,  -0.01970,   0.05734,   0.01182,  -0.00919,   0.03458,   0.07485,   0.02933,  -0.07572,  -0.01970,   0.01882,  -0.01444,  -0.07572,   0.02757,  -0.01620,   0.01007,  -0.01444,   0.00657,   0.02933,  -0.00569,  -0.02845,  -0.04071,  -0.02670,  -0.00394,   0.01007,   0.02232,  -0.03195,   0.03108,   0.02407,  -0.02320,  -0.00219,  -0.00919,   0.07135,  -0.04596,  -0.03370,  -0.02145,   0.01532,   0.06784,   0.01182,  -0.05997,  -0.02495,  -0.00919,   0.01007,   0.06959,   0.02582,   0.02407,  -0.02845,   0.06084,   0.03983,  -0.02145,  -0.01094,  -0.01094,  -0.03020,   0.03283,   0.02582,  -0.00919,  -0.02670,   0.01357,   0.03283,  -0.03896,  -0.03721,  -0.00394,   0.00832,  -0.02495,  -0.05646,   0.03458,  -0.00569,  -0.06172,  -0.00744,  -0.07572,   0.05034,   0.00481,   0.04508,   0.01707,  -0.03020,  -0.01094,   0.07660,   0.03808,  -0.03721,   0.02757,  -0.03370,   0.02232,  -0.05471,   0.02232,   0.04508,   0.00306,  -0.03020,   0.02057,  -0.07047,   0.03108,  -0.02145,   0.06084,   0.00306,   0.02057,   0.01357,  -0.02145,  -0.00744,   0.06959,   0.06084,   0.02582,  -0.04946,   0.00306,   0.03808,  -0.00394,  -0.09323,   0.05034,  -0.06347,  -0.02670,   0.05559,   0.09761,  -0.01795,  -0.03370,  -0.01795,  -0.06172,  -0.00044,   0.01182,  -0.04246,   0.03983,  -0.01094,   0.00481,  -0.00569,   0.01007,  -0.11249,  -0.00219,  -0.12650,   0.01707,   0.00131,  -0.03721,   0.02057,  -0.02845,   0.07135,   0.04683,  -0.03370,   0.01532,   0.00481,   0.01007,  -0.03545,  -0.05296,   0.08710,   0.06084,  -0.04421,  -0.09323,   0.00306,   0.01182,   0.00832,   0.01182,  -0.03370,   0.04858,  -0.04421,  -0.04246,   0.00131,   0.04158,   0.03633,   0.00131,   0.00832,   0.05209,   0.04858,  -0.03020,  -0.02145,  -0.02320,   0.08885,  -0.00044,   0.07835,  -0.06172,   0.00131,   0.00306,  -0.02670,   0.00832,  -0.00744,   0.07485,  -0.07397,  -0.03195,  -0.03896,   0.00657,  -0.04596,   0.05034,  -0.06172,   0.01707,   0.10461,  -0.09148,   0.09586,  -0.06697,  -0.03195,  -0.00394,   0.00481,   0.00306,  -0.01795,   0.03108,   0.01882,   0.01532,   0.10461,  -0.00394,  -0.02845,   0.04858,   0.03108,  -0.02495,  -0.01444,   0.03983,  -0.02845,   0.01707,   0.01532,   0.01882,   0.05559,   0.01357,   0.07135,   0.05209,   0.02407,  -0.01970,  -0.01444,   0.07660,   0.01007,   0.03808,   0.05384,   0.08885,   0.00481,   0.00657,  -0.02145,   0.01357,   0.00657,   0.01182,   0.09586,  -0.01094,  -0.03195,  -0.06347,  -0.02320,  -0.06347,   0.01007,   0.04508,  -0.02845,  -0.01620,   0.10111,   0.05734,   0.01357,  -0.04946,  -0.00744,  -0.03370,  -0.01795,  -0.03545,  -0.01795,  -0.09148,  -0.05471,  -0.04246,  -0.08973,  -0.02320,   0.03808,   0.01007,  -0.04421,  -0.05296,  -0.08623,  -0.00044,  -0.00219,   0.02407,  -0.01094,   0.03108,   0.00131,  -0.02320,   0.00131,   0.02232,  -0.03896,   0.01007,   0.01707,  -0.01970,  -0.00744,   0.01532,  -0.01094,   0.06259,   0.08535,  -0.00919,  -0.00569,   0.01357,  -0.02145,   0.02757,  -0.04596,  -0.05997,  -0.02320,   0.02933,   0.02933,  -0.05822,  -0.00569,   0.00832,  -0.01444,   0.04508,  -0.04771,  -0.10549,  -0.02670,   0.06259,  -0.00744,  -0.03020,  -0.01795,   0.04333,   0.00657,   0.05909,  -0.00569,  -0.00044,  -0.00394,  -0.07047,   0.02057,   0.02933,   0.06959,   0.03108,   0.05734,  -0.04071,   0.04333,   0.02757,   0.01007,   0.02757,   0.01182,   0.01182,   0.02933,  -0.04071,   0.08360,  -0.00219,   0.04683,  -0.00219,   0.08710,  -0.01444,  -0.01620,  -0.01795,  -0.02495,   0.00131,   0.00306,   0.07660,  -0.00394,  -0.05822,  -0.00569,   0.04158,   0.04333,  -0.00744,   0.02933,  -0.02320,   0.05909,   0.03808,   0.00131,   0.07135,   0.06959,  -0.00394,  -0.00569,   0.03283,  -0.11774,   0.00657,  -0.03545,  -0.07397,  -0.04071,   0.05384,   0.02933,   0.04158,  -0.00919,  -0.02670,   0.03108,  -0.05296,  -0.03020,  -0.04421,   0.03633,  -0.02495,   0.01357,  -0.01269,   0.02757
  -0.00569,   0.15188,   0.04683,  -0.00569,  -0.01970,   0.01182,   0.02933,   0.04858,   0.00657,   0.00131,  -0.00394,  -0.00394,   0.06084,   0.01707,   0.01532,  -0.01094,   0.01882,  -0.05822,  -0.01094,  -0.03721,  -0.04421,   0.05734,  -0.01444,   0.01182,   0.11336,   0.06784,  -0.02845,   0.04333,   0.01182,  -0.06347,  -0.02320,  -0.02845,  -0.02670,  -0.01444,   0.09936,   0.01707,   0.01707,  -0.01795,  -0.05997,  -0.06172,   0.05384,   0.01707,  -0.05997,  -0.02845,  -0.01094,  -0.02670,  -0.03020,  -0.00394,  -0.01970,   0.00832,  -0.01444,  -0.06697,   0.04158,  -0.00219,   0.07135,   0.05559,  -0.00919,   0.07310,  -0.01970,   0.00481,   0.12037,  -0.07747,  -0.00044,   0.01532,   0.09761,   0.06434,  -0.02670,   0.02582,  -0.03195,   0.01357,  -0.04771,  -0.04071,   0.07135,  -0.00219,   0.03808,  -0.01970,   0.00306,   0.02757,   0.03983,   0.00306,  -0.04071,  -0.07222,   0.04858,   0.05559,   0.02757,   0.01707,  -0.01094,   0.04683,  -0.01269,  -0.03370,   0.02232,   0.01007,  -0.04246,  -0.06172,  -0.05646,  -0.01795,  -0.03020,  -0.00044,   0.03108,  -0.00569,   0.00131,  -0.03721,  -0.06522,  -0.02145,   0.08360,  -0.08973,   0.00131,   0.04158,   0.01882,   0.06084,   0.06434,   0.04858,   0.02407,  -0.03195,   0.07485,  -0.04946,  -0.07572,  -0.01620,   0.10986,   0.04508,   0.00481,   0.03808,  -0.07047,  -0.00569,  -0.08623,   0.02757,   0.01182,  -0.07922,   0.03108,   0.01357,  -0.00569,   0.00306,   0.01707,   0.03983,   0.04858,   0.09235,  -0.03370,  -0.01269,   0.02757,   0.03633,  -0.03896,   0.00306,   0.01532,  -0.05471,   0.10111,  -0.06697,  -0.03721,   0.01182,   0.05734,   0.09586,   0.08710,  -0.05471,   0.02057,  -0.03370,   0.05209,   0.03283,   0.01532,   0.02933,  -0.03195,   0.00481,  -0.03195,  -0.06172,   0.00131,  -0.02320,   0.04333,  -0.05121,   0.02757,   0.00481,   0.02057,   0.04333,  -0.03545,   0.11512,  -0.07222,   0.00657,   0.04858,  -0.00919,   0.03808,  -0.00744,   0.06784,  -0.07922,  -0.00394,  -0.03195,  -0.00044,   0.01882,   0.10636,  -0.00919,   0.07660,  -0.05822,  -0.02495,   0.04683,  -0.05121,  -0.02670,   0.02057,  -0.00219,  -0.02320,   0.01007,  -0.07922,  -0.00569,   0.01182,  -0.07222,   0.08185,  -0.05646,  -0.02145,  -0.00569,  -0.10199,   0.04508,  -0.05296,  -0.02845,  -0.03020,  -0.03896,  -0.04946,   0.07310,   0.03283,  -0.08273,  -0.01970,  -0.02670,  -0.01620,   0.02057,   0.05909,  -0.00044,  -0.04771,  -0.07397,   0.01707,   0.00832,  -0.07397,   0.05384,  -0.04946,  -0.05471,   0.04333,   0.03108,   0.03808,  -0.04946,   0.01707,  -0.03370,   0.04858,  -0.03545,   0.06084,  -0.08973,  -0.04596,   0.06434,   0.01707,  -0.00569,   0.03808,  -0.04771,  -0.00919,   0.03283,  -0.05471,  -0.01795,   0.02933,  -0.01795,  -0.00569,  -0.07222,  -0.00044,   0.01007,   0.04158,  -0.18953,   0.02582,  -0.03896,   0.05734,  -0.00044,   0.05734,   0.04683,  -0.03195,   0.02757,  -0.00219,  -0.02320,  -0.08273,   0.09060,  -0.09498,   0.02933,   0.00131,  -0.02495,  -0.00394,  -0.04246,   0.08010,   0.13613,   0.04333,  -0.02670,   0.02057,  -0.00394,  -0.03370,  -0.06347,  -0.06347,   0.05384,   0.03633,  -0.04421,   0.01532,  -0.02320,   0.03458,   0.02582,   0.04158,   0.09761,  -0.00919,   0.02057,   0.01532,   0.06609,   0.01882,  -0.03195,   0.02057,   0.07660,  -0.02145,   0.00306,  -0.04421,   0.01357,   0.02057,   0.02933,  -0.02320,  -0.02495,  -0.03896,  -0.03370,  -0.00569,   0.08185,  -0.05997,   0.02057,  -0.02320,   0.04683,  -0.00044,  -0.02495,   0.00832,  -0.05646,  -0.01620,  -0.02145,   0.01357,   0.00131,  -0.11774,   0.02582,  -0.02845,   0.02933,   0.04858,   0.01182,   0.05909,  -0.08798,  -0.00569,   0.02757,  -0.06522,  -0.04421,  -0.00744,  -0.05646,  -0.03545,  -0.03370,   0.00131,   0.01007,  -0.07047,  -0.04421,   0.05734,   0.01707,  -0.00394,   0.00657,   0.00306,  -0.01795,   0.03983,  -0.02495,  -0.01970,  -0.00219,   0.12212,  -0.04771,  -0.00569,  -0.00744,   0.03983,   0.01707,  -0.03896,   0.04858,  -0.01620,   0.00481,  -0.01269,   0.06784,   0.02757,  -0.09498,   0.03108,   0.02057,   0.04158,  -0.00394,  -0.06172,  -0.07747,   0.04158,  -0.07747,  -0.01094,   0.02057,  -0.03370,   0.01357,  -0.03896,  -0.01795,  -0.00394,   0.01532,   0.04508,   0.01882,   0.02057,  -0.07047,   0.05209,  -0.04596,  -0.05121,   0.03983,   0.00481,   0.00481,   0.01532,   0.06259,  -0.02320,   0.01882,   0.05734,   0.05909,  -0.02670,   0.00832,  -0.07922,  -0.01970,  -0.05646,   0.02582,  -0.06697,   0.04858,   0.01532,   0.03458,  -0.02320,  -0.01620,   0.01882,  -0.01094,   0.01007,   0.06434,  -0.00569,  -0.01444,  -0.02670,  -0.00044,   0.01007,  -0.00394,  -0.03195,  -0.03370,   0.00306,   0.06259,   0.02057,  -0.04246,   0.01182,  -0.07047,  -0.01970,  -0.00044,   0.04858,  -0.07922,  -0.02320,   0.02757,  -0.02670,  -0.01795,  -0.04771,  -0.04071,   0.05034,   0.00832,   0.01532,   0.04158,   0.00832,  -0.01795,  -0.01620,   0.01007,  -0.02845,  -0.05646,   0.05909,   0.02232,  -0.06347,  -0.03896,   0.02933,  -0.00744,  -0.05822,  -0.00744,   0.05209,   0.02757,   0.06959,  -0.00744,  -0.04946,  -0.05646,  -0.01795,   0.00481,  -0.00394,  -0.04071,  -0.05646,  -0.06697,   0.04158,   0.07135,  -0.04071,   0.05384,   0.03633,   0.03633,   0.01707,  -0.05646,  -0.04071,   0.03108,  -0.00394,   0.01707,  -0.01269,   0.08710,   0.05034,   0.02757,   0.06434,   0.03283,  -0.04421,   0.11336,  -0.04421,  -0.02320,   0.03808,  -0.07572,   0.08710,   0.06784,  -0.08273,  -0.04771,  -0.05296,   0.02232,   0.04158,   0.04858,   0.00481,   0.08535,  -0.02145,  -0.01795,  -0.00044,   0.02057,   0.01882,   0.03983,   0.05734,  -0.09148,   0.04158,  -0.01970,   0.05909,  -0.01970,   0.05559,   0.01882,  -0.02495,  -0.08798,   0.06434,   0.02757,   0.15714,  -0.02670,   0.01182,  -0.01620,  -0.05822,   0.05909,  -0.04246,  -0.00744,   0.03983,   0.08535,  -0.01094,   0.02057,  -0.00919,   0.02232,  -0.00219,   0.03983,   0.00481,   0.06434,   0.03108,   0.05909,  -0.03020,  -0.04946,  -0.04071,  -0.04771,  -0.03020,   0.02407,  -0.01795,   0.04333,   0.01007,  -0.00744,  -0.02145,   0.03808,   0.00131,   0.02407,   0.02407,   0.01357,   0.05559,  -0.00569,   0.07660,  -0.05646,   0.09235,   0.03458,  -0.05646,  -0.09673,  -0.05121,   0.00657,  -0.07397,  -0.04771,   0.00481,   0.03808,   0.09060,   0.03283,   0.00481,   0.02933,  -0.01444,  -0.01269,  -0.03721,   0.02407,  -0.05646,   0.03108,  -0.02845,   0.08710,  -0.02320,  -0.06522,   0.11862,  -0.05997,   0.03458,  -0.04421,  -0.07397,  -0.00394,   0.03808,  -0.01970,  -0.06697,  -0.05471,  -0.01094,   0.00131,   0.02232,  -0.03896,  -0.00919,  -0.05822,  -0.01970,  -0.00394,   0.04158,  -0.01269,   0.02232,  -0.03896,   0.04508,  -0.05997,  -0.00219,   0.06434,   0.00657,   0.02757,   0.02582,  -0.00919,  -0.00919,   0.01532,  -0.09848,  -0.02845,  -0.00569,   0.08010,  -0.02145,  -0.05646,  -0.05822,  -0.00044,  -0.04771,   0.01882,  -0.01444,  -0.02845,  -0.01620,   0.00306,  -0.02670,   0.03808,   0.05909,   0.03983,   0.03983,   0.04683,  -0.02495,  -0.03721,  -0.02670,   0.00306,   0.02933,  -0.01269,  -0.08973,  -0.02145,  -0.00569,   0.04858,  -0.04771,  -0.04071,   0.00481,  -0.05471,  -0.06872,   0.02232,  -0.03545,   0.08185,  -0.07222,   0.04683,   0.02407,   0.09060,  -0.04771,   0.00306,   0.02757,  -0.02495,  -0.03896,   0.00131,  -0.01795,  -0.03370,   0.03108,  -0.08973,  -0.05646,   0.05559,  -0.01970,   0.02407,  -0.04246,   0.01532,  -0.04071,  -0.00394,  -0.03896,  -0.00219,   0.00657,   0.06959,  -0.04771,  -0.04771,  -0.02320,  -0.04946,  -0.00044,  -0.02320,   0.02582,   0.03983,  -0.02670,   0.12212,   0.01182,  -0.03020,  -0.01444,   0.01182,  -0.03545,   0.05034,  -0.00044,   0.06784,  -0.03545,  -0.07222,  -0.06872,  -0.01444,   0.01007,  -0.01795,  -0.05296,   0.01182,   0.01182,  -0.01795,  -0.01444,   0.00306,  -0.08098,   0.02757,   0.07485,  -0.01269,  -0.02845,  -0.03721,  -0.03721,   0.04858,   0.06434,   0.04508,  -0.07397,   0.00832,   0.04858,   0.01707,  -0.02495,  -0.01620,  -0.07047,   0.03633,   0.02232,   0.08710,  -0.00919,   0.04508,  -0.06697,  -0.00394,  -0.01970,  -0.04071,  -0.00569,   0.02407,   0.09060,  -0.03721,   0.00306,  -0.00219,  -0.06522,  -0.05646,  -0.03370,   0.04333,  -0.01970,   0.06084,   0.01532,   0.01707,   0.02232,  -0.04071,  -0.05997,   0.02057,   0.06784,   0.03633,  -0.05822,  -0.10899,   0.09936,   0.02407,  -0.01444,  -0.08973,   0.01007,   0.00657,  -0.02845,  -0.06172,  -0.05471,   0.01007,   0.03808,  -0.04246,  -0.01094,  -0.01444,   0.05034,   0.01182,   0.05559,   0.08010,  -0.01444,  -0.01269,  -0.01620,   0.00657,   0.04683,  -0.00569,   0.04508,  -0.02845,  -0.04596,   0.00657,  -0.04246,  -0.05471,  -0.01444,   0.01882,  -0.03195,   0.03983,   0.05734,   0.00657,   0.07660,   0.03283,  -0.00919,   0.04683,  -0.03545,  -0.02495,  -0.01620,  -0.06697,   0.03633,  -0.07747,   0.04508,   0.03633,  -0.00569,   0.08535,   0.04508,  -0.01094,  -0.05646,  -0.01269,   0.00481,   0.04508,   0.00306,  -0.01795,  -0.02320,  -0.04071,  -0.04596,   0.04683,   0.11512,   0.02757,  -0.05646,   0.03983,  -0.02145,   0.02407,  -0.00044,   0.05734,   0.03808,  -0.05296,   0.01182,   0.02582,  -0.04071,   0.00832,  -0.06172,   0.03458,  -0.05296,  -0.01444,  -0.02845,  -0.01269,   0.00131,  -0.09498,  -0.01795,  -0.04596,   0.05909,   0.04333,  -0.03896,  -0.00569,   0.04333,   0.02057,  -0.02320,  -0.03370,  -0.01094,  -0.03896,   0.08885,  -0.04071,   0.01357,  -0.00744,   0.05034,   0.04683,  -0.11774,   0.07660,   0.01357,   0.02057,  -0.00919,   0.05209,  -0.00569,  -0.00919,  -0.04771,  -0.00919,  -0.00744,   0.01007,  -0.04421,  -0.00744,  -0.05997,   0.02933,  -0.11424,   0.04508,   0.04858,  -0.06172,   0.04158,  -0.05121,   0.00832,  -0.09673,  -0.07222,   0.00657,   0.01357,  -0.00044,   0.03458,   0.00131,   0.07660,   0.06084,  -0.04771,   0.00306,  -0.01970,   0.01357,   0.00832,  -0.04246,  -0.03195,   0.09761,   0.08360,  -0.02845,   0.08010,  -0.01970,  -0.03020,  -0.07397,   0.09060,  -0.03020,   0.07835,   0.04683,   0.03283,  -0.01970,   0.00306,   0.03108,  -0.03896,  -0.01620,  -0.03896,   0.06784,   0.06609,   0.00832,   0.07835,   0.01707,   0.06609,  -0.01970,   0.02582,  -0.05471,  -0.03020,   0.00481,  -0.01795,   0.02582,  -0.05997,  -0.09148,   0.03983,   0.03458,  -0.01094,   0.00306,   0.02057,  -0.00219,  -0.05997,  -0.04596,   0.04508,   0.03108,   0.01007,   0.02407,   0.00481,  -0.00044,   0.01532,  -0.02670,  -0.06697,   0.06959,   0.01007,  -0.00394,   0.03983,   0.06259,  -0.00219,   0.02057,   0.01532,   0.03808,  -0.07922,  -0.00044,   0.01707,   0.02582,  -0.01795,   0.03458,  -0.04421,   0.01707,   0.00657,  -0.01620,   0.05384,  -0.06522,   0.03633,  -0.03370,  -0.01970,  -0.00569,  -0.01444,   0.13262,   0.04508,   0.00481,  -0.04596,   0.03633,  -0.03195,  -0.01620,  -0.01620,   0.01707,  -0.01795,  -0.01795,  -0.06697,  -0.06172,  -0.02495,  -0.02320,   0.13087,  -0.06522,  -0.02495,   0.03283,   0.01007,  -0.05296,   0.04508,  -0.01970,  -0.03545,   0.01882,   0.06259,   0.07310,  -0.01795,  -0.05646,   0.02757,   0.04333,  -0.03896,  -0.02145,   0.03108,  -0.00219,  -0.08098,  -0.02845,  -0.03896,  -0.04421,  -0.05471,  -0.04771,  -0.04421,  -0.02845,   0.10811,  -0.05822,   0.08185,   0.02057
  -0.00044,   0.04333,   0.00657,  -0.05471,   0.02232,   0.00481,  -0.00919,   0.07135,  -0.00044,   0.07835,  -0.08448,  -0.01970,   0.07135,   0.07485,  -0.04946,   0.03808,   0.05209,  -0.01094,   0.01532,   0.00306,   0.14138,   0.07835,   0.02407,   0.07135,   0.04683,  -0.01094,  -0.09148,   0.02582,  -0.07397,  -0.00919,  -0.00919,   0.02933,  -0.04246,  -0.02320,   0.00306,   0.05034,  -0.00569,  -0.03020,   0.05909,   0.02407,  -0.06872,  -0.04771,   0.07310,  -0.03195,   0.00306,   0.04333,   0.02933,  -0.03896,   0.02407,  -0.02845,   0.06959,  -0.02145,  -0.01444,   0.05209,   0.03808,   0.01182,   0.00306,   0.03808,   0.01882,  -0.01795,   0.06259,  -0.07222,   0.03108,   0.05384,  -0.04946,   0.02057,   0.04508,   0.00306,  -0.00919,   0.06259,   0.00481,   0.02232,   0.07135,  -0.02320,   0.07485,   0.00481,   0.01007,   0.10986,   0.01007,  -0.04596,   0.04858,  -0.01269,  -0.04596,   0.04858,   0.03108,  -0.01094,  -0.10023,  -0.11774,   0.06259,  -0.02670,  -0.07397,  -0.00919,  -0.02495,   0.08185,  -0.01094,  -0.09673,   0.04158,   0.03108,  -0.00044,  -0.05296,  -0.03721,  -0.06872,  -0.03545,  -0.03370,  -0.01094,  -0.00394,   0.06959,   0.04158,   0.00657,   0.00832,   0.02933,  -0.03370,   0.06434,   0.08535,  -0.06172,  -0.01970,   0.03458,   0.06259,   0.08710,  -0.00744,   0.03283,   0.08535,  -0.04771,  -0.00394,  -0.00569,   0.05209,   0.04858,   0.03983,   0.04858,  -0.03896,   0.00657,   0.04683,  -0.01795,   0.03808,   0.04858,  -0.01970,   0.06259,   0.05209,   0.06959,  -0.00919,   0.08885,   0.03633,  -0.07047,   0.01707,   0.01532,  -0.02145,   0.03983,  -0.03020,  -0.00919,  -0.01269,  -0.00919,   0.02582,   0.02933,   0.10461,  -0.03370,  -0.01970,  -0.13350,  -0.05997,  -0.00044,   0.02582,  -0.02495,  -0.03896,  -0.00919,  -0.00394,   0.02057,  -0.01970,   0.03458,  -0.00044,  -0.02320,   0.07660,   0.00832,   0.02757,   0.00306,   0.01882,  -0.02670,   0.02232,   0.01007,   0.02232,  -0.02145,   0.03283,  -0.00044,   0.06959,   0.02232,   0.01707,  -0.01269,  -0.03020,   0.01182,  -0.02145,   0.06959,   0.05734,  -0.07747,   0.04858,   0.04858,   0.05559,   0.08010,   0.02407,   0.01882,   0.02933,  -0.00044,  -0.01444,  -0.06172,   0.04333,  -0.01970,  -0.02845,   0.01182,  -0.06172,  -0.05646,  -0.05121,  -0.03545,  -0.02670,  -0.07047,   0.02582,  -0.07397,   0.04158,  -0.01620,   0.00657,  -0.04946,   0.00131,   0.06084,  -0.00394,  -0.01795,   0.00306,  -0.02320,   0.03633,  -0.04771,   0.01882,   0.06784,   0.00306,  -0.02670,   0.03808,   0.02933,   0.02057,   0.01007,   0.00131,   0.03458,   0.03808,  -0.08098,  -0.04071,   0.05734,  -0.05646,  -0.04071,   0.00131,  -0.06522,  -0.07572,   0.07135,   0.04858,  -0.03721,   0.10636,   0.00306,   0.02057,   0.02232,   0.03283,   0.07135,  -0.04596,   0.05909,  -0.07747,  -0.06697,  -0.00044,  -0.02145,  -0.07047,   0.00657,  -0.00219,  -0.00044,   0.01182,   0.01182,  -0.05822,  -0.04946,   0.04683,   0.00832,   0.01532,  -0.02495,  -0.05822,  -0.01970,   0.00481,   0.06784,  -0.01444,  -0.00394,  -0.05646,   0.04508,  -0.03195,  -0.00219,  -0.00744,   0.00832,  -0.04246,  -0.00044,   0.05034,  -0.00394,  -0.01269,   0.03108,   0.03633,   0.02407,   0.04158,   0.02757,   0.10111,   0.07485,   0.08535,  -0.13875,   0.03458,   0.07835,   0.02933,   0.01182,   0.10986,  -0.01620,   0.04333,  -0.07222,  -0.09848,  -0.02495,  -0.08623,  -0.08448,   0.00131,  -0.02145,   0.01532,  -0.07047,   0.03108,   0.04508,   0.10111,  -0.11599,   0.03633,  -0.00044,   0.03458,   0.08535,  -0.12124,   0.01007,   0.00657,  -0.05121,  -0.05471,  -0.06697,  -0.00219,   0.03983,  -0.04946,   0.04858,  -0.04071,   0.01007,  -0.02845,   0.01707,  -0.05646,  -0.00044,  -0.00569,  -0.02670,  -0.07222,  -0.01970,   0.02757,   0.03633,   0.05909,  -0.06872,   0.02232,   0.05384,   0.07135,  -0.04596,   0.08885,   0.05034,   0.04508,   0.02232,   0.01532,  -0.04596,  -0.04071,  -0.03195,  -0.04421,   0.08535,  -0.03545,   0.03458,  -0.00744,   0.06609,  -0.02845,   0.06784,   0.05734,  -0.04246,  -0.03545,   0.06959,  -0.03020,   0.01882,  -0.05296,  -0.09673,  -0.02320,   0.05209,   0.05034,   0.01357,  -0.04596,   0.01182,   0.07485,  -0.07047,  -0.07222,  -0.02145,   0.08185,  -0.02320,  -0.05296,   0.05034,  -0.10023,   0.07310,  -0.01970,  -0.01620,   0.01357,  -0.02145,  -0.07047,  -0.03195,  -0.04946,  -0.01970,  -0.01269,   0.02757,   0.02057,  -0.00919,  -0.02145,  -0.00569,  -0.00569,  -0.01444,  -0.03545,  -0.11949,  -0.06522,  -0.00394,   0.00481,  -0.04246,   0.02933,  -0.02670,  -0.05296,  -0.03545,   0.04858,  -0.07922,   0.01182,   0.03458,   0.03983,   0.05559,   0.01182,   0.08010,  -0.02145,   0.03108,   0.01182,  -0.01620,   0.05034,   0.07660,  -0.06172,   0.02582,  -0.03195,   0.07835,   0.05034,  -0.00219,   0.04333,  -0.06522,  -0.00744,   0.00481,  -0.02670,   0.12387,  -0.03370,  -0.05296,  -0.01269,  -0.01094,  -0.03195,   0.00481,   0.00306,  -0.02495,  -0.00569,   0.02582,  -0.04771,   0.02057,  -0.00394,  -0.09498,   0.00306,  -0.05121,   0.06084,  -0.03545,   0.01357,   0.08710,   0.02057,   0.01357,  -0.02145,   0.03983,  -0.02495,  -0.03195,  -0.04071,   0.02757,   0.01182,  -0.12650,  -0.04596,   0.03633,   0.03633,   0.02407,   0.06259,  -0.03195,   0.00832,   0.00657,  -0.02145,  -0.00919,   0.03983,  -0.04071,  -0.02145,   0.02582,   0.02933,  -0.05646,  -0.02495,  -0.01269,  -0.02495,  -0.05121,   0.05909,   0.04683,   0.01357,  -0.00394,   0.05209,   0.02933,  -0.04946,  -0.09673,   0.02407,   0.07135,   0.02582,   0.04683,  -0.01795,  -0.02320,  -0.01444,  -0.00219,  -0.06172,   0.02933,  -0.01094,   0.01707,   0.02407,   0.01882,  -0.01269,  -0.00394,   0.09586,   0.05034,   0.02407,   0.06784,  -0.06347,  -0.03370,  -0.04596,   0.06084,  -0.01620,   0.02933,   0.01007,  -0.02670,   0.09761,  -0.00394,   0.01882,   0.00131,  -0.04421,  -0.07397,   0.04858,  -0.01970,   0.02582,  -0.04071,  -0.01094,   0.13087,   0.01707,   0.08535,   0.05559,  -0.02845,   0.00306,  -0.08623,  -0.00219,  -0.02670,   0.00832,  -0.05471,  -0.03020,  -0.09148,   0.02757,  -0.01269,  -0.06172,  -0.00569,  -0.00394,  -0.02845,   0.21491,   0.00832,  -0.06347,   0.02582,   0.04683,   0.01532,   0.04508,   0.05384,  -0.01444,  -0.07222,  -0.07222,   0.03108,   0.01357,   0.00481,   0.00657,  -0.00569,  -0.01444,  -0.03195,  -0.02495,   0.01707,  -0.05997,   0.02582,  -0.04421,   0.01182,   0.06084,  -0.02670,   0.02407,   0.12037,   0.02057,  -0.01094,   0.10986,  -0.08798,  -0.01444,  -0.01795,   0.02757,   0.01707,  -0.08273,  -0.01444,  -0.03896,  -0.00569,   0.02407,   0.04333,   0.07310,   0.01007,   0.03458,   0.01007,   0.10286,  -0.03896,  -0.08798,  -0.01444,   0.04508,  -0.05296,  -0.00569,   0.03808,  -0.01094,  -0.03721,   0.04333,  -0.05296,   0.01182,   0.06084,  -0.00044,  -0.07222,   0.04158,   0.05909,  -0.04596,   0.03458,  -0.07397,  -0.01094,  -0.02495,   0.05909,   0.06434,  -0.01444,  -0.00394,   0.02757,   0.08185,   0.02057,   0.02933,  -0.02495,   0.02933,   0.01707,  -0.00569,   0.01882,   0.06959,  -0.02145,   0.04158,  -0.01620,   0.05384,  -0.03195,  -0.01269,  -0.03896,  -0.00219,  -0.03896,   0.03283,   0.07835,  -0.07572,  -0.01444,  -0.06697,   0.04508,   0.02933,  -0.02145,   0.00306,   0.02582,   0.05209,  -0.03896,  -0.06522,  -0.00219,   0.00657,  -0.00744,   0.02582,   0.01532,  -0.07922,   0.00481,   0.02757,  -0.06697,  -0.05822,  -0.06172,   0.03808,   0.01007,  -0.08623,   0.01182,  -0.00569,   0.03108,  -0.01795,   0.02057,   0.02232,   0.02582,  -0.07397,   0.03983,  -0.03896,   0.00131,  -0.00219,   0.04333,  -0.01970,  -0.01620,  -0.03020,   0.06259,   0.00131,  -0.03370,   0.06784,  -0.05997,  -0.05296,  -0.00044,  -0.04246,  -0.06347,   0.00481,   0.00131,  -0.01795,  -0.04071,  -0.03195,  -0.05296,  -0.05296,  -0.03195,  -0.11249,  -0.02145,  -0.04421,  -0.01269,  -0.05997,   0.09235,  -0.03195,   0.00131,  -0.03020,   0.02757,   0.11862,   0.03458,  -0.05646,   0.00657,  -0.09498,   0.02407,   0.02232,  -0.05822,   0.15538,   0.04683,  -0.04596,  -0.01094,   0.11336,  -0.00219,   0.06784,  -0.08098,  -0.02845,  -0.02145,  -0.04071,  -0.07047,   0.02057,   0.08885,  -0.04421,  -0.00919,   0.07310,   0.00306,   0.04683,  -0.00044,  -0.04071,  -0.01795,  -0.07397,  -0.03195,   0.04683,  -0.10549,   0.00832,   0.00481,  -0.03370,   0.05384,   0.04683,   0.10461,  -0.06347,   0.00131,   0.09060,  -0.01094,   0.06434,   0.06959,   0.01357,   0.08885,   0.00657,  -0.04596,  -0.03195,  -0.10724,   0.00481,  -0.00744,  -0.00394,   0.01007,   0.05034,   0.03458,   0.08185,  -0.04596,   0.02407,   0.00832,   0.02582,  -0.02145,  -0.01269,   0.06259,   0.05034,   0.12562,   0.04333,  -0.01795,  -0.03896,   0.01882,  -0.00044,   0.01182,   0.02407,   0.01357,  -0.05646,   0.05384,  -0.01970,   0.07485,   0.05734,   0.06259,  -0.01094,  -0.01970,  -0.03020,   0.03283,  -0.00394,  -0.00394,   0.07135,   0.02057,   0.05559,   0.04683,  -0.03370,  -0.02845,  -0.01444,   0.01357,   0.01007,  -0.01269,  -0.00569,   0.00832,  -0.00044,  -0.00044,  -0.02495,  -0.03896,  -0.02145,  -0.03721,   0.00131,   0.01357,  -0.00394,  -0.04421,   0.01707,  -0.01269,  -0.03195,  -0.01444,   0.02057,   0.00657,   0.09235,  -0.06697,   0.06084,  -0.04246,  -0.01620,  -0.06872,  -0.03370,   0.06084,   0.15538,  -0.00044,   0.00481,   0.02757,   0.01357,   0.00306,   0.10636,   0.00657,  -0.01269,   0.04158,   0.05909,  -0.05646,  -0.03545,   0.00832,   0.05559,  -0.03545,  -0.12650,   0.00131,   0.03633,   0.04333,   0.12737,   0.02057,  -0.09148,   0.00481,  -0.05997,   0.10286,   0.09235,  -0.08973,  -0.01444,   0.03108,  -0.00919,  -0.04946,   0.05909,   0.00657,   0.02933,   0.02933,   0.10986,   0.05559,  -0.07572,   0.06259,  -0.05296,   0.06959,   0.05034,   0.00306,   0.07485,   0.04858,  -0.04596,  -0.04071,  -0.00219,   0.06784,  -0.01795,   0.01357,   0.02232,  -0.01970,   0.02057,   0.03458,  -0.05121,   0.00306,  -0.00919,  -0.00044,   0.06609,  -0.01269,   0.05034,  -0.01970,  -0.02670,   0.05209,  -0.01444,  -0.03370,   0.08710,   0.08185,   0.06434,   0.03808,  -0.00219,  -0.08623,   0.02232,   0.08535,   0.10111,  -0.01970,   0.02757,   0.00832,  -0.06522,  -0.04771,  -0.04421,   0.05909,  -0.03545,  -0.04246,   0.02933,   0.06609,   0.00306,  -0.04771,   0.00131,   0.02232,  -0.03195,   0.07310,  -0.02320,   0.02582,   0.02933,   0.04683,  -0.00394,   0.01532,   0.09235,  -0.01970,  -0.02495,   0.08710,  -0.06172,  -0.06347,  -0.00044,  -0.01620,  -0.02145,   0.06959,  -0.02845,   0.01007,  -0.01444,   0.03283,   0.09761,   0.03458,   0.00832,   0.01532,  -0.04771,   0.09411,   0.13613,  -0.04071,   0.05734,  -0.10199,  -0.03370,   0.04158,   0.07835,  -0.03545,  -0.05646,   0.05909,   0.07660,  -0.09148,  -0.03195,   0.03983,  -0.04246,   0.04333,   0.03458,   0.07660,  -0.01795,  -0.07922,   0.02407,   0.01882,   0.01357,   0.07485,   0.04158,   0.00832,   0.05034,  -0.02670,  -0.02145,   0.02057,  -0.00919,   0.07135,  -0.02845,  -0.01269,  -0.00744,   0.03633,  -0.00394,  -0.03545,  -0.02145,  -0.03545,   0.02232,  -0.00044,   0.03458,  -0.03020,  -0.02495,   0.01182,   0.00657,  -0.02320,  -0.06697,   0.01007,  -0.00569,   0.04508,   0.00832,  -0.05296,   0.04858,   0.05734,   0.03633,  -0.01795,   0.11161,  -0.01094,  -0.02495
   0.03108,   0.01532,  -0.07222,   0.07660,  -0.10549,  -0.02670,   0.01182,  -0.07922,  -0.03545,  -0.00044,   0.00481,   0.03808,  -0.01444,  -0.02320,   0.11161,  -0.02320,   0.02057,  -0.08273,   0.01882,   0.03283,   0.01007,  -0.01970,  -0.08098,  -0.00919,   0.00481,   0.06959,  -0.05822,   0.06259,  -0.07222,   0.02057,  -0.01269,  -0.01094,   0.00131,   0.01182,  -0.02495,  -0.03545,  -0.06697,   0.01007,   0.02057,  -0.06347,  -0.09673,  -0.01620,  -0.01094,   0.04683,  -0.01795,   0.06259,  -0.04421,   0.03283,  -0.06172,   0.02057,  -0.09323,   0.00306,   0.05734,   0.01182,  -0.01795,  -0.07397,  -0.05296,  -0.05822,   0.00131,  -0.02670,   0.06259,  -0.00219,   0.03108,  -0.00569,   0.02582,   0.00832,  -0.04071,   0.04333,  -0.02145,   0.02057,   0.03283,   0.02933,   0.01532,   0.07835,   0.01532,   0.02582,  -0.04071,  -0.01620,  -0.04246,  -0.00394,  -0.03896,   0.02232,   0.01707,  -0.02845,  -0.04071,   0.01007,   0.06434,   0.10461,  -0.05121,  -0.02145,   0.06084,   0.03458,   0.02757,  -0.05296,   0.01707,  -0.04596,   0.04333,   0.04683,  -0.03370,  -0.09673,   0.02057,   0.00481,  -0.01444,   0.02232,  -0.01970,   0.02407,  -0.02495,   0.06959,  -0.00394,  -0.01970,   0.06434,  -0.05471,  -0.05646,  -0.07222,  -0.00744,  -0.00394,   0.04333,   0.06434,  -0.03020,  -0.00569,  -0.01094,  -0.04421,  -0.01269,   0.03983,   0.03983,  -0.01269,   0.03633,   0.08360,  -0.00744,   0.02232,   0.02933,   0.01357,  -0.11424,  -0.03545,   0.05209,   0.00657,  -0.06522,  -0.02670,   0.05384,  -0.04071,   0.01532,   0.00481,   0.02407,  -0.01444,   0.05209,  -0.09148,  -0.01094,  -0.06347,   0.03633,  -0.02845,  -0.04946,  -0.04246,   0.00657,   0.02933,  -0.01269,   0.01007,  -0.00744,  -0.04071,  -0.03545,  -0.01970,  -0.02320,  -0.01444,   0.02582,  -0.01094,   0.05909,  -0.01795,   0.01707,   0.03633,  -0.01970,   0.01007,  -0.02845,  -0.01795,  -0.00569,   0.02757,   0.04858,  -0.01444,  -0.04771,  -0.01269,   0.02933,  -0.08623,  -0.00744,   0.01532,  -0.00394,  -0.05296,   0.02933,  -0.04596,   0.03108,   0.03108,   0.00131,   0.01532,  -0.00569,   0.08710,  -0.09673,  -0.05296,  -0.01444,  -0.03195,   0.00832,  -0.01795,  -0.00569,   0.07660,   0.02933,  -0.01795,   0.04683,  -0.01094,   0.02757,   0.02582,   0.00306,  -0.02145,  -0.01970,   0.00306,  -0.10899,   0.03983,   0.04333,   0.09761,  -0.07747,  -0.00919,   0.06959,   0.01357,  -0.05997,  -0.03896,   0.07310,   0.04333,   0.04158,   0.01357,   0.00657,  -0.00919,   0.08010,   0.00481,   0.01357,  -0.02670,  -0.04596,   0.01357,  -0.00044,  -0.03545,   0.02582,   0.01882,   0.05909,  -0.06347,  -0.00569,   0.01182,   0.03808,  -0.02495,   0.01007,  -0.02320,   0.02582,  -0.06522,   0.01532,   0.02232,  -0.04246,  -0.06522,   0.00306,   0.08710,  -0.08448,   0.09586,  -0.01795,  -0.01094,   0.03633,   0.07660,  -0.05121,   0.06959,   0.05734,   0.06084,   0.00131,   0.08360,  -0.12650,   0.08010,   0.03283,  -0.00044,  -0.03896,  -0.05997,  -0.06522,  -0.03896,  -0.06172,   0.01707,  -0.01444,  -0.01795,   0.07485,   0.01882,   0.07310,   0.09411,   0.03458,   0.00657,  -0.05296,  -0.04946,   0.03108,  -0.02145,   0.08535,  -0.02145,  -0.04246,  -0.06347,   0.00481,  -0.04946,   0.08535,  -0.02845,  -0.02320,  -0.02145,   0.09235,  -0.01269,  -0.06347,   0.07135,   0.02933,  -0.01444,  -0.00219,   0.06259,  -0.00219,  -0.07572,  -0.01795,  -0.06347,  -0.04071,  -0.06347,   0.02407,   0.05034,  -0.02320,  -0.03721,   0.04508,  -0.01269,   0.00131,  -0.03020,  -0.04596,  -0.02495,   0.02232,  -0.00569,  -0.04246,  -0.00569,   0.05909,  -0.00219,  -0.03020,  -0.04596,   0.03983,  -0.00394,  -0.00394,  -0.05822,  -0.03020,  -0.00219,  -0.09323,  -0.03545,   0.03283,  -0.05471,  -0.02320,   0.06084,  -0.01620,   0.05559,   0.03283,   0.04683,  -0.00044,  -0.00394,  -0.00569,  -0.08098,   0.04508,  -0.02845,  -0.00919,  -0.05997,   0.01532,   0.02582,   0.01532,   0.02757,   0.01532,  -0.00569,   0.08010,   0.01532,   0.11161,  -0.02320,  -0.00394,   0.06434,  -0.06347,   0.00306,  -0.06697,   0.03633,   0.04333,  -0.04246,  -0.01620,  -0.02495,  -0.00569,   0.02407,   0.06434,  -0.00219,   0.00481,   0.00481,  -0.03721,   0.02057,   0.01707,  -0.01444,   0.00131,  -0.01620,  -0.03545,  -0.05296,   0.06434,   0.07835,   0.00832,  -0.03721,  -0.00744,   0.00481,   0.04333,   0.00306,   0.02933,   0.06959,   0.04158,  -0.04071,   0.05734,   0.05034,   0.04333,   0.06259,   0.02757,  -0.03721,  -0.03370,  -0.13875,  -0.03195,  -0.00219,  -0.07222,  -0.00569,  -0.03020,   0.01357,   0.03458,  -0.01444,   0.01532,  -0.02320,   0.02057,   0.00657,   0.00131,   0.01182,   0.03283,   0.01182,   0.01707,  -0.02845,   0.00481,   0.05909,  -0.03721,  -0.07047,  -0.00919,   0.04858,   0.02582,  -0.01269,  -0.02145,   0.05209,   0.02757,   0.03108,   0.01532,  -0.04071,  -0.02670,  -0.00044,  -0.04946,   0.00832,   0.01882,   0.06434,   0.05909,   0.03108,  -0.03721,   0.12912,  -0.02845,   0.06434,   0.02582,   0.08185,  -0.01444,   0.02757,  -0.00569,  -0.01269,  -0.01620,  -0.06697,  -0.03721,   0.00832,   0.03633,   0.02757,   0.01707,  -0.02320,  -0.03721,  -0.01795,   0.01007,  -0.02495,  -0.02145,   0.01707,  -0.00044,   0.07835,   0.01182,  -0.01094,  -0.01620,   0.01357,  -0.00044,   0.01357,   0.02232,  -0.03721,   0.00481,  -0.04596,  -0.08623,  -0.02845,   0.01882,   0.06434,  -0.06347,   0.13262,   0.01357,   0.05559,   0.00481,  -0.02145,   0.09411,   0.04683,  -0.05471,   0.01532,  -0.01094,   0.02057,   0.04333,  -0.00394,  -0.03195,  -0.00219,  -0.05997,   0.02757,  -0.05822,  -0.02845,  -0.07222,   0.03283,  -0.08273,   0.05034,  -0.03721,  -0.04421,   0.01007,  -0.05997,  -0.04421,  -0.03195,  -0.06172,   0.05034,  -0.03896,   0.04683,  -0.06522,   0.00657,  -0.02845,   0.02757,  -0.02670,  -0.02320,  -0.02495,  -0.02845,  -0.01269,  -0.00219,  -0.01970,  -0.03896,   0.01182,   0.00657,   0.05909,  -0.01620,  -0.04771,   0.00832,  -0.00569,   0.03108,  -0.02845,  -0.02495,  -0.03721,  -0.08798,  -0.08973,  -0.02495,  -0.02145,  -0.13700,   0.00306,  -0.13350,  -0.02670,   0.02933,  -0.04246,   0.03633,   0.01357,   0.01882,  -0.04771,   0.03458,  -0.00744,  -0.00744,  -0.03896,  -0.05121,   0.01182,  -0.05471,   0.09060,   0.02232,  -0.02145,  -0.00394,  -0.03370,  -0.01444,   0.00306,   0.04333,   0.02057,  -0.03896,   0.03283,   0.01357,  -0.01620,   0.04158,  -0.01269,   0.00131,  -0.02320,   0.02757,  -0.01269,   0.05384,  -0.05471,   0.07310,  -0.05121,   0.09936,   0.03633,  -0.03721,   0.01182,  -0.01094,   0.00131,   0.01007,  -0.08098,  -0.00044,   0.01882,  -0.02495,  -0.05296,  -0.01269,   0.05559,  -0.10023,   0.01532,  -0.03020,   0.03808,   0.09411,   0.05384,  -0.00919,   0.05384,   0.02407,   0.02232,  -0.00569,   0.02232,   0.04508,  -0.05471,   0.01007,  -0.02670,  -0.03370,   0.02057,   0.02057,  -0.02670,  -0.05646,  -0.02320,   0.00131,   0.01532,  -0.05997,  -0.00044,  -0.04596,   0.03808,  -0.00044,  -0.00044,  -0.03721,  -0.00569,  -0.01620,  -0.01970,  -0.05471,   0.06609,   0.02582,  -0.04946,  -0.00219,   0.03808,   0.06259,   0.03633,  -0.03370,  -0.00044,  -0.00219,  -0.04946,  -0.01444,   0.00657,   0.04333,  -0.04771,  -0.03721,   0.03108,   0.02933,  -0.03545,  -0.02320,  -0.02320,   0.00832,  -0.08448,   0.04333,  -0.00569,   0.01182,   0.03108,   0.02757,   0.00657,   0.04858,   0.03108,   0.02757,   0.05384,   0.01007,  -0.01620,  -0.03020,  -0.00569,   0.03283,   0.07135,  -0.01620,  -0.02670,   0.08535,   0.01707,  -0.05296,   0.04683,   0.01357,   0.03108,   0.05034,   0.05209,  -0.01620,   0.01182,  -0.00394,  -0.03545,   0.01882,  -0.00394,  -0.01620,   0.00306,  -0.05471,   0.02232,  -0.01795,  -0.03545,  -0.04071,   0.00306,   0.02582,  -0.06522,   0.04858,  -0.00044,  -0.05296,  -0.00044,  -0.00569,   0.02407,  -0.02495,   0.07485,   0.03633,  -0.05121,  -0.06172,   0.00131,  -0.01444,  -0.04596,   0.05909,   0.04683,   0.11161,   0.01357,   0.04683,  -0.04421,  -0.08798,   0.00481,   0.10811,  -0.00044,   0.05034,  -0.02845,   0.01357,  -0.03545,   0.02582,  -0.03020,   0.00306,  -0.10549,   0.04858,   0.02933,   0.08360,  -0.04771,   0.02232,   0.11687,   0.08360,   0.01532,   0.02232,  -0.01970,   0.00306,  -0.02845,   0.01532,   0.06959,  -0.04596,   0.03108,   0.01007,  -0.01269,  -0.03370,  -0.03195,  -0.02145,  -0.00919,   0.14138,  -0.03721,  -0.01444,   0.02232,  -0.04771,   0.05909,   0.00832,  -0.00394,   0.01182,   0.03283,   0.02057,  -0.02495,  -0.00919,   0.02232,   0.15013,  -0.04421,   0.01532,  -0.07047,   0.00832,  -0.05997,   0.07835,  -0.06872,  -0.01444,   0.02757,   0.01182,   0.01357,   0.10986,  -0.01620,   0.00481,   0.03283,   0.00481,   0.00131,   0.04333,  -0.03020,   0.04508,   0.02407,  -0.02670,   0.04858,   0.02232,  -0.04071,   0.01532,   0.03108,   0.02232,   0.00131,  -0.02145,  -0.01795,  -0.05822,   0.01532,   0.06084,   0.04508,   0.04158,   0.06434,   0.03633,   0.03458,  -0.00569,  -0.01094,  -0.01795,  -0.01094,  -0.00219,  -0.08973,   0.03983,  -0.02670,  -0.04071,  -0.02845,  -0.00744,  -0.05646,  -0.01094,   0.04158,   0.07835,   0.05909,   0.05909,   0.02057,   0.03283,   0.04683,   0.00131,   0.00306,  -0.00919,  -0.05822,   0.01182,  -0.04071,  -0.05296,   0.00306,   0.00657,   0.01007,  -0.00044,   0.01182,   0.01532,   0.09411,   0.04508,   0.02933,   0.10811,  -0.03370,   0.05034,  -0.04246,  -0.03721,   0.02407,  -0.01269,  -0.05471,  -0.02495,  -0.01094,   0.01707,   0.04333,   0.06434,   0.12037,   0.06784,   0.06084,   0.00832,   0.05909,  -0.01444,  -0.01970,   0.08010,  -0.03721,   0.02407,  -0.00219,  -0.03545,  -0.08623,   0.01182,   0.01182,   0.11161,  -0.08623,  -0.00569,   0.03458,  -0.06697,   0.11687,  -0.03545,  -0.00569,  -0.00044,   0.00306,  -0.03896,   0.01357,  -0.06522,  -0.00744,  -0.08273,  -0.01094,  -0.02145,   0.07310,   0.02582,   0.03283,  -0.04246,  -0.01094,  -0.06522,  -0.05471,  -0.00919,  -0.04246,  -0.09498,   0.07135,   0.01182,   0.03808,   0.02582,  -0.02845,  -0.08623,   0.04158,   0.03458,  -0.03721,   0.00832,   0.01707,   0.09411,   0.00832,  -0.06172,   0.13262,  -0.01094,  -0.03020,   0.08360,   0.02057,   0.04683,  -0.01795,   0.03983,   0.02057,   0.02407,   0.04333,   0.01707,  -0.00219,  -0.01269,  -0.00569,   0.01707,   0.00306,  -0.05822,  -0.03721,  -0.00744,  -0.07747,   0.03283,   0.03108,  -0.01795,   0.09235,  -0.00919,   0.02757,  -0.05296,  -0.02145,   0.03283,  -0.03195,   0.01182,  -0.04246,   0.03458,   0.01182,   0.01357,  -0.07747,  -0.05646,   0.01882,  -0.07222,  -0.02845,  -0.03195,  -0.03370,  -0.01444,  -0.00044,   0.04333,   0.02933,  -0.01620,   0.03108,   0.00657,  -0.03195,   0.02057,  -0.06872,   0.06609,   0.00481,   0.00832,  -0.00569,  -0.00744,   0.01532,   0.06434,   0.03633,  -0.01795,  -0.05646,  -0.03896,  -0.10374,   0.01007,  -0.10549,   0.01182,  -0.00044,  -0.05822,   0.00657,   0.05734,   0.02757,  -0.03545,  -0.01269,  -0.03195,   0.07485,  -0.04071,  -0.01620,   0.00131,  -0.01269,  -0.02145,   0.02933,  -0.00569,  -0.04771,  -0.02845,  -0.03896,  -0.07747,  -0.05471,   0.01707,  -0.09323,  -0.04596,   0.01707,   0.04858,   0.03108,   0.02057,  -0.08798,   0.03983,   0.02757,   0.00306,   0.00306,  -0.01620,  -0.02320,  -0.02145,   0.10286,   0.00131,  -0.06347,   0.03458,  -0.08098,   0.04508
  -0.01795,   0.07835,  -0.01620,   0.01007,   0.01357,   0.00306,  -0.04071,  -0.02670,  -0.03896,   0.03808,   0.11862,  -0.06872,  -0.02670,   0.06609,   0.01007,   0.03458,  -0.02320,  -0.01795,   0.07485,   0.01882,  -0.02495,   0.04333,  -0.01094,   0.00832,   0.08185,   0.04333,  -0.02670,   0.06434,   0.02757,  -0.00044,   0.01532,  -0.02495,  -0.01269,  -0.07922,   0.05734,  -0.03545,   0.09586,  -0.00569,  -0.08098,  -0.04071,  -0.01444,  -0.00569,  -0.04771,   0.00306,  -0.01795,   0.07310,  -0.01269,   0.02757,  -0.01620,  -0.03370,   0.05034,  -0.05296,  -0.03896,  -0.03370,   0.01182,  -0.00394,   0.03983,   0.00832,  -0.03896,   0.00481,  -0.05822,   0.02933,   0.01357,  -0.00394,   0.03983,  -0.05471,  -0.02320,   0.07660,   0.01007,   0.01357,  -0.02495,   0.00657,  -0.03370,   0.02057,  -0.03545,   0.02057,   0.03983,   0.01182,  -0.01269,  -0.00044,  -0.04596,   0.06259,  -0.02670,  -0.07397,   0.04508,   0.08360,  -0.02145,  -0.00219,  -0.03195,   0.06434,   0.03983,  -0.04596,  -0.02495,  -0.01444,   0.03108,   0.03108,  -0.02670,   0.08360,  -0.00219,  -0.03896,  -0.01970,   0.00481,   0.04508,   0.01007,  -0.04421,  -0.05471,   0.07485,   0.04858,   0.03458,  -0.03545,   0.07135,  -0.00219,  -0.01444,   0.03283,  -0.04246,   0.00657,  -0.03370,  -0.07922,  -0.02145,  -0.03020,   0.01357,   0.01182,  -0.08098,  -0.03370,  -0.05296,  -0.04246,  -0.04246,  -0.02670,   0.01007,  -0.07397,  -0.04071,  -0.04596,   0.04858,   0.02407,  -0.03020,  -0.03545,   0.00306,   0.03283,   0.01707,  -0.03020,  -0.06522,  -0.01444,   0.00481,  -0.00219,  -0.03195,   0.08535,   0.06784,  -0.00569,   0.04158,  -0.00044,  -0.02320,  -0.00044,   0.03108,  -0.06172,   0.01357,   0.03633,  -0.09323,   0.07135,   0.00306,  -0.03195,  -0.04246,  -0.03545,  -0.01269,  -0.04771,  -0.05296,   0.00481,  -0.02670,  -0.04421,   0.05034,  -0.04946,  -0.06347,  -0.02495,  -0.02845,   0.08010,  -0.06697,  -0.02145,   0.08885,  -0.03721,   0.02757,   0.04858,  -0.00219,   0.03458,   0.02232,   0.09060,   0.12562,  -0.01795,  -0.02670,  -0.00569,  -0.00394,  -0.03721,   0.02057,   0.07835,  -0.06697,  -0.01444,  -0.04246,  -0.02145,   0.00832,   0.00657,  -0.05822,  -0.02495,   0.08010,  -0.02145,   0.06609,   0.02057,   0.04508,   0.01532,  -0.03896,  -0.00394,   0.01182,  -0.10549,   0.07660,   0.06084,   0.12737,   0.02933,  -0.08623,  -0.03545,   0.04683,  -0.04246,  -0.12825,   0.04158,  -0.01620,   0.02933,  -0.07572,  -0.01795,  -0.03896,   0.00481,   0.05734,  -0.02845,   0.06609,  -0.04071,  -0.08098,   0.02933,  -0.07047,   0.00306,  -0.04771,   0.00306,  -0.02320,   0.03108,  -0.02320,   0.03983,   0.02232,  -0.02145,   0.06259,   0.03108,  -0.01620,   0.08185,   0.07485,   0.07835,  -0.00394,   0.00481,   0.00481,   0.02582,   0.00481,  -0.01094,   0.00481,   0.02407,  -0.00044,   0.08360,   0.06959,  -0.01094,  -0.05121,   0.02582,  -0.00219,  -0.03896,  -0.00219,  -0.02145,  -0.08273,   0.05034,  -0.05822,   0.05734,   0.01007,  -0.03370,  -0.07922,   0.02933,   0.06259,  -0.07047,  -0.03545,  -0.04421,   0.04333,   0.01532,  -0.01620,  -0.02670,   0.06434,   0.00832,  -0.00219,  -0.03896,  -0.04421,  -0.00044,  -0.00394,  -0.03896,  -0.02845,  -0.03721,   0.09586,  -0.12124,  -0.02145,  -0.02845,  -0.02495,  -0.00219,  -0.01444,   0.01007,  -0.04596,  -0.06522,   0.00657,  -0.01444,   0.05909,  -0.02495,   0.01182,  -0.02320,   0.05209,  -0.03020,   0.03983,  -0.01795,  -0.06522,   0.01707,   0.00131,   0.05734,  -0.00044,   0.00481,   0.06259,   0.00306,  -0.00044,  -0.02845,  -0.02670,   0.05034,   0.11336,  -0.00044,   0.06609,   0.01707,   0.03458,   0.06609,  -0.01620,   0.02232,   0.04333,  -0.01970,   0.09586,  -0.01970,   0.04333,   0.04158,  -0.05471,   0.00657,   0.07485,  -0.00919,  -0.12650,  -0.02145,  -0.00044,  -0.07747,   0.00657,   0.00306,   0.02582,   0.04333,   0.03108,   0.04683,   0.08535,  -0.06872,  -0.02495,  -0.00919,   0.01182,   0.04683,  -0.01094,  -0.04946,   0.06609,   0.07485,  -0.00569,  -0.06347,  -0.06347,  -0.06697,  -0.02495,   0.00657,   0.03983,   0.08185,   0.04508,   0.05384,   0.00832,  -0.09323,  -0.04946,   0.06434,   0.01357,  -0.01795,  -0.01970,   0.02232,   0.00832,  -0.00919,  -0.00744,  -0.05471,   0.03633,   0.08710,   0.07310,   0.08360,   0.09060,  -0.01269,  -0.00044,   0.01882,   0.06084,  -0.03370,  -0.07922,  -0.06347,  -0.01094,  -0.05646,   0.03633,   0.07135,   0.01532,   0.06084,   0.07310,   0.03458,  -0.02670,   0.05734,   0.07135,   0.00481,   0.05909,   0.03458,   0.06434,  -0.09148,   0.03283,   0.00657,   0.10111,   0.09936,  -0.02495,  -0.03896,   0.01707,  -0.01795,  -0.02495,   0.03108,  -0.00044,  -0.02670,   0.05734,  -0.02670,  -0.05296,   0.09060,   0.01532,   0.05559,  -0.04596,  -0.03020,  -0.00744,   0.00131,  -0.06872,  -0.01795,   0.01707,   0.00657,   0.06434,  -0.01620,  -0.03020,  -0.01094,  -0.02495,   0.03808,   0.01882,   0.05209,  -0.02495,   0.14488,  -0.00219,   0.01182,   0.04158,   0.02582,  -0.06522,  -0.01094,  -0.01444,  -0.04071,   0.00131,  -0.02845,  -0.05997,  -0.00744,   0.02057,   0.04508,  -0.02145,  -0.01620,   0.05734,  -0.00394,   0.02933,   0.05034,  -0.06697,  -0.02145,   0.03108,  -0.06522,  -0.02670,   0.04858,   0.04683,  -0.04596,   0.01532,   0.11687,   0.00306,   0.02757,  -0.06347,   0.02057,   0.04858,  -0.03020,  -0.03545,   0.03633,   0.05034,   0.01357,   0.03633,   0.05034,  -0.00919,   0.02057,   0.01007,  -0.01795,  -0.02845,  -0.01094,  -0.11424,   0.07310,   0.06784,   0.05034,  -0.02145,   0.04858,   0.02057,   0.06084,   0.01532,   0.04858,   0.06434,  -0.05471,   0.00481,   0.01532,  -0.00394,  -0.05646,   0.06084,  -0.01970,  -0.05997,   0.00832,  -0.05822,  -0.06172,   0.01707,  -0.02495,  -0.02320,   0.04158,  -0.03545,  -0.00744,  -0.00044,  -0.01444,   0.01882,  -0.01269,   0.08885,  -0.01620,   0.03108,  -0.04246,   0.04858,  -0.03370,  -0.01094,  -0.05471,   0.03458,  -0.00394,   0.05384,  -0.08448,  -0.01620,   0.01182,  -0.03020,  -0.01970,  -0.00219,   0.13437,  -0.01094,  -0.00569,  -0.12300,  -0.03721,  -0.01620,  -0.02670,   0.09060,  -0.06347,  -0.00394,   0.09761,   0.02757,   0.07485,   0.04333,  -0.09323,   0.00481,   0.00306,   0.07310,   0.03108,  -0.04071,  -0.01094,  -0.02845,   0.04158,   0.03283,  -0.02845,   0.03808,   0.02933,   0.03108,  -0.01444,   0.01007,   0.00657,  -0.01444,  -0.00044,  -0.03545,   0.01707,  -0.03545,   0.03808,  -0.03020,   0.00832,   0.00131,   0.01182,  -0.03195,  -0.08623,   0.07835,  -0.05997,  -0.05121,   0.08885,  -0.04071,  -0.02670,  -0.00744,   0.03458,  -0.03721,  -0.04246,   0.05384,  -0.07222,   0.01532,   0.01007,   0.00131,   0.04508,  -0.04246,   0.06434,  -0.00569,  -0.04771,  -0.01094,  -0.09498,  -0.00394,  -0.01444,  -0.04071,   0.05034,   0.03808,   0.07135,  -0.07397,  -0.00744,  -0.00219,  -0.02495,  -0.05997,   0.02933,   0.06084,   0.06259,  -0.00569,   0.00832,   0.01357,   0.01532,   0.01532,  -0.00919,  -0.06522,   0.03283,  -0.01269,  -0.00044,  -0.03721,  -0.00044,  -0.00219,   0.02933,  -0.01795,  -0.03545,   0.00657,  -0.09148,   0.06609,   0.07135,   0.01707,  -0.00394,   0.01707,  -0.03896,  -0.00394,   0.07485,  -0.04246,  -0.02670,  -0.06172,  -0.09673,  -0.08273,   0.06784,   0.05209,   0.02933,  -0.02845,   0.06084,   0.10111,   0.01357,   0.05734,  -0.00744,  -0.00744,  -0.02845,   0.00306,   0.06259,   0.07660,  -0.04596,  -0.02495,   0.02232,  -0.04596,  -0.10899,   0.07660,   0.00481,   0.03458,  -0.03195,  -0.00394,   0.02057,   0.01357,   0.00481,  -0.03896,  -0.00569,  -0.04071,  -0.01970,  -0.01795,   0.02232,  -0.01970,  -0.05471,  -0.00394,  -0.04071,  -0.00219,  -0.04421,   0.00481,   0.01532,   0.02407,   0.05734,   0.04858,   0.06434,  -0.03896,  -0.08623,   0.07135,  -0.08098,   0.01357,  -0.01269,   0.03458,   0.00832,  -0.02670,   0.01882,   0.03983,   0.05034,   0.02582,  -0.01269,   0.06609,   0.01182,   0.03983,   0.04858,   0.00306,   0.04683,  -0.03195,  -0.04071,   0.01182,  -0.00044,  -0.05822,   0.02057,   0.01707,  -0.04421,  -0.07922,   0.02232,  -0.00044,  -0.03195,   0.04683,  -0.01970,  -0.03195,  -0.01620,   0.03633,  -0.00744,   0.06259,  -0.02495,   0.03983,  -0.00744,  -0.07047,  -0.11949,  -0.03195,   0.00131,   0.07310,  -0.04596,  -0.13175,  -0.00219,   0.05209,  -0.02845,  -0.04596,  -0.07222,  -0.04946,  -0.00044,  -0.00219,   0.04158,  -0.04946,  -0.02845,   0.06259,  -0.01620,  -0.02670,  -0.05296,  -0.07572,   0.01882,  -0.08273,  -0.02670,   0.00131,   0.03283,   0.08360,   0.07660,   0.02407,  -0.03020,   0.04683,   0.01357,  -0.00394,   0.01532,  -0.01269,  -0.03195,   0.00832,   0.10811,   0.09060,  -0.01269,  -0.01795,  -0.00919,   0.02582,  -0.03896,   0.00131,  -0.00919,   0.03108,  -0.08973,  -0.03721,   0.00481,   0.01882,   0.00481,   0.06609,   0.02757,  -0.01970,   0.02057,  -0.05822,  -0.05822,  -0.02670,  -0.02495,   0.04683,   0.03283,  -0.03370,  -0.01094,  -0.02320,  -0.04071,   0.00131,  -0.01094,  -0.03721,  -0.01620,  -0.01094,   0.11161,  -0.03020,   0.11161,   0.05209,  -0.04071,  -0.00044,  -0.00919,  -0.02845,   0.00306,  -0.05646,   0.00481,  -0.03721,   0.00131,   0.04508,   0.03283,   0.08185,   0.03808,  -0.05121,   0.03108,   0.07660,  -0.02845,  -0.03020,   0.05734,  -0.01269,  -0.05646,   0.04508,   0.01882,   0.03633,  -0.08273,  -0.04596,  -0.00394,   0.05734,   0.01007,  -0.02145,   0.02407,  -0.02845,  -0.04246,  -0.03020,   0.11512,   0.02057,   0.00832,  -0.00219,  -0.03195,   0.03983,   0.10286,   0.01182,  -0.00219,  -0.00569,  -0.04071,  -0.04246,   0.04683,   0.06434,   0.02757,   0.04158,  -0.01094,   0.08535,  -0.01795,   0.05034,  -0.07572,  -0.00744,  -0.03020,   0.00832,  -0.00569,  -0.05646,   0.03633,   0.00832,  -0.03721,  -0.04421,  -0.02495,   0.04858,   0.03108,   0.07135,   0.01882,  -0.00044,   0.06784,  -0.01269,  -0.01269,  -0.06172,   0.04508,  -0.00044,  -0.04246,   0.06084,  -0.01444,   0.04683,   0.02057,  -0.01620,   0.02757,   0.00481,   0.02757,  -0.02845,  -0.01269,  -0.00394,   0.01357,   0.00306,  -0.03020,  -0.03896,   0.02757,   0.04858,   0.01182,  -0.03545,   0.02757,   0.02057,   0.02232,   0.04158,   0.03108,  -0.01444,  -0.04246,  -0.05121,   0.01357,   0.01007,  -0.04596,  -0.05822,  -0.02845,   0.02757,  -0.00219,   0.08535,   0.01707,   0.02232,  -0.04946,  -0.00219,   0.00306,  -0.01444,  -0.03721,  -0.03370,   0.00481,   0.08710,  -0.00744,   0.01882,   0.04158,  -0.02320,   0.03808,   0.08360,   0.01357,  -0.07572,   0.02582,   0.00481,  -0.01269,   0.05209,   0.02582,  -0.00744,  -0.04771,  -0.01970,  -0.01620,  -0.01444,   0.08010,   0.03983,   0.00306,  -0.05121,   0.01882,  -0.07747,  -0.00919,  -0.00394,   0.01532,  -0.00744,  -0.01795,   0.06084,  -0.01795,  -0.02670,  -0.03370,  -0.05121,  -0.07397,   0.02407,   0.01532,  -0.02670,  -0.00744,   0.02057,  -0.01620,   0.08010,   0.08360,   0.04158,  -0.06872,   0.05034,   0.00306,  -0.00219,   0.06084,  -0.00394,  -0.00394,   0.04158,  -0.01795,  -0.02320,  -0.02845,  -0.07047,  -0.04946,  -0.09848,  -0.09323,  -0.03545,  -0.08098,   0.00657,   0.01007,  -0.01970,  -0.04421,  -0.02320,  -0.04596,  -0.00744,  -0.06347,   0.02232,   0.03808,  -0.02145,   0.05559,  -0.02670,  -0.01620,  -0.00044,  -0.01094,  -0.01444,  -0.00044,   0.02232,   0.07310,  -0.02320,  -0.02145
  -0.04421,   0.04508,  -0.01444,   0.03458,  -0.03020,   0.03283,  -0.06522,  -0.00744,  -0.01620,  -0.03721,   0.01007,  -0.06697,  -0.06347,   0.07135,   0.05909,   0.06609,   0.01882,  -0.03721,  -0.02320,  -0.02670,   0.02232,  -0.03545,   0.04508,   0.02232,   0.00832,   0.00832,   0.00131,   0.02933,  -0.06697,  -0.03020,   0.01532,  -0.08973,  -0.01795,   0.00832,  -0.00219,  -0.02145,  -0.01620,  -0.03195,  -0.03195,  -0.01970,   0.01182,  -0.05822,   0.00481,  -0.04246,   0.03808,  -0.01444,   0.03633,   0.06434,  -0.00569,   0.00832,   0.00131,  -0.01444,   0.02933,   0.02582,   0.01882,   0.06784,   0.09411,   0.05734,   0.00481,   0.02232,   0.08535,   0.04508,   0.03283,  -0.01620,   0.03108,   0.04158,  -0.00219,   0.09060,   0.09936,  -0.09148,  -0.04771,  -0.08798,   0.06434,   0.01707,   0.04683,  -0.00744,  -0.05121,   0.01182,   0.00131,  -0.05121,   0.04683,  -0.01444,  -0.01269,   0.02407,   0.00306,   0.11336,   0.01707,   0.05559,  -0.06172,   0.02582,   0.00131,   0.01357,  -0.02670,  -0.00919,  -0.00569,   0.02757,   0.04508,  -0.03896,  -0.03195,  -0.05646,   0.00306,   0.10811,   0.01182,  -0.02495,   0.06784,   0.00306,  -0.07397,  -0.03896,  -0.05997,  -0.01269,  -0.04421,  -0.00744,  -0.03370,  -0.04071,   0.03108,  -0.01620,   0.06434,   0.02232,  -0.10023,   0.12562,   0.01007,  -0.00919,  -0.14050,  -0.02145,  -0.07222,  -0.01444,  -0.06522,  -0.00569,  -0.02670,   0.00131,  -0.04596,   0.04158,  -0.00919,  -0.10899,   0.01532,   0.02933,   0.02582,   0.10986,   0.02407,   0.01357,   0.06259,  -0.03370,  -0.01620,  -0.03195,  -0.01444,   0.00306,   0.02582,  -0.12124,   0.06259,  -0.03195,   0.00481,   0.03108,  -0.05296,  -0.07047,   0.04858,   0.00832,   0.02407,   0.05384,  -0.03545,   0.00832,   0.02757,   0.06784,   0.06784,  -0.03020,  -0.01269,  -0.01970,   0.02057,  -0.02320,  -0.01094,   0.01007,  -0.01094,  -0.04946,  -0.02670,   0.03283,   0.10461,  -0.02145,  -0.05997,   0.01357,   0.04333,  -0.04421,   0.00832,   0.05559,   0.04158,  -0.07047,   0.02582,   0.02407,   0.01182,  -0.01970,   0.01007,  -0.01795,   0.02757,  -0.03195,   0.04508,  -0.04946,  -0.03721,   0.09586,   0.06259,  -0.00569,  -0.04071,   0.03633,  -0.04071,   0.01007,  -0.06697,  -0.01970,   0.02232,  -0.04946,   0.01707,   0.01707,   0.05734,  -0.02670,   0.04333,   0.01182,   0.04508,   0.03983,  -0.01970,   0.01007,  -0.03370,   0.05909,   0.06609,  -0.08973,   0.04508,   0.02057,   0.00306,  -0.05296,  -0.01970,   0.00481,  -0.01444,  -0.01620,  -0.03020,   0.03108,  -0.04421,   0.09411,  -0.02145,  -0.00044,  -0.04071,  -0.07047,  -0.00394,   0.11512,   0.09235,   0.02232,   0.05734,  -0.01269,  -0.04771,   0.02933,  -0.01444,   0.00306,   0.00306,  -0.04421,  -0.02145,  -0.04596,   0.09586,   0.00306,  -0.05296,  -0.00569,   0.05559,   0.01007,   0.06084,  -0.02845,  -0.04946,   0.02232,  -0.03195,   0.05734,   0.02757,  -0.00044,  -0.01444,  -0.01970,  -0.01444,  -0.06872,   0.01532,   0.02757,  -0.06872,  -0.03896,  -0.05822,  -0.01620,   0.01007,   0.08360,  -0.07922,  -0.01269,  -0.03370,  -0.02495,  -0.03195,  -0.04421,   0.00131,  -0.04771,   0.01007,   0.00131,  -0.00044,  -0.05822,  -0.00919,  -0.01970,   0.03808,   0.07485,   0.05559,  -0.07047,   0.07485,   0.03283,  -0.04246,   0.00306,  -0.01970,   0.01882,   0.06959,   0.03808,  -0.00744,   0.06784,  -0.09848,   0.01707,  -0.01795,  -0.06347,   0.03458,   0.04333,   0.01182,  -0.05471,  -0.07747,   0.02933,   0.06784,  -0.02670,  -0.04246,  -0.05822,   0.03458,   0.02757,   0.01882,   0.04158,  -0.04771,   0.03108,   0.00306,   0.00306,   0.03983,  -0.00219,  -0.01795,   0.07660,   0.00131,  -0.02845,  -0.03545,   0.05909,  -0.00219,   0.05034,   0.06084,  -0.09673,   0.01707,  -0.03370,   0.04508,  -0.01795,  -0.01795,  -0.04596,  -0.00744,  -0.05121,   0.04858,  -0.05646,   0.03458,  -0.07222,   0.03108,  -0.00744,  -0.04596,   0.01532,   0.03458,  -0.03721,  -0.05471,  -0.07572,   0.03108,  -0.01094,  -0.01795,   0.00306,   0.01532,   0.08535,   0.04333,  -0.00919,   0.03458,   0.01182,  -0.07397,   0.04858,   0.01007,   0.04858,  -0.03195,   0.08185,   0.05559,   0.04333,   0.01007,  -0.05997,   0.06084,   0.06259,  -0.03545,   0.01357,   0.00131,  -0.02320,  -0.08448,   0.08885,  -0.03370,   0.05209,  -0.05121,   0.01007,  -0.01444,   0.01182,  -0.00569,  -0.02670,  -0.06522,   0.00481,   0.01182,  -0.00569,   0.02057,   0.09586,   0.01182,  -0.04246,   0.00832,  -0.00744,   0.01182,   0.02933,  -0.05646,  -0.00394,   0.03983,  -0.02495,  -0.04946,  -0.01444,  -0.06172,  -0.06872,   0.00481,   0.03633,   0.00131,   0.00481,  -0.03896,  -0.04596,  -0.05296,  -0.00219,   0.00306,   0.06609,  -0.01269,  -0.04246,  -0.00044,  -0.03545,  -0.01795,  -0.00569,  -0.00219,   0.00657,  -0.05121,   0.03108,  -0.00744,  -0.02495,  -0.05646,  -0.00569,  -0.06172,   0.03633,  -0.01795,   0.04858,  -0.06872,  -0.02320,   0.06609,  -0.04946,  -0.01269,   0.02582,  -0.01094,   0.04508,   0.02407,  -0.00744,  -0.05296,   0.00832,  -0.07047,  -0.03195,   0.07310,   0.01182,  -0.02145,  -0.00744,  -0.07047,  -0.03195,  -0.02670,   0.04683,   0.00131,   0.05209,   0.03283,   0.06084,   0.01007,   0.03283,   0.05734,  -0.02495,   0.00306,  -0.01620,  -0.00044,  -0.00569,  -0.02495,  -0.13175,   0.00306,  -0.05822,   0.02582,  -0.00394,   0.04858,  -0.06522,   0.06259,   0.00306,  -0.00919,   0.04158,  -0.02845,  -0.00919,  -0.00569,  -0.00919,  -0.01094,  -0.04421,  -0.03721,   0.06784,   0.06434,  -0.05296,  -0.01970,   0.00131,   0.01882,  -0.02845,  -0.00219,   0.05209,   0.01882,   0.01007,   0.08360,   0.01357,  -0.02670,  -0.00219,  -0.00569,   0.01707,   0.06084,   0.02057,   0.03458,   0.01532,   0.04333,  -0.02845,   0.02582,  -0.00219,  -0.00744,   0.01532,  -0.06697,  -0.00919,  -0.04946,  -0.04771,  -0.06872,  -0.00044,  -0.02845,  -0.04246,   0.04158,  -0.08098,   0.05384,   0.02232,  -0.01795,  -0.02320,   0.01357,   0.00481,   0.03983,  -0.03721,   0.09060,  -0.02845,  -0.10023,  -0.00569,  -0.04246,   0.03808,   0.01357,  -0.04071,   0.05734,   0.04508,   0.04683,  -0.00044,  -0.00394,  -0.03370,  -0.01620,   0.00481,   0.04158,   0.04508,   0.02057,   0.02933,   0.06784,  -0.04071,   0.12562,   0.08710,  -0.03370,  -0.03020,   0.04508,   0.03808,  -0.01444,  -0.00044,   0.06434,  -0.07047,   0.01707,  -0.00219,  -0.02670,  -0.04071,   0.00131,  -0.03370,  -0.01269,  -0.01795,  -0.01269,   0.08360,  -0.05121,   0.03808,  -0.00919,  -0.02670,  -0.01444,  -0.05822,  -0.01094,  -0.04246,   0.00306,  -0.03195,  -0.02670,  -0.06172,  -0.05822,  -0.05296,  -0.03195,  -0.01269,  -0.00044,  -0.01970,  -0.01620,   0.00306,   0.01882,  -0.02845,  -0.00394,   0.06609,  -0.04421,   0.06959,  -0.06347,  -0.06697,  -0.01094,   0.05384,  -0.03721,   0.02407,   0.02407,  -0.01970,  -0.07397,   0.01707,   0.05909,   0.05034,  -0.04071,   0.02757,  -0.10899,   0.00131,  -0.02145,  -0.09498,  -0.03721,  -0.03370,   0.02057,   0.03633,  -0.09498,   0.03633,   0.00306,   0.05734,  -0.00919,   0.10111,  -0.11424,  -0.08623,   0.06259,  -0.01970,  -0.05822,   0.05559,   0.02933,   0.03633,   0.01707,  -0.01620,   0.00306,  -0.00219,   0.02757,  -0.03545,   0.06959,  -0.04246,   0.04333,  -0.00394,  -0.03545,   0.03983,  -0.00569,  -0.01620,  -0.05646,  -0.13350,   0.01882,   0.01882,  -0.07572,  -0.01620,   0.03283,   0.03283,   0.00481,  -0.01795,  -0.04071,  -0.06347,   0.00832,  -0.05997,  -0.01795,  -0.01269,   0.02582,  -0.00569,   0.03633,  -0.01269,  -0.06347,  -0.00919,  -0.01269,  -0.00044,   0.01007,  -0.03545,  -0.01970,  -0.04771,   0.02057,  -0.10199,  -0.04771,  -0.01269,  -0.07397,   0.03458,  -0.00044,   0.01007,   0.01007,  -0.02145,  -0.00744,  -0.00219,   0.13087,  -0.02495,   0.01182,   0.04333,  -0.01795,  -0.03896,  -0.02320,   0.03808,   0.00306,  -0.03896,  -0.02670,  -0.01970,  -0.01795,  -0.00744,  -0.03896,  -0.00919,   0.00481,   0.00657,  -0.02845,   0.01182,   0.05909,  -0.10549,  -0.00219,   0.01357,   0.05209,   0.03283,  -0.01444,  -0.03545,   0.01182,  -0.01444,  -0.03896,  -0.00919,   0.03983,  -0.00744,  -0.03545,  -0.02670,  -0.04246,  -0.06347,   0.03108,  -0.04421,  -0.06172,  -0.01269,  -0.02145,  -0.01444,   0.00832,   0.03108,   0.07135,   0.01007,  -0.07747,   0.03808,  -0.01970,  -0.04771,   0.02582,  -0.07572,  -0.03370,   0.03983,   0.03108,  -0.05646,  -0.06347,   0.01882,   0.01182,   0.03283,   0.02057,   0.06784,   0.02582,   0.03283,   0.00481,  -0.05646,   0.00832,  -0.02145,   0.00481,  -0.00044,  -0.04421,  -0.02845,   0.01882,  -0.00919,  -0.05121,  -0.00044,  -0.03195,  -0.01620,  -0.02145,  -0.03545,   0.05034,   0.02232,   0.01707,  -0.08273,   0.01182,   0.00306,  -0.00394,  -0.01970,   0.00131,   0.00306,  -0.04771,  -0.04246,   0.01182,   0.02232,  -0.12124,   0.00832,  -0.07747,  -0.03195,   0.06434,  -0.01795,  -0.03896,   0.04508,  -0.04246,  -0.06347,  -0.05822,  -0.05997,   0.05909,   0.07135,   0.05034,   0.03458,   0.02407,  -0.05822,   0.02232,  -0.03195,   0.06434,  -0.02145,  -0.05121,   0.07485,  -0.05296,  -0.00744,   0.00657,   0.01007,  -0.01970,  -0.00394,  -0.03721,  -0.08273,   0.02933,  -0.01795,   0.04158,  -0.05646,  -0.00394,  -0.07922,   0.01357,   0.03108,  -0.00394,   0.00306,  -0.00394,  -0.04071,  -0.09498,   0.03283,  -0.02320,   0.05559,  -0.05121,   0.00832,   0.02757,   0.02582,   0.09060,  -0.10199,   0.00306,  -0.01269,   0.04858,   0.03283,   0.01882,   0.11161,   0.01357,  -0.05997,  -0.03195,  -0.02495,  -0.07222,  -0.00569,  -0.00219,  -0.07047,  -0.01269,  -0.05997,  -0.03020,   0.05034,  -0.05471,   0.08360,   0.09586,  -0.01620,  -0.04071,   0.00481,   0.01532,  -0.01094,  -0.01094,  -0.00219,  -0.01970,  -0.02320,   0.01007,  -0.01444,   0.06259,   0.04683,  -0.04246,   0.02057,  -0.07222,  -0.04596,   0.00657,   0.00657,  -0.11074,  -0.01795,  -0.00744,  -0.00219,  -0.03721,  -0.03896,  -0.00219,  -0.00569,   0.04858,   0.03108,  -0.06347,   0.05909,   0.01357,   0.00657,  -0.02670,   0.02057,  -0.01620,   0.05734,   0.02933,   0.03808,   0.04333,  -0.00394,  -0.02495,  -0.05646,   0.00131,   0.08535,   0.01882,   0.02933,   0.00657,  -0.04596,   0.07835,  -0.08973,   0.06784,  -0.04071,  -0.04946,  -0.02145,   0.01707,   0.07135,  -0.03370,  -0.03896,   0.02232,  -0.04946,  -0.01970,   0.01532,   0.01532,  -0.01269,  -0.00394,  -0.04771,  -0.00219,   0.04333,   0.09411,  -0.03020,   0.05734,  -0.01269,  -0.03721,   0.03283,  -0.02320,  -0.01094,  -0.00044,   0.04858,   0.05384,  -0.00744,  -0.06697,   0.01707,   0.05559,  -0.10899,  -0.04071,   0.03983,  -0.06172,   0.00306,   0.06259,   0.01707,  -0.01970,  -0.03195,  -0.04596,   0.03283,  -0.02495,   0.06959,  -0.05296,  -0.02320,   0.04683,  -0.03370,  -0.09848,  -0.01269,   0.03633,   0.02933,   0.00131,  -0.05997,  -0.01269,  -0.05822,   0.04333,  -0.02845,   0.03633,   0.02407,   0.06434,  -0.00919,   0.05034,   0.01357,   0.05384,  -0.00044,   0.03983,   0.06084,  -0.07747,   0.05209,   0.01707,   0.02933,   0.07310,  -0.04421,  -0.00919,  -0.00044,  -0.00919,   0.00832,  -0.02845,   0.05384,   0.03108,  -0.06172,  -0.01795,  -0.00219,   0.01007,  -0.03195,   0.02757,  -0.04421,   0.03458,  -0.05296,   0.00481,   0.05034,  -0.02670,   0.03458,   0.00306,  -0.01795,   0.01532,  -0.02145,   0.00657,   0.00306,  -0.04596,  -0.03370
  -0.02145,  -0.00044,  -0.09498,   0.06084,  -0.00219,  -0.00219,  -0.07747,   0.03983,   0.03633,   0.12562,  -0.05121,  -0.08448,   0.01532,  -0.03370,  -0.02145,  -0.00219,  -0.07922,  -0.03545,   0.05209,  -0.03370,  -0.02845,   0.02933,  -0.03195,  -0.05121,   0.03283,   0.01532,  -0.06172,  -0.01620,   0.07310,  -0.02495,   0.03633,   0.01882,   0.05384,   0.02933,  -0.01269,   0.01182,  -0.05471,  -0.01970,   0.05559,  -0.04071,  -0.02845,  -0.04071,   0.05384,   0.04333,  -0.00044,   0.06434,  -0.01620,   0.10111,  -0.03545,  -0.06172,   0.04508,  -0.05471,   0.03108,   0.01882,  -0.03020,   0.01007,   0.03108,   0.06259,  -0.00394,   0.05384,  -0.00569,  -0.05646,  -0.03896,  -0.06172,  -0.07222,   0.05909,  -0.03721,  -0.02145,  -0.06172,  -0.05646,  -0.04771,  -0.05121,  -0.07922,   0.00306,  -0.03545,   0.00657,   0.00481,  -0.03195,   0.00657,  -0.00919,   0.04333,   0.05384,  -0.03721,  -0.06697,  -0.04246,   0.01532,  -0.01269,  -0.01444,  -0.07047,  -0.07922,  -0.05997,   0.01007,   0.01357,   0.04333,   0.01532,   0.04158,  -0.06697,  -0.06172,   0.07310,   0.02232,   0.01707,  -0.03370,   0.02057,   0.00306,   0.03633,  -0.05121,   0.06259,   0.07135,  -0.00919,   0.06084,   0.01532,  -0.00569,  -0.01970,   0.00657,  -0.07922,  -0.02845,   0.00657,   0.03283,   0.05909,  -0.01620,  -0.00219,  -0.01094,   0.01357,   0.07310,  -0.08623,   0.04158,   0.08360,   0.02582,   0.05034,  -0.08798,   0.01182,  -0.03545,   0.01182,   0.00131,   0.00481,   0.07135,  -0.01795,   0.00481,  -0.00744,  -0.03721,  -0.01269,  -0.00919,  -0.01970,  -0.03545,   0.01707,  -0.02670,  -0.08623,   0.03283,  -0.01795,  -0.03020,   0.00657,  -0.04421,   0.01007,  -0.05471,  -0.02670,   0.02057,  -0.00394,  -0.00744,  -0.06697,  -0.07747,   0.01882,   0.06084,   0.10986,  -0.05822,   0.06259,   0.01357,   0.05559,   0.01357,   0.07485,  -0.04071,  -0.01970,   0.10461,   0.02057,  -0.01444,  -0.00044,   0.03108,   0.03283,   0.05209,  -0.00219,  -0.01269,  -0.02670,  -0.04246,  -0.01620,   0.02407,   0.01182,  -0.03020,   0.03808,  -0.07047,  -0.00044,  -0.02145,  -0.00569,   0.04858,  -0.00569,   0.00481,   0.04858,  -0.02145,   0.03283,   0.00832,  -0.00744,  -0.03545,   0.01182,   0.00131,   0.03983,   0.00481,   0.01532,   0.06784,   0.01882,  -0.03370,  -0.04596,  -0.01094,   0.06609,   0.00481,   0.03283,   0.00131,   0.00832,  -0.03721,  -0.03896,  -0.00394,   0.01357,   0.03283,   0.11512,   0.12912,   0.05909,  -0.01970,  -0.04771,  -0.00569,  -0.01620,   0.02407,   0.02757,   0.03458,  -0.00744,  -0.05997,  -0.03370,  -0.03721,   0.02582,   0.07835,  -0.00044,   0.00131,  -0.01094,   0.02933,  -0.04071,   0.02232,   0.03983,   0.03108,   0.09411,   0.04158,   0.01707,  -0.01444,   0.05734,  -0.04946,  -0.00219,   0.01357,   0.01007,   0.04158,   0.01707,  -0.08273,  -0.02670,  -0.04946,  -0.05822,  -0.01795,   0.02757,  -0.06347,  -0.01444,   0.02407,  -0.05121,  -0.06872,   0.00481,  -0.04246,  -0.01444,   0.02407,  -0.00919,   0.04858,   0.01357,   0.01007,   0.00131,   0.02407,  -0.05471,  -0.10023,  -0.01444,   0.05034,   0.01357,  -0.03545,   0.04508,  -0.01795,  -0.00744,  -0.02495,   0.02582,  -0.07047,  -0.01795,   0.05034,   0.05734,  -0.04246,   0.04333,   0.09586,  -0.00044,  -0.00744,   0.00481,  -0.00919,   0.05909,   0.01532,  -0.06347,  -0.01094,  -0.01795,   0.01357,   0.02407,  -0.02320,   0.00481,  -0.04071,  -0.03896,   0.00832,   0.00832,  -0.01620,  -0.03020,  -0.00219,   0.00481,   0.00657,   0.02407,  -0.03020,  -0.03195,  -0.00394,   0.03283,  -0.00044,   0.05209,   0.00832,  -0.11774,  -0.00394,   0.04683,   0.01882,  -0.04596,  -0.01970,  -0.02495,   0.02582,   0.03458,   0.00131,   0.01532,   0.01707,  -0.01620,  -0.03370,   0.02407,  -0.03896,   0.01357,  -0.03545,  -0.02320,   0.05034,   0.00481,  -0.06172,  -0.01094,  -0.10199,   0.06959,   0.02582,   0.00832,   0.01882,   0.00657,   0.00657,  -0.04771,   0.03108,  -0.00919,  -0.05997,  -0.04596,   0.01357,   0.03808,   0.02582,  -0.00919,   0.00657,   0.02232,  -0.09148,  -0.00744,  -0.00919,  -0.02495,   0.03458,  -0.05121,   0.01882,  -0.06522,  -0.04771,  -0.00219,   0.05034,   0.02057,   0.02407,   0.02582,   0.02933,  -0.03195,   0.05034,   0.04158,   0.00481,  -0.01620,   0.06434,  -0.01795,  -0.00569,  -0.00044,  -0.01795,  -0.04946,  -0.00744,  -0.02145,   0.03983,   0.00306,   0.00832,   0.04683,  -0.09848,  -0.02845,  -0.01094,  -0.04421,  -0.01795,  -0.04771,   0.04333,   0.02933,  -0.07222,  -0.07572,   0.03983,  -0.03020,   0.04333,   0.01882,   0.00481,   0.02057,   0.03108,   0.09060,  -0.03195,  -0.03370,   0.00306,  -0.02320,   0.07310,   0.02407,   0.00481,   0.03633,  -0.01620,   0.01357,   0.00306,  -0.02845,  -0.01269,  -0.02495,  -0.00219,   0.02057,   0.03633,   0.01007,   0.05909,  -0.00919,  -0.02845,  -0.05646,   0.02232,  -0.00569,   0.06434,  -0.00044,  -0.00569,   0.03108,   0.05559,   0.02057,   0.01357,   0.00657,   0.06084,   0.02232,  -0.01620,  -0.00394,   0.01532,   0.04333,  -0.00044,  -0.02495,  -0.00569,  -0.04421,   0.05034,  -0.02670,   0.04333,   0.04333,  -0.00569,  -0.04946,  -0.01269,   0.02933,  -0.05822,   0.02933,  -0.04071,   0.00657,   0.03633,   0.06959,  -0.00569,   0.03108,   0.07135,   0.02407,   0.01882,  -0.02320,  -0.05997,   0.01007,  -0.05471,   0.02232,   0.00832,  -0.04071,   0.02057,  -0.02145,   0.01007,   0.05209,   0.01357,   0.06084,  -0.03195,  -0.02670,  -0.02845,   0.08010,   0.02407,  -0.01444,  -0.02845,   0.04858,  -0.00044,   0.00657,   0.03808,  -0.04771,   0.01707,  -0.07397,  -0.04946,   0.04333,  -0.03195,  -0.09148,  -0.03370,   0.01707,   0.02757,   0.02232,  -0.01970,  -0.06872,  -0.02845,  -0.02145,   0.01182,   0.02582,  -0.02670,   0.02933,  -0.01970,  -0.01094,  -0.04071,  -0.03721,  -0.01620,  -0.01269,   0.01707,   0.05034,   0.05734,   0.02057,  -0.10374,  -0.01620,  -0.01970,   0.01357,   0.04333,   0.06959,   0.04158,  -0.00394,   0.04683,   0.01532,  -0.00219,  -0.00044,  -0.01444,  -0.02495,  -0.04071,  -0.05296,   0.05209,   0.02232,  -0.06872,   0.02757,  -0.03721,  -0.00219,   0.02232,  -0.01269,   0.04508,  -0.05822,  -0.00394,  -0.01444,  -0.02320,  -0.04771,  -0.05471,   0.04158,  -0.01269,   0.01007,  -0.04071,   0.05559,  -0.01620,   0.03458,   0.01707,  -0.04071,   0.04158,  -0.04246,  -0.00219,  -0.00044,  -0.02145,   0.00306,   0.09761,  -0.11249,   0.01357,  -0.03896,  -0.04071,   0.06784,  -0.03721,  -0.01269,   0.02057,  -0.00744,  -0.08448,  -0.06872,   0.02057,  -0.07222,   0.01882,   0.02407,   0.02057,   0.00131,  -0.00044,  -0.02145,   0.04333,  -0.00394,  -0.03370,  -0.03545,  -0.05822,  -0.03370,   0.03108,  -0.00569,  -0.00219,   0.07485,   0.01707,   0.04333,  -0.06522,   0.05559,   0.02232,  -0.00919,  -0.02845,   0.03283,  -0.08098,  -0.04596,  -0.00219,   0.01707,   0.00832,   0.07835,  -0.03896,  -0.00919,  -0.00219,  -0.06522,   0.00832,  -0.03370,  -0.01444,  -0.08273,  -0.03020,   0.01357,  -0.04596,   0.03983,   0.02933,   0.01182,   0.05209,   0.01882,   0.00481,  -0.06172,  -0.00394,   0.06784,  -0.00044,  -0.04071,   0.01707,  -0.01269,  -0.02495,   0.00657,   0.02232,   0.03108,  -0.05646,  -0.00919,  -0.05121,  -0.05121,   0.02232,  -0.03195,  -0.09498,  -0.05296,  -0.03896,  -0.05646,  -0.02845,   0.01532,   0.03983,  -0.05646,  -0.00219,   0.01357,  -0.07397,   0.01357,  -0.05471,   0.00306,  -0.05646,  -0.05822,  -0.03195,   0.03108,  -0.01444,  -0.01094,   0.08010,   0.01882,   0.04858,  -0.00044,  -0.00919,  -0.01444,  -0.01269,   0.02933,  -0.00219,   0.02582,  -0.02845,   0.04333,  -0.03721,   0.07660,  -0.05121,   0.06084,   0.03808,  -0.07922,   0.00131,  -0.08798,  -0.01269,   0.02232,  -0.06347,  -0.03896,  -0.03721,  -0.05121,   0.01882,   0.01882,  -0.03020,  -0.02845,  -0.00744,   0.02232,  -0.00569,  -0.01620,  -0.06172,  -0.04946,   0.02582,   0.04683,   0.05384,   0.00481,  -0.05997,  -0.00219,   0.01357,  -0.04946,  -0.02320,  -0.04421,  -0.01795,  -0.01094,  -0.00044,   0.02582,  -0.03020,   0.04683,   0.03283,   0.01707,   0.01707,  -0.05997,   0.00131,   0.01882,   0.04333,  -0.04071,  -0.02495,  -0.03195,  -0.00744,  -0.01970,  -0.03195,   0.06434,  -0.00219,   0.02933,   0.08185,   0.02582,   0.02582,  -0.02845,   0.05384,   0.04333,  -0.02845,  -0.04071,  -0.05997,   0.12212,   0.06084,  -0.01970,  -0.04071,   0.09761,  -0.05997,   0.04683,  -0.01269,  -0.00219,  -0.00394,   0.01357,  -0.07922,  -0.02670,  -0.03721,  -0.00394,  -0.00219,   0.02757,  -0.00219,   0.04333,  -0.02670,  -0.02495,  -0.05121,  -0.01444,  -0.01795,  -0.01970,   0.00832,  -0.08098,   0.09761,   0.03283,   0.03283,  -0.03370,   0.04333,   0.03458,  -0.05997,  -0.02320,  -0.03370,   0.01182,  -0.05471,  -0.03545,   0.00306,   0.01182,  -0.01795,   0.02057,   0.03983,  -0.03195,   0.02407,  -0.03020,  -0.03195,  -0.07047,   0.03108,  -0.09498,  -0.08448,   0.04508,   0.02232,  -0.08273,  -0.01094,   0.00657,  -0.01970,  -0.02145,  -0.00569,  -0.01795,  -0.04946,   0.03108,  -0.00219,   0.02407,  -0.05822,   0.01532,   0.03983,  -0.06172,   0.09586,  -0.05471,  -0.02145,   0.02232,   0.03633,   0.00832,   0.04158,  -0.01444,   0.02582,  -0.09323,  -0.05822,  -0.04071,  -0.10724,   0.03458,   0.02407,   0.03283,  -0.02320,   0.04158,  -0.04596,   0.00832,  -0.02320,  -0.06347,   0.04683,   0.00131,   0.03283,   0.01007,  -0.04771,  -0.01094,   0.00481,  -0.05121,   0.02232,   0.01357,  -0.07922,  -0.03721,  -0.04246,  -0.03370,  -0.04421,   0.01707,  -0.01444,  -0.03020,  -0.05471,  -0.00744,   0.02407,   0.09235,  -0.05471,  -0.05121,  -0.10724,   0.01882,   0.01182,   0.02757,   0.02407,   0.01182,  -0.05646,   0.04333,  -0.02670,   0.02582,  -0.01795,   0.05909,  -0.03896,  -0.04771,  -0.01094,   0.02933,  -0.02495,  -0.01094,  -0.02670,   0.01007,   0.03808,  -0.01970,   0.03458,   0.01882,   0.03808,   0.01357,  -0.01620,   0.02057,   0.06959,  -0.03195,   0.05209,   0.02582,   0.05734,   0.02057,   0.02407,  -0.06697,   0.01007,  -0.00394,   0.12037,   0.02057,   0.01707,  -0.03896,  -0.02670,  -0.00744,   0.07485,   0.03283,   0.04508,   0.11512,  -0.01094,  -0.05822,  -0.05121,  -0.04421,   0.01357,  -0.08973,  -0.05646,  -0.02320,  -0.00044,  -0.00394,  -0.02670,   0.00832,   0.05209,  -0.05296,  -0.05471,  -0.01094,  -0.00744,   0.05034,  -0.00919,  -0.00744,   0.00306,  -0.03721,  -0.05121,  -0.02670,   0.02933,  -0.00919,   0.00657,  -0.01620,  -0.04596,  -0.04771,   0.06434,   0.01357,   0.03983,   0.02582,  -0.05471,   0.07135,  -0.07047,  -0.04771,  -0.10899,   0.01882,   0.02582,   0.02407,  -0.02320,  -0.05822,  -0.03545,   0.01182,  -0.02670,  -0.07047,   0.06259,   0.02232,  -0.07047,   0.01882,   0.01532,   0.05209,   0.00306,  -0.08273,  -0.01094,   0.09936,  -0.03195,   0.00657,   0.02232,  -0.03195,  -0.03721,  -0.05121,   0.04858,   0.00131,   0.00306,   0.03808,   0.02407,  -0.05471,   0.06959,   0.01707,   0.05734,  -0.02145,   0.00481,   0.01007,  -0.01970,   0.02582,   0.01357,   0.02407,   0.01707,   0.04333,   0.02582,   0.02407,   0.03458,  -0.03721,   0.07485,   0.00657,  -0.01094,   0.03108,   0.01707,   0.02232,   0.02582,   0.08010,  -0.01444,   0.02933,   0.04858,   0.05559,  -0.04596,  -0.03020,  -0.04946,  -0.04071,   0.04508,  -0.00394,  -0.00569,   0.05909,   0.07135,   0.00481,   0.01007,   0.02757,   0.05909
   0.09586,   0.03633,  -0.03195,  -0.05646,   0.02407,  -0.00569,   0.01532,  -0.01444,  -0.01795,   0.03458,  -0.03370,  -0.02670,   0.06959,   0.01707,   0.07135,  -0.00744,   0.10811,   0.00657,   0.07835,  -0.04246,   0.06434,  -0.02670,   0.05034,  -0.05471,   0.03808,   0.01007,   0.00306,   0.02933,  -0.01094,  -0.05646,   0.01882,   0.08010,   0.02582,  -0.03020,  -0.06347,   0.01007,   0.00657,  -0.05296,  -0.03721,  -0.04071,   0.03633,   0.05209,   0.03458,  -0.04946,   0.02057,  -0.01269,   0.01882,  -0.03020,   0.08710,  -0.00569,  -0.07222,  -0.03020,  -0.00394,  -0.00919,   0.00481,   0.01357,   0.09060,  -0.03721,   0.00657,  -0.03195,   0.05559,  -0.02670,  -0.00569,  -0.01094,  -0.00044,  -0.09848,  -0.04596,  -0.04421,   0.02757,  -0.05646,   0.03458,  -0.02495,   0.00481,  -0.00394,  -0.04421,  -0.02495,   0.01007,  -0.02670,   0.06784,   0.02232,   0.00306,   0.01357,  -0.01970,  -0.02145,   0.03283,   0.02057,   0.07660,  -0.02145,   0.00131,  -0.06172,  -0.04071,   0.02232,   0.08185,  -0.01444,  -0.04246,  -0.01620,   0.00657,   0.06259,   0.05559,  -0.02320,   0.02582,   0.00481,   0.00131,  -0.00919,   0.01532,  -0.01094,  -0.01620,  -0.12825,   0.01007,  -0.00044,   0.00481,   0.04683,  -0.03896,   0.06609,   0.01357,   0.04158,   0.00131,  -0.00919,  -0.03896,  -0.08798,   0.02407,  -0.02145,   0.06959,   0.02933,   0.00131,   0.00832,  -0.04246,   0.01357,   0.00832,   0.02407,  -0.02145,   0.06434,  -0.03721,  -0.02495,   0.02933,   0.01707,  -0.05822,  -0.05822,   0.01007,  -0.00044,  -0.01795,   0.05209,   0.00481,   0.04333,  -0.01269,   0.02057,  -0.04946,  -0.01620,   0.12212,   0.00306,  -0.00744,  -0.01444,  -0.11949,   0.07135,   0.02582,  -0.00744,  -0.00744,   0.04858,  -0.03545,  -0.03721,   0.02232,  -0.02845,  -0.00394,  -0.05296,   0.03108,   0.01707,  -0.06872,  -0.01795,   0.03808,   0.06259,  -0.05296,  -0.04946,  -0.04071,   0.05209,   0.00657,  -0.00919,   0.00657,  -0.00919,   0.05034,  -0.04946,   0.03283,  -0.01444,  -0.01620,  -0.06872,  -0.00394,  -0.04421,   0.03283,   0.02232,   0.07835,  -0.02670,   0.04158,   0.07660,  -0.03370,  -0.05471,  -0.05646,  -0.05822,   0.04858,  -0.00919,  -0.00219,  -0.05997,   0.00306,  -0.04596,   0.06084,  -0.05646,  -0.03020,   0.06609,  -0.06172,  -0.07922,   0.03283,  -0.01269,  -0.10199,  -0.04246,  -0.04421,   0.03108,   0.00131,  -0.01094,  -0.02670,   0.03458,  -0.06347,   0.03283,   0.02933,  -0.00569,  -0.08273,   0.03983,  -0.05646,  -0.03721,   0.03983,  -0.06522,   0.03458,  -0.09498,  -0.00394,  -0.05121,   0.04508,   0.02757,  -0.00919,   0.00131,  -0.00394,   0.01357,  -0.05121,   0.07835,   0.07310,   0.05734,  -0.05121,   0.03283,   0.03633,   0.00657,  -0.00569,   0.04508,   0.02933,   0.03983,  -0.07747,   0.04333,  -0.04246,  -0.00919,  -0.00919,  -0.01620,  -0.07222,   0.06434,  -0.01620,   0.01357,   0.03808,   0.03108,  -0.04771,  -0.05646,  -0.00219,   0.02933,  -0.02145,  -0.03545,  -0.05646,  -0.02495,   0.01357,  -0.00569,   0.02582,  -0.06347,  -0.04246,  -0.02145,   0.00657,   0.00131,  -0.02845,  -0.01620,  -0.03896,  -0.03721,   0.05209,   0.03808,   0.06084,   0.01182,   0.02057,  -0.01094,   0.06084,  -0.00919,   0.05559,  -0.01620,   0.01707,  -0.01444,  -0.01094,   0.01007,  -0.03195,  -0.02145,  -0.00569,   0.08710,  -0.02320,  -0.07572,  -0.03721,  -0.01269,  -0.08973,   0.06784,  -0.03020,  -0.05822,  -0.05471,  -0.00919,  -0.08798,   0.06609,  -0.00569,   0.02582,   0.02757,   0.04858,  -0.04421,  -0.04421,  -0.01094,   0.04158,  -0.02145,  -0.04421,  -0.02145,   0.00832,   0.00657,  -0.03195,   0.02057,  -0.07747,   0.01707,   0.01357,   0.02582,  -0.01094,  -0.00919,  -0.01094,  -0.01620,  -0.04596,  -0.00394,   0.03283,  -0.01094,  -0.04946,   0.01532,   0.05734,  -0.05296,   0.05384,  -0.02495,  -0.02670,  -0.02845,   0.08535,  -0.05296,   0.04683,   0.03633,   0.04858,  -0.02670,  -0.00744,  -0.08273,  -0.01094,  -0.03896,  -0.06522,  -0.02495,   0.01882,   0.02582,   0.04158,   0.04858,   0.02933,   0.01532,   0.06434,  -0.04421,   0.02757,   0.01182,  -0.03370,  -0.00919,  -0.00394,   0.01882,  -0.02845,  -0.01269,  -0.03370,  -0.00044,   0.04158,   0.02057,   0.00832,  -0.01269,   0.07485,  -0.00919,  -0.03896,   0.00306,  -0.04946,   0.00832,   0.00657,  -0.01795,  -0.06347,   0.03808,  -0.04596,  -0.00394,  -0.03370,  -0.01795,  -0.03896,  -0.03721,   0.03283,   0.00832,  -0.03545,  -0.07572,  -0.00394,  -0.03896,  -0.04596,  -0.03195,   0.03633,   0.04508,   0.03108,  -0.00569,  -0.00744,  -0.00044,   0.05559,   0.04858,   0.03983,  -0.01444,   0.03108,   0.00481,  -0.02145,   0.08010,  -0.03370,  -0.01444,  -0.05646,   0.02407,   0.00832,   0.01707,  -0.02495,   0.01182,   0.03458,  -0.00219,  -0.07572,   0.01532,  -0.01970,   0.02757,  -0.05997,   0.03108,  -0.03020,  -0.03545,  -0.01094,   0.03283,  -0.05296,  -0.08448,  -0.02320,   0.02057,   0.01707,   0.04508,   0.09060,   0.05909,   0.10461,   0.06434,   0.01182,   0.02407,   0.03283,  -0.00219,   0.01007,  -0.00394,   0.00481,  -0.02145,   0.02407,  -0.03545,   0.02757,  -0.08273,   0.06609,  -0.01269,  -0.00569,   0.06609,   0.06259,  -0.00394,   0.05734,   0.00481,   0.06959,   0.03983,  -0.02845,  -0.00744,  -0.00569,   0.01182,   0.03458,   0.02057,  -0.04071,   0.01532,   0.02757,   0.06784,  -0.00394,  -0.05471,   0.00657,   0.00657,   0.01707,  -0.00394,   0.05559,  -0.00744,  -0.04946,   0.03983,   0.03633,   0.00306,  -0.02670,   0.00832,  -0.01269,  -0.03896,  -0.01444,   0.01882,  -0.02670,   0.05384,  -0.01269,   0.04683,   0.07835,   0.03983,   0.04858,  -0.00044,  -0.05121,   0.03633,   0.00131,  -0.02145,  -0.01444,  -0.03545,   0.04858,   0.03983,  -0.00394,  -0.04946,  -0.01444,  -0.00919,  -0.00569,  -0.00569,   0.00131,   0.00131,  -0.01795,  -0.01620,   0.04858,  -0.05121,   0.02407,  -0.05997,  -0.05296,  -0.01795,  -0.02320,  -0.04246,  -0.01444,   0.05034,  -0.00569,  -0.01620,  -0.07747,   0.07660,   0.00657,   0.00306,  -0.04246,   0.02933,   0.01357,  -0.01269,   0.00832,   0.05209,   0.12037,  -0.13000,  -0.00569,   0.03283,  -0.01444,  -0.00394,  -0.01795,  -0.01444,   0.01707,  -0.02845,   0.04508,  -0.01269,  -0.01269,  -0.02670,  -0.06347,   0.00832,   0.02933,   0.02057,   0.01007,   0.01007,   0.01007,  -0.05121,   0.00131,  -0.00744,  -0.00044,  -0.01795,   0.01357,  -0.02145,   0.05384,   0.09235,  -0.01620,  -0.00569,  -0.04771,  -0.06872,   0.01532,  -0.02495,   0.01707,  -0.03721,  -0.00044,  -0.01269,   0.05384,   0.02933,   0.03283,  -0.06522,  -0.04596,  -0.08098,  -0.06347,   0.00481,  -0.03721,   0.04858,  -0.02670,  -0.01970,  -0.04596,  -0.06697,   0.03983,  -0.01269,  -0.04421,   0.01357,  -0.13000,  -0.04771,   0.00306,  -0.00569,  -0.00569,   0.01182,  -0.03545,  -0.00569,  -0.01795,   0.02933,  -0.03195,  -0.03721,   0.01007,  -0.01795,   0.04158,  -0.01970,  -0.04771,  -0.02145,  -0.01620,  -0.00744,  -0.02495,  -0.00569,   0.04333,  -0.03370,  -0.01269,   0.01182,   0.02582,  -0.04596,  -0.01795,   0.00657,  -0.03020,  -0.03020,   0.02757,   0.04158,   0.01707,   0.01007,  -0.00394,   0.00657,  -0.02495,   0.02057,  -0.04596,   0.00306,  -0.05121,  -0.05296,   0.04508,  -0.02145,  -0.06697,  -0.01970,  -0.02670,   0.03108,  -0.01970,   0.08885,   0.01532,  -0.03370,   0.01882,   0.04683,  -0.01444,  -0.00569,  -0.03545,   0.04683,   0.01357,   0.00657,  -0.03545,   0.04683,   0.04333,   0.00832,   0.01357,  -0.04421,  -0.01269,   0.02933,  -0.05471,  -0.02845,   0.01007,   0.01707,   0.07485,  -0.01620,  -0.01795,  -0.00219,   0.01707,  -0.09148,  -0.01444,   0.01182,   0.00832,   0.05209,  -0.00044,  -0.02845,   0.04683,  -0.04246,   0.01007,  -0.05997,  -0.03370,   0.00131,  -0.01970,  -0.02495,  -0.01094,  -0.02320,   0.02757,  -0.02320,  -0.05121,  -0.05822,  -0.00394,  -0.03370,  -0.01094,   0.01182,   0.00131,   0.03633,  -0.01970,  -0.00569,  -0.00569,  -0.00569,  -0.05296,  -0.04596,   0.01707,  -0.01444,  -0.04071,   0.05384,   0.01182,  -0.00744,  -0.02145,   0.01707,   0.04683,   0.03808,  -0.04246,  -0.00219,   0.05034,  -0.08098,   0.05384,  -0.05121,  -0.04071,  -0.00394,  -0.05646,   0.01707,   0.00131,   0.03808,  -0.03195,   0.02232,  -0.03020,   0.01357,   0.04508,   0.05559,   0.00131,   0.00481,  -0.00219,   0.03808,   0.02232,   0.00131,  -0.01094,   0.00832,  -0.01444,   0.07660,   0.09411,   0.02757,   0.01882,  -0.02495,  -0.00569,   0.01007,   0.01182,  -0.04946,   0.08360,   0.01882,  -0.02670,   0.04683,  -0.01795,   0.01882,   0.02582,   0.03108,  -0.02320,  -0.01444,   0.07310,  -0.02145,   0.06434,  -0.01970,   0.02757,  -0.01970,   0.02757,   0.02582,  -0.00219,  -0.03896,  -0.05997,  -0.03370,  -0.01795,   0.03458,   0.02582,   0.01882,  -0.00919,   0.03983,   0.00131,  -0.01620,   0.00481,  -0.02670,  -0.05822,   0.00832,  -0.08448,  -0.03721,  -0.06172,   0.05734,  -0.00044,  -0.03020,   0.00832,   0.03283,  -0.01620,   0.05384,   0.07835,   0.01007,   0.04158,   0.06784,   0.03808,   0.03283,  -0.05121,   0.00306,  -0.01444,   0.00657,  -0.00044,   0.00832,  -0.05822,   0.01007,  -0.04946,  -0.03370,   0.03633,  -0.02320,   0.03283,   0.03283,  -0.04596,  -0.01269,  -0.03545,  -0.02495,  -0.01795,  -0.04421,  -0.03370,  -0.06697,  -0.02495,   0.01532,   0.03458,   0.05909,  -0.00219,   0.08710,   0.06434,  -0.08798,   0.01532,   0.01007,   0.00131,  -0.03020,   0.03108,  -0.03721,  -0.00569,  -0.06872,  -0.10374,  -0.01795,   0.00306,  -0.04071,   0.03108,  -0.08973,   0.00481,   0.04508,   0.02757,   0.01882,  -0.01970,  -0.02670,   0.00481,   0.05384,  -0.06347,  -0.04946,   0.01357,   0.01007,   0.09936,   0.01182,   0.01532,   0.03983,  -0.05296,   0.08360,  -0.08973,   0.02232,   0.01882,   0.01532,  -0.09673,  -0.07222,   0.02407,  -0.02495,  -0.04771,   0.07485,  -0.05296,   0.02232,   0.05384,   0.01532,   0.04858,   0.02582,   0.07660,  -0.04596,  -0.02495,  -0.02320,  -0.04246,   0.01007,   0.03458,  -0.03545,   0.06084,  -0.01795,  -0.04246,  -0.05646,   0.01357,   0.03108,  -0.00394,  -0.03020,  -0.04421,   0.02407,   0.03808,  -0.02145,   0.04158,   0.05384,   0.05384,  -0.01620,  -0.04421,   0.01882,  -0.05997,  -0.02495,   0.02933,  -0.01620,   0.01357,  -0.03020,  -0.02320,   0.01182,  -0.02495,   0.05384,   0.10461,  -0.05296,  -0.04071,   0.05559,  -0.05822,   0.03633,  -0.00219,   0.01707,   0.02232,   0.02232,  -0.09323,   0.04508,   0.03808,   0.01357,  -0.04946,  -0.01970,   0.03633,  -0.00744,   0.03458,  -0.01795,  -0.03195,   0.01007,  -0.00044,  -0.03721,   0.00657,   0.02757,   0.03283,  -0.07922,   0.04508,  -0.01795,  -0.00569,   0.00306,   0.04508,  -0.00569,   0.07835,   0.00306,   0.01707,  -0.04071,  -0.05471,   0.00306,  -0.00219,   0.04683,  -0.00044,   0.01182,   0.03808,  -0.02145,  -0.05296,   0.03808,  -0.01970,   0.01357,  -0.00394,   0.07135,  -0.00569,   0.04158,  -0.06522,  -0.08448,  -0.04421,   0.07485,   0.05559,  -0.01269,  -0.01444,  -0.03896,  -0.06347,   0.00481,  -0.04246,   0.02232,  -0.03370,  -0.01094,  -0.03721,  -0.01444,   0.03458,   0.01532,   0.03808,  -0.03721,   0.06959,   0.02757,  -0.00219,   0.02057,   0.02933,   0.02582,   0.01357,  -0.00569,  -0.02145,  -0.00219,   0.02933,  -0.08273,   0.00657,   0.07485,  -0.00569,   0.01357,  -0.04246,   0.05559,  -0.04071,   0.03808,  -0.05296,   0.00306,  -0.04246
  -0.04071,  -0.00744,   0.05559,   0.07660,   0.00832,   0.00657,  -0.05646,   0.00481,   0.03108,  -0.01620,  -0.00044,   0.04858,  -0.04946,   0.03108,  -0.05296,  -0.02145,  -0.05296,  -0.04596,  -0.05646,   0.03633,  -0.08098,  -0.09148,   0.06609,   0.10461,   0.03458,   0.05384,  -0.12124,  -0.04071,  -0.01795,   0.06609,   0.00832,   0.00131,   0.01882,   0.01707,  -0.00044,  -0.00044,   0.04508,   0.03458,   0.03808,   0.00306,   0.00131,   0.04333,  -0.00394,  -0.01444,  -0.04946,   0.03283,  -0.08273,   0.03808,   0.03808,   0.04158,  -0.04071,   0.00481,   0.04858,   0.00832,   0.01882,  -0.03896,   0.05909,  -0.01444,  -0.00744,   0.01357,  -0.03721,  -0.01444,   0.00657,   0.03283,   0.06609,   0.01882,  -0.07747,   0.02407,  -0.04421,  -0.03020,   0.07485,   0.00481,   0.03458,  -0.01094,   0.00306,  -0.06522,  -0.02670,  -0.01444,  -0.01795,   0.01182,  -0.03195,  -0.00219,   0.01357,  -0.07747,   0.02582,  -0.00219,  -0.03020,   0.02407,   0.05909,  -0.03545,   0.04683,  -0.00219,   0.00481,  -0.04946,   0.04333,  -0.03195,  -0.07047,   0.00832,   0.03808,   0.01007,  -0.01444,  -0.04771,   0.00131,  -0.04421,  -0.12124,   0.01882,   0.06784,   0.05559,  -0.07047,   0.07660,   0.01182,   0.09411,   0.09060,   0.05034,  -0.00394,  -0.00044,  -0.07747,  -0.02670,  -0.01444,  -0.03370,   0.01532,   0.00657,   0.00832,   0.13788,  -0.07047,   0.01707,   0.01182,  -0.03020,   0.01532,  -0.04246,  -0.01970,   0.00832,   0.00131,  -0.02145,  -0.03721,  -0.00919,   0.01707,   0.02407,  -0.03721,   0.01882,   0.01882,   0.02933,   0.02582,   0.06609,  -0.01094,   0.02057,  -0.05471,   0.02057,   0.00131,   0.04333,  -0.06697,  -0.01970,   0.03283,  -0.05997,   0.00131,  -0.01795,  -0.04071,  -0.03896,  -0.03545,  -0.05296,  -0.03545,   0.03808,   0.04858,   0.02757,  -0.02670,   0.00131,   0.03283,  -0.04771,   0.01357,   0.03983,  -0.03195,   0.03458,   0.06959,   0.01532,   0.11862,   0.00657,  -0.06172,  -0.00569,   0.00306,  -0.03896,  -0.06347,  -0.06347,  -0.09848,  -0.02845,  -0.08973,   0.01357,   0.03808,   0.02757,  -0.09323,   0.02232,   0.10461,   0.00481,   0.08185,  -0.03195,   0.06084,  -0.11074,   0.01882,  -0.00919,  -0.00569,   0.02057,  -0.01444,   0.01182,   0.01882,  -0.02320,   0.01007,   0.01007,   0.04333,  -0.03370,   0.01182,   0.01882,   0.03808,   0.05909,   0.00832,  -0.08798,  -0.02320,  -0.10724,   0.03283,   0.04333,  -0.02670,  -0.02145,  -0.06347,  -0.10549,  -0.01795,  -0.02145,   0.00131,   0.04858,  -0.09848,  -0.01094,   0.00481,  -0.02670,   0.04333,  -0.00394,   0.03983,  -0.00219,   0.00306,   0.01882,  -0.02495,  -0.05121,  -0.01970,   0.01882,  -0.01444,  -0.05296,   0.08535,  -0.02495,  -0.08448,  -0.03896,   0.05559,   0.00481,  -0.03195,  -0.02845,   0.02232,   0.03633,   0.02057,  -0.01269,   0.06259,  -0.05646,   0.03108,  -0.01970,  -0.03545,   0.04333,   0.00481,  -0.01970,   0.04333,   0.05909,   0.05734,   0.05559,   0.02232,  -0.00044,  -0.05121,   0.02757,   0.05034,   0.05384,  -0.04946,  -0.00219,  -0.05822,  -0.05121,  -0.01444,   0.02757,  -0.04946,  -0.00219,  -0.03370,   0.00306,   0.01707,   0.06259,   0.02407,  -0.01620,   0.03283,   0.00481,  -0.04946,  -0.01444,  -0.03370,  -0.09848,  -0.05471,  -0.01970,   0.03108,   0.06084,  -0.00394,  -0.03020,   0.01007,  -0.04246,  -0.06347,  -0.03195,  -0.08273,  -0.01970,   0.08535,   0.02232,  -0.02495,   0.01182,   0.01007,  -0.05471,  -0.05296,  -0.03721,  -0.04421,  -0.04246,  -0.03721,   0.03458,  -0.03195,   0.00306,  -0.02495,  -0.01795,   0.03633,  -0.00219,   0.04683,   0.00481,   0.05734,   0.01182,   0.05034,   0.00306,   0.04858,  -0.00569,   0.03808,   0.03458,   0.06084,  -0.07922,   0.08885,   0.01182,   0.04683,  -0.02320,  -0.04071,  -0.03195,  -0.01269,   0.04858,   0.01357,   0.00306,   0.04508,   0.03108,  -0.03545,   0.02582,  -0.04596,   0.01357,  -0.01795,   0.00657,  -0.00394,   0.05209,   0.03633,   0.12037,   0.01357,   0.07135,   0.01007,  -0.08798,  -0.04246,   0.04333,  -0.06347,  -0.04771,  -0.01269,   0.02582,  -0.01094,   0.12912,  -0.06347,   0.02933,   0.05734,  -0.06872,  -0.04946,   0.03108,   0.00832,   0.03808,  -0.01620,  -0.01269,  -0.03370,   0.01532,  -0.06522,   0.06784,   0.00481,   0.02407,  -0.03370,  -0.06172,   0.05909,  -0.03195,  -0.03721,   0.02582,   0.03458,  -0.04771,  -0.04421,   0.01007,  -0.00394,   0.02057,  -0.04596,   0.00481,   0.00657,   0.06084,   0.09060,  -0.05646,   0.06609,   0.05034,  -0.02670,  -0.03020,   0.00481,   0.03808,  -0.03370,   0.00657,  -0.00219,   0.00306,   0.00657,   0.01882,  -0.11424,   0.01007,   0.02407,  -0.01970,   0.01357,  -0.02495,   0.00306,   0.02582,  -0.04246,  -0.00219,   0.03458,  -0.07397,   0.03633,   0.04858,  -0.01269,  -0.01444,  -0.04071,   0.06434,   0.12562,   0.07660,   0.05034,   0.06084,   0.02933,  -0.01094,  -0.01269,   0.06084,  -0.02320,  -0.00744,  -0.06872,   0.00481,   0.04683,  -0.00044,  -0.01620,   0.05559,  -0.04071,   0.01357,  -0.03370,   0.05734,  -0.10549,  -0.04421,   0.03983,  -0.06522,  -0.01269,  -0.04071,   0.01882,  -0.06522,   0.09411,   0.03283,   0.02057,   0.04508,  -0.02145,  -0.01094,   0.02232,   0.00832,   0.01532,  -0.05997,   0.01007,   0.03633,  -0.00044,  -0.00394,   0.14138,   0.05909,   0.07485,   0.05734,  -0.01444,  -0.01269,  -0.02845,  -0.03896,  -0.03370,   0.01182,  -0.03370,  -0.00044,   0.05034,   0.03633,  -0.08448,  -0.04596,  -0.01094,   0.04158,   0.04858,  -0.01620,  -0.05471,  -0.07047,   0.02232,  -0.01094,  -0.01094,   0.02757,  -0.01094,   0.10286,   0.00131,   0.00832,  -0.05471,   0.05384,  -0.01444,  -0.00044,   0.13262,  -0.00744,   0.03458,   0.01532,   0.01882,   0.03633,  -0.01620,  -0.05121,  -0.03020,  -0.03545,  -0.00919,  -0.10374,   0.03633,   0.04683,   0.00657,   0.02232,   0.01707,  -0.05296,  -0.00744,  -0.05296,   0.00657,   0.06784,  -0.00044,   0.03108,   0.01707,  -0.00219,   0.04333,  -0.00044,   0.03808,  -0.03896,   0.02232,   0.01357,   0.00306,  -0.02670,  -0.04421,   0.00832,   0.01707,  -0.00044,   0.01182,   0.09586,  -0.02320,   0.03983,  -0.00394,  -0.02320,  -0.06522,  -0.02145,  -0.01444,   0.00832,  -0.00919,   0.02232,   0.01182,   0.02933,  -0.00394,  -0.08973,  -0.08098,  -0.01094,   0.02582,  -0.00044,  -0.06697,   0.01532,   0.00131,  -0.06172,   0.06259,   0.00306,   0.03808,  -0.03896,  -0.03896,   0.08360,  -0.13000,  -0.03896,   0.06259,  -0.01444,   0.00481,  -0.03896,  -0.02495,   0.05559,   0.04158,  -0.03896,   0.12037,  -0.11949,  -0.04421,  -0.03721,  -0.03545,   0.07135,  -0.03195,  -0.07572,   0.03808,   0.04683,   0.01707,  -0.01269,  -0.00044,   0.02057,  -0.05121,  -0.01444,   0.02757,  -0.02670,   0.09761,  -0.00044,  -0.02320,  -0.00569,   0.02057,   0.02232,   0.02232,   0.02407,  -0.01444,   0.06609,   0.11862,   0.03633,   0.02232,  -0.01444,   0.09060,  -0.01620,   0.04158,   0.00832,   0.03458,   0.03808,  -0.03545,  -0.00044,  -0.03721,   0.02582,  -0.02495,   0.01182,  -0.04771,   0.00306,   0.05384,   0.01532,   0.03108,  -0.04946,   0.04858,  -0.00394,   0.09060,  -0.08973,  -0.00219,  -0.07222,  -0.00569,   0.06434,  -0.02845,   0.07310,   0.04508,   0.01357,   0.05384,   0.01007,  -0.04246,   0.00306,   0.01532,  -0.03545,  -0.01620,   0.02407,   0.03458,  -0.00744,   0.01532,   0.00131,  -0.00394,   0.03458,  -0.03020,   0.03808,   0.01532,   0.02757,  -0.02670,   0.10986,  -0.05997,   0.01707,  -0.01795,   0.00306,   0.09060,   0.04508,   0.03283,  -0.05997,   0.06959,  -0.04771,   0.02582,  -0.02145,   0.02057,   0.05209,  -0.07047,  -0.12124,   0.07485,  -0.03721,  -0.09323,   0.01007,  -0.07047,   0.03458,  -0.10023,   0.00131,  -0.03896,   0.06259,  -0.03195,   0.05384,   0.02757,   0.05734,  -0.05121,  -0.03020,  -0.00919,   0.02407,   0.03458,   0.08535,   0.00306,   0.01182,   0.01357,  -0.00219,   0.03458,  -0.01795,   0.02933,  -0.02145,   0.01007,   0.04333,   0.08185,   0.08535,  -0.02495,   0.03283,  -0.04421,  -0.00569,  -0.01795,   0.03808,   0.02057,   0.05209,  -0.01269,  -0.03896,   0.00131,  -0.03195,   0.05209,  -0.00219,  -0.04246,  -0.04246,  -0.00744,  -0.02495,  -0.04596,  -0.03020,  -0.11074,   0.05909,  -0.02845,   0.05909,   0.06434,   0.01007,  -0.01970,  -0.03896,   0.02933,  -0.06347,  -0.00044,  -0.01269,   0.06609,   0.02933,  -0.02495,  -0.00744,  -0.02670,   0.03283,   0.00657,   0.03108,  -0.07397,  -0.03545,  -0.05121,  -0.00744,   0.05384,  -0.03020,  -0.00744,  -0.04421,   0.03808,   0.04858,   0.04333,   0.03808,  -0.02495,  -0.08448,  -0.00219,  -0.01970,   0.02933,  -0.09498,  -0.11074,  -0.01444,  -0.01795,   0.02057,   0.08360,  -0.05296,  -0.04071,   0.01182,  -0.01795,   0.00657,   0.03458,   0.01882,  -0.00394,   0.00832,   0.05734,  -0.04596,   0.02757,   0.02407,   0.05559,   0.04858,   0.00131,  -0.00744,   0.06434,   0.05034,   0.04508,  -0.00744,   0.08010,  -0.02145,   0.04858,   0.04508,  -0.02320,  -0.01970,  -0.04246,  -0.04071,   0.10111,   0.00481,  -0.03195,   0.02057,  -0.00394,   0.04158,   0.08185,   0.06434,   0.02582,   0.03633,  -0.02495,   0.04333,  -0.01970,  -0.01970,  -0.00569,   0.05909,   0.02933,   0.01357,  -0.08273,   0.03633,   0.07485,   0.04158,  -0.06872,   0.03808,   0.01707,   0.03633,   0.01532,  -0.05121,   0.04508,   0.01007,   0.01007,   0.03808,   0.07485,   0.06609,  -0.02145,  -0.01795,   0.02757,  -0.00219,   0.02407,  -0.02320,   0.00131,  -0.03896,   0.06959,   0.03458,   0.01182,  -0.06172,   0.01707,   0.09936,   0.01357,  -0.02495,   0.04158,  -0.00744,  -0.12475,   0.03458,  -0.01094,   0.04858,  -0.01620,   0.05034,   0.06959,  -0.03020,   0.05909,  -0.09848,   0.08535,  -0.00569,   0.04333,   0.05034,  -0.01444,  -0.04946,   0.00657,  -0.00744,   0.03108,  -0.04071,  -0.00219,  -0.02845,  -0.03195,  -0.03370,   0.05559,   0.05034,   0.04683,   0.03458,  -0.03370,   0.02407,  -0.07047,  -0.00044,   0.05209,   0.02057,   0.01182,   0.03808,  -0.02320,  -0.04946,   0.03808,   0.03283,   0.03283,   0.02757,   0.00131,   0.06784,   0.06784,   0.00481,  -0.03721,   0.06609,   0.01007,  -0.00219,  -0.03195,  -0.06697,  -0.03370,   0.01007,  -0.08098,  -0.10023,   0.02582,  -0.13700,  -0.05997,  -0.00919,   0.06609,   0.06784,   0.01357,  -0.04946,   0.00481,  -0.01269,   0.03108,   0.00657,   0.01707,   0.01007,   0.06434,   0.00131,   0.00657,  -0.06872,  -0.01094,   0.04158,  -0.11949,  -0.02495,  -0.01094,   0.04858,  -0.04771,  -0.06697,   0.05209,   0.05034,  -0.01444,   0.01182,  -0.00044,   0.02757,   0.03283,  -0.03545,  -0.00219,   0.01182,  -0.03545,   0.01707,   0.03633,   0.00832,  -0.01970,   0.01882,  -0.03195,   0.02757,   0.02582,  -0.08973,   0.03633,  -0.12475,   0.03633,   0.01007,  -0.06522,  -0.08973,   0.02933,  -0.08973,   0.12387,   0.04683,   0.02933,   0.00131,   0.00131,  -0.01795,   0.06609,  -0.05296,   0.10286,   0.18340,   0.06784,  -0.09673,  -0.03195,   0.03458,  -0.04071,  -0.02670,   0.07660,   0.02407,  -0.09673,   0.07835,  -0.11599,  -0.00044,   0.01707,  -0.06872,  -0.00569,   0.10286,   0.03283,  -0.03896,  -0.04771,   0.02933,  -0.09148,   0.00832,   0.03458,  -0.04771,  -0.03370,   0.00832,  -0.01444,   0.01707,  -0.01620,   0.02232,  -0.03195,  -0.03896,   0.02057,  -0.04946,   0.08885,  -0.04771,   0.00657,   0.03983,   0.07310,   0.02757,   0.00832,  -0.04071,  -0.08273,   0.01532
  -0.02495,   0.09761,  -0.00394,  -0.02495,  -0.01970,   0.02232,   0.08535,   0.00131,   0.01882,  -0.00569,   0.03633,   0.02057,   0.00481,   0.01357,  -0.01444,   0.03633,  -0.05121,  -0.08273,   0.01357,   0.01707,  -0.01094,   0.02057,   0.03108,  -0.01444,  -0.02320,  -0.05296,   0.01357,   0.01007,  -0.00919,   0.02933,   0.01182,   0.06434,   0.02582,  -0.08973,  -0.05997,   0.02582,   0.01182,   0.01357,   0.03108,  -0.05471,  -0.05646,  -0.00219,   0.01182,   0.01182,  -0.02670,  -0.00044,   0.08885,   0.00832,  -0.06697,   0.05034,  -0.00569,  -0.03545,  -0.02670,  -0.06697,  -0.02495,   0.01532,   0.05559,  -0.02145,   0.00481,  -0.04246,  -0.02320,   0.03458,  -0.03896,   0.07135,  -0.04946,  -0.03545,   0.05034,  -0.03896,   0.07310,  -0.04771,  -0.02145,  -0.00044,  -0.05646,  -0.00744,   0.05559,   0.01007,  -0.02495,   0.01007,  -0.05997,   0.01182,   0.00657,   0.00131,  -0.07047,   0.00131,   0.03633,  -0.01620,   0.03108,   0.04333,   0.05209,  -0.01269,   0.05734,   0.05034,   0.00481,  -0.06172,   0.03633,  -0.06347,   0.02757,  -0.00044,   0.09586,   0.03458,   0.03283,   0.09060,   0.02757,   0.02582,   0.05384,  -0.00044,  -0.08798,  -0.07572,  -0.02670,  -0.00394,  -0.01970,  -0.05646,  -0.05822,   0.05034,   0.01357,   0.00481,   0.03633,   0.05209,  -0.01795,  -0.00744,  -0.03020,   0.01532,   0.00657,  -0.03195,  -0.01269,  -0.06172,   0.05734,  -0.04246,  -0.03721,   0.06784,   0.06959,  -0.06347,   0.05559,   0.02933,  -0.10023,   0.02582,   0.10111,  -0.02845,   0.05034,   0.02232,   0.01357,  -0.05822,   0.09586,  -0.10023,  -0.10023,   0.00131,  -0.05471,   0.05384,  -0.05121,   0.04508,  -0.01094,   0.06784,  -0.00219,   0.04158,  -0.03721,   0.01182,   0.04683,   0.00832,   0.02232,  -0.07047,  -0.03896,   0.02582,   0.02407,   0.00481,   0.02057,   0.05209,   0.03283,  -0.00744,  -0.05822,   0.05034,  -0.00044,  -0.06347,  -0.03195,   0.00832,  -0.03370,   0.03633,   0.09235,  -0.02670,  -0.08448,   0.03808,   0.00306,   0.01707,  -0.00219,   0.05559,   0.06959,   0.02582,  -0.02845,   0.01007,   0.03108,   0.02933,  -0.00219,  -0.01269,  -0.00219,  -0.05646,  -0.03370,  -0.01620,  -0.01970,  -0.03545,   0.00131,   0.03283,   0.00481,  -0.06522,  -0.01269,   0.09235,   0.03108,  -0.08448,   0.02933,  -0.02845,   0.08185,  -0.02845,   0.00657,  -0.01795,  -0.06347,  -0.01795,   0.01882,  -0.01620,  -0.01970,  -0.03370,  -0.02320,  -0.10549,  -0.06522,   0.00832,   0.02582,   0.02407,  -0.03020,   0.04333,  -0.08973,  -0.01620,  -0.02670,  -0.05296,   0.02407,   0.01532,  -0.03721,   0.00306,   0.00131,   0.04508,   0.03108,   0.04333,   0.02933,   0.00657,  -0.01444,  -0.03020,  -0.00919,  -0.03545,  -0.04946,  -0.03020,  -0.01444,  -0.00919,  -0.00569,  -0.05121,  -0.01620,   0.01532,   0.00657,   0.04683,   0.01357,  -0.01620,   0.03458,  -0.02845,  -0.08798,  -0.03195,  -0.08098,  -0.02670,  -0.07222,  -0.05997,   0.00481,  -0.02320,   0.04158,   0.01357,  -0.01620,   0.08360,  -0.03020,   0.02232,  -0.04596,  -0.06172,  -0.02670,   0.01707,   0.00657,   0.02933,  -0.02320,   0.06259,  -0.01444,   0.01357,   0.03458,  -0.02670,   0.06084,  -0.03195,  -0.03545,  -0.05997,  -0.03370,  -0.05296,  -0.06172,   0.01007,  -0.03370,   0.00131,   0.00657,  -0.01094,   0.02057,   0.02232,   0.02933,  -0.00919,   0.05909,   0.05559,   0.02582,   0.04508,  -0.00219,   0.03108,  -0.02845,   0.02232,  -0.04421,   0.04508,   0.01182,  -0.03370,   0.03633,  -0.01620,   0.00306,   0.02933,  -0.04596,   0.00657,   0.05909,   0.00131,  -0.02495,   0.01007,  -0.01444,  -0.06522,   0.02232,  -0.00044,   0.00832,  -0.00394,   0.01532,   0.04158,  -0.03545,   0.06784,   0.02757,  -0.05646,   0.08360,  -0.07572,   0.06609,   0.01707,   0.04158,   0.02933,   0.06959,  -0.07047,   0.02407,  -0.02845,   0.01182,  -0.07397,  -0.00219,  -0.01444,  -0.00394,  -0.06347,   0.00131,   0.00657,  -0.10199,  -0.05296,   0.02933,  -0.00744,  -0.11074,   0.01007,  -0.02145,  -0.00569,  -0.03370,   0.02057,   0.06784,  -0.05822,  -0.04771,  -0.04246,  -0.05997,  -0.05471,  -0.01970,   0.05209,   0.01707,   0.06434,   0.03633,   0.06259,   0.09060,  -0.00394,  -0.05822,   0.00657,  -0.06872,  -0.02320,   0.02407,   0.01182,   0.09586,   0.02232,  -0.00569,  -0.02670,  -0.02145,  -0.02670,  -0.00569,  -0.06522,  -0.03721,  -0.01094,  -0.00219,   0.00657,  -0.10899,   0.03108,  -0.00219,  -0.05296,  -0.04946,  -0.01444,  -0.04421,   0.03458,   0.05034,  -0.07572,  -0.02670,   0.04683,  -0.02670,  -0.00744,   0.06434,  -0.01444,   0.05034,   0.04333,   0.07135,   0.01532,   0.00131,   0.00657,   0.02232,  -0.01444,   0.00306,   0.09060,   0.01707,  -0.02145,  -0.00044,   0.04858,  -0.04071,  -0.03545,   0.01182,   0.01532,  -0.02845,   0.03808,   0.01182,   0.06609,  -0.03896,   0.02407,   0.01882,  -0.01444,   0.03283,  -0.06872,   0.01007,  -0.01444,   0.07485,  -0.05296,  -0.05296,   0.06609,  -0.01795,  -0.03896,   0.03808,   0.03808,  -0.05121,   0.08185,  -0.03370,   0.00832,  -0.02670,  -0.00044,  -0.00044,  -0.02495,  -0.05471,   0.07660,  -0.00569,  -0.01444,   0.00657,   0.02582,   0.01707,  -0.05822,  -0.03721,  -0.02145,   0.01357,  -0.05822,  -0.09673,   0.06084,   0.07660,   0.04683,   0.02757,  -0.06522,   0.02407,  -0.04246,  -0.04071,   0.03108,   0.01182,   0.01707,   0.04858,  -0.01970,  -0.03896,   0.05034,   0.05909,   0.01007,  -0.00744,   0.02933,   0.04508,   0.00131,   0.00657,  -0.09323,   0.05559,   0.00131,   0.04158,  -0.01970,   0.09936,  -0.04596,   0.06784,  -0.00569,  -0.00919,  -0.03020,  -0.00044,   0.01007,   0.03808,   0.04858,   0.01882,   0.10986,  -0.06872,   0.07135,  -0.05121,  -0.01094,   0.06259,   0.03808,  -0.06522,  -0.05822,   0.04683,  -0.01444,  -0.00219,   0.02407,  -0.01444,  -0.01444,  -0.00569,  -0.01269,   0.00481,  -0.02670,   0.06434,   0.02582,   0.04333,  -0.05121,  -0.00044,   0.00131,   0.03808,  -0.02845,   0.03808,  -0.05121,   0.06259,  -0.04071,  -0.04946,  -0.01094,   0.02582,   0.02582,  -0.02320,   0.05734,   0.04858,  -0.09848,   0.03283,   0.03983,  -0.01269,   0.05384,   0.02933,   0.06609,  -0.02670,  -0.04246,  -0.06872,   0.03808,   0.03808,   0.04158,   0.03458,  -0.05997,  -0.05471,   0.01707,   0.05034,   0.05909,  -0.05646,   0.00481,   0.04158,  -0.02495,  -0.01269,  -0.09148,  -0.01795,  -0.01795,   0.01882,   0.01182,  -0.00044,  -0.03545,  -0.10374,   0.00832,  -0.06697,   0.05209,  -0.04771,  -0.05296,   0.01532,   0.03458,  -0.00044,  -0.04421,   0.00131,   0.03458,   0.01532,  -0.00044,  -0.00219,  -0.07397,  -0.01269,   0.07660,   0.02757,  -0.05646,   0.03808,   0.05209,  -0.06347,   0.03808,  -0.00394,  -0.01269,   0.02232,  -0.06697,  -0.00394,   0.08010,   0.01882,   0.06259,  -0.00569,   0.01357,   0.01007,  -0.06522,   0.01182,   0.01882,  -0.01094,  -0.03370,  -0.03545,   0.01007,  -0.03020,  -0.00744,  -0.00919,   0.02232,   0.10986,   0.07485,   0.03283,  -0.03896,  -0.05296,   0.00657,  -0.03545,  -0.00394,   0.03108,  -0.00919,   0.06784,   0.05909,   0.05034,   0.08885,   0.00657,   0.02232,   0.04158,   0.01357,  -0.03545,  -0.00394,  -0.00569,   0.03283,  -0.04246,   0.05384,   0.01882,   0.02582,  -0.07397,  -0.01795,   0.03808,   0.00131,   0.04158,   0.01707,  -0.03545,  -0.00044,   0.03108,  -0.03896,   0.04508,  -0.09323,   0.02582,  -0.02145,   0.00306,   0.01707,  -0.00394,  -0.08623,  -0.02670,   0.00131,  -0.12124,  -0.03721,  -0.00569,  -0.04071,  -0.00044,  -0.04596,   0.03108,   0.04158,  -0.02670,  -0.00569,  -0.01970,  -0.00744,  -0.05822,   0.08360,   0.09411,   0.00131,   0.06084,  -0.09498,   0.01532,   0.03283,   0.01182,  -0.02145,  -0.05997,   0.01707,  -0.04071,  -0.04421,  -0.03020,  -0.01970,  -0.00394,  -0.03721,   0.04858,  -0.01269,   0.06434,  -0.03545,   0.07485,   0.09411,   0.02933,   0.00657,   0.04683,  -0.04596,   0.03808,   0.07135,  -0.00219,   0.02582,   0.05034,   0.06784,   0.01707,  -0.04246,  -0.07047,  -0.01094,   0.05384,  -0.02145,   0.02582,  -0.02670,   0.06609,  -0.01795,  -0.00569,  -0.03896,  -0.03545,  -0.04421,  -0.00569,  -0.03545,   0.01707,  -0.01620,   0.00657,  -0.01970,   0.06784,   0.02582,  -0.02320,   0.05384,  -0.02320,  -0.00219,  -0.03370,   0.10461,   0.03283,  -0.00744,   0.01707,   0.13788,   0.07835,  -0.00569,   0.00131,  -0.05997,  -0.05121,  -0.05471,   0.02232,   0.03458,  -0.03545,   0.02232,   0.04333,  -0.07222,   0.02582,   0.00657,   0.00657,   0.03283,   0.02933,   0.00481,  -0.00044,  -0.01620,  -0.03721,  -0.01269,   0.00306,   0.03808,  -0.01269,   0.01882,  -0.04421,   0.01882,  -0.06522,   0.03633,   0.00832,  -0.01795,  -0.01444,   0.04333,   0.04158,  -0.01970,   0.03633,  -0.00044,   0.02933,  -0.06347,   0.04508,   0.03808,  -0.08448,   0.03283,   0.05559,  -0.00569,  -0.00919,  -0.01094,  -0.03545,  -0.00044,   0.05909,   0.01707,   0.04333,  -0.02670,  -0.00219,   0.03983,  -0.00219,   0.00832,   0.00481,   0.02582,  -0.04421,   0.00481,   0.01882,  -0.00569,   0.02057,  -0.02495,   0.07835,  -0.00744,   0.02057,   0.00832,   0.00657,   0.01882,  -0.05471,  -0.00044,  -0.04246,  -0.01444,   0.09060,  -0.00569,   0.03808,  -0.00219,   0.05909,  -0.01094,  -0.00569,  -0.02145,  -0.02495,  -0.06347,  -0.05646,   0.00131,  -0.02320,  -0.01620,   0.11336,   0.00481,   0.01707,  -0.07047,   0.01532,  -0.08098,  -0.08798,   0.00306,   0.03983,   0.01007,  -0.01444,  -0.08098,   0.03633,   0.06259,  -0.05296,   0.00832,   0.10811,   0.02057,   0.02057,  -0.05471,  -0.07047,  -0.05646,  -0.00044,  -0.01094,   0.05384,  -0.04771,  -0.00919,  -0.05646,  -0.08448,  -0.02845,  -0.07922,   0.04858,   0.06959,  -0.11774,   0.04508,   0.02232,   0.05034,   0.01532,  -0.05997,   0.01882,   0.02582,  -0.01269,   0.00306,   0.01007,  -0.04246,  -0.00219,   0.00832,  -0.04946,   0.09060,  -0.01444,   0.03283,   0.01532,  -0.03020,  -0.00744,   0.05559,   0.03633,  -0.02670,  -0.01620,   0.02057,   0.00657,  -0.00044,  -0.01620,  -0.06872,   0.03633,  -0.02670,   0.09060,  -0.01795,   0.02933,   0.03283,  -0.02670,  -0.05121,   0.01882,  -0.04246,   0.07835,  -0.04421,   0.01707,   0.04508,   0.03108,   0.00481,   0.00832,   0.04683,   0.06259,   0.03633,  -0.00044,   0.03633,  -0.01444,   0.02057,  -0.00744,  -0.03195,   0.00657,   0.02232,  -0.05997,   0.03458,  -0.03020,   0.08010,   0.01882,  -0.04596,   0.02407,  -0.02320,  -0.09148,   0.01532,  -0.01620,  -0.01269,  -0.03721,   0.00832,  -0.01269,  -0.04596,  -0.00219,  -0.00044,   0.03283,   0.00481,   0.00481,   0.00832,  -0.01094,  -0.07222,   0.02757,  -0.08448,  -0.02845,  -0.00744,   0.01532,   0.03808,   0.01182,  -0.05471,   0.05734,   0.10111,   0.01007,  -0.03896,   0.06959,   0.00131,   0.06959,   0.02933,  -0.03370,   0.08885,   0.05034,   0.01532,  -0.03721,  -0.04246,  -0.01620,  -0.01795,   0.01707,   0.02057,  -0.04946,  -0.00044,   0.00306,  -0.03545,  -0.09323,  -0.06172,  -0.02495,   0.04858,   0.01707,   0.03108,   0.01882,   0.05734,  -0.04246,   0.03458,   0.03458,  -0.01620,  -0.04246,   0.03983,  -0.00919,  -0.02670,  -0.03020,  -0.02670,  -0.03896,  -0.00744,   0.05034,   0.04683,   0.01182,   0.04333,   0.02232,   0.01182,   0.05034,  -0.09323,   0.08185,   0.00832,   0.05909,   0.02757,   0.08010,   0.09761,   0.03458,  -0.02845,  -0.02495,   0.03808,   0.04683,   0.03108,   0.04683,  -0.00569,  -0.05296
   0.08885,   0.03458,  -0.04071,  -0.04246,  -0.02845,   0.00131,   0.00131,   0.02582,   0.08010,   0.05384,   0.02933,  -0.05822,   0.02757,   0.01532,  -0.00569,  -0.03195,   0.04858,   0.01182,  -0.07222,   0.08885,   0.03633,   0.03283,   0.00131,  -0.10724,  -0.14400,  -0.05471,  -0.01970,  -0.00569,   0.09761,   0.02232,  -0.00919,   0.00657,  -0.09498,   0.06434,  -0.01795,   0.06784,  -0.05296,   0.07835,   0.01182,   0.00131,   0.00131,   0.10811,  -0.06522,   0.04858,   0.03108,  -0.12124,   0.02407,  -0.00394,   0.03108,  -0.01094,  -0.04946,   0.01357,   0.02582,   0.03808,   0.00131,   0.00306,  -0.01269,   0.00832,  -0.03896,   0.02933,   0.02757,  -0.05822,  -0.03896,   0.00832,  -0.03195,  -0.12825,   0.00832,  -0.05121,   0.06084,   0.01882,   0.00832,  -0.03545,  -0.00394,   0.12387,   0.04683,   0.01007,  -0.04246,   0.02582,   0.07835,  -0.03721,  -0.05296,  -0.04771,  -0.02145,   0.01007,   0.00131,  -0.00044,   0.01707,   0.02057,   0.00832,   0.06959,  -0.03545,  -0.01970,  -0.03370,  -0.01795,  -0.02145,  -0.06872,   0.01707,  -0.00044,  -0.09498,  -0.02670,   0.02407,   0.04858,   0.02057,   0.02407,  -0.07922,  -0.05646,   0.00481,   0.05034,   0.00306,  -0.05997,  -0.01094,   0.04683,   0.00306,   0.03808,   0.00657,   0.08010,   0.03633,   0.00832,   0.06434,   0.01007,  -0.07747,   0.06784,   0.03283,  -0.04071,   0.09235,   0.06784,  -0.01094,  -0.11074,   0.06959,  -0.06172,  -0.05471,   0.00481,  -0.09673,   0.03633,  -0.02495,  -0.01444,  -0.03721,  -0.00744,  -0.02145,   0.02407,   0.02757,   0.00131,   0.10461,  -0.03896,  -0.04246,  -0.00394,   0.07310,  -0.00744,   0.06784,  -0.05471,   0.00832,  -0.07047,   0.02407,   0.05559,   0.00657,   0.03108,  -0.06872,  -0.07222,  -0.02670,  -0.03195,   0.01357,   0.00481,   0.11862,   0.03283,   0.10111,  -0.08623,  -0.09848,  -0.03545,  -0.01795,  -0.00919,  -0.02670,   0.03633,  -0.05471,   0.03283,  -0.05121,  -0.00394,  -0.01444,  -0.08098,  -0.05822,  -0.06872,  -0.01620,   0.16939,   0.03983,   0.04508,   0.02757,   0.05209,   0.00657,   0.01007,   0.02757,   0.03458,   0.03108,  -0.07047,   0.05909,   0.08885,   0.06959,   0.01882,  -0.02845,  -0.02845,  -0.00744,  -0.03195,   0.03108,  -0.04946,   0.04158,  -0.02845,   0.02057,  -0.02495,   0.02407,  -0.03545,   0.03283,  -0.01620,   0.03108,  -0.05471,  -0.01620,  -0.05822,   0.02407,   0.05734,  -0.03721,  -0.03195,  -0.04246,  -0.00044,  -0.04946,  -0.11599,  -0.07047,  -0.01795,  -0.02145,   0.00306,  -0.00044,  -0.03545,   0.05559,  -0.00044,  -0.01795,  -0.01795,   0.01532,  -0.00044,  -0.01795,  -0.07397,  -0.01795,  -0.04596,   0.05559,  -0.05121,  -0.02145,   0.03108,  -0.06697,  -0.03896,   0.00306,  -0.06172,   0.01882,  -0.09323,  -0.04071,  -0.06872,   0.01357,   0.10986,   0.07310,   0.01007,  -0.09673,  -0.09148,   0.03808,  -0.08623,   0.09060,   0.00832,  -0.03896,  -0.00219,  -0.00569,  -0.05471,   0.02933,   0.03983,  -0.04771,   0.06784,   0.02933,  -0.03195,   0.04683,  -0.00744,   0.03458,   0.07835,  -0.04946,  -0.00919,   0.04858,  -0.04071,   0.00131,  -0.04421,  -0.10374,  -0.01269,  -0.00219,   0.03633,   0.02757,  -0.02320,  -0.01795,   0.00657,   0.01882,   0.03808,   0.03458,  -0.00219,  -0.06872,  -0.08973,   0.05909,   0.03458,  -0.06872,   0.02933,  -0.06697,   0.05034,  -0.04946,  -0.04246,   0.02232,   0.06609,   0.04683,  -0.06172,   0.00832,   0.02582,  -0.09498,   0.01007,  -0.01444,   0.00306,   0.06784,   0.06259,  -0.00569,  -0.04771,   0.05734,   0.01882,   0.04158,  -0.01444,   0.01357,   0.01357,  -0.01444,   0.00832,  -0.04596,   0.03283,  -0.01269,  -0.01620,   0.11512,  -0.00569,   0.02407,  -0.01444,   0.02232,  -0.03370,   0.01357,  -0.07222,  -0.00219,  -0.00394,   0.03108,  -0.01269,  -0.02320,   0.05384,   0.01357,  -0.02670,   0.10286,  -0.04771,   0.05209,  -0.00569,  -0.06697,   0.07310,  -0.04246,  -0.02845,   0.03458,   0.04333,  -0.04771,  -0.00919,  -0.01970,   0.05909,   0.00306,   0.05734,  -0.04071,   0.00306,  -0.01795,  -0.01444,  -0.08273,  -0.00744,   0.01532,   0.02757,  -0.07222,   0.05384,   0.03283,  -0.04771,  -0.08623,   0.00481,   0.01882,  -0.02670,   0.05209,  -0.04421,  -0.08973,  -0.09148,  -0.07922,  -0.08623,  -0.06522,  -0.04421,   0.01007,   0.02933,  -0.02670,  -0.00219,   0.03983,  -0.00394,  -0.15626,  -0.02845,   0.01007,   0.07660,  -0.06697,  -0.00919,   0.03808,  -0.00919,  -0.03896,   0.04333,  -0.10549,   0.06784,  -0.02670,   0.06084,   0.03633,  -0.03195,  -0.02320,  -0.03370,  -0.05121,  -0.00919,   0.06434,  -0.02145,  -0.04071,  -0.03545,  -0.00219,   0.00481,   0.09235,   0.05034,   0.00131,   0.04683,   0.03633,  -0.02320,  -0.00044,  -0.04946,   0.03108,   0.07835,   0.04508,   0.02582,  -0.02495,   0.00131,  -0.05646,   0.02933,   0.12387,  -0.03195,   0.04508,   0.03458,  -0.04071,   0.00131,   0.00306,  -0.03545,  -0.00744,  -0.05646,   0.09411,   0.03283,   0.00657,  -0.02145,   0.02232,  -0.06872,  -0.11424,   0.12037,   0.06434,  -0.01970,  -0.04771,  -0.04946,  -0.05822,  -0.05822,   0.03983,   0.05034,  -0.04246,  -0.03721,   0.00832,   0.01007,  -0.01444,  -0.01269,  -0.01444,  -0.03370,   0.03108,  -0.00044,  -0.00394,  -0.00394,   0.04158,   0.02407,   0.08185,   0.02582,   0.03808,  -0.06697,   0.04858,   0.03808,   0.01532,   0.00657,   0.02582,   0.05034,   0.11161,  -0.00919,  -0.03896,  -0.00744,  -0.00394,  -0.01970,   0.00306,   0.02582,  -0.03545,  -0.07572,   0.03983,  -0.04946,  -0.02320,  -0.02495,   0.03983,   0.01882,   0.01007,  -0.00394,   0.02232,  -0.00394,  -0.01444,   0.03983,   0.09936,  -0.04946,  -0.06172,  -0.03195,  -0.03020,   0.01532,   0.01357,  -0.05646,  -0.00919,   0.02933,   0.08535,  -0.07222,  -0.08448,  -0.07572,   0.00481,  -0.02320,  -0.07047,  -0.01269,   0.07835,   0.02582,  -0.03721,  -0.00744,   0.01882,   0.02933,   0.04508,  -0.10023,  -0.01970,  -0.00919,  -0.04071,   0.10636,   0.08010,  -0.02670,  -0.07572,  -0.01970,  -0.05822,   0.05384,   0.02232,   0.02933,   0.02407,  -0.11249,  -0.05646,  -0.05121,   0.04858,   0.04858,  -0.10023,   0.01357,  -0.05296,  -0.01620,   0.05909,   0.05034,  -0.00394,   0.04683,  -0.03721,   0.03283,  -0.05646,  -0.04771,   0.00131,   0.06434,  -0.08448,  -0.00569,   0.03983,   0.10986,   0.00657,  -0.05646,   0.05209,  -0.03195,  -0.00219,  -0.04421,  -0.04946,  -0.04246,  -0.01094,   0.01707,  -0.03370,  -0.04771,   0.03983,   0.02582,  -0.01620,  -0.08448,   0.02582,   0.01007,  -0.06697,   0.01007,   0.07135,  -0.00569,   0.06084,  -0.07047,  -0.06347,   0.02407,   0.08185,   0.03633,   0.01357,  -0.03896,   0.06609,  -0.00044,  -0.02845,   0.02232,   0.02757,   0.05384,   0.01707,   0.07835,  -0.01970,   0.01182,   0.04158,  -0.01444,   0.04508,   0.02407,  -0.03195,   0.02232,  -0.00219,  -0.01269,   0.05734,  -0.00569,  -0.02145,   0.06259,   0.08185,   0.05209,   0.03983,   0.05909,   0.18340,  -0.03721,  -0.01620,   0.06259,   0.03983,  -0.00044,  -0.01094,   0.04858,  -0.01620,   0.00657,   0.06259,   0.02232,  -0.03020,  -0.01795,   0.01532,  -0.06872,  -0.00919,   0.05734,  -0.02670,  -0.03370,   0.03458,   0.08710,   0.04508,   0.00657,   0.04158,   0.05909,   0.09235,   0.03633,   0.04683,   0.07835,  -0.07922,   0.00481,   0.09235,  -0.02320,   0.01532,  -0.02845,   0.00657,  -0.07397,  -0.01795,  -0.00219,   0.00481,   0.03458,  -0.05121,  -0.07047,  -0.02145,   0.00657,   0.02582,   0.07660,  -0.08798,   0.01882,  -0.06172,  -0.07572,  -0.00394,   0.01532,  -0.10899,  -0.02495,  -0.05296,   0.04158,   0.06259,   0.06609,  -0.09498,   0.03458,   0.02232,   0.00481,   0.01007,  -0.01444,  -0.02320,  -0.04246,  -0.02845,  -0.09323,  -0.00569,  -0.01620,  -0.07047,  -0.03721,   0.02933,  -0.06872,  -0.09323,  -0.03195,   0.00306,  -0.00744,  -0.03896,   0.08885,   0.01357,   0.04333,  -0.04071,   0.01007,  -0.03721,   0.07835,  -0.04946,   0.05034,   0.05209,  -0.01970,  -0.03370,   0.02232,   0.05209,  -0.00744,  -0.05296,   0.08360,   0.01182,  -0.09323,   0.01707,  -0.02145,   0.01532,  -0.07047,  -0.03721,   0.03108,   0.04158,   0.01707,  -0.04771,   0.00306,   0.00306,   0.02232,   0.02933,   0.05559,  -0.03721,   0.09936,   0.01707,  -0.06522,  -0.01094,   0.04508,  -0.00394,   0.00481,  -0.03020,   0.03283,   0.02757,  -0.02670,   0.01357,  -0.04596,   0.01882,   0.05559,  -0.04246,  -0.01444,  -0.03020,  -0.04596,  -0.02320,   0.04858,   0.01007,   0.08535,  -0.01444,   0.05034,   0.02407,   0.09586,   0.08885,  -0.05997,   0.03633,  -0.07572,  -0.07572,   0.04858,  -0.04071,  -0.00744,   0.00131,   0.03108,   0.16764,   0.04508,   0.01357,  -0.01970,  -0.07572,   0.05034,   0.01357,   0.00481,  -0.05471,  -0.05471,  -0.06522,  -0.00044,   0.01707,  -0.06172,  -0.05471,   0.01357,   0.05384,   0.05384,   0.01532,  -0.05296,   0.03108,  -0.03020,   0.08535,  -0.01620,   0.01007,   0.03808,  -0.01795,   0.04508,   0.03633,   0.03108,   0.02582,  -0.07747,  -0.03195,   0.01532,   0.10111,   0.03983,   0.01357,   0.02232,   0.01882,   0.01007,   0.01182,   0.02757,   0.01182,  -0.10549,   0.00131,  -0.04421,  -0.10199,  -0.08448,   0.05909,   0.05209,   0.12737,   0.01707,  -0.05296,   0.03983,  -0.01094,   0.01882,  -0.07047,  -0.01620,   0.02232,  -0.00569,   0.01007,   0.06084,  -0.02145,  -0.01444,   0.01182,  -0.01444,   0.00657,  -0.03545,  -0.04071,  -0.08098,  -0.09323,  -0.03370,  -0.00569,   0.03808,  -0.13000,   0.02057,   0.03983,  -0.04596,   0.03808,   0.02057,   0.01707,  -0.01094,   0.03108,  -0.03896,  -0.03545,   0.00481,  -0.05296,   0.03808,  -0.01970,   0.06259,  -0.05646,  -0.06872,  -0.01620,  -0.05646,   0.03633,   0.10636,  -0.00569,   0.09060,  -0.02320,  -0.08623,  -0.03370,   0.04683,   0.03458,   0.02407,  -0.01269,  -0.07222,  -0.08798,  -0.03020,  -0.09848,  -0.01970,  -0.00394,   0.05034,   0.01882,  -0.06522,   0.02757,   0.11687,  -0.03721,  -0.01269,  -0.03195,  -0.00394,   0.01532,   0.08360,   0.00481,  -0.01620,  -0.02320,  -0.02670,  -0.02495,  -0.00569,   0.03808,   0.00306,  -0.09673,  -0.03370,  -0.07047,   0.07485,   0.02232,   0.01882,   0.01357,  -0.02670,  -0.05471,   0.05909,  -0.04946,  -0.02495,   0.00657,   0.05034,  -0.04421,   0.05559,   0.00131,  -0.01620,   0.04858,  -0.00569,   0.00306,  -0.03020,  -0.02495,   0.06434,   0.00306,   0.01882,  -0.03721,  -0.01620,   0.01357,   0.01707,  -0.02320,   0.01532,   0.07310,  -0.01094,  -0.02320,  -0.00919,  -0.00394,  -0.01444,  -0.03020,  -0.07397,  -0.09148,   0.02407,  -0.07397,  -0.00569,  -0.05471,  -0.02670,  -0.02495,   0.09936,  -0.03545,   0.02407,  -0.00394,   0.06434,   0.02232,  -0.01094,   0.03808,  -0.08623,   0.00832,   0.00832,  -0.03370,  -0.01620,  -0.03896,   0.02057,  -0.02670,   0.00832,   0.01357,  -0.03545,  -0.00744,   0.01007,   0.03633,   0.01532,   0.02582,  -0.03195,   0.05209,   0.04158,  -0.01269,   0.03108,  -0.04596,   0.00131,  -0.03545,   0.03633,  -0.11774,  -0.03195,  -0.04771,  -0.07222,   0.01007,   0.06434,   0.08360,  -0.00744,  -0.06872,  -0.03545,   0.01532,   0.00306,   0.01007,   0.00657,   0.01707,   0.05559,   0.01007,  -0.03195,   0.10111,   0.02582,   0.01357,   0.05734,  -0.01970,  -0.06347,  -0.01444,  -0.00044,   0.02232,   0.00306,   0.06259,   0.00306,  -0.00394,  -0.04771,  -0.00219,   0.07660,   0.05384,   0.01882,  -0.03721,  -0.02845,  -0.01269,   0.05734
  -0.00394,  -0.04596,   0.00657,  -0.03020,  -0.05822,  -0.00919,  -0.01795,   0.03108,   0.01007,  -0.04946,   0.08360,   0.02933,   0.02232,   0.05559,   0.02933,  -0.02495,  -0.01620,   0.02407,  -0.00919,   0.02232,   0.00481,  -0.00044,   0.02757,  -0.04246,   0.01707,   0.03458,  -0.03896,   0.00657,   0.04858,  -0.04596,  -0.00219,   0.03458,   0.05734,  -0.00394,   0.02057,  -0.02670,  -0.04946,  -0.02320,   0.01532,   0.03633,  -0.03896,  -0.06347,   0.04333,  -0.01620,   0.03283,  -0.03195,  -0.02670,   0.03458,  -0.01444,   0.04683,   0.00657,  -0.02670,  -0.00219,   0.01007,   0.04508,  -0.05646,  -0.00219,   0.03983,  -0.00219,   0.04333,  -0.01094,   0.03108,   0.03633,  -0.02145,   0.03458,   0.00832,  -0.01269,   0.03108,  -0.04771,  -0.01620,  -0.07397,  -0.00219,  -0.02845,   0.03458,   0.00131,  -0.00394,  -0.02670,   0.00832,   0.05559,   0.03983,  -0.03721,  -0.00219,  -0.02320,   0.04158,  -0.05471,  -0.10374,   0.01882,   0.00832,  -0.08973,   0.02232,  -0.01970,  -0.01444,   0.02933,  -0.01795,  -0.01620,   0.01182,   0.01182,  -0.03545,   0.00131,   0.06259,  -0.02845,   0.02057,  -0.02495,  -0.02845,   0.06084,  -0.04071,  -0.00744,  -0.07397,  -0.02495,   0.02057,   0.01357,  -0.07222,  -0.03721,   0.06434,  -0.00044,  -0.01444,  -0.06697,  -0.02845,   0.03808,  -0.07922,   0.01182,  -0.00044,   0.01707,   0.09586,   0.05909,  -0.04071,   0.03458,  -0.04771,  -0.03020,   0.03458,  -0.02845,  -0.02145,   0.05384,   0.06259,  -0.00569,   0.07135,   0.00832,  -0.02845,   0.01182,   0.00832,   0.10636,  -0.00744,  -0.04946,   0.04508,  -0.06872,  -0.03370,  -0.03721,  -0.08798,   0.01357,   0.04683,  -0.02495,  -0.01094,  -0.01094,  -0.03370,   0.08010,   0.07835,  -0.06697,   0.03808,   0.03108,   0.05384,  -0.05121,   0.04508,  -0.06347,   0.08010,   0.01007,  -0.01620,  -0.01444,  -0.04071,  -0.05296,  -0.00394,  -0.04771,   0.09411,  -0.06522,   0.03983,  -0.09148,   0.03283,   0.04858,  -0.04421,  -0.00219,   0.02232,  -0.05646,  -0.05646,   0.03108,  -0.07047,   0.06259,   0.01357,   0.06609,   0.00481,  -0.05646,  -0.02145,  -0.03370,  -0.00744,  -0.00744,  -0.03020,  -0.07747,  -0.00219,   0.03108,  -0.03545,  -0.00744,   0.01707,  -0.03020,  -0.03195,   0.02232,   0.02232,   0.00306,  -0.02320,  -0.06347,  -0.05121,   0.04508,  -0.08623,   0.03108,   0.01532,   0.03633,  -0.08798,   0.01882,  -0.00919,   0.02232,   0.01882,   0.01882,   0.03983,  -0.02320,   0.05734,  -0.01795,  -0.07222,   0.02057,   0.00306,  -0.00044,   0.04333,  -0.04246,  -0.00394,   0.00131,  -0.00569,   0.01357,  -0.01444,   0.03633,  -0.03370,  -0.00919,   0.01357,   0.02232,   0.05909,  -0.02845,  -0.05997,   0.00481,   0.04508,  -0.00744,   0.02933,   0.05559,   0.04333,  -0.03545,  -0.03545,  -0.07747,  -0.04946,   0.01532,  -0.05997,   0.05734,  -0.03896,  -0.09148,   0.00306,  -0.00569,  -0.05822,   0.02232,   0.00832,  -0.04421,  -0.03545,  -0.03020,  -0.07397,   0.01357,   0.01182,   0.03458,   0.01532,  -0.01795,   0.01357,  -0.01795,  -0.00219,   0.00657,  -0.02495,   0.00131,  -0.01620,  -0.03370,   0.03633,   0.02232,   0.00481,   0.00306,   0.00306,  -0.02320,  -0.01795,   0.00657,   0.06259,  -0.03896,   0.03633,  -0.02495,   0.00481,  -0.00744,  -0.06522,   0.06609,   0.05034,   0.00657,   0.05034,  -0.09673,  -0.01269,  -0.03370,  -0.03545,   0.03808,  -0.01094,  -0.03545,  -0.02495,   0.06784,   0.03808,  -0.05296,   0.04508,  -0.08448,   0.04508,   0.03983,  -0.03896,  -0.01094,  -0.01795,   0.01882,   0.02232,   0.01357,   0.02407,   0.01532,   0.07310,  -0.01795,  -0.00744,  -0.00044,   0.02232,   0.04158,   0.00832,  -0.04771,  -0.00044,  -0.00219,  -0.01620,   0.01357,   0.03808,   0.02757,  -0.01094,   0.03633,   0.01007,  -0.02320,  -0.03195,   0.01532,   0.02582,   0.01532,  -0.00394,   0.02757,   0.01357,  -0.02495,  -0.04071,   0.03283,  -0.01620,  -0.07047,  -0.05471,   0.04158,   0.04858,   0.00131,  -0.01094,  -0.02495,  -0.03721,   0.01182,   0.01882,  -0.02320,  -0.01444,  -0.04771,   0.03458,   0.01532,  -0.05471,  -0.02845,   0.01357,  -0.01444,  -0.05296,   0.02407,  -0.01620,  -0.02145,  -0.03020,  -0.04596,   0.08010,   0.01357,   0.02232,  -0.00919,   0.02407,  -0.06347,   0.01007,   0.02582,   0.02757,   0.04158,  -0.01269,   0.12037,  -0.07222,   0.04508,  -0.00219,  -0.04596,   0.06609,   0.00832,   0.00481,  -0.04071,   0.07660,  -0.01269,  -0.01970,   0.04683,   0.01007,   0.02232,  -0.04421,   0.02407,  -0.00219,  -0.03020,  -0.03896,   0.02232,  -0.04596,   0.05909,   0.03633,  -0.00219,   0.04858,  -0.04596,  -0.02670,  -0.04071,   0.02407,  -0.03545,   0.05209,   0.01182,  -0.01620,   0.01182,  -0.03020,   0.06434,  -0.04596,   0.02933,  -0.01620,  -0.00744,   0.02582,  -0.01970,  -0.02495,   0.03983,  -0.06872,   0.01007,  -0.01620,  -0.04946,   0.00306,  -0.02670,   0.00481,   0.03458,   0.12737,   0.07485,  -0.04071,   0.03633,  -0.01094,   0.04333,   0.00657,   0.03808,  -0.01094,  -0.00219,   0.05734,   0.06084,   0.07660,  -0.05646,   0.02757,  -0.03896,   0.08360,   0.03983,  -0.02670,  -0.01620,  -0.03545,  -0.01094,  -0.01620,   0.06609,  -0.03195,   0.07310,   0.01707,   0.01182,  -0.01620,   0.02582,  -0.05646,  -0.00744,   0.03108,   0.06609,  -0.04071,   0.03808,   0.02933,   0.01882,  -0.01620,   0.06084,  -0.00744,  -0.01444,  -0.07747,  -0.10899,  -0.02320,   0.01882,  -0.03020,   0.06259,  -0.07047,  -0.04946,  -0.01795,  -0.03721,   0.01357,  -0.00394,  -0.02320,  -0.02145,   0.06084,  -0.02145,  -0.00219,  -0.02495,  -0.03545,   0.02933,   0.07660,  -0.06697,   0.08885,   0.00131,  -0.06347,  -0.03896,  -0.00219,   0.01182,  -0.05646,   0.02057,   0.04683,   0.03983,  -0.03545,   0.10811,   0.01882,   0.02933,   0.09411,   0.01007,  -0.00744,  -0.03020,   0.01007,   0.03108,  -0.05471,  -0.03721,   0.03283,   0.03983,   0.03808,   0.01182,  -0.01970,  -0.05471,  -0.01795,  -0.01795,   0.04683,   0.01182,   0.02057,   0.01882,   0.03108,  -0.02320,   0.01532,   0.04858,   0.02757,  -0.08973,  -0.03545,   0.02582,  -0.02145,   0.08010,   0.06959,  -0.02670,  -0.03721,   0.03808,  -0.00219,   0.01182,  -0.04771,  -0.03721,   0.01882,  -0.04596,   0.04333,  -0.00744,  -0.06872,   0.02582,   0.04683,   0.04508,  -0.02845,  -0.00919,   0.00131,  -0.02845,  -0.01620,  -0.11074,   0.01357,   0.03283,   0.03108,   0.06784,  -0.04071,  -0.00394,   0.06609,  -0.04946,  -0.02320,  -0.07047,   0.00131,   0.07485,  -0.00919,   0.06434,   0.02757,   0.01182,  -0.02320,   0.03108,   0.03808,   0.06084,  -0.07747,   0.10111,  -0.00219,   0.01182,   0.05034,   0.03283,  -0.00044,  -0.02670,  -0.03195,   0.09060,   0.03108,   0.01532,  -0.01444,  -0.04071,  -0.03195,   0.04158,   0.01707,  -0.01620,   0.05209,  -0.02495,  -0.03370,   0.07660,   0.02757,  -0.02320,   0.03108,  -0.04946,   0.01182,  -0.01094,   0.01882,   0.00131,  -0.05646,  -0.00394,   0.01532,   0.03808,   0.03458,  -0.06172,  -0.04596,  -0.04246,  -0.00919,   0.08360,  -0.01620,   0.04858,   0.06609,  -0.01970,   0.01882,   0.05909,   0.02407,  -0.01094,  -0.04071,  -0.02320,   0.05384,   0.04333,   0.09060,   0.02407,  -0.00919,  -0.01444,   0.01882,  -0.01620,   0.00131,  -0.01795,   0.03108,  -0.01970,  -0.00044,   0.00832,  -0.03195,   0.06784,   0.05559,  -0.01970,   0.06084,   0.04858,  -0.00569,   0.02933,  -0.00219,  -0.05646,   0.03108,  -0.00394,  -0.01269,   0.03108,  -0.07047,   0.01182,  -0.03721,  -0.00044,  -0.04421,   0.00306,  -0.00919,  -0.05121,  -0.01620,  -0.02145,  -0.04246,  -0.02845,  -0.06347,   0.04158,  -0.02495,   0.10286,  -0.03195,   0.00657,  -0.04596,  -0.01444,   0.02757,   0.01007,  -0.01269,  -0.02845,   0.02407,  -0.02495,  -0.07397,  -0.01970,  -0.04246,   0.04683,  -0.03370,  -0.00219,  -0.06872,  -0.07747,  -0.02495,  -0.01620,   0.02232,   0.04158,  -0.01094,  -0.01620,  -0.00919,   0.03983,  -0.01094,  -0.01970,  -0.00919,   0.01007,   0.03633,  -0.00044,   0.04858,   0.02057,  -0.01094,  -0.08273,   0.01357,   0.03983,  -0.01444,   0.05209,   0.04158,   0.01532,  -0.09323,  -0.01620,  -0.06697,  -0.00569,   0.04333,   0.01007,   0.01007,   0.03108,   0.04683,  -0.06172,  -0.01269,   0.00832,   0.02933,   0.04333,  -0.04421,   0.02232,  -0.03721,   0.04333,  -0.03721,   0.03458,  -0.05121,  -0.03545,  -0.03195,  -0.02845,  -0.03195,  -0.03545,  -0.07397,  -0.02320,   0.04158,   0.00306,  -0.02145,  -0.00569,  -0.02495,  -0.02495,  -0.01269,  -0.01970,   0.02232,  -0.04596,   0.03108,   0.04683,   0.00131,  -0.03896,  -0.02845,  -0.02320,   0.02407,   0.05559,  -0.00919,  -0.01795,   0.02933,  -0.04246,  -0.03721,  -0.01620,  -0.01269,  -0.00919,   0.05034,   0.01182,  -0.03545,   0.03108,  -0.02670,  -0.00219,   0.01882,   0.08010,  -0.07222,   0.01882,  -0.04071,  -0.07572,  -0.00219,  -0.07397,  -0.07047,  -0.02495,  -0.01269,  -0.01620,  -0.03020,   0.05384,   0.03108,   0.06084,  -0.06697,   0.00481,   0.02933,  -0.03020,  -0.01970,  -0.00219,   0.01357,  -0.01795,  -0.03195,  -0.01620,  -0.01620,   0.03283,   0.03458,  -0.07222,  -0.06522,  -0.03896,   0.05559,  -0.04596,  -0.00919,  -0.03545,  -0.00044,  -0.01444,  -0.03020,   0.01357,  -0.00219,  -0.01269,  -0.05471,   0.05909,  -0.07922,   0.01882,  -0.04071,   0.00131,   0.04508,   0.02407,   0.00306,  -0.00744,   0.02757,   0.01007,  -0.01444,  -0.06347,  -0.01795,  -0.05296,  -0.06172,   0.03983,   0.03108,   0.00131,  -0.06172,   0.00306,   0.05209,   0.00832,   0.00657,  -0.02145,  -0.00044,  -0.06697,  -0.01269,   0.05559,   0.02407,   0.01707,  -0.00219,  -0.03020,  -0.01795,  -0.02670,  -0.02145,  -0.01620,   0.02407,  -0.00744,   0.02232,  -0.05121,  -0.05121,  -0.05296,  -0.00219,   0.01357,  -0.01620,   0.03808,   0.15714,   0.01182,   0.00832,  -0.04421,  -0.11249,  -0.03545,   0.03108,  -0.11424,  -0.10199,   0.00832,  -0.03370,  -0.02670,   0.03458,  -0.05121,   0.03808,  -0.03545,  -0.03370,   0.02933,  -0.02495,  -0.01970,   0.07835,  -0.07222,  -0.09148,   0.03808,  -0.10549,  -0.05822,   0.01182,   0.03108,  -0.02670,   0.00657,   0.01182,   0.06259,   0.01182,  -0.03545,  -0.04946,   0.02232,   0.00657,  -0.03020,  -0.06522,   0.03633,   0.02757,   0.01707,   0.03108,  -0.09323,   0.02057,   0.04158,   0.00657,  -0.01795,   0.02407,  -0.01094,   0.01532,  -0.05121,  -0.03896,   0.01182,   0.06434,   0.03458,   0.03808,  -0.00219,   0.01532,   0.05384,  -0.06172,  -0.01970,  -0.06522,   0.00131,   0.00481,  -0.03896,  -0.04071,   0.00832,   0.04158,   0.01007,  -0.00919,   0.06084,  -0.01094,  -0.03896,  -0.01444,  -0.06347,  -0.04246,  -0.01620,   0.00306,   0.00832,   0.05559,   0.01532,  -0.00919,  -0.04596,   0.07135,   0.02933,   0.02933,   0.05384,   0.08185,   0.02933,   0.04508,  -0.02495,   0.04858,  -0.04071,  -0.00394,  -0.08273,  -0.03020,   0.05384,  -0.08273,  -0.05997,  -0.03370,  -0.01444,  -0.06522,  -0.00219,   0.03983,  -0.01970,  -0.01970,   0.03983,  -0.03896,  -0.01444,   0.00832,  -0.02145,  -0.02495,   0.00657,   0.02757,  -0.02845,  -0.01970,   0.03108,  -0.00919,   0.02582,   0.02933,   0.03983,  -0.00569,   0.01882,  -0.04596,   0.04158,   0.02757,  -0.04071,   0.00481,  -0.02495,   0.04333,  -0.00744,  -0.00569,   0.04333,   0.08185,   0.02933,   0.00131,  -0.02845,  -0.03721,  -0.03020,  -0.02495,  -0.03370,  -0.01444,  -0.02845,   0.00657,   0.02582,  -0.04421,   0.07485,   0.00481
  -0.03545,  -0.00569,   0.03808,   0.04333,   0.05034,   0.07485,  -0.04071,   0.03108,   0.02407,  -0.07572,   0.01882,  -0.00219,   0.02232,   0.04683,   0.00131,   0.03283,   0.04858,  -0.00919,  -0.03896,  -0.05471,  -0.03195,   0.01182,   0.06259,   0.01357,  -0.04246,   0.03108,   0.00481,   0.05209,  -0.02845,  -0.03545,   0.01707,   0.02057,   0.00306,  -0.01970,  -0.01444,  -0.01795,  -0.01620,   0.05034,  -0.01094,   0.01707,   0.00657,   0.05909,  -0.00394,  -0.03721,   0.00481,  -0.01795,   0.04683,  -0.05997,   0.00306,  -0.00219,   0.01357,   0.02232,   0.08535,  -0.01620,  -0.02495,  -0.00394,   0.03283,  -0.05997,   0.09761,  -0.08098,   0.00131,  -0.05471,   0.01357,  -0.04596,  -0.06172,   0.00131,  -0.01620,   0.09586,   0.07135,   0.02057,   0.06784,   0.03283,  -0.00569,  -0.00744,   0.02582,  -0.04071,   0.00131,   0.02407,   0.05909,  -0.02670,   0.00657,  -0.08973,  -0.05997,   0.08185,   0.03108,   0.04158,  -0.01620,  -0.00919,   0.03633,   0.06609,   0.03983,   0.01707,  -0.02845,  -0.05646,   0.05209,  -0.04946,   0.02933,  -0.07047,  -0.08973,  -0.02845,   0.02582,   0.00832,   0.02757,   0.03633,   0.06609,  -0.00919,   0.04333,  -0.01444,  -0.03020,   0.01532,   0.01707,   0.00832,  -0.02845,   0.01007,  -0.02145,  -0.09323,  -0.05471,  -0.12300,   0.01707,   0.06609,  -0.01094,  -0.07572,  -0.04071,   0.02057,   0.03458,   0.06434,   0.02232,   0.05559,   0.00306,  -0.01094,  -0.00569,   0.05909,   0.01707,  -0.01795,  -0.00569,  -0.02670,   0.03983,   0.03108,   0.02757,   0.01357,   0.01357,  -0.08098,  -0.00569,  -0.02845,  -0.01795,   0.00481,  -0.02845,   0.03808,  -0.00394,  -0.02145,   0.02057,  -0.01094,  -0.04771,   0.01182,   0.04858,   0.03633,  -0.05296,  -0.07222,  -0.02845,   0.03108,  -0.00919,   0.01882,  -0.00044,   0.03633,   0.01532,  -0.05822,   0.03808,  -0.03020,  -0.08098,  -0.00744,  -0.04071,  -0.00044,  -0.05822,   0.00481,  -0.03896,   0.08360,   0.02057,  -0.01269,  -0.00744,  -0.06347,  -0.01444,   0.05034,  -0.09323,   0.05909,  -0.06172,   0.06434,   0.07485,   0.06084,  -0.03370,   0.07485,  -0.06172,  -0.00569,  -0.02495,  -0.04246,   0.02757,  -0.01620,  -0.02495,   0.01882,  -0.01094,  -0.00744,  -0.03020,   0.06084,   0.01532,   0.04508,   0.05384,   0.07835,  -0.02670,  -0.05471,   0.05384,  -0.01620,   0.01007,  -0.03370,  -0.02145,   0.02582,  -0.00044,  -0.00744,  -0.01620,   0.04333,   0.03983,   0.01007,  -0.07222,  -0.09148,  -0.03370,   0.03283,   0.03983,   0.02057,   0.03108,  -0.02845,   0.02933,  -0.01094,  -0.02145,  -0.02670,  -0.00919,   0.07310,   0.04683,  -0.01444,   0.00131,   0.03108,   0.02757,  -0.00044,  -0.02145,   0.02232,  -0.01795,  -0.00569,  -0.01620,  -0.04421,   0.01007,  -0.00219,   0.04158,  -0.01795,  -0.04596,  -0.04071,  -0.06697,  -0.07222,  -0.02670,  -0.02670,  -0.08448,  -0.00219,  -0.05471,   0.01182,  -0.08098,   0.00657,  -0.00744,  -0.01970,  -0.01094,  -0.03370,   0.02232,   0.04158,   0.05384,  -0.00044,  -0.03370,  -0.02320,   0.04158,   0.01357,   0.02757,  -0.07922,  -0.07572,   0.00481,   0.01707,   0.04158,  -0.03896,  -0.04071,  -0.01269,  -0.05296,  -0.05121,   0.04508,   0.01707,  -0.01970,  -0.06872,  -0.02320,  -0.01094,  -0.00919,   0.04333,   0.02407,  -0.04071,  -0.07047,   0.00131,  -0.01620,   0.06259,  -0.04596,  -0.00394,   0.05209,  -0.00219,  -0.03545,  -0.04246,  -0.01620,   0.00131,  -0.01795,   0.04508,  -0.04421,   0.06434,  -0.04771,   0.09761,   0.03458,   0.05384,  -0.03020,   0.02757,   0.00131,   0.01882,  -0.02145,   0.05034,  -0.03896,   0.00657,  -0.01094,   0.02057,  -0.03020,   0.03633,   0.01007,   0.02757,  -0.05471,   0.02582,  -0.08098,   0.01707,  -0.03545,   0.01182,   0.06084,  -0.02495,  -0.01444,   0.02757,   0.03808,  -0.04421,  -0.02320,  -0.03545,  -0.00044,  -0.01444,   0.11687,   0.01707,  -0.00219,   0.03283,   0.01357,  -0.11424,   0.01882,  -0.03721,   0.06259,  -0.08098,   0.00306,  -0.01795,   0.01357,  -0.02845,   0.04158,  -0.03195,  -0.01620,   0.02407,  -0.03896,  -0.01970,   0.06259,   0.00306,   0.02407,  -0.06697,  -0.05997,  -0.01970,   0.03108,  -0.08098,   0.03633,  -0.09148,  -0.03370,  -0.02145,   0.04858,  -0.00044,  -0.04421,   0.07310,  -0.02845,  -0.02495,   0.02057,  -0.01269,  -0.05822,   0.03458,  -0.05822,   0.08185,  -0.01444,   0.00657,   0.03458,   0.02757,  -0.05296,  -0.05822,   0.01882,   0.00306,  -0.02320,  -0.02320,   0.04158,  -0.03020,   0.02232,   0.02057,  -0.04771,   0.05734,  -0.01094,  -0.07397,  -0.05121,   0.10111,   0.02407,  -0.01795,   0.03808,  -0.00569,   0.03108,  -0.07747,  -0.04596,   0.03808,   0.03983,  -0.07047,   0.00481,   0.03108,  -0.09323,  -0.01269,  -0.06697,  -0.00919,  -0.05296,   0.00832,   0.00657,   0.01532,  -0.01795,  -0.05646,  -0.06172,  -0.03195,  -0.00919,   0.01182,   0.00657,  -0.00744,  -0.00219,  -0.00744,   0.06784,  -0.00219,   0.00481,   0.04508,  -0.02495,  -0.02495,  -0.03370,   0.04508,  -0.02845,  -0.05997,   0.02933,  -0.05822,   0.02757,  -0.01970,  -0.01269,  -0.05296,  -0.02495,  -0.01620,   0.01707,  -0.03370,  -0.00219,  -0.08798,   0.01182,   0.02757,  -0.03370,  -0.10549,   0.05384,   0.00832,   0.02232,   0.03633,  -0.06522,   0.00481,  -0.06347,   0.03458,  -0.05997,  -0.02495,   0.01532,  -0.01444,   0.02232,   0.01007,  -0.00919,  -0.02320,  -0.10374,  -0.02495,   0.00481,   0.00657,   0.02232,  -0.03545,   0.07485,   0.00481,   0.01357,  -0.05296,   0.03633,  -0.04246,   0.01007,  -0.08098,  -0.02845,   0.10636,  -0.07222,  -0.01620,  -0.01620,   0.00657,  -0.00044,   0.01357,   0.01007,   0.02757,  -0.07222,  -0.00394,  -0.01444,  -0.05296,  -0.01269,  -0.07572,   0.01357,   0.05559,  -0.03020,   0.03983,   0.02232,  -0.06872,  -0.01620,  -0.04596,  -0.02670,   0.01357,   0.03808,  -0.01269,  -0.04596,  -0.03370,  -0.03020,  -0.01444,   0.01357,  -0.03545,  -0.01269,  -0.05296,  -0.00394,  -0.01444,  -0.00394,  -0.07222,  -0.04771,   0.00131,  -0.07222,  -0.03721,   0.06434,   0.01707,   0.08885,  -0.07747,  -0.00744,   0.03108,   0.03283,   0.00306,   0.06084,   0.09235,  -0.05296,  -0.01094,  -0.05471,   0.00306,   0.01882,  -0.04421,  -0.01620,   0.05909,   0.03108,   0.01182,   0.02407,   0.00481,  -0.03020,   0.01182,   0.02757,   0.06259,   0.00657,  -0.03195,  -0.01620,  -0.02320,  -0.00219,  -0.05822,   0.08535,  -0.09848,  -0.03896,  -0.00569,  -0.00919,   0.04683,  -0.05471,   0.06434,  -0.05646,   0.02582,   0.00306,   0.00481,   0.01182,  -0.04771,   0.01882,  -0.03721,  -0.01269,  -0.00569,   0.00131,  -0.01970,  -0.02320,  -0.00569,  -0.05121,  -0.00044,   0.01182,   0.05209,  -0.03195,   0.07660,  -0.02145,  -0.03370,   0.13087,   0.04508,  -0.01620,   0.04508,   0.04508,   0.01532,  -0.02495,  -0.07397,  -0.04946,   0.04683,   0.01357,  -0.08273,  -0.06697,  -0.01094,  -0.01094,  -0.05121,   0.02933,  -0.02845,   0.03633,  -0.02320,  -0.01444,  -0.04946,   0.03808,  -0.02145,   0.02407,  -0.01620,  -0.09148,   0.06784,  -0.08973,  -0.02145,  -0.00569,  -0.02145,  -0.02320,  -0.00919,  -0.06872,   0.04683,   0.01007,   0.02757,  -0.04596,   0.02407,  -0.02670,   0.02757,   0.02933,  -0.01269,  -0.03545,   0.02407,  -0.04421,  -0.06347,  -0.01444,  -0.02495,   0.01532,   0.06259,  -0.04246,  -0.05296,  -0.04946,   0.05734,  -0.05471,  -0.03545,  -0.00569,  -0.00219,   0.08885,   0.06784,  -0.04771,   0.01357,  -0.03020,   0.00481,  -0.02845,  -0.04771,   0.00131,  -0.01444,  -0.02845,   0.00131,  -0.04071,  -0.04596,  -0.02670,  -0.00394,   0.01882,  -0.02845,   0.01357,  -0.00569,   0.01707,  -0.04771,   0.00832,   0.06609,  -0.03721,   0.09411,  -0.03721,   0.07135,  -0.04771,  -0.01620,  -0.00044,   0.09586,  -0.03195,  -0.03545,  -0.00044,  -0.10899,  -0.04071,  -0.02495,   0.07485,  -0.02670,  -0.02670,   0.03983,   0.05559,   0.03983,  -0.01094,  -0.10374,   0.04858,  -0.08973,   0.02407,  -0.00044,   0.02057,  -0.01970,  -0.05646,  -0.05997,   0.02582,   0.01007,   0.05384,  -0.00044,  -0.08798,  -0.05646,  -0.01620,   0.12562,  -0.02495,   0.07310,  -0.06522,   0.03283,   0.10986,  -0.02495,  -0.05646,   0.00131,   0.02232,  -0.02845,   0.00306,   0.10811,   0.00832,   0.01532,   0.05384,  -0.00744,   0.07660,  -0.00919,  -0.04946,  -0.08273,   0.03108,   0.02582,  -0.01094,  -0.07047,   0.00306,  -0.08098,   0.02407,  -0.01620,  -0.01795,  -0.01269,   0.03108,  -0.02495,  -0.00219,  -0.04246,  -0.00744,   0.03283,   0.07310,   0.01007,   0.07310,  -0.00394,   0.02582,  -0.01970,  -0.06347,  -0.05296,  -0.04421,   0.02407,  -0.08973,  -0.04421,   0.05734,  -0.04421,   0.02407,  -0.03020,   0.02057,   0.03108,  -0.04596,  -0.02320,  -0.04071,   0.02057,  -0.07572,  -0.01444,  -0.02320,  -0.00219,   0.09411,  -0.06522,  -0.02845,  -0.06872,  -0.08098,   0.04508,  -0.03195,   0.00131,  -0.00394,   0.01882,  -0.00744,  -0.03195,   0.02232,  -0.14050,  -0.02145,  -0.01970,  -0.03370,   0.01007,   0.01182,   0.03283,  -0.05822,  -0.03721,   0.06084,  -0.00394,   0.05909,  -0.02145,  -0.06522,  -0.00394,   0.03633,  -0.01970,  -0.00044,  -0.00744,   0.00481,  -0.07047,  -0.00919,  -0.05121,  -0.02670,   0.01532,   0.02582,   0.02057,  -0.07572,   0.02407,  -0.02320,  -0.01620,  -0.05997,  -0.01444,  -0.02845,   0.02933,   0.00657,   0.00131,   0.01707,   0.05384,  -0.03545,  -0.00394,   0.03808,   0.04158,   0.00481,   0.00481,   0.01357,  -0.00044,  -0.10549,   0.03808,   0.01182,  -0.04946,  -0.00394,   0.01357,   0.03283,   0.01882,  -0.05646,  -0.05296,  -0.08273,  -0.02145,  -0.05296,  -0.08273,  -0.08973,   0.03633,  -0.00044,   0.04508,   0.00832,   0.00657,   0.04683,  -0.03545,  -0.07747,  -0.01094,  -0.04071,   0.02232,  -0.02320,  -0.04246,   0.04158,  -0.02495,   0.00481,  -0.05997,  -0.06172,  -0.05296,   0.00657,   0.04508,   0.02757,  -0.03195,  -0.01620,   0.02232,   0.04858,  -0.01094,   0.02057,   0.03458,   0.03108,   0.01182,  -0.02145,   0.00832,  -0.07397,   0.02407,   0.01882,   0.02933,  -0.03370,   0.06434,  -0.01620,   0.03283,   0.02582,   0.07660,  -0.04071,   0.02933,  -0.02145,   0.02407,   0.02232,  -0.01444,  -0.09498,   0.04333,  -0.00919,  -0.02495,   0.01532,   0.01357,   0.01707,   0.01182,   0.01532,  -0.07047,  -0.06872,  -0.05997,   0.03108,  -0.00569,  -0.02495,   0.02057,  -0.04771,   0.03283,  -0.04771,  -0.01970,   0.04333,   0.00657,   0.03633,  -0.06872,  -0.01970,   0.00131,   0.03458,  -0.02320,   0.04508,   0.04683,   0.04683,   0.06259,   0.05384,  -0.02145,   0.01707,   0.02232,   0.00657,  -0.05121,   0.03808,  -0.06872,  -0.00744,  -0.04246,  -0.01970,  -0.00744,  -0.04771,  -0.02670,   0.04158,  -0.03545,  -0.02145,   0.03108,   0.01182,   0.03283,   0.02057,  -0.01269,   0.03283,  -0.08448,  -0.07572,   0.05734,  -0.09323,   0.06609,   0.06784,  -0.03721,   0.00481,  -0.01094,   0.00481,  -0.09673,   0.01707,  -0.01444,   0.11512,  -0.01444,  -0.03545,  -0.00219,   0.01182,   0.01532,   0.01007,  -0.10549,   0.02582,   0.01007,  -0.10724,   0.02232,  -0.02845,  -0.05822,  -0.00219,   0.05209,  -0.02320,   0.02757,  -0.08098,  -0.04771,   0.00657,  -0.01970,  -0.02320,  -0.01795,  -0.04421,   0.01007,   0.00481,   0.00657,   0.00131,   0.04683,  -0.03370,  -0.05296,  -0.05822,   0.00481,  -0.02320,  -0.05121,  -0.09323,   0.05559,  -0.01094,  -0.02145,   0.09411,  -0.11424,  -0.08623,  -0.02670,   0.02407,   0.02057,   0.02407
  -0.00919,  -0.00919,  -0.00219,  -0.04946,   0.02057,  -0.12475,  -0.01444,  -0.01269,   0.01532,   0.02232,  -0.02670,  -0.00569,  -0.03896,  -0.04421,   0.00832,   0.04333,   0.01532,  -0.03020,   0.04683,  -0.02670,  -0.04071,   0.03808,  -0.02320,   0.00306,  -0.01970,   0.02407,  -0.02495,  -0.01795,   0.00657,  -0.06347,  -0.01970,  -0.01970,   0.11336,  -0.05997,   0.00131,  -0.01970,  -0.01094,  -0.06522,   0.08010,  -0.03721,   0.04333,   0.00657,   0.09060,  -0.00219,  -0.00394,  -0.07397,  -0.03896,   0.05559,  -0.00919,   0.01357,   0.05209,   0.04508,  -0.00394,  -0.00044,  -0.01970,   0.04333,  -0.02495,  -0.00569,  -0.05296,   0.05734,  -0.00569,  -0.03721,  -0.02495,  -0.00044,  -0.08098,  -0.01269,   0.00832,   0.02582,   0.04158,   0.01182,  -0.03721,  -0.02845,  -0.01795,  -0.05471,  -0.00569,   0.00306,   0.00657,  -0.00394,  -0.07922,   0.03983,   0.01532,   0.00832,  -0.05471,  -0.01970,  -0.07397,   0.01007,   0.00131,  -0.01094,  -0.03195,  -0.07047,   0.00306,  -0.05997,  -0.02320,   0.03283,   0.04858,  -0.05471,   0.02407,  -0.00744,   0.08010,   0.09411,  -0.01970,   0.09936,   0.02757,   0.05559,  -0.02320,  -0.00394,  -0.00219,  -0.06872,  -0.01795,  -0.06697,  -0.00219,  -0.05121,  -0.06172,   0.05909,  -0.03020,   0.02933,  -0.00044,   0.05034,  -0.01795,   0.03283,   0.06609,  -0.05121,   0.01882,   0.00481,   0.03458,   0.00131,   0.00306,  -0.05471,  -0.02495,   0.01182,  -0.08623,  -0.05646,   0.01357,  -0.03896,   0.02582,   0.02232,   0.01882,  -0.01444,  -0.02320,   0.01707,   0.06784,  -0.05646,   0.02757,  -0.04071,  -0.00744,   0.05384,   0.03283,   0.05209,   0.02232,   0.03108,  -0.00394,  -0.02670,  -0.06697,  -0.06347,   0.02057,  -0.01970,  -0.00394,   0.01707,  -0.05646,   0.01707,  -0.00219,  -0.04071,  -0.01620,  -0.08098,  -0.00044,   0.01007,  -0.05822,   0.01182,  -0.00394,  -0.10023,  -0.03545,   0.01007,   0.04333,  -0.06522,  -0.06697,  -0.00569,   0.05909,  -0.03370,  -0.03721,  -0.02845,   0.02757,   0.02933,  -0.05296,  -0.00744,  -0.00919,   0.09060,   0.02933,   0.01532,  -0.00044,  -0.03545,   0.10636,  -0.08798,  -0.08273,  -0.01620,  -0.04421,  -0.01970,   0.00481,   0.04858,  -0.03020,   0.00131,   0.03458,  -0.02670,  -0.03370,   0.02232,   0.07485,  -0.02145,  -0.06522,   0.03633,  -0.01094,  -0.01795,   0.04158,  -0.00394,   0.03108,   0.08885,  -0.03896,  -0.04246,  -0.04246,   0.00657,  -0.04946,  -0.01444,   0.02407,  -0.01795,   0.05734,  -0.05646,   0.00657,  -0.02495,  -0.02320,   0.01357,   0.01182,  -0.00569,  -0.05822,  -0.00044,   0.02057,  -0.03195,  -0.06697,   0.00657,  -0.00044,   0.03808,   0.01357,  -0.00219,   0.01357,   0.00481,   0.01182,  -0.03020,  -0.01444,  -0.01620,   0.07310,  -0.04421,  -0.05997,  -0.01094,   0.03283,  -0.03020,   0.03808,   0.00657,   0.06084,   0.04333,   0.02232,   0.10111,  -0.06172,  -0.01795,  -0.04946,  -0.03721,   0.01882,   0.06609,   0.01532,   0.03458,  -0.06347,  -0.06347,   0.00131,  -0.04071,   0.06259,   0.00832,  -0.07397,   0.08185,   0.00481,  -0.04071,   0.01007,   0.05384,   0.08885,  -0.01269,  -0.03545,   0.04508,   0.06959,  -0.08623,  -0.06172,   0.05909,   0.09586,  -0.03545,  -0.02670,  -0.02320,  -0.03721,   0.00131,   0.00832,  -0.08623,   0.06259,  -0.08623,   0.03633,   0.02757,  -0.03896,  -0.01269,   0.03458,  -0.03020,   0.01357,  -0.01444,  -0.04946,   0.02582,  -0.01970,  -0.02495,  -0.02145,   0.03808,   0.02933,  -0.03721,  -0.00044,  -0.02145,  -0.01620,   0.08010,  -0.01269,   0.03108,  -0.01094,  -0.08798,  -0.04771,   0.01007,   0.00832,  -0.04596,   0.01357,   0.05909,   0.00131,  -0.07922,  -0.02145,  -0.00394,   0.02757,   0.07485,  -0.00919,  -0.08623,   0.01007,   0.02757,  -0.01620,   0.00657,  -0.06172,  -0.00744,   0.07485,   0.02757,  -0.02845,  -0.00569,   0.00481,   0.01882,  -0.02320,   0.02057,   0.01532,  -0.01795,   0.03458,   0.01532,  -0.04246,   0.07310,   0.01707,  -0.00394,   0.00306,   0.08010,   0.03633,   0.02232,  -0.11249,   0.03108,   0.05384,  -0.10724,   0.03458,   0.02582,   0.04158,  -0.00569,   0.00131,   0.00481,  -0.04771,  -0.00219,  -0.00919,   0.01007,   0.02232,  -0.04246,   0.01532,  -0.06172,  -0.00569,  -0.02145,   0.01882,  -0.01269,  -0.04596,  -0.04946,   0.04508,  -0.01620,  -0.03545,  -0.00569,  -0.05471,  -0.02670,   0.00832,  -0.01444,  -0.03721,  -0.03370,  -0.02670,  -0.00569,   0.01007,  -0.01620,   0.01532,  -0.03020,  -0.02145,  -0.04771,  -0.06172,   0.01532,   0.03108,  -0.00044,   0.02407,  -0.01620,  -0.02145,  -0.00044,  -0.03721,   0.03108,  -0.04596,  -0.04421,  -0.03370,  -0.00744,   0.08360,   0.01882,   0.06959,  -0.03370,  -0.01620,  -0.03545,  -0.05296,  -0.04071,   0.00131,  -0.05296,  -0.01620,  -0.04421,   0.00306,   0.01357,  -0.01269,  -0.00569,   0.04683,   0.01182,   0.06259,  -0.04771,  -0.01620,  -0.01269,   0.00832,  -0.04771,   0.01357,  -0.03195,  -0.07047,   0.00657,   0.00481,   0.00131,  -0.02320,  -0.06872,   0.07135,  -0.04071,  -0.03020,   0.03283,   0.05384,   0.00832,  -0.05997,   0.05909,  -0.06347,  -0.01795,  -0.01620,  -0.07222,  -0.01795,  -0.03370,   0.06084,   0.02582,   0.02582,   0.01357,  -0.02670,  -0.00569,   0.00131,  -0.01795,  -0.00744,  -0.03545,   0.01532,   0.02057,   0.03283,  -0.00394,  -0.01094,   0.09586,   0.06959,   0.03633,  -0.00044,  -0.00569,  -0.03020,  -0.05822,   0.06434,  -0.00219,  -0.04946,  -0.03370,   0.05559,   0.01707,   0.05384,   0.00832,  -0.03020,   0.03283,  -0.01269,  -0.07397,  -0.04596,  -0.01970,  -0.00044,   0.00131,  -0.06697,  -0.04946,  -0.00744,   0.00306,   0.02582,  -0.00044,  -0.01094,  -0.03896,  -0.05471,  -0.05822,   0.08535,   0.02757,  -0.02495,  -0.00919,   0.08010,   0.05734,   0.04858,  -0.01094,  -0.02495,  -0.00569,   0.00131,   0.00832,  -0.04421,   0.02933,   0.06084,   0.01357,   0.00306,   0.05559,  -0.01795,  -0.09673,  -0.00394,  -0.00044,   0.01532,   0.02933,   0.02933,   0.04683,   0.09411,  -0.01444,   0.04333,   0.04858,   0.05034,  -0.07922,   0.02757,  -0.05121,   0.00481,  -0.00919,   0.03633,   0.02232,  -0.03545,  -0.01094,   0.04333,  -0.04071,   0.00131,   0.03983,   0.05909,  -0.06872,   0.05384,  -0.08448,   0.03458,  -0.01620,  -0.01094,   0.02757,  -0.04071,   0.03633,   0.05384,   0.10286,   0.07660,   0.06434,  -0.07922,   0.07135,  -0.02495,   0.06434,  -0.03721,  -0.09848,   0.05909,  -0.01269,   0.03108,  -0.03896,   0.02232,   0.03808,  -0.01269,  -0.04421,   0.02232,  -0.01444,   0.03108,   0.03983,   0.06959,  -0.05121,   0.00306,   0.03108,  -0.05296,   0.02232,   0.03108,  -0.01970,  -0.03370,  -0.00044,   0.05559,  -0.01269,  -0.01795,  -0.04071,  -0.01269,  -0.00044,   0.04158,  -0.01795,   0.01357,   0.04158,  -0.06872,   0.02407,   0.02407,   0.00481,   0.03808,  -0.05471,   0.03983,  -0.00919,  -0.04071,   0.02407,  -0.03721,  -0.03545,  -0.02495,   0.02757,   0.00131,  -0.01094,   0.02057,   0.01882,   0.02757,   0.01007,  -0.00219,  -0.00744,   0.03108,  -0.01094,   0.07310,   0.03108,   0.01007,   0.02057,   0.04333,   0.03633,   0.00131,   0.00306,   0.03108,  -0.07397,   0.02407,  -0.09148,   0.00131,  -0.01444,   0.02407,   0.02582,  -0.00219,  -0.09148,  -0.00044,   0.06084,  -0.02845,  -0.07747,  -0.02145,   0.00131,   0.03108,   0.02933,  -0.00044,   0.02933,   0.10811,   0.06609,  -0.01269,  -0.00044,  -0.04071,   0.03283,  -0.09148,   0.05734,  -0.03370,   0.04158,   0.05734,  -0.01795,   0.01882,  -0.05822,  -0.10023,   0.03458,   0.03808,   0.01707,  -0.02670,  -0.03721,  -0.00394,  -0.01269,   0.05909,   0.02057,  -0.01094,   0.00306,   0.02933,   0.05209,  -0.05822,   0.02057,  -0.00219,  -0.02320,  -0.00919,   0.05909,   0.02232,  -0.01269,  -0.08098,   0.04683,   0.01007,   0.02057,   0.00306,   0.01707,  -0.04596,  -0.04071,  -0.00394,  -0.00919,  -0.00394,  -0.03545,  -0.02145,   0.00306,  -0.06522,  -0.01970,   0.01182,  -0.05997,   0.00657,   0.05034,  -0.00744,  -0.07747,  -0.03370,   0.04333,  -0.02845,  -0.03370,  -0.00044,  -0.04771,   0.01182,   0.01707,   0.04508,   0.02582,   0.02057,  -0.08973,   0.00131,  -0.03195,  -0.07222,   0.03108,  -0.01620,  -0.01795,   0.00657,  -0.06697,  -0.02845,  -0.05296,  -0.06347,   0.01532,  -0.02145,   0.07310,   0.00832,   0.00306,   0.00657,  -0.03370,  -0.04421,  -0.04071,  -0.03370,   0.00832,  -0.01795,  -0.00219,   0.00481,  -0.04946,  -0.00394,  -0.03195,   0.08010,   0.03983,   0.01182,  -0.03020,   0.00306,  -0.07047,  -0.02320,   0.05034,   0.02582,   0.01182,  -0.01795,   0.06259,   0.01357,  -0.00219,   0.02407,  -0.02145,  -0.01795,   0.02933,  -0.03020,   0.05734,  -0.06522,   0.06784,  -0.04946,  -0.03545,  -0.06347,   0.00131,  -0.03195,   0.07485,  -0.00744,   0.02232,  -0.01269,   0.06084,  -0.11774,  -0.00744,  -0.03020,   0.03458,  -0.03721,   0.05034,   0.01007,   0.01007,   0.04683,  -0.03896,   0.06959,   0.02757,   0.01007,   0.01182,   0.05734,  -0.02495,   0.00306,   0.10286,  -0.01444,  -0.04071,  -0.03195,   0.00131,   0.01707,   0.03633,   0.05384,   0.02757,  -0.01620,  -0.07222,  -0.00394,   0.07310,   0.01707,   0.06259,  -0.07922,  -0.01620,   0.02407,  -0.00219,  -0.00919,  -0.00219,   0.04158,  -0.01269,  -0.08098,  -0.04071,  -0.04771,   0.02582,  -0.01620,  -0.05646,   0.03808,  -0.00744,   0.03283,  -0.02670,  -0.00744,  -0.04421,   0.00832,  -0.05296,  -0.04771,   0.02757,   0.01532,  -0.03020,  -0.07222,  -0.01444,   0.04858,   0.09761,   0.05034,  -0.01269,  -0.04071,  -0.03370,   0.01182,   0.05734,   0.03808,  -0.03370,  -0.05646,   0.02407,  -0.02670,   0.01882,   0.02057,  -0.03020,  -0.00569,  -0.01444,  -0.00044,  -0.06172,  -0.02670,   0.00657,  -0.08098,  -0.01094,  -0.00219,  -0.02670,  -0.01970,   0.03283,  -0.00394,  -0.07747,  -0.01094,  -0.00394,  -0.00744,   0.00131,  -0.01269,   0.05384,   0.05909,  -0.04421,   0.03108,   0.02582,  -0.00569,  -0.00394,   0.01357,  -0.05997,   0.01532,   0.05209,   0.03983,   0.06959,   0.02407,   0.01882,  -0.01269,  -0.04246,   0.03633,   0.07660,   0.02933,  -0.01970,   0.04333,   0.00306,   0.03458,  -0.07922,   0.02757,  -0.03020,  -0.03195,   0.04858,   0.05384,   0.00832,  -0.00919,   0.02933,   0.02933,  -0.05121,   0.00306,  -0.12650,   0.06084,  -0.00569,   0.02582,  -0.01795,   0.01882,   0.04683,   0.06959,  -0.03370,   0.03458,  -0.04421,  -0.01620,  -0.01444,  -0.03020,  -0.04421,  -0.07222,  -0.02320,  -0.10374,  -0.02670,   0.00306,  -0.05646,   0.00657,   0.09060,   0.02582,  -0.08973,   0.00481,  -0.00569,   0.00306,  -0.01620,  -0.00919,  -0.03721,  -0.01970,  -0.06697,  -0.02670,   0.02582,  -0.04421,  -0.01620,   0.04333,  -0.01444,  -0.02145,   0.01532,   0.01357,  -0.05471,   0.02757,  -0.00919,  -0.01094,  -0.02495,   0.01182,  -0.02145,  -0.12650,  -0.08448,   0.02407,  -0.07222,   0.07835,   0.01532,   0.00657,   0.00657,   0.06959,   0.00481,   0.07485,   0.04158,   0.03983,   0.01707,   0.01882,  -0.01444,   0.00657,  -0.03195,  -0.00394,   0.02057,  -0.04771,  -0.10199,  -0.05471,   0.05734,  -0.01444,  -0.08798,   0.02057,  -0.02845,   0.04333,  -0.01444,  -0.00919,   0.12912,   0.01007,  -0.02320,   0.05384,   0.05034,  -0.02145,  -0.01970,  -0.07922,   0.02057,   0.02582,   0.00481,  -0.03020,   0.01882,   0.00657,   0.01882,  -0.00219,   0.05384,   0.02232,   0.01532,   0.03283,   0.01007,  -0.02320,   0.08885,  -0.01620,   0.00481
  -0.04071,  -0.04946,   0.05034,  -0.01620,   0.02933,   0.02582,   0.03283,   0.01882,   0.02933,   0.03108,   0.00131,  -0.10899,  -0.05646,   0.00832,   0.01532,  -0.02670,   0.04858,   0.01532,  -0.04596,   0.06084,  -0.00569,   0.00657,  -0.07397,  -0.00044,  -0.08448,   0.01882,  -0.02320,  -0.07222,   0.02057,  -0.04771,  -0.03020,   0.12912,  -0.00394,   0.02933,   0.01882,   0.01182,  -0.02670,   0.08185,   0.03983,   0.11336,   0.03633,   0.00832,   0.01882,  -0.01444,   0.02933,  -0.07747,  -0.06347,   0.02582,   0.03283,   0.04333,  -0.00744,   0.03283,  -0.03370,   0.07835,  -0.07747,  -0.08098,  -0.04946,   0.04508,  -0.03721,   0.05034,  -0.00219,  -0.07222,  -0.05997,   0.03458,  -0.00044,  -0.06172,   0.02407,  -0.01094,  -0.02670,  -0.00919,   0.02232,   0.08185,  -0.04246,   0.09060,  -0.08623,   0.07835,  -0.02320,   0.02057,  -0.07922,  -0.11424,   0.01532,  -0.08098,   0.05209,  -0.04421,   0.02582,  -0.05471,  -0.04071,  -0.05471,  -0.02495,  -0.02145,   0.01882,  -0.07572,  -0.01970,   0.01882,  -0.02495,  -0.05121,   0.00481,  -0.10023,   0.06434,  -0.10374,  -0.04071,  -0.05471,  -0.05646,   0.05034,   0.02407,  -0.07747,  -0.05822,   0.03983,   0.00481,  -0.03896,  -0.08973,   0.05034,  -0.08273,   0.03808,  -0.08448,   0.09411,   0.11512,   0.02407,   0.04158,   0.01707,  -0.02845,  -0.03195,   0.01707,  -0.00394,   0.07310,   0.05034,  -0.00919,  -0.02495,   0.09586,   0.01007,  -0.01620,  -0.05646,   0.03983,  -0.00219,  -0.03020,   0.05734,  -0.07047,  -0.02495,   0.04508,   0.01182,  -0.03896,  -0.03195,  -0.03020,  -0.01094,  -0.07047,   0.08885,   0.00131,  -0.05822,   0.02407,  -0.03896,  -0.04421,  -0.00044,  -0.05822,   0.01707,   0.02057,   0.09936,   0.00832,  -0.00569,   0.05559,  -0.05646,  -0.02145,   0.02232,  -0.04246,  -0.05121,  -0.01970,   0.01007,  -0.05822,  -0.02845,   0.08010,  -0.04246,  -0.02670,   0.10986,   0.03808,   0.03983,   0.03983,  -0.07222,   0.01007,  -0.00219,  -0.07922,   0.00832,   0.00481,  -0.02145,   0.07310,   0.02757,  -0.07047,  -0.07747,  -0.05121,   0.01007,   0.02407,   0.01007,  -0.08273,   0.01357,   0.12387,   0.08185,  -0.03721,  -0.02320,  -0.00394,  -0.01094,   0.02933,  -0.05296,  -0.00744,  -0.06872,  -0.01444,  -0.01094,   0.03633,   0.04508,   0.03808,  -0.01795,   0.02407,   0.00481,  -0.01620,   0.03808,  -0.08098,  -0.03370,   0.04683,   0.00481,   0.02407,  -0.07047,  -0.02845,  -0.00044,  -0.00744,   0.00306,   0.03108,  -0.05997,   0.05559,   0.00657,  -0.11599,   0.04858,   0.05559,  -0.00394,  -0.00394,  -0.05822,   0.01182,  -0.02145,   0.06784,   0.07310,   0.01532,  -0.04246,   0.04333,  -0.05646,   0.04333,   0.00481,   0.10986,  -0.00919,  -0.05997,  -0.02320,   0.07310,  -0.00219,  -0.02670,  -0.04596,  -0.03896,   0.05034,   0.03633,  -0.01444,   0.04158,  -0.04596,  -0.10374,  -0.13525,   0.11336,   0.06084,  -0.00394,  -0.04771,   0.01007,   0.04683,  -0.01795,   0.03983,  -0.01620,   0.05384,  -0.07572,   0.04508,   0.02757,  -0.00919,  -0.05997,   0.07835,   0.05034,  -0.08623,  -0.04771,   0.02757,   0.02057,   0.07660,  -0.00044,  -0.04596,   0.04158,  -0.01269,   0.01882,   0.03983,   0.04683,  -0.02145,   0.08710,  -0.03370,  -0.01795,  -0.04946,  -0.03195,   0.11862,   0.02582,  -0.08098,  -0.00569,   0.05384,   0.01882,   0.03283,  -0.04071,  -0.11424,   0.04683,  -0.03721,   0.08710,   0.01357,   0.05909,  -0.01970,  -0.00744,  -0.07572,   0.01882,   0.02933,   0.06959,   0.08710,   0.01532,  -0.01795,  -0.07572,  -0.02670,  -0.00219,  -0.03896,  -0.01970,   0.02407,   0.07835,  -0.00394,   0.02407,   0.01182,   0.07310,  -0.02670,  -0.00044,   0.11687,  -0.07572,   0.03458,  -0.04246,   0.06959,  -0.07922,  -0.16326,   0.01532,  -0.07397,  -0.10899,  -0.12300,   0.04508,  -0.01795,   0.01007,   0.03108,  -0.00394,  -0.01444,  -0.03370,   0.01007,  -0.00394,   0.08710,  -0.11424,   0.00832,   0.05384,   0.04858,   0.03283,  -0.04246,   0.02407,   0.06959,  -0.03896,  -0.02495,  -0.00744,  -0.03370,   0.04508,  -0.00569,  -0.01094,  -0.01094,  -0.01444,   0.00832,   0.01007,   0.04858,   0.02933,  -0.08098,  -0.00394,   0.06959,   0.02582,   0.13087,   0.03633,   0.01882,  -0.03020,   0.04858,  -0.04946,  -0.03545,   0.03108,  -0.01795,   0.05559,   0.07660,  -0.04596,  -0.09148,   0.06434,   0.09761,   0.05209,   0.01007,   0.13788,   0.06084,  -0.09848,  -0.00744,  -0.09673,   0.03983,  -0.00744,   0.06609,  -0.02145,   0.02582,  -0.02495,  -0.02320,  -0.04771,   0.05559,   0.07835,  -0.04071,   0.00832,   0.07310,   0.00657,   0.02232,   0.03808,  -0.05471,  -0.02495,  -0.02670,   0.06434,   0.00131,  -0.09848,   0.04508,  -0.00919,   0.03808,  -0.04596,   0.06434,   0.00657,  -0.04946,   0.02757,   0.00657,   0.08360,   0.11161,  -0.00394,  -0.09148,   0.02933,  -0.04421,   0.03458,  -0.01444,   0.05384,   0.01707,   0.09235,   0.05209,   0.04158,  -0.05997,  -0.02145,  -0.03370,  -0.00394,   0.05209,  -0.00219,   0.11862,  -0.07922,  -0.03721,  -0.08098,  -0.05997,   0.02057,  -0.04246,  -0.03545,   0.10461,  -0.01094,   0.07135,   0.10636,  -0.01444,   0.01882,  -0.03195,  -0.00744,   0.01182,  -0.01970,   0.01357,  -0.02320,   0.00306,  -0.02845,  -0.04071,   0.01007,   0.03458,  -0.01269,   0.02933,   0.10461,   0.05384,  -0.05822,   0.07660,  -0.03370,  -0.04246,   0.01007,  -0.01620,  -0.04771,   0.13087,   0.03458,   0.02407,   0.06959,   0.03283,  -0.01444,   0.05209,  -0.08098,   0.15188,   0.02582,   0.01707,  -0.01444,  -0.01094,  -0.01620,  -0.02670,   0.03108,  -0.01269,  -0.01970,  -0.02145,  -0.06347,   0.02232,   0.06084,  -0.00569,   0.05734,   0.05384,  -0.01094,  -0.03545,   0.07310,   0.02407,   0.03633,  -0.04596,   0.00832,   0.04333,  -0.00219,  -0.01620,  -0.03545,   0.05384,  -0.07922,  -0.00569,   0.02232,   0.02582,  -0.01795,   0.02933,   0.02757,  -0.06522,  -0.00394,  -0.01970,  -0.00744,   0.05384,   0.01357,  -0.08273,  -0.00044,   0.03808,  -0.05997,   0.02757,  -0.05471,   0.09060,   0.03283,  -0.07747,  -0.00044,  -0.01444,  -0.07922,   0.03458,  -0.04071,   0.00657,   0.02933,  -0.03195,   0.03983,   0.08535,   0.01007,   0.06784,  -0.03896,   0.04333,  -0.02320,   0.00832,   0.04858,  -0.00919,  -0.06872,  -0.02670,   0.01707,  -0.02320,   0.03283,   0.04683,   0.00306,  -0.00394,   0.00131,   0.02757,   0.04333,  -0.04421,  -0.01795,  -0.03020,   0.01007,  -0.03020,  -0.03721,  -0.06697,  -0.01269,  -0.02845,  -0.02495,  -0.04246,   0.02933,  -0.07047,   0.00131,  -0.02320,   0.00481,   0.04333,   0.07310,  -0.01269,  -0.07047,  -0.02495,   0.03283,  -0.09323,   0.01707,   0.00832,   0.00131,  -0.06522,  -0.00569,  -0.08448,  -0.01795,  -0.05822,   0.02933,  -0.00919,  -0.08098,  -0.04771,   0.01882,  -0.01620,  -0.04071,   0.02057,  -0.01795,   0.00306,  -0.03195,  -0.02670,   0.01182,   0.05034,  -0.06347,  -0.04596,  -0.01269,  -0.05646,  -0.01444,  -0.00569,   0.04333,   0.02232,   0.01007,   0.01007,  -0.03721,   0.05209,  -0.03370,   0.13087,   0.08010,   0.03108,   0.07835,   0.01532,   0.09235,   0.01007,  -0.03370,   0.04683,  -0.06697,  -0.01795,   0.02232,  -0.05646,   0.13788,   0.01182,  -0.09323,   0.00306,  -0.06172,   0.06959,   0.07660,  -0.05822,  -0.03721,  -0.00744,  -0.03020,   0.11512,  -0.09148,  -0.02845,  -0.05296,  -0.08098,  -0.04421,   0.05734,  -0.02495,  -0.05997,  -0.01620,   0.01532,  -0.09323,   0.00657,   0.01182,  -0.04071,  -0.02670,  -0.00394,   0.01007,   0.00131,  -0.01795,  -0.03721,   0.06959,   0.07135,  -0.06522,   0.02057,  -0.00919,  -0.03896,  -0.04246,   0.00306,  -0.03020,   0.10286,   0.02407,   0.06434,  -0.04596,   0.02582,  -0.00919,   0.00481,   0.04333,   0.00832,   0.00131,  -0.12825,  -0.02320,   0.01007,  -0.04946,   0.00131,  -0.05822,  -0.02495,  -0.03020,  -0.00569,  -0.05471,  -0.00919,  -0.00044,  -0.05471,  -0.08798,  -0.04421,  -0.02845,   0.03983,  -0.04771,   0.00657,   0.02407,   0.02757,   0.04508,   0.08710,   0.10811,   0.06084,  -0.05471,   0.10111,  -0.05471,   0.01532,   0.01007,   0.01707,   0.03458,  -0.02495,   0.08360,  -0.07047,  -0.05646,  -0.05296,  -0.02320,   0.04158,   0.01007,  -0.01444,  -0.05822,   0.13087,  -0.06697,  -0.03195,  -0.00219,  -0.09673,  -0.02320,  -0.04771,   0.00832,   0.01532,  -0.03896,  -0.00569,  -0.01444,   0.00481,  -0.07747,  -0.04246,   0.05734,  -0.01094,  -0.06872,  -0.07572,  -0.04421,  -0.05296,  -0.01620,   0.05734,   0.01182,   0.00657,  -0.04421,   0.08535,  -0.03370,  -0.00219,  -0.03721,  -0.07572,  -0.00044,   0.01707,  -0.05822,  -0.00919,  -0.01444,   0.03283,   0.03808,   0.04158,   0.01007,   0.13788,  -0.02145,   0.03633,   0.00832,   0.03283,   0.08360,   0.10986,  -0.08098,  -0.02670,  -0.02145,   0.03108,   0.01007,   0.01707,  -0.03195,   0.02757,  -0.02670,  -0.00919,  -0.05471,  -0.00744,  -0.08448,   0.02232,  -0.04071,   0.04858,   0.03633,  -0.07747,  -0.00919,   0.02757,   0.00832,  -0.07572,  -0.03020,  -0.01795,   0.04683,  -0.02145,   0.03283,  -0.03896,  -0.00394,  -0.02495,   0.04858,   0.07485,   0.01882,   0.01007,  -0.00569,   0.06609,   0.01007,  -0.07572,  -0.08973,  -0.00219,   0.03283,   0.01182,   0.03108,   0.08360,  -0.01444,   0.00131,  -0.02670,   0.02582,   0.04158,   0.00131,  -0.00919,   0.01882,   0.02582,  -0.00919,   0.06959,  -0.02495,   0.02057,   0.05034,  -0.03370,   0.00306,  -0.01269,   0.04158,  -0.09498,   0.06609,  -0.01970,   0.03633,  -0.00919,  -0.02845,  -0.00569,   0.05209,   0.03808,   0.00832,  -0.02320,   0.02757,  -0.01094,   0.07660,  -0.04421,   0.06434,   0.09411,   0.03808,  -0.04771,  -0.01620,  -0.00569,  -0.02845,  -0.03195,  -0.02670,   0.04508,   0.05034,  -0.01620,  -0.07922,   0.01532,   0.02407,   0.03983,  -0.01269,  -0.06872,   0.04683,   0.00832,   0.00131,   0.01882,  -0.03020,  -0.05471,  -0.05646,   0.02057,  -0.00569,  -0.00394,  -0.04421,   0.03283,   0.07835,   0.04158,  -0.02670,  -0.03545,  -0.05121,   0.00832,  -0.08798,  -0.01620,   0.08185,   0.15714,  -0.05997,   0.02407,   0.10986,  -0.04771,  -0.03195,   0.04158,   0.13437,   0.01532,   0.05209,   0.06259,  -0.01795,  -0.01970,   0.00481,  -0.01970,  -0.04071,  -0.00044,  -0.03896,   0.03283,  -0.01795,  -0.02845,   0.05734,   0.00657,   0.02933,  -0.01269,  -0.09848,  -0.03721,   0.01707,  -0.00919,   0.04158,   0.01357,   0.07135,   0.00481,   0.00832,   0.00131,  -0.06347,  -0.03721,   0.00306,  -0.01970,   0.00306,   0.04158,   0.04333,  -0.03370,   0.02407,  -0.04071,  -0.03020,   0.05384,   0.02232,   0.04158,  -0.05822,  -0.06697,  -0.00394,   0.09586,  -0.01620,   0.00131,   0.03283,  -0.02670,  -0.01094,  -0.03545,  -0.09323,  -0.02670,   0.00131,  -0.03020,  -0.05296,   0.02232,  -0.02670,  -0.04596,  -0.03545,  -0.03721,  -0.06172,   0.04333,   0.02407,   0.02057,   0.00481,   0.07485,   0.02582,  -0.07922,  -0.00569,  -0.08973,   0.00832,  -0.08798,   0.01532,   0.05734,   0.06609,   0.02933,   0.12212,   0.04158,  -0.01620,   0.05384,   0.02757,  -0.02320,  -0.00394,  -0.00744,  -0.05471,  -0.08273,  -0.01269,  -0.08623,  -0.03896,  -0.05121,  -0.09323,   0.04158,  -0.06172,   0.07660,   0.00481,  -0.03020,  -0.05121,  -0.08273,   0.00131,  -0.08098,  -0.01620,  -0.07572,   0.04333,  -0.04246,   0.03983,   0.05559,  -0.00394,  -0.07397,  -0.03195,   0.00306,   0.01007,  -0.05121,  -0.02495,   0.02407,   0.07135,  -0.04246,   0.04508
  -0.00394,   0.00481,   0.01182,   0.05209,   0.01707,  -0.00744,   0.01532,  -0.03370,  -0.08973,   0.01182,   0.01532,   0.02933,   0.03283,   0.03283,  -0.00394,  -0.00044,   0.07660,  -0.01444,   0.07660,   0.00832,  -0.03896,  -0.03545,   0.01882,  -0.00044,   0.01532,  -0.01444,  -0.09673,   0.01182,   0.02232,   0.02057,   0.00657,   0.01707,   0.08360,  -0.01269,  -0.04771,   0.01532,   0.07835,   0.01882,   0.02232,  -0.04946,  -0.06697,   0.06084,  -0.07572,   0.02057,  -0.01970,  -0.04771,  -0.01795,  -0.01269,   0.00131,  -0.01795,  -0.02845,   0.02232,  -0.02845,  -0.04946,   0.07310,  -0.03370,   0.01532,  -0.03545,   0.00306,   0.01532,  -0.08448,  -0.06872,  -0.04946,   0.03283,  -0.00919,   0.02757,   0.01357,  -0.07572,  -0.03370,  -0.03370,  -0.01269,   0.04683,   0.08360,  -0.01620,   0.02407,   0.04333,   0.00657,  -0.02495,  -0.00569,  -0.00919,   0.02582,  -0.02495,  -0.06347,   0.03808,   0.01357,   0.06434,   0.03283,   0.01707,  -0.00744,  -0.06522,   0.03808,   0.01707,   0.01182,  -0.04946,   0.05384,  -0.03370,   0.01532,  -0.03370,   0.04508,  -0.07572,  -0.07222,  -0.07922,   0.00306,  -0.01795,  -0.03896,   0.01532,   0.00832,   0.07485,   0.01007,   0.05734,  -0.03020,  -0.00394,   0.04508,  -0.08623,  -0.05822,   0.03633,  -0.05822,   0.00657,  -0.02320,  -0.00219,   0.03283,   0.04683,   0.02582,  -0.00219,  -0.01444,  -0.03896,  -0.04421,  -0.06697,   0.02582,  -0.00744,  -0.05822,  -0.05646,  -0.04596,   0.10986,   0.00131,  -0.00394,  -0.00219,  -0.10724,   0.01707,  -0.05471,   0.01882,   0.00657,   0.00657,   0.06084,  -0.06522,  -0.04246,  -0.01444,  -0.01970,   0.06259,   0.01882,   0.03108,  -0.01269,  -0.04771,   0.01532,   0.09060,   0.08185,  -0.01620,  -0.00044,   0.05909,   0.02933,  -0.02670,  -0.06347,   0.00131,  -0.03195,  -0.01094,  -0.05997,   0.00131,  -0.03370,   0.03983,  -0.03721,  -0.01620,   0.00832,  -0.04946,  -0.02845,  -0.02845,  -0.00394,   0.07310,   0.03108,   0.01357,   0.05034,  -0.05471,  -0.02320,   0.02933,   0.03283,   0.03283,  -0.05646,   0.05909,  -0.01269,   0.00306,   0.03458,  -0.00744,   0.00131,  -0.00569,  -0.00919,   0.00657,   0.02057,   0.01182,   0.00657,  -0.03721,   0.02407,  -0.02145,  -0.08798,   0.00481,   0.02057,   0.03283,  -0.03195,  -0.03195,   0.02057,  -0.04246,   0.02582,  -0.03020,  -0.04421,   0.02057,  -0.00219,  -0.03370,  -0.08798,   0.06959,   0.04333,   0.02232,  -0.00569,   0.02582,  -0.05997,  -0.02145,   0.01707,   0.01882,   0.01882,  -0.00219,   0.02933,   0.00131,   0.06259,   0.03108,   0.00131,   0.05559,   0.02757,  -0.07047,  -0.03721,   0.01007,  -0.02670,   0.04858,   0.01707,  -0.07922,  -0.02670,  -0.02320,   0.04858,  -0.01094,  -0.01094,  -0.00744,   0.08360,   0.01357,  -0.02145,  -0.02845,   0.05734,   0.04858,  -0.02495,   0.03283,   0.03458,   0.03983,  -0.00919,  -0.01795,  -0.05471,   0.08010,  -0.03896,  -0.00569,   0.06084,  -0.03721,   0.04158,   0.00306,   0.00657,   0.12037,  -0.07397,   0.00131,  -0.08798,   0.04683,  -0.02845,   0.03108,  -0.04246,   0.01882,  -0.02670,  -0.02145,   0.01882,  -0.10549,   0.00131,   0.06084,  -0.00394,  -0.06172,  -0.00044,  -0.01269,   0.02407,   0.00832,  -0.06522,  -0.11074,  -0.04596,  -0.00569,   0.03108,  -0.08273,   0.00306,   0.03808,  -0.02845,  -0.00744,   0.03808,  -0.00394,  -0.09148,  -0.03195,   0.04683,   0.03808,  -0.02495,  -0.06697,  -0.00044,   0.05734,   0.03108,   0.04508,  -0.02845,   0.02232,   0.07310,  -0.05822,   0.02232,   0.03283,  -0.02145,  -0.01970,  -0.02670,   0.00832,   0.01882,  -0.02670,   0.00131,  -0.01269,  -0.05822,  -0.02495,   0.06959,  -0.03896,   0.03983,  -0.00744,   0.04683,  -0.02845,   0.00306,  -0.00919,  -0.01094,   0.01007,   0.05734,   0.00306,  -0.01094,   0.04158,  -0.04596,  -0.04946,  -0.02495,   0.00306,  -0.04771,  -0.01094,   0.00131,  -0.01269,  -0.00044,   0.05559,  -0.01444,  -0.02670,  -0.02670,   0.03108,  -0.02495,  -0.00569,  -0.00044,  -0.01444,  -0.03020,   0.00832,  -0.00919,  -0.00394,  -0.07572,  -0.02845,  -0.00919,   0.01182,  -0.01444,  -0.03370,   0.03633,   0.04683,   0.02582,  -0.01970,  -0.01444,   0.01882,  -0.02320,   0.01007,  -0.05121,   0.00481,  -0.07922,  -0.01269,   0.03108,  -0.05471,  -0.02320,  -0.01269,  -0.07222,  -0.03545,  -0.07747,   0.05209,  -0.01795,   0.06784,  -0.09148,   0.00306,  -0.02670,  -0.03721,  -0.01620,   0.03283,   0.02232,   0.04158,  -0.04246,   0.00657,   0.01007,  -0.00569,   0.05034,   0.06434,   0.01182,  -0.02495,  -0.06522,   0.11862,   0.02232,   0.09411,  -0.04421,   0.02407,   0.03633,  -0.00744,  -0.00394,   0.07135,   0.02057,   0.01532,   0.04158,  -0.03545,  -0.01269,  -0.03721,   0.06259,   0.01707,  -0.01620,  -0.00219,  -0.04946,  -0.05121,   0.00481,  -0.02145,  -0.04946,  -0.00569,   0.00657,  -0.04421,   0.01707,  -0.07397,  -0.02670,   0.09761,  -0.02495,   0.03283,   0.00832,  -0.02670,  -0.01444,  -0.04771,   0.01532,   0.03108,  -0.04771,   0.01182,   0.00306,  -0.04946,   0.01707,   0.04858,   0.01882,   0.01357,   0.01357,   0.04508,  -0.04596,   0.00481,  -0.00219,  -0.05471,  -0.08798,   0.06259,  -0.01620,   0.06434,   0.06084,   0.00832,   0.00657,   0.06084,  -0.02495,  -0.03896,  -0.00044,   0.05909,   0.01182,  -0.00919,  -0.06697,  -0.00219,  -0.02320,   0.00657,  -0.04246,   0.01532,  -0.01620,  -0.03721,   0.01357,   0.05384,  -0.00044,   0.02582,  -0.02145,  -0.00219,  -0.08798,   0.03983,  -0.01444,  -0.00394,   0.00306,   0.02933,   0.03108,   0.05384,   0.16239,   0.06084,   0.00306,   0.03808,  -0.00744,   0.03458,  -0.02145,   0.03983,  -0.00919,  -0.02670,   0.02057,  -0.03020,   0.00131,  -0.02320,  -0.10724,   0.01182,   0.02933,   0.06084,   0.06259,  -0.02145,   0.03458,  -0.04071,   0.00657,  -0.05121,  -0.01094,  -0.02320,   0.02057,  -0.00044,   0.00306,   0.04683,  -0.07747,   0.01882,  -0.01620,   0.00481,  -0.02670,  -0.05997,   0.00832,  -0.07222,  -0.01970,   0.06609,   0.06434,   0.05384,  -0.01620,  -0.07047,  -0.07397,  -0.02145,  -0.02845,  -0.07397,  -0.06172,   0.00832,   0.00131,  -0.06347,  -0.01269,  -0.04071,   0.01357,   0.01007,  -0.02670,  -0.05822,  -0.02845,   0.00657,   0.05034,  -0.03896,  -0.09323,  -0.05471,  -0.04596,  -0.05471,   0.01007,   0.01007,  -0.05646,   0.00832,  -0.01094,   0.01532,   0.00657,   0.00306,   0.03633,  -0.08798,   0.01182,   0.01007,   0.06609,   0.01357,  -0.00219,   0.10111,   0.02057,  -0.00919,  -0.00919,  -0.06347,  -0.08448,  -0.02495,   0.04858,  -0.05646,  -0.03195,   0.00131,   0.00306,  -0.05646,  -0.04596,  -0.03545,  -0.02495,  -0.01269,   0.00657,  -0.01444,   0.03633,   0.02933,  -0.03545,  -0.00044,  -0.05471,   0.07310,   0.01532,   0.03633,  -0.03195,  -0.00394,   0.04158,  -0.04421,  -0.00044,   0.06259,   0.01007,  -0.08098,   0.01882,   0.04158,  -0.06697,  -0.02145,  -0.03896,   0.00481,  -0.01795,   0.03283,  -0.03721,   0.00832,  -0.01094,  -0.01269,   0.02407,  -0.02320,   0.05734,   0.02933,   0.01007,  -0.03545,   0.05209,   0.02407,   0.03633,   0.00657,   0.04683,   0.11862,   0.00832,  -0.01970,  -0.07922,   0.04158,   0.03808,   0.00832,   0.07835,  -0.02320,   0.07660,   0.02407,  -0.01269,  -0.05822,  -0.03020,  -0.03545,   0.02933,   0.01182,   0.02407,   0.01707,   0.03983,  -0.00394,  -0.01795,  -0.01444,  -0.03370,   0.06959,   0.02582,   0.01007,   0.02232,   0.03283,  -0.00744,  -0.05471,  -0.02145,  -0.01444,  -0.02320,   0.02933,   0.01007,  -0.01094,  -0.02145,  -0.06347,  -0.01269,  -0.04071,   0.00657,   0.01357,   0.01182,  -0.00744,  -0.01970,  -0.06872,   0.00306,  -0.01795,   0.00131,   0.01007,  -0.04771,   0.02582,  -0.04946,   0.13788,   0.04858,  -0.11949,  -0.00219,  -0.01795,  -0.03020,   0.01357,  -0.02670,  -0.00394,   0.04683,   0.01182,   0.01532,  -0.01094,   0.03108,  -0.02320,  -0.00394,   0.05034,   0.11161,  -0.02495,   0.03458,  -0.04071,  -0.01795,  -0.01269,   0.03458,  -0.04946,  -0.04771,  -0.00219,  -0.03020,  -0.11074,   0.03983,   0.02933,  -0.02495,  -0.04246,  -0.06697,  -0.05997,  -0.04071,  -0.08798,  -0.02320,  -0.05296,  -0.06522,  -0.03195,   0.01532,   0.03633,   0.01882,  -0.03020,   0.03283,  -0.03896,  -0.02845,  -0.09848,   0.10986,   0.02933,  -0.00919,  -0.00394,   0.06434,   0.03458,  -0.05121,   0.00306,  -0.05296,   0.02757,   0.02232,  -0.08448,   0.03633,  -0.01620,   0.00131,  -0.03020,   0.00481,   0.02057,   0.00131,  -0.03020,   0.03808,   0.00657,   0.02582,   0.00832,   0.01707,   0.00481,  -0.00394,  -0.07222,   0.05384,  -0.04246,  -0.02845,  -0.02495,   0.04333,   0.09411,   0.02757,   0.03983,   0.06259,   0.01007,   0.03633,   0.08710,   0.02057,   0.05209,   0.01882,   0.04683,  -0.02845,   0.10286,   0.02407,  -0.00569,  -0.04771,  -0.02845,  -0.00744,   0.03633,   0.02407,   0.05209,   0.03808,  -0.01620,  -0.00744,  -0.03370,   0.03808,   0.07135,   0.03108,  -0.05822,  -0.05121,  -0.08623,   0.01182,   0.01882,   0.01357,   0.06959,  -0.02670,   0.00832,   0.00481,  -0.00744,   0.01707,   0.01707,  -0.04946,  -0.05997,  -0.01795,   0.08010,  -0.04246,  -0.05121,  -0.01444,   0.03283,  -0.00569,  -0.08448,   0.09936,   0.00832,  -0.03195,   0.10286,  -0.02845,   0.06784,   0.03458,  -0.03020,   0.03108,   0.07485,   0.00131,   0.01532,   0.02057,   0.01357,  -0.01444,   0.01532,   0.02933,   0.09586,   0.00306,   0.00657,  -0.08623,  -0.01269,   0.00481,   0.04683,  -0.00394,   0.01532,   0.06259,  -0.00044,   0.09586,  -0.03195,   0.07135,   0.01357,   0.09060,  -0.01970,  -0.03370,  -0.01620,  -0.00919,   0.01357,   0.03458,  -0.01970,   0.00832,   0.00832,   0.02407,   0.03633,  -0.00744,   0.01882,   0.02407,  -0.01620,   0.02582,  -0.02495,   0.04683,   0.05384,   0.08885,  -0.02145,   0.05034,  -0.03721,   0.02757,  -0.04246,  -0.05646,   0.02232,   0.00657,  -0.03370,  -0.02145,   0.02057,  -0.05646,   0.05734,   0.06259,   0.03983,  -0.00569,  -0.04246,   0.01532,   0.09411,   0.02057,  -0.01444,   0.00306,   0.03458,  -0.03020,   0.02057,   0.00131,   0.03983,  -0.01269,  -0.04596,   0.07835,   0.03108,  -0.02495,  -0.03545,   0.00131,   0.05209,  -0.00394,   0.05034,  -0.00044,   0.03808,   0.00832,  -0.01094,   0.04858,   0.06434,  -0.00219,  -0.02495,   0.03108,  -0.07572,  -0.01094,   0.05034,  -0.08623,   0.06784,   0.01532,   0.00481,   0.01532,   0.03283,   0.01182,   0.02933,   0.00832,  -0.03545,  -0.03896,  -0.04071,  -0.00744,   0.04158,   0.03983,  -0.00219,   0.01007,   0.02582,   0.02757,   0.03808,  -0.02495,  -0.03370,   0.05384,   0.02933,   0.06609,   0.01007,   0.01882,   0.06259,  -0.01444,   0.09761,  -0.00919,  -0.00044,   0.00657,   0.04508,   0.02407,   0.04158,  -0.03370,  -0.01094,   0.00832,   0.09411,  -0.04421,  -0.06697,   0.06784,  -0.03896,   0.00131,   0.00481,   0.08360,  -0.00919,   0.01007,  -0.01620,  -0.06347,   0.01182,  -0.06522,  -0.02145,   0.00131,   0.04683,   0.03983,   0.02232,  -0.04421,   0.12562,  -0.03370,   0.07310,  -0.05471,   0.02933,  -0.01620,  -0.00044,   0.06784,   0.02582,  -0.02320,  -0.03896,  -0.00569,   0.10636,  -0.04246,  -0.09323,   0.02582,   0.03458,  -0.01795,  -0.02670,  -0.05646,   0.02582,  -0.03896,  -0.01620,  -0.02145,  -0.00569,   0.05034,  -0.01094,  -0.01444,  -0.03545,  -0.08973,   0.00306,   0.04858,   0.01007,  -0.00919,   0.02757,   0.01707,  -0.03370,  -0.04421,   0.02582,  -0.05997
   0.02933,   0.09060,   0.00657,  -0.00219,  -0.05822,   0.07660,  -0.09673,   0.02582,  -0.03545,   0.03283,  -0.03370,  -0.04596,  -0.04071,   0.04683,   0.03983,  -0.05822,  -0.03896,  -0.08448,  -0.01620,   0.03108,  -0.08623,   0.04508,   0.02757,  -0.00044,   0.05034,   0.01007,   0.00657,  -0.02320,   0.03808,  -0.02495,  -0.02670,  -0.04771,  -0.10023,  -0.02145,   0.04508,   0.08010,  -0.01094,  -0.04246,   0.03108,   0.03633,   0.05034,  -0.01620,   0.00481,  -0.04421,   0.03633,   0.03633,   0.00131,  -0.03896,   0.04333,   0.02757,  -0.03545,   0.01882,   0.08185,   0.01357,  -0.05646,   0.01532,   0.00657,   0.08185,  -0.06522,  -0.04596,  -0.01444,  -0.00919,  -0.02495,   0.02933,  -0.05646,  -0.05822,   0.05209,   0.05209,   0.02057,  -0.06172,  -0.06697,  -0.00919,  -0.01620,  -0.00219,  -0.01620,   0.02057,   0.01707,   0.08185,  -0.04246,  -0.02670,  -0.07047,   0.02232,  -0.04771,   0.02232,   0.00657,  -0.09148,   0.03283,   0.05734,   0.02232,  -0.01094,   0.00481,  -0.01795,  -0.02320,  -0.05296,  -0.00394,   0.00306,  -0.01620,  -0.03370,   0.00657,   0.04333,  -0.00219,  -0.04771,   0.06084,  -0.00919,  -0.04946,   0.02757,   0.05384,  -0.03020,   0.08010,   0.02232,  -0.00744,   0.09235,   0.02933,  -0.03896,  -0.05822,   0.03283,  -0.02320,   0.02232,   0.01007,  -0.02495,   0.00657,   0.04508,  -0.02495,   0.00832,   0.01357,  -0.03896,   0.00306,  -0.01795,   0.00481,  -0.03195,   0.04333,  -0.10724,   0.02057,  -0.00744,  -0.00569,  -0.09148,  -0.01094,   0.02407,  -0.00569,   0.03808,  -0.05471,  -0.04246,   0.05909,  -0.01970,   0.00131,   0.03983,  -0.00394,   0.08885,  -0.01970,   0.01707,  -0.07397,  -0.03020,  -0.03545,   0.02582,  -0.00569,  -0.03896,   0.01007,  -0.00919,   0.00306,  -0.07397,  -0.02670,   0.00481,   0.10986,   0.06259,   0.07835,   0.05384,   0.01182,  -0.02845,  -0.02320,   0.01707,   0.00657,  -0.01970,   0.02232,  -0.00394,   0.02057,  -0.02145,   0.01882,   0.08535,   0.04333,   0.09060,   0.01007,   0.01007,  -0.01094,  -0.01795,   0.01532,   0.03633,  -0.00744,  -0.08098,  -0.02495,  -0.02320,   0.01882,   0.01882,   0.02407,   0.05909,  -0.04596,   0.04858,  -0.02845,  -0.11249,   0.02757,   0.00131,   0.10286,  -0.05646,  -0.01094,  -0.04596,   0.09936,  -0.02145,  -0.00744,  -0.06347,  -0.05471,  -0.02495,  -0.10023,  -0.04421,   0.07135,  -0.04596,   0.00306,  -0.03020,   0.09586,  -0.03721,  -0.05296,  -0.03195,  -0.00219,  -0.02670,  -0.01795,  -0.08973,  -0.01444,  -0.01444,   0.00306,   0.03808,   0.06259,  -0.04596,   0.05384,   0.00657,  -0.03370,  -0.04246,  -0.03370,  -0.00744,  -0.08973,   0.08710,  -0.05822,  -0.01620,   0.01182,  -0.01444,   0.04158,  -0.05646,   0.05034,  -0.01620,   0.03108,   0.02057,  -0.01269,  -0.00219,  -0.06872,   0.04333,  -0.04246,   0.10636,   0.03283,  -0.05997,   0.03808,   0.01707,   0.00131,  -0.07747,  -0.03020,   0.01707,   0.01707,  -0.02670,   0.02933,  -0.00044,  -0.02495,   0.02582,   0.05384,  -0.00919,   0.02757,   0.03108,  -0.06172,  -0.01269,   0.05034,  -0.02670,   0.04683,  -0.01094,  -0.01620,   0.05209,  -0.01269,   0.02582,  -0.00919,   0.03633,  -0.01269,   0.03283,   0.02582,   0.05034,  -0.02670,   0.05909,   0.02232,  -0.03721,   0.04508,  -0.00219,  -0.02495,  -0.01269,   0.08185,   0.06434,  -0.01444,   0.03458,  -0.00044,  -0.05471,   0.05034,   0.02232,  -0.01094,   0.08185,  -0.04946,   0.03983,  -0.02320,   0.02933,  -0.01620,  -0.05646,   0.01007,   0.05909,  -0.01444,   0.07135,  -0.01970,   0.04333,   0.05909,  -0.01444,  -0.05296,   0.02582,   0.00657,  -0.03020,  -0.00569,  -0.00569,   0.04683,   0.00481,   0.10986,   0.02757,   0.02582,   0.05909,   0.02232,   0.09411,  -0.05296,  -0.04246,  -0.00219,  -0.02145,   0.02232,   0.03808,   0.03808,   0.02582,   0.00832,   0.02582,  -0.07397,   0.02933,   0.05209,   0.12912,  -0.03545,   0.02757,   0.00657,  -0.01970,  -0.05997,   0.00306,   0.07660,  -0.00919,   0.01882,  -0.03545,   0.05909,  -0.00744,   0.00481,   0.01532,   0.06084,   0.01707,  -0.15276,  -0.04946,   0.04683,  -0.08273,   0.00481,  -0.01970,   0.04508,   0.00481,   0.04683,   0.05909,  -0.00569,  -0.00394,  -0.00744,  -0.12475,  -0.04071,   0.03283,   0.00657,   0.01007,   0.01882,  -0.07572,   0.00832,   0.03983,   0.03108,   0.08885,   0.06609,  -0.01795,   0.06434,   0.04333,  -0.02670,  -0.01269,  -0.03020,  -0.09673,   0.07660,   0.07310,  -0.00744,  -0.01094,  -0.03896,   0.03283,  -0.10549,   0.05734,  -0.03721,  -0.00744,  -0.05997,  -0.02495,   0.04508,   0.10111,   0.04158,  -0.03020,   0.09060,   0.00832,   0.13087,   0.00657,   0.00832,   0.01707,  -0.01269,   0.07485,  -0.06347,  -0.07047,  -0.06697,   0.02407,   0.03633,   0.04333,   0.08710,   0.01532,  -0.05646,  -0.03721,  -0.04771,   0.05734,   0.04858,  -0.01620,  -0.10549,  -0.01269,  -0.03545,  -0.04596,  -0.09498,   0.02232,  -0.01444,  -0.00569,  -0.00394,  -0.04071,   0.02232,   0.00832,   0.02757,  -0.00919,  -0.03545,   0.09936,  -0.04946,   0.11161,  -0.01620,  -0.00919,  -0.01795,  -0.10199,   0.03108,  -0.07047,   0.01707,  -0.07922,  -0.00219,  -0.04071,   0.02232,   0.03808,  -0.05296,  -0.04946,   0.02582,  -0.03020,   0.05384,  -0.06872,  -0.00919,   0.01882,  -0.04596,   0.06959,  -0.00744,  -0.00044,   0.02057,   0.04333,  -0.03195,   0.06784,  -0.03195,   0.08360,  -0.02845,  -0.04421,   0.01707,   0.05209,   0.00832,   0.04333,  -0.06522,   0.06609,   0.00481,   0.08360,   0.08535,   0.01182,  -0.04946,   0.01882,  -0.00044,   0.02757,  -0.02145,  -0.09148,  -0.00219,  -0.01269,   0.02933,  -0.05121,  -0.07747,   0.02582,   0.00306,   0.03983,  -0.05296,   0.00832,   0.04158,   0.01007,  -0.01094,   0.01532,   0.06259,  -0.00394,  -0.04071,  -0.05997,   0.01532,   0.00832,   0.00481,  -0.02845,  -0.04421,  -0.01444,   0.00832,  -0.06522,  -0.01620,   0.00481,   0.05559,   0.00131,   0.02232,  -0.00919,   0.05209,   0.00657,  -0.03721,   0.03108,   0.00131,  -0.05121,   0.03983,  -0.03545,   0.01532,   0.03283,  -0.01970,   0.00131,  -0.00044,  -0.02845,   0.00306,  -0.05997,  -0.04246,  -0.01094,  -0.03545,   0.12037,   0.04683,  -0.02145,   0.02757,   0.00481,  -0.03721,   0.07310,  -0.01795,  -0.03896,  -0.06172,  -0.06347,   0.00131,   0.05559,  -0.01795,   0.04858,   0.03108,   0.00657,   0.02582,  -0.01620,  -0.05471,  -0.00394,  -0.04246,  -0.10374,  -0.08273,  -0.04071,  -0.00919,   0.05909,   0.05209,   0.00481,   0.03983,   0.10636,  -0.02495,  -0.01094,   0.01707,   0.03983,   0.01532,   0.01357,   0.09235,   0.00481,   0.01707,  -0.00219,   0.05034,   0.03633,  -0.06522,   0.02232,  -0.00919,   0.02232,   0.01882,  -0.01269,  -0.04771,   0.11336,   0.09411,   0.02057,  -0.01620,   0.07310,  -0.04771,  -0.05822,   0.01182,   0.03458,   0.01707,  -0.03545,  -0.01620,   0.10986,  -0.03370,   0.00481,  -0.04246,   0.00481,   0.02407,   0.01357,  -0.03370,   0.00306,   0.01882,  -0.02845,   0.01882,   0.01357,  -0.01094,   0.00657,  -0.09148,   0.11336,   0.01182,   0.04683,   0.06959,   0.06784,  -0.00394,  -0.01094,   0.01007,  -0.01970,  -0.00394,   0.04158,   0.06084,   0.05209,   0.01007,   0.01882,  -0.07397,  -0.04246,   0.04858,  -0.00744,   0.00481,   0.12912,   0.00481,  -0.00744,   0.00481,   0.00131,  -0.04421,  -0.03195,  -0.06172,   0.06609,  -0.03020,  -0.01795,   0.02057,   0.06784,  -0.07747,  -0.06522,   0.04683,  -0.01795,  -0.02670,   0.04858,  -0.00044,  -0.08623,  -0.09848,  -0.05646,   0.02933,  -0.03020,  -0.00394,   0.00306,  -0.06872,  -0.01269,   0.00832,  -0.02145,   0.01882,  -0.01094,   0.00657,   0.00481,   0.01182,  -0.07047,   0.08360,   0.00481,  -0.02145,   0.00657,  -0.00569,  -0.00044,  -0.00219,  -0.01269,   0.01707,  -0.02145,  -0.05646,   0.09761,  -0.00219,   0.01532,   0.02407,  -0.03545,   0.00481,  -0.00044,   0.04683,   0.05034,  -0.05296,   0.02757,  -0.01620,  -0.03721,  -0.07047,  -0.05471,  -0.00919,   0.01707,   0.05209,   0.04683,   0.01707,  -0.01444,   0.10111,  -0.04771,   0.03283,  -0.00919,   0.02407,   0.00306,  -0.08448,   0.06434,   0.01882,  -0.03721,  -0.02320,   0.02407,  -0.02495,  -0.08798,  -0.00394,   0.03283,   0.02407,   0.05034,  -0.00394,   0.06259,   0.01532,   0.03283,   0.05384,   0.00832,   0.06259,   0.00481,   0.01882,  -0.01269,  -0.01970,  -0.01269,   0.02057,   0.02232,  -0.01269,  -0.08098,  -0.00569,   0.00481,  -0.06697,  -0.01970,  -0.03195,   0.03633,  -0.03195,   0.01707,  -0.00744,  -0.01795,  -0.05646,  -0.03020,  -0.05997,   0.01882,  -0.02495,  -0.02670,  -0.07747,   0.00481,   0.02757,   0.02933,  -0.02320,   0.05909,  -0.04596,  -0.14751,   0.03808,   0.01707,  -0.07572,   0.04508,  -0.03195,  -0.01795,   0.06784,   0.02582,   0.06434,  -0.00394,   0.03458,  -0.01094,   0.03283,   0.04333,   0.03458,  -0.02145,  -0.00394,   0.01882,  -0.06172,   0.00832,  -0.06522,  -0.00394,  -0.01444,  -0.04071,  -0.05822,   0.02232,   0.00306,  -0.00569,   0.03808,  -0.00569,   0.03458,  -0.01795,  -0.02495,  -0.07572,  -0.01444,  -0.03020,  -0.00744,  -0.04246,  -0.03896,   0.10986,   0.01882,  -0.01094,   0.04683,  -0.02670,   0.02933,   0.01707,   0.03808,  -0.03545,  -0.00919,  -0.00744,  -0.04946,   0.01182,   0.09936,  -0.06172,   0.08535,  -0.00744,  -0.04771,  -0.01620,  -0.06347,  -0.04596,   0.02057,   0.01182,   0.03983,   0.01182,   0.05209,   0.05384,   0.01357,  -0.09323,   0.02407,   0.02407,  -0.05646,  -0.02670,   0.00131,   0.02757,   0.02057,  -0.04771,   0.00131,   0.00481,   0.00481,  -0.04596,  -0.06522,  -0.04071,  -0.02495,  -0.03370,  -0.03370,  -0.01620,   0.01707,  -0.00044,   0.07485,   0.00481,  -0.00919,   0.03458,   0.04333,  -0.05296,   0.03633,   0.09411,  -0.02845,  -0.01620,   0.02407,   0.05734,  -0.01269,   0.01007,   0.01357,   0.02582,   0.02407,  -0.10023,   0.05034,   0.02232,   0.00306,   0.01182,  -0.05997,  -0.08798,  -0.07922,   0.00832,   0.05034,   0.07485,   0.04333,  -0.04246,   0.00481,   0.05909,  -0.03545,   0.02757,   0.03108,  -0.01269,  -0.04421,  -0.03370,  -0.02670,  -0.00394,  -0.07572,   0.04683,   0.00657,   0.03633,  -0.02670,  -0.01795,   0.03458,   0.02933,   0.02933,   0.00657,   0.02407,  -0.04946,   0.02407,   0.00131,   0.03808,   0.07135,  -0.06172,  -0.03896,  -0.04071,   0.03283,   0.00657,  -0.04771,   0.02407,   0.14313,  -0.05646,   0.04158,   0.03808,  -0.04071,   0.06259,   0.02582,  -0.03721,   0.03983,  -0.05296,   0.00832,  -0.00919,   0.02232,   0.04158,   0.07135,  -0.05471,  -0.07397,  -0.00744,   0.02933,  -0.05646,   0.01007,  -0.01444,   0.05209,  -0.01970,  -0.04071,   0.00481,  -0.03370,  -0.01970,   0.09411,   0.03108,  -0.04071,   0.01882,  -0.02320,   0.00832,  -0.01620,  -0.13000,  -0.00569,  -0.03020,   0.00481,   0.02057,  -0.03545,   0.01882,   0.06609,  -0.03721,  -0.02845,  -0.00919,  -0.01444,   0.02933,  -0.08448,  -0.01795,  -0.05471,  -0.00919,  -0.01094,  -0.00569,   0.00657,   0.02057,   0.05034,   0.01707,   0.03108,   0.03633,   0.02057,  -0.00919,   0.08010,  -0.04246,  -0.02320,  -0.05471,   0.03283,  -0.00744,  -0.01620,  -0.04771,  -0.03896,  -0.00394,   0.01707,  -0.00919,  -0.00394,   0.04508,   0.06259,   0.06434,  -0.07222,   0.03283,  -0.05997,   0.03983,  -0.05296,   0.09060,   0.06784,  -0.00044,   0.01007,   0.03458,   0.07835,  -0.06697,  -0.01795,  -0.04771,   0.00832,  -0.00919,   0.01882,  -0.00919,   0.04858
  -0.00219,   0.03808,  -0.00394,   0.00306,  -0.01269,   0.03633,  -0.02670,   0.00832,  -0.01269,   0.05559,  -0.07922,  -0.01620,  -0.05296,   0.01357,   0.01882,   0.01707,   0.06784,  -0.07572,   0.01357,   0.02057,  -0.02495,  -0.04771,   0.00306,  -0.05121,   0.01707,  -0.00044,  -0.01620,  -0.00219,  -0.04596,  -0.01094,  -0.01795,  -0.07922,  -0.03195,  -0.04946,  -0.01269,  -0.02845,   0.00306,   0.04858,   0.02582,   0.05734,   0.06609,  -0.09148,   0.00481,   0.03283,  -0.05121,  -0.01970,  -0.00569,   0.07660,   0.04333,  -0.05121,  -0.06522,  -0.05822,   0.07485,  -0.03545,   0.02933,   0.03458,  -0.06347,  -0.03020,   0.01882,  -0.00394,   0.04333,  -0.00044,   0.01007,   0.02582,  -0.04771,  -0.01620,   0.01532,  -0.10199,   0.01532,  -0.09673,   0.04158,  -0.11774,  -0.01620,   0.02232,  -0.08623,  -0.02495,  -0.00919,   0.01182,   0.02232,  -0.03195,  -0.07047,  -0.05471,  -0.01795,  -0.05997,   0.03458,   0.00657,   0.04333,   0.01532,   0.02757,   0.02933,   0.04333,  -0.03370,   0.01182,  -0.03020,   0.01882,   0.10636,   0.12912,  -0.06347,   0.02582,  -0.02145,  -0.09148,   0.09411,   0.01707,   0.02232,  -0.01094,  -0.05296,   0.02582,   0.01007,   0.00832,   0.04333,  -0.03020,  -0.04771,   0.12212,   0.05734,  -0.02845,  -0.05296,  -0.03721,  -0.07047,  -0.07222,  -0.10374,   0.04508,   0.04333,  -0.00044,  -0.03195,  -0.00044,   0.01007,   0.00481,  -0.00919,   0.00481,   0.04683,  -0.08798,   0.01357,   0.01357,   0.04858,  -0.10023,   0.13613,  -0.01444,  -0.08098,  -0.00394,  -0.08273,   0.00306,   0.04508,  -0.02320,   0.03983,  -0.06522,  -0.00744,  -0.05471,   0.03633,  -0.00044,   0.03108,   0.01707,   0.08010,  -0.05121,  -0.04421,   0.01707,   0.02933,  -0.03545,   0.05734,   0.01532,   0.03983,  -0.01269,   0.00131,   0.04158,  -0.04071,   0.02757,  -0.00744,  -0.03545,  -0.03195,   0.02057,  -0.00744,   0.01707,   0.06434,  -0.00919,   0.05734,   0.04508,   0.02582,   0.05734,  -0.05121,   0.02933,  -0.00919,   0.05034,   0.01182,  -0.05646,  -0.00569,  -0.05471,   0.01707,  -0.09848,  -0.03370,  -0.04071,   0.06434,   0.07660,   0.02582,  -0.01094,  -0.02495,  -0.10023,   0.00657,  -0.06697,  -0.09498,  -0.01094,  -0.00919,   0.00657,  -0.00919,  -0.00919,   0.04158,  -0.00219,  -0.06872,  -0.01620,  -0.02845,  -0.02845,   0.02933,  -0.02320,  -0.06522,  -0.00569,  -0.01970,   0.01707,   0.02057,   0.03283,  -0.01444,   0.06084,   0.02933,  -0.07572,  -0.03195,   0.00657,   0.01882,   0.05034,  -0.04246,   0.01532,  -0.03020,  -0.03195,  -0.07222,  -0.04946,  -0.04071,  -0.00569,  -0.05997,   0.01532,  -0.02320,   0.00832,  -0.00919,  -0.01444,   0.03283,  -0.03370,   0.02407,  -0.08448,  -0.03545,  -0.06522,  -0.04071,  -0.00569,   0.05909,  -0.00919,  -0.03020,   0.01182,  -0.05296,  -0.03721,   0.04158,  -0.03195,  -0.05121,   0.00832,  -0.05997,   0.09936,   0.02407,   0.04508,  -0.01269,   0.01007,  -0.07747,  -0.05822,  -0.03370,  -0.08623,  -0.02320,  -0.02320,   0.00657,  -0.03721,   0.02933,  -0.01970,   0.00832,   0.03808,   0.02232,  -0.01795,   0.03808,  -0.00044,   0.00481,   0.03283,   0.06259,  -0.04421,  -0.07397,   0.02407,   0.07310,   0.03108,   0.06434,   0.07135,  -0.04421,  -0.03020,  -0.03195,   0.02057,  -0.00919,  -0.02145,  -0.03195,  -0.03545,   0.01532,  -0.02495,  -0.03195,   0.02933,  -0.03370,  -0.00394,   0.06434,   0.05384,   0.04683,  -0.04596,   0.00306,   0.00657,   0.04858,   0.06259,  -0.06347,  -0.05822,  -0.00044,  -0.01620,   0.08010,  -0.06347,   0.03283,   0.04858,   0.00481,   0.01182,   0.02057,   0.00306,   0.01182,   0.00832,  -0.02495,   0.05909,   0.03108,   0.06784,   0.08360,   0.01357,  -0.00569,  -0.00919,   0.01007,  -0.00569,  -0.05121,  -0.04946,  -0.00569,  -0.04071,   0.06434,  -0.04596,  -0.04771,  -0.00919,  -0.02495,  -0.06172,  -0.04596,   0.03808,  -0.00219,   0.00832,   0.03458,   0.03808,  -0.01444,   0.06959,  -0.01970,   0.05734,   0.02407,   0.00657,  -0.04246,  -0.01444,  -0.01970,  -0.01094,   0.03283,  -0.01269,   0.08185,   0.02582,  -0.01620,  -0.10023,  -0.06872,  -0.03195,  -0.01620,  -0.00394,  -0.03195,   0.02057,  -0.03896,   0.03983,  -0.02495,   0.03633,   0.02757,   0.01532,  -0.02845,  -0.03545,  -0.05646,  -0.05997,   0.04158,  -0.02495,   0.05034,  -0.03195,   0.01707,  -0.05471,   0.02933,   0.06959,   0.03283,   0.06084,  -0.07397,  -0.04071,  -0.03195,   0.10461,  -0.03195,   0.03633,  -0.03896,  -0.05296,  -0.03545,   0.01882,  -0.00219,  -0.07047,   0.01707,   0.09060,   0.01882,   0.05909,  -0.01444,   0.03108,  -0.00919,   0.02407,   0.01357,  -0.06172,   0.09411,  -0.03195,   0.03108,   0.01007,   0.08710,   0.04158,   0.01182,  -0.06347,   0.03458,  -0.07572,  -0.05121,  -0.05822,   0.01182,  -0.06522,   0.00306,   0.05034,   0.08885,  -0.01444,  -0.00219,   0.08010,  -0.10023,  -0.04246,   0.07135,  -0.01970,   0.02232,  -0.04421,   0.01532,  -0.07397,   0.00131,  -0.05997,   0.05909,  -0.01795,   0.04858,   0.02933,  -0.03721,  -0.04596,   0.04333,   0.10286,   0.00131,   0.01882,  -0.02145,  -0.04946,   0.10811,   0.05384,  -0.03721,   0.02757,   0.00131,   0.03983,   0.02582,  -0.08098,   0.04858,   0.01007,   0.03633,   0.06084,  -0.05296,  -0.03896,   0.06434,  -0.04421,  -0.04771,   0.02582,   0.01882,   0.05209,   0.07485,   0.02582,   0.02232,   0.02057,   0.05559,  -0.02145,  -0.04071,   0.08535,  -0.01620,   0.02582,  -0.11249,   0.04858,   0.00481,   0.03633,  -0.01094,   0.01357,   0.01532,  -0.00394,  -0.02845,  -0.04771,  -0.01620,   0.03633,   0.01707,  -0.05296,   0.08360,   0.03108,   0.02057,   0.04683,   0.05559,  -0.01444,  -0.04421,  -0.01795,  -0.00744,  -0.00919,  -0.03545,   0.02757,  -0.02845,   0.02057,   0.01357,   0.09411,   0.03108,   0.01357,  -0.05296,  -0.02495,  -0.01444,  -0.03020,   0.00131,  -0.00569,  -0.04421,   0.01182,   0.06084,  -0.00744,   0.00832,   0.05559,  -0.01444,  -0.06347,  -0.00044,  -0.00919,   0.02757,   0.07835,  -0.01269,   0.00306,  -0.08098,  -0.05471,  -0.10549,   0.02407,   0.02582,   0.01182,   0.04158,   0.00481,   0.03983,  -0.03370,  -0.03020,  -0.03545,  -0.01970,   0.04158,  -0.06172,   0.03108,  -0.05646,  -0.05121,   0.04858,  -0.09323,   0.02582,  -0.05296,  -0.00569,   0.02933,   0.04858,   0.00306,   0.06259,   0.06609,   0.02582,   0.02407,  -0.02495,   0.05909,   0.05209,  -0.02670,   0.05384,  -0.01795,  -0.02145,   0.01707,   0.06434,   0.01007,  -0.01269,   0.07135,   0.06434,   0.02407,   0.11512,   0.00131,   0.02407,  -0.02320,   0.00306,  -0.05822,  -0.03370,  -0.00744,   0.01882,  -0.03721,  -0.05471,   0.04158,   0.04858,  -0.05471,   0.02757,   0.02757,   0.02232,   0.00657,   0.04158,  -0.01970,   0.04158,  -0.01444,   0.08885,   0.02933,  -0.01269,   0.07310,   0.04858,   0.02057,  -0.02320,  -0.04421,  -0.04421,   0.01707,  -0.04246,   0.01707,  -0.01970,   0.08710,  -0.07222,  -0.07922,  -0.01620,   0.01532,  -0.05121,   0.01007,   0.00481,   0.00306,  -0.08273,   0.02232,   0.00657,   0.00832,  -0.02670,  -0.06347,   0.02407,   0.04858,   0.05384,   0.00832,  -0.06347,   0.05734,  -0.01795,  -0.01970,   0.03108,   0.05734,   0.02232,   0.02057,   0.06084,   0.01357,   0.02057,   0.03283,   0.04333,   0.00481,   0.01882,  -0.01444,   0.03283,  -0.02320,   0.10461,  -0.00569,  -0.00394,  -0.03020,   0.05734,   0.01357,   0.02232,   0.05734,  -0.05646,  -0.03545,  -0.04421,   0.04333,   0.01707,  -0.01970,   0.17289,   0.04858,   0.09411,   0.03458,  -0.04421,   0.06259,   0.04333,  -0.01970,   0.00131,   0.00832,  -0.04071,  -0.07222,   0.06084,   0.05384,  -0.03896,  -0.02670,  -0.04946,  -0.00044,  -0.04596,  -0.00219,  -0.03370,   0.01007,   0.11862,   0.08185,  -0.08273,  -0.05296,   0.08360,  -0.03020,  -0.03195,   0.00306,   0.00481,   0.06434,   0.01182,   0.07660,  -0.00569,   0.00832,   0.05909,  -0.01444,   0.03808,   0.05384,   0.07485,  -0.02845,   0.04508,   0.05209,  -0.05822,  -0.05296,  -0.04421,  -0.01795,  -0.00744,  -0.05121,  -0.00569,  -0.00044,   0.03283,   0.02232,   0.05559,   0.04508,   0.04158,   0.05384,  -0.03195,  -0.00569,  -0.09848,   0.03633,  -0.09498,  -0.03020,   0.07135,  -0.00219,   0.08360,   0.03983,   0.03458,   0.06959,  -0.04246,  -0.03896,   0.05384,  -0.02320,   0.02057,   0.07485,   0.01707,  -0.02145,  -0.05646,  -0.06172,  -0.03896,   0.02582,  -0.03721,  -0.04246,   0.05034,   0.02757,  -0.05471,  -0.00569,  -0.01269,   0.01882,   0.03283,  -0.08448,  -0.03896,   0.10111,  -0.06522,   0.03633,  -0.05822,   0.04508,   0.05559,  -0.10023,  -0.00219,  -0.02845,   0.06259,  -0.03020,  -0.05646,  -0.03721,  -0.01620,  -0.01620,   0.06784,  -0.04421,   0.06259,  -0.03020,   0.02057,  -0.00219,   0.00131,  -0.04771,   0.02057,   0.03633,  -0.00219,  -0.03545,  -0.01444,  -0.00044,  -0.03195,   0.03983,   0.02933,   0.00306,  -0.06172,  -0.01094,   0.06609,  -0.06697,  -0.01620,   0.01707,   0.03808,  -0.00744,  -0.03896,   0.06609,   0.00832,   0.01182,  -0.02495,  -0.05997,  -0.10549,  -0.07222,   0.00306,   0.06084,  -0.02320,   0.00832,   0.01182,  -0.07572,  -0.00219,  -0.05997,  -0.01444,  -0.04421,   0.02057,   0.00306,   0.00481,  -0.05296,   0.01707,  -0.02145,   0.01707,  -0.06522,  -0.10199,   0.05734,  -0.06172,  -0.02670,   0.03283,  -0.01795,  -0.03370,  -0.02495,  -0.03370,  -0.00394,  -0.00744,   0.00131,   0.05034,  -0.05646,   0.02582,   0.07310,  -0.05822,   0.01007,   0.00306,   0.05559,   0.01182,  -0.03896,  -0.05646,  -0.01094,  -0.08973,  -0.06172,   0.02757,  -0.00919,   0.00131,   0.04333,   0.01007,   0.04858,   0.02757,  -0.01795,  -0.05471,   0.09761,  -0.06347,   0.04158,   0.07135,   0.04683,   0.06084,  -0.03721,   0.04158,   0.03983,   0.00481,  -0.03721,   0.03283,   0.03983,  -0.01444,   0.05384,  -0.00219,  -0.06172,   0.04158,   0.05384,  -0.03721,   0.01532,   0.00481,  -0.02145,   0.00306,  -0.03545,   0.02057,  -0.00219,   0.07660,  -0.16852,   0.01707,   0.02582,  -0.07747,  -0.03370,   0.05384,  -0.01444,   0.07135,  -0.00569,   0.12212,   0.04158,  -0.03020,   0.09060,  -0.05471,  -0.04071,   0.05209,  -0.09498,   0.04508,   0.02232,  -0.00744,   0.01707,   0.03983,   0.04683,   0.02407,  -0.03545,   0.00657,   0.01357,   0.05734,  -0.06872,   0.00306,   0.01882,   0.03108,  -0.03896,  -0.04071,   0.01182,   0.08010,  -0.06697,  -0.00919,  -0.05997,   0.00481,   0.06609,  -0.01269,   0.00832,  -0.03020,  -0.03020,  -0.04071,  -0.03020,  -0.04946,   0.06959,  -0.00919,  -0.09323,   0.02232,   0.03983,   0.04683,   0.06259,   0.00657,  -0.02320,   0.06959,   0.01007,   0.03108,  -0.05121,  -0.00569,   0.02757,  -0.02845,  -0.02320,   0.01007,  -0.00394,   0.05909,   0.05734,   0.05909,   0.00131,  -0.06522,  -0.05296,  -0.00569,   0.00657,  -0.02320,  -0.00219,  -0.00744,   0.01707,  -0.01269,   0.00131,  -0.02145,  -0.04246,  -0.06172,  -0.05471,   0.05734,   0.04158,  -0.01269,  -0.07047,   0.02232,   0.03458,  -0.02320,  -0.07922,  -0.06872,   0.00657,  -0.08448,  -0.03195,   0.02407,  -0.05471,  -0.00744,  -0.01094,  -0.02320,  -0.00744,  -0.03896,  -0.00919,   0.04158,  -0.10724,  -0.06872,  -0.03721,   0.06609,   0.06084,   0.05209,  -0.07747,   0.00657,  -0.02670,   0.04858,   0.04508,  -0.03721,   0.04683,  -0.03195,  -0.04071,  -0.00569,   0.05209,  -0.03020,  -0.00219,   0.04508,  -0.05121,  -0.01795,  -0.05822,   0.02582,  -0.08273,  -0.04946
   0.01357,   0.07485,   0.00131,  -0.02495,  -0.05997,   0.12737,   0.03983,   0.00306,  -0.01970,   0.00481,  -0.00044,   0.03458,  -0.00919,   0.05209,  -0.10023,  -0.04071,  -0.04246,   0.04683,   0.03983,  -0.09848,   0.02057,  -0.05997,   0.06609,  -0.00394,   0.00481,  -0.14050,  -0.06872,  -0.04246,  -0.01620,  -0.01269,   0.12037,  -0.06172,   0.01007,   0.03633,  -0.04246,   0.07135,  -0.02320,   0.03808,  -0.01620,  -0.02495,   0.03983,   0.00832,  -0.07222,   0.03983,   0.00832,  -0.04246,   0.06259,   0.01707,   0.08360,   0.01182,  -0.00744,   0.04858,  -0.00394,  -0.07922,   0.04858,   0.03808,  -0.06522,  -0.03195,  -0.07572,  -0.04596,   0.02407,  -0.00744,   0.02757,   0.04158,   0.03283,  -0.03896,  -0.04071,  -0.06347,   0.11336,  -0.05121,  -0.02495,   0.08535,  -0.03896,   0.02407,   0.04683,  -0.00044,  -0.04246,   0.04333,  -0.00919,   0.03808,   0.00306,   0.02057,   0.00306,   0.02582,   0.04333,   0.00306,   0.07135,   0.02757,  -0.00569,   0.03458,   0.01357,   0.06784,   0.01182,   0.00657,  -0.00219,  -0.03545,   0.03283,   0.05734,  -0.01970,   0.01532,   0.03983,   0.02757,  -0.06697,  -0.00394,  -0.01795,  -0.08098,  -0.03020,   0.07135,   0.04683,   0.02757,  -0.05646,   0.05734,   0.05734,   0.02757,  -0.04946,   0.12212,  -0.00569,  -0.05822,   0.05559,   0.03458,   0.00657,   0.04333,  -0.00044,  -0.00919,   0.07135,   0.03983,  -0.03721,   0.01182,   0.01357,   0.00306,  -0.00919,  -0.01269,   0.02757,   0.09060,   0.03633,  -0.05646,  -0.05471,   0.06259,   0.06084,  -0.01444,  -0.06872,  -0.02495,   0.01882,  -0.05471,   0.06959,  -0.00744,   0.05034,   0.02057,   0.02933,  -0.07222,  -0.01444,   0.02407,   0.14663,  -0.04771,   0.01007,  -0.00394,   0.10461,  -0.05121,   0.03108,  -0.05296,  -0.01094,  -0.03370,   0.05384,   0.00306,   0.02757,   0.01707,   0.07835,  -0.03896,   0.04158,  -0.09848,   0.02057,   0.06434,   0.00657,  -0.03721,  -0.00044,   0.09060,  -0.05471,  -0.01094,  -0.05121,  -0.03545,   0.06609,   0.01882,   0.02057,  -0.04771,   0.03983,   0.01532,  -0.02145,   0.03983,  -0.05121,  -0.00919,   0.00131,   0.02582,   0.01357,   0.06084,  -0.01970,   0.05909,  -0.03195,   0.01007,   0.04683,   0.07135,   0.00481,   0.05909,   0.10636,   0.03808,   0.11161,   0.04333,  -0.04771,  -0.07922,  -0.01795,  -0.00219,  -0.00219,  -0.03896,   0.01532,   0.03808,  -0.12650,   0.00131,  -0.04771,   0.01182,  -0.00919,   0.04333,   0.01707,  -0.05822,   0.00131,  -0.00394,   0.00832,   0.02582,   0.04508,  -0.01970,  -0.00044,  -0.00569,   0.10461,  -0.01444,  -0.05121,   0.02933,  -0.01620,  -0.03370,   0.02057,   0.01007,  -0.01094,   0.02407,   0.01007,   0.01182,  -0.02845,   0.02407,   0.10111,   0.00832,  -0.11249,   0.01707,  -0.08623,   0.04683,   0.02057,  -0.03195,  -0.03370,  -0.08273,   0.07310,  -0.04771,  -0.01970,   0.00131,   0.02232,   0.00481,   0.09586,  -0.05471,   0.02933,  -0.04071,   0.02057,  -0.02320,   0.02757,  -0.01444,   0.04158,   0.05909,   0.00131,   0.03283,   0.03633,  -0.03545,   0.00481,  -0.04421,  -0.05471,  -0.04071,   0.11336,   0.01182,  -0.09848,  -0.02845,   0.08360,  -0.03195,   0.02933,   0.09586,   0.05209,   0.13087,  -0.00919,   0.02407,   0.00306,  -0.03020,   0.03108,  -0.07747,   0.01532,  -0.01620,  -0.04071,   0.00832,  -0.11074,   0.09761,  -0.02495,   0.05209,  -0.10374,  -0.02845,  -0.03195,   0.00832,  -0.02670,   0.03633,   0.01182,  -0.02320,   0.02582,  -0.02845,  -0.03195,   0.05559,  -0.03721,   0.07135,  -0.04071,  -0.00394,  -0.07047,  -0.03020,   0.05909,  -0.03545,  -0.04771,  -0.05121,   0.03458,  -0.06872,   0.02582,   0.04333,   0.07135,  -0.12124,   0.00481,  -0.02320,   0.00481,  -0.05296,  -0.05471,  -0.08623,   0.00131,   0.07485,  -0.02320,   0.01882,  -0.09323,  -0.00569,  -0.00044,   0.04683,  -0.07397,  -0.05121,   0.02407,   0.07660,   0.03458,   0.02582,   0.05384,  -0.03545,   0.02407,  -0.04771,  -0.03020,   0.01882,   0.01707,   0.00306,   0.01707,   0.03633,   0.02407,   0.01882,   0.04508,  -0.00919,  -0.11599,   0.02933,  -0.03020,   0.04683,   0.02232,   0.00131,  -0.04246,  -0.02670,  -0.04771,   0.04858,  -0.03195,   0.06434,  -0.04771,  -0.04421,  -0.06697,  -0.04946,  -0.01269,   0.00131,  -0.06697,  -0.02145,   0.00481,   0.08185,  -0.01094,  -0.10724,   0.05384,  -0.04421,   0.04158,  -0.02495,  -0.02495,  -0.04946,  -0.04946,  -0.03721,  -0.02145,  -0.03195,  -0.05471,  -0.01620,  -0.00569,  -0.02145,   0.03108,   0.08010,   0.01182,   0.09936,   0.01182,  -0.03545,  -0.03545,   0.07485,   0.07835,  -0.01970,  -0.01444,  -0.08798,  -0.00394,  -0.06872,   0.02232,   0.03808,   0.05384,   0.00657,   0.03458,   0.03983,  -0.04596,   0.02232,  -0.05646,   0.05559,  -0.04421,   0.00832,   0.03108,   0.02407,  -0.04771,  -0.11074,   0.00131,  -0.07397,  -0.00569,  -0.08973,   0.01707,   0.03983,  -0.07047,  -0.08973,   0.01357,  -0.03545,  -0.01795,   0.02933,  -0.03370,  -0.05822,   0.10636,   0.00832,   0.00481,   0.03808,  -0.00744,  -0.05997,  -0.08623,  -0.06522,   0.01182,  -0.06172,   0.05909,   0.04508,  -0.00219,   0.05384,  -0.07747,   0.05209,  -0.05822,   0.04508,   0.01532,   0.04333,   0.05559,   0.07135,   0.06784,   0.03808,   0.06784,  -0.03020,  -0.01970,   0.01707,  -0.03370,   0.02933,   0.02407,   0.10461,   0.06959,  -0.02845,   0.01707,  -0.00569,   0.00306,  -0.05822,  -0.02495,  -0.00744,   0.02232,   0.01357,  -0.09673,   0.02407,  -0.02495,   0.05209,   0.02232,  -0.06872,  -0.06872,   0.09761,  -0.03545,   0.02057,  -0.00569,  -0.00219,   0.09235,  -0.10374,   0.01882,   0.04858,   0.08185,  -0.08623,   0.01882,  -0.03545,   0.08535,   0.03983,   0.00832,  -0.01795,   0.00657,  -0.03896,   0.02407,  -0.01269,   0.09235,   0.06084,   0.06259,  -0.05121,   0.06959,   0.03108,   0.02407,  -0.02495,   0.07310,  -0.00744,   0.01707,  -0.04946,   0.03633,  -0.01795,   0.06084,   0.04858,   0.04508,   0.04683,   0.02407,   0.01707,  -0.01269,   0.03283,   0.00481,   0.02582,   0.08185,   0.06084,  -0.01620,  -0.00044,  -0.09498,   0.00657,  -0.02320,  -0.03721,   0.02057,  -0.08448,  -0.00744,  -0.01094,  -0.02670,   0.00832,  -0.02145,   0.08710,  -0.03896,  -0.02320,   0.00131,  -0.01795,   0.05734,  -0.02145,   0.05209,  -0.05296,  -0.02845,  -0.02320,  -0.07397,  -0.05121,  -0.02670,  -0.06872,   0.00481,   0.01357,   0.03108,  -0.01795,  -0.08098,  -0.05646,  -0.01094,   0.05909,  -0.04071,  -0.05997,  -0.05296,   0.01707,  -0.01970,  -0.03195,   0.07485,  -0.03896,  -0.05822,   0.03283,   0.07660,  -0.02845,  -0.03721,  -0.05296,   0.04508,  -0.03020,  -0.01269,   0.00131,  -0.01620,  -0.11074,  -0.06347,   0.10986,   0.06609,   0.08710,   0.01532,  -0.06522,   0.00832,  -0.09323,  -0.01094,   0.00832,   0.01357,   0.03283,   0.02933,   0.11687,  -0.04596,  -0.01269,   0.06434,  -0.01444,  -0.00569,   0.00131,   0.10286,  -0.01094,   0.02232,  -0.02145,   0.10286,  -0.01620,   0.00306,   0.01007,  -0.04421,   0.00481,  -0.06522,   0.01182,  -0.02320,  -0.07047,  -0.07747,   0.01532,   0.01707,   0.01007,  -0.04246,  -0.05997,   0.01707,   0.02407,  -0.00044,  -0.00044,  -0.05997,   0.13788,  -0.01444,  -0.01444,  -0.01094,   0.04158,  -0.00569,   0.07660,   0.04333,  -0.02320,   0.06084,   0.02933,   0.00481,   0.06609,  -0.07747,  -0.06347,   0.03458,  -0.01620,   0.06609,   0.02232,   0.03458,   0.01357,   0.04508,   0.02407,   0.03633,  -0.01094,   0.00481,   0.01007,  -0.02845,  -0.04771,   0.00481,  -0.05646,   0.04158,   0.02407,   0.02407,   0.02407,   0.00832,   0.02407,   0.10111,  -0.10724,   0.00657,  -0.02670,  -0.03370,  -0.00569,  -0.01795,   0.03983,  -0.01970,   0.01882,   0.00481,   0.09761,  -0.00219,  -0.02495,  -0.11599,   0.06784,   0.03108,  -0.00569,  -0.00744,  -0.01444,  -0.02145,   0.01532,   0.05384,   0.06784,   0.05559,   0.08010,  -0.02845,   0.03458,  -0.06872,  -0.01444,  -0.00044,  -0.01620,   0.00131,   0.01532,   0.03283,  -0.02145,   0.05209,  -0.05822,   0.11336,   0.02232,   0.01007,  -0.03545,  -0.10724,  -0.06697,  -0.00044,  -0.04771,   0.06084,   0.09235,  -0.04246,  -0.03020,   0.01007,  -0.02495,  -0.02670,   0.12037,   0.02582,   0.03458,  -0.04596,  -0.02320,   0.06959,   0.03283,   0.01707,   0.03458,   0.02057,  -0.00919,   0.03108,  -0.00394,  -0.02845,   0.02407,   0.04508,  -0.02670,  -0.01444,  -0.00569,  -0.04596,   0.04508,   0.01532,   0.04508,   0.09936,  -0.03545,   0.08185,   0.03283,   0.03108,   0.01882,   0.02933,   0.06434,  -0.05296,  -0.01269,   0.08010,   0.01007,  -0.03896,   0.03808,  -0.00744,  -0.00744,  -0.00394,  -0.07922,  -0.03721,  -0.01620,   0.08360,   0.04333,  -0.00394,   0.10636,  -0.01444,   0.04858,   0.03283,  -0.02845,   0.02232,   0.04333,   0.01357,  -0.04421,  -0.05997,   0.01707,   0.02057,  -0.02670,  -0.02670,   0.01532,   0.05384,  -0.01620,   0.03633,  -0.01795,   0.01182,   0.16764,  -0.04421,   0.00832,  -0.03721,   0.03983,  -0.04421,  -0.08623,  -0.08973,   0.00306,   0.06259,   0.00657,  -0.00569,  -0.01444,   0.01182,   0.06259,   0.05559,  -0.04071,  -0.05646,   0.03633,  -0.07222,  -0.03195,   0.00832,  -0.07747,   0.05209,  -0.05121,   0.02757,  -0.00219,   0.06784,  -0.00744,  -0.01269,   0.01357,  -0.01444,  -0.02320,   0.00131,  -0.05296,  -0.07397,  -0.05471,  -0.08273,   0.03458,   0.02232,   0.01007,   0.02933,   0.01532,  -0.04946,   0.07135,   0.03108,  -0.01970,   0.02582,  -0.04421,  -0.06522,   0.00832,   0.07135,  -0.10374,   0.01532,  -0.01444,   0.06784,  -0.03195,   0.01357,   0.00832,   0.01532,   0.02933,  -0.03896,   0.02582,  -0.03370,   0.08710,  -0.02670,   0.01882,  -0.04421,  -0.03195,   0.05734,   0.05734,  -0.06172,  -0.07047,   0.06434,   0.00481,  -0.06347,  -0.01620,  -0.01094,  -0.01970,  -0.00569,   0.05384,  -0.03020,  -0.04771,  -0.03545,  -0.02495,   0.03633,   0.04333,   0.02757,  -0.07047,   0.00131,  -0.02320,   0.02407,   0.08535,  -0.05822,   0.00657,  -0.03370,  -0.04596,   0.02933,  -0.02145,  -0.11774,  -0.00219,  -0.00044,   0.03283,  -0.01795,   0.05209,  -0.00044,  -0.05296,  -0.05646,   0.04333,  -0.03545,   0.03983,   0.00657,  -0.03020,  -0.01795,   0.06084,  -0.01269,  -0.02320,  -0.02845,  -0.00919,   0.03458,  -0.02320,  -0.01620,  -0.03195,   0.03633,   0.00657,  -0.04071,  -0.03195,   0.01182,   0.02757,  -0.13700,   0.00832,   0.06259,   0.02933,  -0.03896,   0.01532,   0.00657,   0.01532,  -0.02320,  -0.01970,  -0.05296,   0.06959,   0.02933,   0.01882,  -0.00219,   0.05384,  -0.04246,   0.02582,  -0.00744,  -0.05121,   0.04158,   0.05384,  -0.05646,   0.04158,   0.05909,   0.06609,   0.01532,  -0.00219,  -0.02670,   0.03458,  -0.07047,  -0.00394,  -0.07047,  -0.02145,  -0.00219,  -0.01269,  -0.04946,   0.05559,  -0.03545,  -0.02670,  -0.03896,   0.01007,  -0.01620,  -0.03545,  -0.04596,   0.02057,   0.05734,   0.01707,  -0.05121,  -0.08973,  -0.05121,  -0.04421,  -0.03721,  -0.06172,  -0.02320,   0.07135,  -0.06522,  -0.09848,  -0.03896,  -0.09148,  -0.05296,   0.02757,  -0.07572,   0.01707,   0.11161,  -0.08448,  -0.02670,   0.00306,  -0.03370,   0.00306,  -0.07572,  -0.04071,  -0.07922,  -0.03545,  -0.03195,   0.01007,  -0.04421,   0.05559,   0.00131,   0.05034,   0.05734,  -0.02145,   0.04508,  -0.01795,  -0.00744,  -0.06347,   0.03808,   0.07660,   0.01882,   0.06259,   0.01882,  -0.00919,   0.03808,   0.03283,  -0.00569,  -0.07572
  -0.02320,  -0.03370,  -0.03896,   0.06609,   0.01532,  -0.09148,  -0.04771,   0.02582,   0.06609,  -0.07572,   0.03633,  -0.01970,   0.02057,  -0.01620,  -0.05296,   0.03458,   0.02232,   0.03808,  -0.00919,  -0.00569,   0.01707,  -0.05471,  -0.01094,  -0.06697,   0.00657,   0.00131,  -0.02670,  -0.05121,   0.06084,  -0.07922,  -0.05121,  -0.03896,   0.02057,  -0.03721,   0.02757,   0.06784,   0.02057,   0.02407,  -0.00919,   0.09761,  -0.09848,  -0.01094,   0.02757,   0.10636,  -0.02845,   0.09411,   0.04333,   0.00657,  -0.05646,   0.00481,  -0.00044,  -0.00744,  -0.04596,  -0.06522,   0.05209,   0.03283,  -0.06172,  -0.01094,   0.04683,   0.08535,  -0.04771,   0.02407,  -0.03896,   0.13262,  -0.02670,   0.03458,  -0.08273,  -0.01970,  -0.01094,   0.03108,  -0.03020,   0.01882,  -0.00044,   0.04683,  -0.04071,   0.02933,   0.05034,  -0.01094,   0.09235,  -0.02495,   0.01532,  -0.01444,  -0.00569,  -0.04946,  -0.04421,  -0.02495,  -0.00744,   0.09235,   0.00657,  -0.00919,  -0.04421,  -0.00919,  -0.01620,  -0.09323,   0.06084,   0.00131,  -0.01795,   0.07835,   0.06959,  -0.03721,  -0.01269,   0.02757,  -0.08273,  -0.01269,   0.11512,   0.01532,  -0.04946,  -0.02145,  -0.08448,   0.01882,   0.02232,   0.01007,   0.05909,  -0.05121,  -0.02495,   0.03108,  -0.03370,  -0.01970,  -0.03195,   0.04333,  -0.05121,  -0.00044,   0.00657,   0.02057,   0.00306,   0.02057,  -0.02670,  -0.01444,  -0.04946,  -0.01620,  -0.09323,   0.14313,   0.06609,  -0.00219,   0.06084,   0.02057,   0.07835,   0.05384,   0.03108,   0.04508,  -0.03721,   0.00306,  -0.05997,  -0.02495,  -0.02320,  -0.02495,  -0.00219,  -0.05121,   0.01882,  -0.00394,  -0.10549,   0.04683,  -0.01620,  -0.01795,   0.01707,   0.00657,   0.00832,  -0.05822,   0.00131,  -0.02845,   0.04508,   0.05209,  -0.03896,  -0.00919,  -0.02145,  -0.02845,  -0.05296,   0.07310,   0.09936,   0.05909,   0.04683,  -0.08098,   0.03283,   0.05734,  -0.03020,   0.02757,   0.03108,  -0.06347,   0.02933,   0.02757,   0.03983,   0.00481,   0.03283,   0.01007,   0.04333,   0.00306,   0.03108,  -0.02845,  -0.03370,   0.03633,  -0.00044,   0.01357,   0.01357,   0.02232,   0.00481,  -0.00744,   0.02582,  -0.10199,   0.00306,  -0.03545,  -0.04596,  -0.05471,  -0.01970,  -0.00569,  -0.02495,   0.02407,   0.04158,  -0.00044,  -0.00394,  -0.01094,   0.01357,  -0.00569,   0.01532,  -0.04071,  -0.00219,  -0.00044,  -0.04071,   0.05209,  -0.05471,  -0.02845,   0.06959,   0.00832,   0.01182,   0.03108,   0.02757,   0.00832,   0.04508,   0.05559,   0.01357,   0.00657,  -0.02145,   0.04333,  -0.00044,  -0.04771,  -0.06697,   0.01357,  -0.04596,   0.04158,  -0.00919,  -0.03721,   0.02757,  -0.06172,   0.04508,  -0.00044,   0.02057,  -0.02845,  -0.00744,   0.03283,   0.01532,  -0.03721,  -0.01444,  -0.05471,   0.02933,   0.05734,   0.06784,  -0.01444,   0.04158,   0.04508,  -0.01269,  -0.04771,  -0.05296,   0.06784,  -0.00394,  -0.01620,  -0.06872,   0.03808,   0.07835,  -0.07047,  -0.00744,   0.03808,   0.04858,  -0.01444,   0.03458,   0.06959,   0.03808,   0.02757,   0.02757,  -0.00744,   0.01007,  -0.03896,  -0.04596,  -0.05997,  -0.01094,   0.04333,  -0.02495,  -0.06522,   0.02057,   0.00832,  -0.04421,   0.03808,  -0.07922,  -0.06872,   0.03808,  -0.01094,   0.02757,  -0.00919,  -0.05296,  -0.00919,   0.02057,  -0.01444,  -0.03370,  -0.00569,  -0.05296,  -0.00394,   0.03108,   0.02582,  -0.03545,   0.01532,  -0.07047,  -0.05646,   0.04333,   0.01707,   0.06959,  -0.07922,   0.02933,   0.01882,  -0.02320,  -0.00569,   0.06434,  -0.00919,   0.02933,  -0.04246,   0.09936,   0.01182,   0.05559,   0.04333,  -0.08623,  -0.00919,   0.01532,  -0.08623,   0.01182,  -0.05121,   0.05559,   0.00306,   0.01707,   0.06434,   0.03108,  -0.04596,  -0.04596,  -0.05822,   0.00131,   0.08010,   0.03808,   0.07310,  -0.06347,   0.04333,   0.04858,  -0.00569,  -0.03020,  -0.04246,  -0.02145,  -0.03545,  -0.00394,  -0.02845,  -0.04071,  -0.00744,  -0.02670,   0.01882,  -0.03545,   0.03983,   0.00306,   0.00657,  -0.01269,   0.02582,  -0.03020,  -0.03721,   0.01007,   0.02232,   0.02057,  -0.02670,   0.03808,  -0.00394,   0.01532,   0.08185,  -0.08273,  -0.04071,  -0.02145,   0.01357,   0.08185,   0.03283,  -0.03195,  -0.00219,   0.04333,   0.03808,   0.02757,   0.00481,  -0.03721,   0.10986,  -0.03721,   0.00481,  -0.09148,  -0.04071,   0.05034,   0.01532,   0.01882,  -0.01795,   0.04858,   0.05034,  -0.06522,   0.08885,   0.02933,  -0.00744,   0.01007,   0.01357,  -0.03020,  -0.05997,   0.02582,  -0.01094,  -0.06172,  -0.05822,   0.03458,  -0.00394,  -0.03721,  -0.01094,   0.02933,   0.01007,   0.01007,   0.07135,   0.06784,   0.02757,  -0.01620,   0.00832,  -0.00919,   0.01707,  -0.00044,   0.00306,  -0.01444,  -0.07747,  -0.02670,  -0.06697,   0.02232,   0.00306,  -0.01269,  -0.00219,   0.00306,  -0.06522,  -0.01269,  -0.00919,   0.09586,  -0.01444,  -0.06347,   0.05384,   0.05384,  -0.03195,   0.02582,  -0.00919,   0.01357,  -0.06697,  -0.03020,   0.03633,  -0.03545,   0.04158,   0.00306,   0.10636,  -0.08623,   0.07135,   0.02933,  -0.00394,  -0.03721,  -0.00744,   0.09411,  -0.02320,   0.00832,   0.01007,   0.06609,   0.03283,  -0.05121,   0.03283,   0.04683,  -0.05296,   0.00306,  -0.03896,  -0.00569,  -0.00394,   0.02582,   0.06609,  -0.08448,  -0.06347,   0.06784,  -0.08973,   0.00306,  -0.03896,  -0.02845,  -0.00744,   0.04508,  -0.00219,  -0.05121,  -0.01970,  -0.00219,  -0.00394,  -0.06172,   0.02582,  -0.03545,   0.02582,   0.05909,  -0.03370,  -0.01620,  -0.02670,   0.01707,  -0.05646,   0.11161,   0.07660,   0.03283,   0.02582,  -0.01795,   0.04508,   0.00832,   0.03458,  -0.05296,  -0.08098,   0.06609,   0.08885,  -0.00044,   0.04158,  -0.01269,   0.00832,   0.03283,   0.01357,  -0.01094,   0.01707,   0.07485,  -0.00044,  -0.04071,  -0.04596,  -0.06172,   0.07660,   0.05034,   0.02057,   0.04858,   0.04508,   0.01707,   0.00131,   0.04158,  -0.03896,  -0.01620,   0.09936,   0.05909,   0.02232,  -0.06522,  -0.01620,   0.08885,   0.01532,  -0.06697,  -0.05997,   0.03808,  -0.00569,   0.01357,  -0.06347,  -0.00219,  -0.00744,  -0.05296,  -0.02320,   0.02232,   0.03808,   0.04158,  -0.00219,   0.00131,  -0.06522,   0.09060,   0.00131,   0.07835,  -0.03545,  -0.01620,  -0.07572,   0.05734,   0.01532,   0.00657,   0.00131,   0.01357,  -0.01970,  -0.08798,   0.04508,  -0.04246,  -0.09848,   0.06784,   0.03108,  -0.01970,  -0.00744,  -0.01620,  -0.04246,  -0.00919,   0.00481,  -0.01444,  -0.03370,   0.03108,  -0.02320,  -0.00044,  -0.00569,  -0.10023,   0.01182,  -0.01795,  -0.01620,  -0.05822,  -0.02495,   0.13788,  -0.02495,  -0.00744,   0.10636,  -0.01795,  -0.00569,   0.01707,  -0.01094,   0.05209,   0.02757,  -0.02670,   0.06434,   0.01707,  -0.07747,  -0.08448,  -0.06522,   0.02757,   0.03808,   0.09411,  -0.03545,  -0.17027,   0.00657,  -0.08798,  -0.02670,   0.01357,   0.04333,   0.01532,   0.03458,  -0.03896,  -0.00744,  -0.00044,   0.02933,   0.02232,   0.03983,   0.00131,   0.06959,   0.02757,   0.00832,  -0.01795,   0.03458,  -0.03195,  -0.00569,  -0.01269,   0.07660,   0.01357,   0.01182,   0.02757,  -0.01444,  -0.05296,  -0.01444,   0.09235,   0.00131,  -0.02845,   0.01707,  -0.00744,   0.08710,   0.02757,   0.01007,   0.00832,  -0.04771,  -0.04246,  -0.01094,   0.03808,   0.01707,  -0.07572,   0.02582,   0.00306,  -0.02670,  -0.00919,   0.02407,   0.01007,  -0.14576,   0.05034,  -0.01970,  -0.03721,   0.01707,  -0.01795,  -0.03020,  -0.00744,   0.02582,  -0.04596,   0.05384,   0.01182,  -0.07222,   0.00657,   0.07835,  -0.07397,  -0.05646,  -0.05121,  -0.01970,  -0.04596,  -0.03370,  -0.10199,   0.00131,  -0.00044,  -0.00744,  -0.05822,   0.02057,  -0.00569,  -0.04071,   0.08885,   0.01882,   0.07310,   0.01532,   0.03283,   0.03808,  -0.00744,  -0.06172,  -0.07572,  -0.04771,  -0.01444,  -0.00744,   0.10286,   0.00131,   0.01532,  -0.01094,   0.04683,   0.04683,  -0.04071,   0.02933,   0.00131,   0.08360,   0.06784,   0.01007,   0.00131,  -0.00394,  -0.03545,  -0.01094,  -0.08273,  -0.04946,   0.08535,   0.07835,   0.01882,   0.02757,  -0.02845,   0.04508,   0.03108,  -0.02320,  -0.04421,  -0.05296,   0.01007,  -0.01970,  -0.03545,  -0.00044,  -0.00569,   0.03983,   0.09060,   0.07485,  -0.03545,  -0.10023,   0.07660,  -0.05471,   0.07135,  -0.01269,  -0.06172,  -0.00744,  -0.03195,   0.01007,  -0.01795,  -0.04946,  -0.03896,  -0.04246,  -0.01620,   0.03458,   0.00832,   0.00306,  -0.06347,  -0.07047,  -0.01970,  -0.04421,   0.03108,  -0.07747,  -0.00569,   0.01532,   0.01707,  -0.06347,   0.08710,  -0.06172,   0.01357,   0.06609,  -0.08798,  -0.02845,  -0.02495,  -0.03721,   0.01007,  -0.05646,   0.01182,  -0.01795,   0.04508,   0.04158,   0.04683,  -0.02670,  -0.08973,   0.01357,  -0.00744,   0.03283,  -0.00919,   0.02232,   0.01007,  -0.05822,   0.00481,  -0.00919,  -0.01620,  -0.10899,   0.00131,   0.04858,   0.02582,  -0.07047,  -0.01970,   0.02232,  -0.01795,   0.00832,   0.05559,   0.03283,   0.05034,   0.00306,   0.05034,   0.01532,  -0.00569,   0.06434,   0.09411,  -0.00744,   0.04333,   0.02057,   0.00481,  -0.05296,  -0.02845,   0.03458,   0.04858,  -0.04071,   0.01357,  -0.05471,   0.02232,  -0.00219,   0.03108,   0.09761,  -0.04421,   0.10811,  -0.11949,   0.02407,  -0.05471,   0.01707,   0.05734,   0.00657,  -0.01970,  -0.06872,  -0.02495,   0.01182,   0.05034,   0.02933,  -0.03896,  -0.02495,  -0.07222,   0.04683,  -0.07922,  -0.01444,  -0.04071,  -0.06522,  -0.01795,  -0.05296,  -0.01620,  -0.05296,   0.01882,   0.06959,   0.01357,  -0.03020,   0.06609,  -0.01795,  -0.04071,   0.01357,   0.00657,   0.05909,   0.00306,   0.01532,  -0.00744,  -0.00219,  -0.00044,   0.05209,  -0.03370,  -0.00744,  -0.01444,  -0.00044,  -0.01269,  -0.01795,  -0.08448,   0.01357,   0.03808,   0.06259,  -0.04421,  -0.03896,  -0.00219,   0.01357,  -0.02670,   0.06259,   0.05559,   0.03808,  -0.11249,   0.10286,  -0.06172,  -0.09848,   0.02933,   0.01182,  -0.02845,   0.03983,  -0.06697,  -0.07922,  -0.00044,  -0.07047,   0.03108,  -0.01795,  -0.00744,   0.01707,   0.08010,  -0.04421,   0.04683,   0.01707,  -0.03370,  -0.01620,   0.00481,  -0.04246,   0.05034,   0.06259,  -0.08973,  -0.03020,  -0.00044,   0.00131,   0.06784,  -0.03020,  -0.01795,  -0.02320,   0.03108,  -0.01795,   0.06784,  -0.01620,  -0.06697,  -0.04596,  -0.08098,   0.05384,   0.02232,   0.06084,  -0.00044,  -0.00569,   0.00657,   0.00131,  -0.02495,  -0.02670,   0.02757,   0.05734,  -0.01970,  -0.01444,  -0.01620,   0.01532,  -0.04771,   0.04858,  -0.01795,   0.05734,  -0.01094,   0.01532,  -0.05822,  -0.04771,   0.06784,  -0.06872,  -0.02495,   0.06784,  -0.04946,  -0.09498,  -0.07047,   0.01182,   0.06259,   0.04508,  -0.04246,  -0.07922,  -0.00044,  -0.01094,  -0.05471,   0.05909,   0.00306,   0.03108,  -0.06872,  -0.02145,  -0.00044,  -0.02495,   0.00657,  -0.01795,   0.03283,  -0.02495,  -0.02145,   0.06259,   0.01182,  -0.00044,  -0.01620,  -0.09323,   0.01007,   0.01707,  -0.05822,   0.03633,   0.04858,   0.03458,  -0.04246,   0.03108,  -0.00219,  -0.07397,   0.01357,  -0.02670,  -0.00919,  -0.00394,  -0.01269,   0.00306,  -0.03545,  -0.00919,  -0.05822,   0.02407,   0.03633,  -0.03721,  -0.00044,  -0.04246,  -0.02670,   0.05209,  -0.04246,   0.12562,   0.02057,   0.05909,  -0.05822,   0.01882,   0.04508,   0.04858,  -0.00219,  -0.01620,   0.03633,   0.01357
   0.00306,  -0.03370,  -0.01269,   0.05559,   0.00306,   0.01007,  -0.06697,  -0.03721,  -0.00919,   0.04683,  -0.01620,   0.04683,   0.00481,  -0.03896,   0.01007,   0.01357,  -0.01094,  -0.01444,  -0.03545,  -0.01444,   0.00657,   0.00131,  -0.05822,  -0.01620,  -0.00044,  -0.09323,   0.01882,   0.01357,  -0.00919,  -0.03195,  -0.05471,   0.04858,   0.03458,   0.00131,  -0.05296,   0.01007,   0.05909,  -0.00569,  -0.00569,   0.01707,   0.03108,  -0.05822,  -0.01970,  -0.03195,   0.07835,  -0.10899,  -0.02845,   0.02407,   0.01182,   0.04683,   0.01707,  -0.02145,   0.00306,   0.08010,   0.02057,  -0.02145,   0.01182,  -0.01620,   0.04333,  -0.04421,   0.02582,   0.01182,  -0.02320,  -0.04771,  -0.07922,  -0.00744,   0.02057,  -0.08448,   0.00306,  -0.02320,   0.04158,   0.03283,   0.03108,  -0.02320,   0.03983,   0.01182,  -0.03020,   0.02582,   0.03808,   0.07135,   0.05209,  -0.01269,   0.02933,  -0.00744,  -0.00569,  -0.01620,   0.04333,   0.12212,   0.01707,  -0.06697,   0.01007,   0.03283,  -0.00044,   0.04508,  -0.00569,   0.04508,  -0.01970,   0.01882,   0.02933,  -0.04421,  -0.00919,   0.03808,   0.12912,   0.02582,  -0.03195,  -0.00219,  -0.10023,  -0.02670,   0.00657,  -0.00219,  -0.00744,   0.05909,   0.00832,  -0.05646,  -0.03721,   0.01007,   0.05734,  -0.02845,  -0.02320,   0.01182,   0.06434,   0.04333,  -0.02495,   0.00481,   0.02407,  -0.01620,   0.02057,  -0.02320,  -0.04246,   0.05559,  -0.12475,  -0.04596,   0.11161,  -0.06522,  -0.02670,  -0.03020,  -0.00044,   0.05384,   0.01882,   0.03458,  -0.02145,   0.00481,  -0.01444,  -0.00569,  -0.02845,  -0.07397,  -0.03896,   0.00832,  -0.02845,  -0.04771,  -0.03370,  -0.02670,  -0.01094,  -0.00394,   0.03108,   0.01882,   0.06084,   0.01532,  -0.04771,   0.04508,   0.07660,   0.02757,   0.01532,   0.02757,  -0.02320,  -0.03545,  -0.04946,  -0.02320,  -0.02495,   0.03283,   0.01707,  -0.04596,   0.01007,   0.05034,   0.07835,  -0.00569,   0.00832,   0.02933,   0.00832,  -0.01269,  -0.00394,   0.00832,  -0.03020,   0.02057,  -0.01269,  -0.00919,  -0.01094,  -0.05997,   0.02582,   0.08185,  -0.07747,  -0.08448,   0.05034,  -0.02145,   0.02057,   0.00481,  -0.04071,   0.00481,  -0.05997,  -0.01269,  -0.07922,   0.01882,  -0.04071,  -0.03195,  -0.07397,  -0.01269,  -0.02320,   0.04508,   0.05209,   0.01007,  -0.04946,  -0.02495,   0.02582,   0.00131,  -0.02495,  -0.00919,  -0.02320,  -0.00919,  -0.00919,   0.00131,   0.01532,   0.02933,  -0.05471,  -0.08623,  -0.02495,  -0.07047,   0.01882,  -0.01970,  -0.00394,   0.07485,  -0.01620,  -0.01970,  -0.00744,  -0.00919,  -0.03896,   0.03983,  -0.00919,  -0.01269,  -0.00394,   0.02757,   0.03808,   0.01007,   0.05734,  -0.07047,  -0.06522,   0.05909,  -0.00219,  -0.02320,   0.00131,   0.06084,  -0.01970,   0.01182,  -0.07397,   0.04683,   0.04158,   0.01357,  -0.00919,  -0.06697,   0.00481,  -0.10199,  -0.07047,   0.02057,   0.00481,   0.02232,  -0.00394,  -0.00394,  -0.01970,  -0.04421,   0.01532,   0.02757,   0.03283,   0.04683,  -0.00044,   0.01882,  -0.04946,   0.01007,  -0.01269,   0.06609,   0.01007,   0.02232,  -0.00394,  -0.00569,   0.02933,  -0.01795,   0.05034,   0.03983,  -0.01444,  -0.09848,   0.08185,   0.01007,   0.05909,   0.01707,  -0.01094,   0.04158,  -0.05822,  -0.06347,   0.06959,   0.05384,  -0.02845,  -0.04771,  -0.02145,  -0.01269,   0.02232,   0.04683,  -0.06347,  -0.02320,  -0.05296,   0.01182,  -0.03195,  -0.06347,  -0.02845,  -0.01269,  -0.01269,  -0.10899,   0.04333,  -0.04771,  -0.03721,  -0.03020,  -0.04421,  -0.01620,   0.02407,  -0.04771,   0.06434,  -0.08973,  -0.01795,  -0.00569,   0.00131,   0.01182,  -0.00394,   0.02057,  -0.01269,  -0.00744,   0.02407,  -0.07397,  -0.04421,   0.05034,   0.04508,   0.02933,   0.03108,   0.06959,   0.00481,   0.01532,   0.03808,   0.01182,  -0.01269,   0.03108,   0.05034,  -0.08273,  -0.02320,  -0.09848,  -0.02670,   0.04683,   0.03283,  -0.09148,  -0.00919,  -0.02845,  -0.06172,  -0.03545,  -0.04596,   0.08360,  -0.02320,  -0.01269,   0.02057,  -0.06347,  -0.05997,   0.02582,   0.02057,  -0.03896,  -0.03896,   0.04858,  -0.00569,  -0.03020,   0.01707,   0.03108,  -0.01795,   0.06084,  -0.05121,  -0.01795,  -0.10374,  -0.05296,  -0.05822,   0.01707,   0.05734,  -0.01094,  -0.09848,  -0.00919,  -0.00394,  -0.02145,  -0.04246,  -0.01620,  -0.01269,   0.00131,  -0.01620,   0.03633,   0.01707,   0.04683,   0.01882,  -0.01444,   0.01707,   0.01882,   0.08360,   0.02757,   0.06784,  -0.03370,  -0.09148,   0.07485,   0.04158,  -0.00044,  -0.00394,   0.00131,   0.01182,   0.01707,  -0.02145,   0.01182,  -0.06172,   0.03108,   0.00131,   0.07310,   0.03108,  -0.01970,   0.08885,   0.00657,   0.02057,  -0.05471,   0.07835,   0.07310,  -0.02670,  -0.03020,   0.01357,  -0.01269,   0.07135,   0.04158,  -0.05121,   0.02933,  -0.01795,   0.01532,  -0.04771,   0.04333,   0.05559,   0.03458,  -0.01444,  -0.00219,   0.05209,   0.05034,  -0.03195,   0.04858,   0.00657,  -0.00744,  -0.03020,  -0.09323,  -0.08623,   0.00306,   0.03633,  -0.05471,   0.01182,   0.02407,  -0.03195,  -0.03370,   0.01707,  -0.03370,  -0.05822,  -0.00219,   0.01707,   0.05209,   0.10636,   0.04158,   0.14313,  -0.03896,   0.04508,  -0.03896,  -0.00394,   0.00306,  -0.00219,   0.03983,   0.00657,  -0.02320,   0.00481,  -0.01795,  -0.03195,   0.05734,   0.00832,  -0.01795,  -0.01795,   0.00481,  -0.03370,   0.03983,  -0.09148,  -0.02845,   0.04683,   0.02407,  -0.05822,  -0.00219,   0.06959,   0.08010,  -0.00569,  -0.01795,  -0.01620,  -0.04946,   0.01007,  -0.01795,   0.01007,   0.00481,  -0.08798,   0.00306,  -0.03896,  -0.03545,  -0.06347,  -0.08098,  -0.09673,   0.03458,  -0.02670,   0.00657,   0.00306,  -0.06347,  -0.01444,  -0.04771,  -0.00919,  -0.01269,  -0.06172,   0.01182,  -0.03020,   0.05034,   0.00131,   0.06784,   0.02407,   0.01532,   0.02582,  -0.04071,   0.05734,   0.06259,  -0.03370,   0.03633,   0.00832,   0.05034,  -0.04596,  -0.00919,   0.08360,  -0.03020,   0.04508,   0.03108,  -0.00919,  -0.00044,   0.01882,  -0.06872,  -0.05822,   0.01532,   0.02407,  -0.01795,  -0.05646,  -0.02145,   0.05209,  -0.00219,  -0.00744,   0.05559,   0.01357,  -0.00744,  -0.00044,  -0.01094,  -0.01970,   0.00832,   0.00306,   0.02757,   0.00306,  -0.02670,  -0.03195,  -0.04071,   0.05384,  -0.05646,  -0.04246,  -0.03896,   0.08185,   0.02582,  -0.01620,  -0.02495,  -0.09498,  -0.08448,  -0.02495,  -0.00044,  -0.03020,   0.03808,   0.03108,   0.06609,  -0.02320,  -0.00919,  -0.10199,  -0.06697,  -0.00044,   0.02582,   0.03283,  -0.02670,   0.01357,  -0.00394,  -0.00219,  -0.01620,   0.01882,   0.03808,  -0.05471,   0.07310,  -0.02845,   0.03283,   0.06959,  -0.01094,  -0.05997,   0.04158,  -0.02670,   0.01882,  -0.04071,  -0.05471,   0.03983,  -0.06697,   0.01707,   0.01707,   0.07485,   0.02757,  -0.06697,   0.04508,  -0.01795,  -0.04596,  -0.04946,  -0.04771,   0.03283,  -0.00394,  -0.00044,   0.01882,   0.01882,   0.04333,  -0.03896,   0.06959,  -0.02670,   0.04508,  -0.03020,  -0.02495,  -0.01444,  -0.04596,   0.00832,  -0.00394,   0.02232,  -0.04421,   0.02933,  -0.06172,   0.02933,  -0.03721,   0.04158,   0.00481,   0.02232,   0.03983,   0.03983,  -0.02495,   0.04858,   0.02933,   0.02757,  -0.00569,   0.01532,  -0.02845,  -0.09148,  -0.03370,  -0.03195,  -0.07747,  -0.09148,  -0.02495,  -0.01269,  -0.00219,  -0.07047,  -0.04946,  -0.12124,  -0.02145,  -0.03370,  -0.01620,  -0.03370,   0.03983,  -0.04946,  -0.04246,  -0.07397,  -0.05997,  -0.05121,   0.02232,  -0.00044,   0.00657,   0.01707,  -0.04596,  -0.03545,   0.02407,  -0.01970,  -0.05121,  -0.01269,   0.01532,   0.03808,  -0.01094,   0.02407,  -0.03545,  -0.00569,   0.07135,   0.10636,  -0.02670,  -0.00744,   0.01357,  -0.04771,   0.00131,  -0.00394,  -0.07747,  -0.00394,  -0.03020,  -0.08098,  -0.03545,   0.01182,  -0.03370,  -0.03545,  -0.02145,   0.04333,  -0.00569,  -0.03545,   0.02757,  -0.00219,   0.06084,  -0.09148,   0.00657,  -0.02145,  -0.00744,  -0.05646,  -0.01444,  -0.01795,   0.06434,   0.03108,  -0.00919,  -0.04246,   0.03108,   0.00306,   0.03108,  -0.05822,  -0.03721,   0.03458,   0.01182,   0.02232,  -0.03896,  -0.08273,  -0.00919,   0.01007,   0.00657,   0.02232,  -0.01620,   0.02057,   0.00131,   0.06434,  -0.03020,  -0.03195,  -0.01094,  -0.09148,  -0.01970,  -0.00919,  -0.02670,  -0.12124,  -0.02670,  -0.01269,  -0.04596,   0.06959,  -0.02495,  -0.00044,   0.00481,   0.04158,   0.01007,   0.00131,  -0.00044,   0.04683,   0.01882,  -0.01970,   0.06609,   0.03108,   0.01357,   0.01532,   0.05034,  -0.00394,  -0.02670,  -0.02845,   0.00832,  -0.06172,  -0.05471,  -0.00394,  -0.00394,  -0.02320,   0.00481,  -0.00394,   0.03808,  -0.03195,  -0.04246,  -0.02845,  -0.02145,   0.01007,  -0.01795,   0.01882,   0.06959,  -0.00219,   0.01007,  -0.03896,   0.00306,  -0.05997,   0.01182,   0.04333,  -0.03370,  -0.00744,  -0.02495,  -0.01444,  -0.04246,  -0.03195,  -0.04596,   0.00131,  -0.00744,   0.05034,  -0.02320,  -0.08448,  -0.02670,  -0.03721,  -0.00394,  -0.02320,   0.02232,   0.00657,   0.07135,  -0.05121,   0.03983,   0.06609,  -0.00744,   0.05209,   0.00481,   0.02057,   0.02232,   0.06784,   0.01882,   0.00657,   0.04333,  -0.00919,  -0.02145,   0.00131,   0.02407,  -0.01795,   0.03983,  -0.08273,   0.00657,  -0.04946,  -0.07047,  -0.03896,  -0.08098,  -0.03721,   0.01007,   0.01007,  -0.03721,  -0.00044,  -0.05471,   0.03808,  -0.02495,  -0.00219,   0.12212,   0.01532,   0.04683,   0.06959,   0.00131,   0.03983,   0.01357,   0.00657,  -0.03020,   0.03808,   0.05209,  -0.10023,   0.05384,   0.00832,  -0.02495,   0.01882,   0.06609,   0.01007,  -0.03370,  -0.05997,  -0.00569,   0.01532,  -0.03020,   0.00832,   0.02757,  -0.03370,   0.03458,  -0.01269,   0.06434,   0.03633,  -0.08098,  -0.01620,   0.06434,   0.05209,   0.05559,   0.00481,  -0.00919,   0.04858,  -0.08273,  -0.00044,  -0.01269,  -0.00219,  -0.03020,   0.08185,  -0.01970,  -0.04246,   0.02057,  -0.05296,  -0.00394,  -0.00219,  -0.13000,   0.02582,   0.07135,   0.00131,   0.01882,  -0.01795,   0.04333,  -0.07047,   0.02582,  -0.00919,  -0.01970,  -0.02670,   0.02757,   0.03633,   0.03808,  -0.02845,   0.06784,  -0.01269,  -0.02495,  -0.02495,   0.01882,   0.00481,   0.03983,  -0.05646,  -0.03370,   0.02057,  -0.02145,   0.01882,   0.00306,  -0.02845,   0.02057,   0.01357,  -0.07222,  -0.08448,  -0.06172,  -0.08798,   0.00131,   0.03983,  -0.02145,   0.02407,  -0.07572,  -0.03370,   0.05209,   0.01532,  -0.03896,  -0.03370,  -0.05822,   0.05034,   0.03283,  -0.00569,   0.01882,  -0.01444,   0.03633,   0.01532,   0.01007,   0.02057,  -0.01269,  -0.00744,  -0.11599,   0.04858,   0.00481,  -0.00044,   0.02757,   0.01357,   0.00306,   0.01182,  -0.01795,  -0.07222,   0.05734,  -0.02670,  -0.00219,   0.01182,  -0.01094,  -0.04596,   0.08885,   0.01882,  -0.00394,   0.01882,   0.03108,  -0.05997,   0.03983,  -0.00219,   0.07135,   0.01182,   0.01357,  -0.01269,  -0.03370,  -0.01795,  -0.04421,   0.01707,  -0.01094,   0.00481,   0.06959,  -0.09148,  -0.02495,   0.01357,  -0.00569,  -0.03370,  -0.03896,   0.04508,  -0.01094,   0.05559,   0.03108,   0.01007,   0.02232,   0.04508,  -0.03721,   0.04858,   0.03808,   0.08360,  -0.04071,  -0.00219,  -0.02845,   0.01707,  -0.11074,  -0.03195,  -0.00394,  -0.03195,   0.06609,  -0.05296,   0.03283,   0.01882,  -0.03370,  -0.06697,  -0.03020
   0.05559,  -0.03545,   0.04858,  -0.02845,  -0.08098,  -0.01970,  -0.02845,   0.04683,  -0.02495,  -0.01094,   0.11512,  -0.03721,  -0.06522,  -0.00219,   0.05734,   0.00131,  -0.00219,  -0.04421,   0.03633,  -0.01444,  -0.05471,   0.03108,  -0.04071,  -0.07922,  -0.05471,   0.02057,  -0.01795,  -0.00919,  -0.00744,   0.08885,   0.00657,   0.03108,   0.02232,  -0.00744,   0.02757,  -0.03195,  -0.01444,  -0.00569,   0.01882,   0.00306,   0.01007,   0.02757,  -0.04946,   0.03108,  -0.03545,   0.01357,   0.01707,  -0.00044,  -0.01620,  -0.00394,  -0.05822,  -0.00569,  -0.03370,  -0.05646,  -0.05822,  -0.07047,  -0.01970,  -0.02845,  -0.00569,  -0.01094,  -0.05646,   0.01357,   0.03108,   0.04858,  -0.07222,   0.05209,  -0.08623,   0.05559,  -0.01444,   0.06084,  -0.02320,   0.02757,  -0.05646,  -0.02145,  -0.02145,  -0.00919,  -0.03020,   0.00657,  -0.01970,  -0.00744,   0.01357,   0.05909,   0.04858,   0.02757,   0.03808,  -0.00744,  -0.00569,  -0.03020,  -0.01970,   0.04508,  -0.07747,   0.04158,  -0.02320,  -0.03896,   0.06609,   0.05034,   0.03633,  -0.07747,   0.01007,  -0.00219,   0.02057,   0.02933,   0.01182,   0.03808,   0.06434,   0.01707,   0.04858,   0.05384,   0.01532,  -0.01444,  -0.04071,  -0.04071,  -0.00394,  -0.04946,  -0.03721,   0.05559,  -0.07747,   0.01357,   0.02933,  -0.02845,   0.03108,   0.03108,   0.04858,   0.05384,   0.02232,   0.00657,  -0.02670,  -0.05822,   0.06609,   0.01357,  -0.01094,  -0.01444,   0.05384,  -0.00044,   0.00832,   0.06784,  -0.03721,  -0.03896,  -0.03545,   0.03458,  -0.03370,   0.05034,   0.03808,   0.02933,   0.02933,  -0.04946,   0.02582,  -0.02495,  -0.02145,  -0.01444,  -0.03195,  -0.01269,  -0.03195,  -0.01795,  -0.02845,   0.02407,   0.01007,   0.10461,  -0.06347,  -0.09848,  -0.03896,   0.03458,   0.01182,   0.01532,  -0.03020,  -0.07397,   0.02407,  -0.04071,   0.06259,   0.03108,  -0.01795,   0.01882,   0.06784,   0.08010,  -0.02845,   0.03633,  -0.05822,   0.01182,   0.03983,  -0.06172,   0.01182,  -0.05822,   0.05909,  -0.00394,   0.00481,  -0.00744,  -0.03721,  -0.07047,  -0.07047,  -0.01970,  -0.03545,  -0.01094,  -0.02845,  -0.03020,  -0.09673,  -0.07747,  -0.00919,   0.01182,   0.02407,  -0.01620,  -0.01620,  -0.01620,   0.05734,  -0.06522,  -0.02320,   0.01007,   0.04333,   0.02232,  -0.00394,  -0.07922,  -0.00919,  -0.05646,  -0.02495,   0.04508,   0.05209,   0.03283,   0.01007,  -0.06347,   0.00657,  -0.03370,  -0.07922,   0.06084,   0.05034,   0.01007,   0.01532,  -0.06697,  -0.00744,  -0.03370,  -0.02495,   0.07135,  -0.03370,   0.06784,  -0.01795,   0.00481,   0.05909,   0.03633,  -0.02670,  -0.06697,  -0.01269,   0.01007,  -0.00919,  -0.06872,  -0.03370,  -0.06172,  -0.00919,  -0.05997,   0.04683,   0.00657,  -0.01269,   0.05034,   0.03808,   0.03108,   0.00306,   0.02582,   0.00306,   0.02232,   0.04158,   0.04508,  -0.04771,  -0.02145,   0.03283,  -0.01094,   0.01882,  -0.04771,  -0.03545,   0.04158,  -0.02845,  -0.01269,  -0.02145,  -0.00569,  -0.01970,   0.06434,  -0.05822,  -0.04246,   0.00481,   0.01182,   0.01532,   0.00481,  -0.10374,  -0.03020,  -0.07397,  -0.00219,  -0.04246,   0.06959,  -0.03370,   0.02057,   0.05734,   0.08185,   0.02582,   0.00657,  -0.04771,   0.00306,   0.04508,  -0.06522,   0.10111,  -0.01269,   0.03283,  -0.04071,   0.02933,   0.05384,  -0.01269,   0.02407,   0.04158,  -0.00044,  -0.01795,   0.02582,  -0.06172,   0.02582,   0.03108,  -0.11074,  -0.02845,  -0.00219,  -0.07572,  -0.01970,   0.01007,  -0.00219,  -0.05646,  -0.00394,   0.09586,   0.02757,  -0.00744,   0.09411,   0.07660,   0.03283,  -0.02145,  -0.00744,   0.05034,  -0.00569,  -0.01444,  -0.01094,   0.01182,   0.01707,   0.00657,   0.03633,   0.02057,   0.01357,   0.09411,  -0.01795,   0.10811,  -0.03545,  -0.00569,   0.06609,  -0.00044,   0.02232,  -0.03896,  -0.05822,  -0.11074,   0.03808,   0.10286,   0.06259,  -0.08098,  -0.01094,   0.02057,   0.04508,   0.02933,  -0.03195,  -0.01620,   0.01882,  -0.01269,   0.03108,  -0.03020,   0.00131,  -0.08273,  -0.01970,  -0.02145,  -0.10023,   0.07660,  -0.01970,   0.03108,  -0.06347,  -0.02670,  -0.03721,  -0.00044,   0.01182,  -0.01269,   0.06609,  -0.02845,  -0.01444,  -0.06172,   0.03283,  -0.01620,  -0.07747,   0.07485,  -0.04246,  -0.01269,   0.00306,   0.00657,   0.03458,  -0.03721,   0.00481,  -0.07222,   0.00657,   0.01357,   0.03808,  -0.01269,  -0.04771,   0.05559,  -0.06172,  -0.08798,  -0.09148,  -0.03020,  -0.02845,   0.00131,  -0.02320,   0.00657,  -0.02145,  -0.01269,  -0.06172,   0.00131,   0.00131,  -0.01795,   0.00131,   0.06434,   0.01882,   0.02582,   0.03458,   0.02582,  -0.08448,  -0.00219,  -0.00744,   0.00306,  -0.00219,  -0.02495,   0.02757,  -0.01094,   0.00306,   0.06084,   0.06609,  -0.05471,   0.03458,   0.03808,  -0.03370,  -0.02145,  -0.03896,  -0.00044,   0.03633,  -0.02320,  -0.06172,  -0.01795,   0.00306,  -0.08973,  -0.04946,  -0.04071,   0.02582,   0.04333,  -0.05121,  -0.03195,  -0.05121,   0.01707,  -0.02845,  -0.04071,   0.03458,  -0.04071,   0.01707,  -0.08623,   0.07485,  -0.01094,   0.05559,   0.08010,   0.07835,   0.04683,  -0.02495,  -0.01795,  -0.04421,  -0.01970,   0.06084,   0.01182,  -0.06347,  -0.02670,  -0.03195,   0.02757,   0.03633,  -0.00394,   0.05034,   0.02757,   0.05909,  -0.05646,   0.00832,  -0.03721,  -0.04771,   0.08185,   0.02232,  -0.01444,  -0.03545,  -0.08448,   0.02407,   0.05559,   0.06084,   0.03983,   0.02232,   0.01357,   0.02232,   0.00657,  -0.00044,   0.06434,  -0.03370,   0.06259,  -0.01795,   0.01007,   0.05734,   0.08710,  -0.04946,  -0.00744,  -0.07222,  -0.07047,   0.01532,   0.03983,  -0.01620,  -0.02845,  -0.05646,   0.03808,   0.01707,  -0.05646,   0.02057,   0.00131,  -0.03195,  -0.04946,   0.00832,   0.01182,  -0.02145,  -0.07572,   0.00657,  -0.01620,  -0.04771,   0.01182,   0.01532,   0.03983,   0.03283,  -0.07222,  -0.01444,   0.03458,  -0.00744,  -0.06872,   0.01532,  -0.01620,  -0.00219,  -0.01970,  -0.03896,  -0.04246,  -0.03545,   0.02057,  -0.06697,   0.00306,  -0.00219,   0.08185,   0.01532,   0.06609,   0.01532,  -0.00919,  -0.05997,   0.02757,  -0.01094,   0.01182,  -0.00219,  -0.00744,  -0.00569,   0.05734,  -0.00394,  -0.02495,   0.06434,  -0.02495,   0.02933,  -0.00569,  -0.00219,   0.01707,   0.01707,  -0.00744,  -0.02320,  -0.09498,   0.00481,   0.00832,  -0.00744,  -0.02845,   0.06434,   0.03283,  -0.02495,   0.05734,  -0.01795,  -0.08273,   0.06084,  -0.00569,   0.00657,   0.02057,   0.05734,  -0.00919,   0.06259,   0.02933,   0.02757,   0.03808,   0.06434,  -0.03195,   0.05034,   0.03633,  -0.02845,  -0.01970,  -0.05296,   0.04333,   0.09235,   0.01882,  -0.01269,  -0.00219,   0.03108,  -0.02495,  -0.03721,  -0.10199,   0.04333,  -0.05822,   0.01357,   0.00306,   0.04333,   0.04333,   0.05559,  -0.08798,   0.02582,   0.01532,  -0.00569,   0.02057,   0.02057,  -0.01795,   0.00657,  -0.03020,  -0.05471,   0.04158,   0.02057,   0.05734,   0.00306,  -0.04596,  -0.07572,  -0.04071,   0.03458,   0.03983,  -0.03896,  -0.00744,  -0.05121,   0.02232,   0.03283,  -0.05997,  -0.05296,  -0.02495,  -0.00394,  -0.03020,  -0.00744,   0.05909,  -0.03195,   0.01182,   0.04333,   0.04858,   0.03458,  -0.00744,  -0.00569,   0.01357,  -0.00919,  -0.00219,   0.05209,   0.04683,   0.02057,   0.05909,  -0.00919,  -0.00044,  -0.05646,  -0.03020,  -0.04771,   0.01532,  -0.06347,   0.03808,  -0.05296,  -0.00394,  -0.01620,   0.02933,  -0.08273,  -0.04771,   0.01532,   0.00832,  -0.05471,  -0.01094,  -0.03020,  -0.00744,  -0.02845,   0.00481,   0.03808,  -0.06697,   0.04683,   0.05384,   0.03633,  -0.02495,   0.08010,   0.03283,  -0.03545,  -0.06172,  -0.08623,   0.05209,  -0.02670,   0.03458,   0.02933,  -0.01970,  -0.05296,  -0.01269,  -0.01269,   0.01532,   0.01182,  -0.09498,   0.01707,   0.01357,  -0.06872,   0.01007,  -0.00569,   0.05734,   0.01532,  -0.01620,  -0.03721,   0.03633,   0.05209,  -0.01444,   0.07835,  -0.04421,  -0.04946,   0.04858,  -0.00044,  -0.01795,   0.04858,  -0.04771,  -0.05997,   0.05734,  -0.01795,   0.02057,   0.02407,   0.01882,  -0.02845,  -0.03020,   0.07135,   0.00306,  -0.02320,   0.03633,  -0.04596,   0.05034,  -0.01444,   0.02407,   0.02933,  -0.03020,   0.07835,   0.01182,   0.03633,   0.01882,   0.01007,  -0.08098,  -0.00919,   0.04158,   0.03108,   0.11512,  -0.12650,  -0.00394,   0.00306,  -0.01444,   0.05734,  -0.03370,   0.03808,  -0.02145,  -0.01094,  -0.03721,   0.00306,   0.00481,  -0.05646,  -0.00219,  -0.02845,  -0.03896,   0.03983,  -0.05997,  -0.02495,   0.03808,  -0.01620,   0.01007,  -0.03721,  -0.00569,  -0.03195,  -0.07572,   0.05209,   0.01007,  -0.06172,   0.02057,  -0.01970,   0.00832,   0.00131,  -0.01094,  -0.00219,  -0.01795,  -0.02845,  -0.05822,   0.09235,   0.02057,   0.09235,   0.00832,  -0.00744,   0.01182,  -0.10199,  -0.07747,  -0.02145,   0.06259,   0.01007,  -0.00394,   0.01532,  -0.07222,   0.05734,  -0.01620,  -0.04421,  -0.02845,  -0.01620,  -0.05646,  -0.00219,  -0.03370,  -0.02145,  -0.05121,   0.02582,  -0.01795,  -0.01094,  -0.04421,   0.07310,   0.06959,   0.03983,   0.01532,  -0.08098,  -0.03020,  -0.08798,  -0.12300,   0.03983,  -0.05296,   0.03458,  -0.06347,  -0.00919,  -0.01094,   0.01532,  -0.01269,   0.00131,  -0.00044,   0.02057,  -0.03195,  -0.08623,  -0.02145,  -0.04421,   0.08010,  -0.03195,  -0.00219,   0.00832,   0.03983,  -0.00569,  -0.00569,   0.00657,   0.01707,  -0.00919,   0.08710,   0.04158,  -0.03370,  -0.01620,   0.01882,   0.04683,   0.00657,   0.05034,  -0.02670,   0.05034,  -0.03896,  -0.00044,  -0.00219,  -0.01970,  -0.02845,  -0.04246,   0.05209,  -0.02145,   0.04508,  -0.06172,  -0.04771,  -0.06347,   0.05909,   0.00481,  -0.02145,  -0.01795,   0.14663,  -0.02845,   0.00832,   0.04158,  -0.02495,  -0.06697,  -0.02670,  -0.02670,  -0.07572,  -0.02670,   0.01707,   0.02232,   0.04158,  -0.03195,   0.04158,   0.09586,   0.01707,   0.00481,   0.03983,   0.07310,  -0.00219,  -0.03020,   0.01357,   0.03108,   0.05734,   0.05034,  -0.01970,   0.05384,   0.03983,   0.04158,  -0.01970,   0.00481,   0.02582,   0.00131,   0.02407,  -0.02320,   0.03458,   0.00481,  -0.01970,  -0.04246,  -0.04596,  -0.05121,  -0.03545,   0.01707,  -0.02145,   0.05734,  -0.02670,  -0.00744,  -0.05997,   0.03633,  -0.00044,   0.00657,   0.01007,  -0.01444,   0.05734,   0.10461,   0.02582,  -0.05646,  -0.00569,   0.00481,  -0.01620,   0.03108,   0.00657,   0.03633,   0.02933,  -0.07397,  -0.01795,  -0.03020,  -0.06522,   0.01182,  -0.03370,   0.00657,   0.03983,  -0.01795,   0.06609,   0.01357,  -0.01094,   0.05034,  -0.00744,   0.03458,   0.02407,   0.03283,  -0.03370,  -0.05121,   0.04858,  -0.02670,  -0.07922,   0.00131,  -0.00394,   0.04158,   0.02057,   0.06609,   0.00306,  -0.05296,   0.01532,  -0.05296,  -0.05822,   0.01182,  -0.01094,  -0.01094,  -0.05296,  -0.04246,  -0.04246,   0.03108,  -0.09323,   0.01357,   0.03633,   0.04158,   0.04508,  -0.04946,  -0.00569,  -0.00919,   0.03808,  -0.01269,   0.00832,  -0.04946,   0.01532,   0.06959,  -0.07747,  -0.00569,  -0.04771,  -0.04071,  -0.00044,  -0.03370,  -0.02670,  -0.03721,  -0.04246,  -0.07397,   0.06609,   0.01357,  -0.05822,   0.00832,  -0.00044,   0.05034,  -0.01620,   0.00306,   0.00131,  -0.02495,   0.01882,   0.01357,   0.01357,   0.04508,   0.00657,  -0.05121,   0.00306,   0.01357,  -0.01795,  -0.02320,   0.00306,   0.01007
  -0.03545,  -0.02495,   0.07835,  -0.05471,  -0.00919,  -0.00569,  -0.00394,   0.06259,  -0.00044,   0.04158,   0.02407,   0.04683,   0.07660,  -0.03195,  -0.02320,   0.03633,  -0.01269,  -0.05822,   0.12037,   0.00131,   0.02407,  -0.05822,   0.01882,   0.02407,   0.02407,   0.03633,   0.01182,   0.03808,  -0.03195,  -0.01094,  -0.04071,   0.04333,  -0.01269,   0.06959,  -0.06872,  -0.01970,   0.07485,   0.01007,   0.01532,  -0.01444,  -0.00569,   0.00131,   0.04158,   0.01882,   0.02757,  -0.02320,   0.05734,  -0.01620,   0.00131,  -0.03721,  -0.00569,   0.02407,  -0.04071,  -0.04071,  -0.05997,  -0.04946,   0.07660,   0.01532,   0.00481,  -0.03020,  -0.02495,  -0.01444,   0.02757,  -0.13350,   0.02933,  -0.00744,  -0.02670,  -0.02145,  -0.03020,  -0.07747,  -0.04596,  -0.00394,  -0.02845,   0.02933,   0.00131,  -0.03896,   0.02933,   0.02232,  -0.02670,  -0.05646,  -0.06347,   0.06784,  -0.01620,   0.03983,   0.02057,   0.08535,   0.08885,   0.00657,   0.00131,   0.04858,  -0.00219,   0.03808,   0.01882,  -0.00394,   0.02407,  -0.00394,   0.01532,   0.08185,  -0.00919,  -0.01620,  -0.09673,  -0.01970,   0.01182,   0.01707,   0.02057,  -0.03721,  -0.07047,  -0.06522,   0.01532,  -0.00744,   0.00306,   0.01882,   0.09235,  -0.00744,   0.04858,   0.00832,  -0.07397,   0.02757,   0.01357,  -0.04596,   0.01357,  -0.00919,   0.00832,   0.07135,   0.03283,  -0.01620,   0.01182,  -0.01444,  -0.07747,  -0.01269,   0.03633,   0.08885,  -0.03545,   0.00657,  -0.01094,   0.00306,  -0.00569,   0.11336,  -0.00919,  -0.05471,   0.01357,   0.00481,   0.02757,   0.03283,   0.00131,   0.01007,  -0.03370,  -0.07397,   0.03283,   0.03633,  -0.02845,   0.00657,  -0.07397,  -0.02845,   0.02757,   0.00832,  -0.03020,   0.01182,  -0.01795,  -0.03545,   0.03808,  -0.00744,  -0.04946,   0.01882,  -0.00744,   0.08885,   0.02933,   0.01007,  -0.02145,   0.03283,   0.08185,   0.00481,  -0.05997,   0.01707,   0.01882,  -0.01970,   0.00832,   0.01707,   0.01532,   0.00131,   0.01882,   0.04508,  -0.07222,  -0.07747,  -0.10199,   0.01532,  -0.00569,  -0.00569,   0.02757,  -0.00394,   0.01532,   0.00306,   0.10636,   0.00481,  -0.04596,   0.01182,   0.00832,   0.03283,  -0.00219,  -0.00744,  -0.06172,  -0.03370,  -0.03545,   0.10461,  -0.00219,  -0.05997,  -0.00044,   0.04858,  -0.00569,  -0.01795,   0.03808,  -0.04596,   0.03983,  -0.04771,  -0.02495,  -0.01795,   0.01182,  -0.02145,   0.05734,   0.01007,  -0.03020,   0.01882,   0.02757,   0.07310,  -0.01970,   0.04683,   0.03983,   0.07485,   0.03633,   0.00481,   0.03108,   0.00481,  -0.01795,   0.04333,  -0.02670,  -0.02845,  -0.04421,  -0.03545,  -0.01795,   0.01007,   0.01532,  -0.06697,  -0.04246,   0.01357,  -0.02495,  -0.04246,   0.02057,  -0.00744,   0.00131,   0.01357,  -0.02495,  -0.04596,   0.01182,  -0.00744,  -0.01094,   0.04683,  -0.01795,   0.01007,  -0.02845,  -0.04421,  -0.04071,   0.02757,   0.05034,  -0.02320,  -0.01970,  -0.00744,   0.06784,  -0.11424,   0.03283,  -0.04596,   0.05559,   0.01182,   0.05034,  -0.00044,  -0.03896,  -0.06872,  -0.07047,   0.07135,   0.02407,   0.02933,   0.01882,  -0.05822,   0.00131,   0.00131,  -0.05646,   0.02933,   0.02057,   0.06959,  -0.02495,  -0.05296,   0.04158,   0.04333,  -0.03545,   0.07835,   0.02407,  -0.03195,   0.02407,   0.01707,   0.07835,   0.01882,  -0.04071,  -0.00219,  -0.00394,   0.02757,  -0.00569,  -0.06697,  -0.04771,  -0.03370,  -0.05296,   0.07310,   0.02933,   0.01707,   0.08535,  -0.01970,  -0.08448,   0.04158,   0.02933,  -0.05997,   0.03808,  -0.04071,   0.01882,   0.06784,  -0.00744,   0.04508,  -0.05121,   0.00657,  -0.01094,  -0.00219,   0.06434,  -0.02845,  -0.06522,  -0.01795,   0.01182,   0.06259,  -0.02495,   0.06084,   0.00306,  -0.01444,   0.01532,  -0.02845,  -0.01444,  -0.04071,   0.00481,  -0.04771,   0.00481,  -0.04946,  -0.01094,   0.02757,   0.00657,  -0.01444,   0.03633,  -0.02320,   0.02757,   0.00481,   0.04333,   0.02057,   0.00306,   0.03983,   0.03108,  -0.06522,  -0.03195,   0.03983,   0.01882,   0.01182,  -0.09673,  -0.01970,  -0.07047,  -0.01970,   0.03458,  -0.00569,  -0.06172,   0.01532,  -0.01444,   0.01007,   0.01007,   0.01182,   0.02582,  -0.01269,   0.01182,   0.04858,   0.00306,  -0.01970,  -0.00219,   0.06959,  -0.00744,  -0.10899,   0.01182,  -0.07747,   0.02933,   0.01357,  -0.05997,  -0.02845,  -0.02145,   0.02757,   0.02933,   0.03983,  -0.06522,   0.00832,   0.01882,  -0.01269,   0.00481,   0.02232,   0.01882,   0.02582,   0.03108,   0.03458,  -0.02495,   0.00481,   0.04508,   0.03633,   0.05734,   0.04858,  -0.02145,  -0.02320,  -0.00919,  -0.05997,   0.03108,  -0.00394,   0.01182,  -0.05822,   0.09411,  -0.05822,   0.06609,  -0.02145,   0.02933,   0.05209,   0.06434,  -0.01970,   0.00306,   0.01182,   0.05209,   0.02933,  -0.05997,   0.04158,   0.02582,  -0.01795,   0.00306,  -0.02320,  -0.01970,   0.02933,   0.03808,  -0.08973,  -0.07222,   0.00481,  -0.01094,  -0.00219,  -0.01444,   0.00481,  -0.00219,  -0.02670,   0.03808,  -0.01269,  -0.05646,  -0.01970,   0.06609,   0.03808,   0.01007,   0.05384,  -0.02145,   0.00481,   0.01707,  -0.05121,  -0.03020,   0.02757,   0.02582,  -0.03020,  -0.04071,   0.01882,   0.00131,  -0.03721,  -0.00744,   0.00306,   0.06784,  -0.00919,   0.01357,  -0.04596,  -0.00919,  -0.02495,  -0.04596,   0.04508,   0.03108,  -0.07747,  -0.02145,  -0.01795,   0.02232,   0.03808,  -0.04246,  -0.03370,   0.01882,  -0.04771,  -0.02145,  -0.03721,  -0.04246,  -0.03721,  -0.04946,   0.01882,  -0.01094,   0.00657,  -0.00919,   0.05734,   0.03283,  -0.02145,   0.02407,   0.07310,  -0.00044,  -0.02320,   0.02757,   0.02933,   0.01007,   0.02232,  -0.02670,   0.01357,  -0.04946,   0.04858,   0.03633,  -0.00919,  -0.02670,   0.02232,  -0.02670,  -0.00569,   0.05734,  -0.00394,  -0.00744,  -0.04946,   0.03633,   0.03808,  -0.01620,  -0.08798,  -0.01970,  -0.04246,  -0.03370,   0.02407,  -0.00919,   0.01357,   0.02232,  -0.03545,  -0.04071,  -0.00744,  -0.00394,  -0.04421,  -0.03545,  -0.08623,  -0.02670,  -0.04771,  -0.00394,  -0.00394,   0.03458,  -0.03370,   0.02757,  -0.04771,  -0.03545,   0.01882,   0.05909,  -0.04246,   0.00131,   0.01357,  -0.02145,  -0.01795,   0.02757,   0.03633,  -0.01269,   0.00481,   0.00306,   0.01707,  -0.00919,   0.03633,   0.03983,   0.08885,  -0.03020,   0.00657,   0.03108,   0.05384,   0.01182,  -0.05997,  -0.04771,   0.01357,   0.02933,   0.01532,  -0.04071,  -0.06172,  -0.00394,  -0.04596,  -0.04071,  -0.02670,  -0.01444,   0.03983,  -0.04246,   0.03633,  -0.00219,   0.02757,  -0.05997,   0.01882,   0.03808,  -0.02145,   0.00306,   0.00306,  -0.02670,   0.02757,   0.06259,  -0.05822,   0.05034,   0.03458,  -0.04596,   0.01007,   0.06084,   0.10811,  -0.06172,   0.00832,  -0.05121,  -0.02145,   0.02057,   0.09761,  -0.04246,  -0.04421,  -0.02495,  -0.01620,  -0.00919,   0.02757,   0.01882,   0.07660,  -0.00044,   0.03633,   0.00832,   0.04508,  -0.03896,  -0.07047,  -0.05471,   0.00481,   0.01707,  -0.01444,  -0.01620,  -0.03896,  -0.06697,  -0.04946,   0.02933,   0.05209,   0.05734,   0.05909,   0.01707,  -0.03020,   0.02582,  -0.05822,  -0.01795,  -0.01795,  -0.00919,  -0.01269,  -0.14926,   0.01007,   0.01357,   0.01007,  -0.00919,   0.05909,   0.02757,  -0.02320,  -0.04421,  -0.01444,   0.01532,   0.01882,  -0.02845,  -0.00219,  -0.05121,  -0.06347,   0.00481,  -0.04246,  -0.05997,  -0.00919,   0.05734,  -0.07572,   0.05209,   0.03108,   0.04858,  -0.10199,  -0.03195,   0.03283,   0.00657,  -0.02320,   0.04683,  -0.01620,   0.04508,  -0.04071,   0.09586,  -0.00744,   0.03283,  -0.00569,  -0.00569,   0.00131,   0.01182,   0.01007,   0.02057,  -0.04596,  -0.00044,   0.03808,  -0.06697,   0.01182,   0.03458,   0.05209,  -0.02845,  -0.00569,  -0.05296,   0.01007,   0.09060,  -0.02145,  -0.05471,  -0.07572,  -0.01094,  -0.00744,   0.05209,   0.09586,  -0.07222,   0.00131,   0.02757,  -0.03721,  -0.00569,  -0.03896,   0.05209,   0.04858,  -0.03896,   0.01007,  -0.05646,   0.01182,   0.00481,   0.03633,  -0.00744,   0.04508,   0.01882,   0.00131,   0.04333,  -0.03721,   0.00832,  -0.09848,  -0.00394,  -0.10199,   0.00832,  -0.01269,  -0.03195,  -0.03370,  -0.00219,  -0.03020,   0.02757,  -0.03721,  -0.01970,  -0.01444,   0.05559,   0.00481,   0.02933,   0.02933,  -0.00394,  -0.02845,   0.05384,   0.03458,  -0.04771,  -0.03721,  -0.05296,   0.03283,  -0.00744,  -0.00044,   0.02232,   0.03808,  -0.03020,   0.00306,  -0.01620,   0.04858,   0.03283,   0.02057,  -0.00569,   0.01182,   0.02933,   0.04333,  -0.00394,  -0.03545,  -0.00219,  -0.10549,  -0.07397,  -0.01795,  -0.02845,   0.03633,  -0.03020,  -0.01269,   0.03458,   0.04333,  -0.05296,  -0.00744,   0.04683,   0.02057,   0.01882,  -0.01094,  -0.04596,  -0.01795,  -0.07572,   0.02407,   0.10461,   0.00657,  -0.00744,  -0.04071,   0.09411,  -0.02670,   0.00832,   0.00481,  -0.05997,  -0.01795,  -0.00569,   0.01182,   0.04683,  -0.00219,   0.02232,   0.02933,  -0.04421,   0.01882,  -0.03195,  -0.00219,   0.07660,  -0.06697,   0.04508,  -0.03195,   0.00131,   0.04508,  -0.03721,   0.02057,  -0.00744,  -0.03896,   0.02057,   0.00306,   0.03983,  -0.02145,  -0.06172,   0.07310,  -0.03020,  -0.04946,  -0.05296,  -0.02145,   0.04508,   0.03808,   0.01532,  -0.00919,  -0.00569,   0.10811,   0.05034,   0.01707,  -0.04771,   0.03808,   0.04333,  -0.01620,  -0.03370,   0.04508,  -0.00569,   0.01707,  -0.03370,  -0.06347,   0.08360,  -0.05646,  -0.01970,   0.04508,  -0.05997,  -0.00569,   0.05384,   0.00657,  -0.04946,  -0.05121,   0.03808,  -0.00219,   0.05209,   0.08710,   0.06434,   0.04158,   0.00481,  -0.00044,   0.01182,   0.03633,   0.06259,  -0.01444,   0.08185,   0.00306,   0.02757,  -0.03020,   0.02232,   0.07660,  -0.01620,  -0.05296,   0.00131,   0.05384,   0.02232,   0.00306,   0.03108,   0.00306,   0.01357,  -0.01444,   0.06259,  -0.02145,   0.02232,   0.01007,  -0.05121,  -0.00219,   0.03458,  -0.05121,  -0.07047,   0.05034,   0.06259,   0.08185,  -0.00394,  -0.03020,   0.02057,   0.03458,  -0.04596,   0.02933,  -0.00394,   0.04158,  -0.02145,  -0.00394,  -0.09148,   0.04858,   0.01357,   0.01182,  -0.04771,  -0.04771,   0.02057,   0.07135,   0.03283,  -0.00044,   0.02757,   0.01357,  -0.04771,  -0.02670,   0.01182,  -0.01620,   0.04158,  -0.02145,   0.00481,   0.01357,   0.03283,  -0.03195,   0.01182,  -0.01444,  -0.00744,   0.05734,   0.01182,  -0.01620,  -0.03020,   0.07660,   0.02582,   0.07135,   0.01182,   0.01882,   0.01882,  -0.01795,   0.02232,  -0.00569,  -0.05121,   0.01707,  -0.05296,   0.04858,   0.03283,  -0.02145,   0.01532,   0.10286,   0.06084,  -0.03545,  -0.02495,   0.02057,   0.00832,  -0.00919,  -0.00394,  -0.01094,   0.07310,   0.03983,  -0.01970,  -0.03545,  -0.03020,  -0.03370,  -0.05121,  -0.04421,  -0.05121,  -0.03896,   0.06959,  -0.04771,  -0.02670,  -0.00394,  -0.01795,   0.00832,   0.01007,  -0.02320,  -0.01620,   0.07835,   0.02407,  -0.05121,   0.03983,   0.02232,   0.02407,   0.01532,  -0.02320,   0.02407,   0.05384,  -0.03896,  -0.00044,   0.02582,  -0.02495,  -0.05296,  -0.05121,   0.13613,  -0.03020,  -0.06872,  -0.01094,  -0.03195,  -0.03020,   0.03983,   0.08185,   0.03283,  -0.02670,   0.01532,  -0.00044,   0.03633,  -0.03721,  -0.00744,   0.02232,  -0.00569,   0.00657,   0.05034,  -0.01094,  -0.00744,  -0.02320,  -0.00044,  -0.01094,  -0.00744,  -0.04946,  -0.01094
   0.03458,   0.03283,  -0.00044,  -0.04596,   0.02582,  -0.04246,  -0.01795,   0.08360,   0.06609,  -0.01094,   0.02757,  -0.00394,   0.05909,   0.04333,   0.02933,   0.02232,   0.02057,  -0.05822,  -0.02145,   0.02407,  -0.03721,   0.05734,  -0.03896,  -0.00744,  -0.02670,   0.10461,  -0.08273,  -0.05997,  -0.00044,   0.01007,  -0.04596,  -0.01620,   0.01007,  -0.01094,  -0.02670,  -0.00569,   0.06259,   0.05209,   0.03983,   0.08010,  -0.02670,   0.01182,   0.03808,   0.02232,   0.12912,   0.02933,  -0.01620,  -0.00219,  -0.04421,  -0.05471,  -0.01970,  -0.07922,  -0.02320,  -0.00219,  -0.00044,  -0.06697,   0.04158,   0.00832,  -0.05121,  -0.06872,  -0.01269,   0.02582,   0.02407,  -0.02145,   0.00657,  -0.00219,  -0.00044,  -0.01094,  -0.00044,   0.00657,   0.01357,  -0.01795,   0.01532,  -0.00744,  -0.00744,   0.04158,   0.04158,  -0.06872,  -0.05121,   0.04333,   0.03283,   0.02057,  -0.10724,  -0.02670,   0.07135,   0.04158,   0.04683,  -0.04771,   0.08710,   0.02582,   0.00657,   0.04508,  -0.02670,  -0.02845,   0.03458,   0.01357,   0.01182,  -0.03896,   0.07660,  -0.09323,  -0.04071,   0.09235,   0.01882,  -0.01620,  -0.03896,  -0.00219,   0.01882,   0.00481,  -0.02320,   0.01357,   0.10986,   0.02407,   0.07310,   0.02757,  -0.03020,   0.03983,  -0.04246,  -0.00569,  -0.01620,  -0.10199,   0.01882,  -0.01970,   0.02757,  -0.00569,  -0.00044,   0.03108,   0.02757,  -0.05121,   0.00657,   0.02582,  -0.01444,  -0.01269,  -0.00569,  -0.02670,  -0.02670,   0.05909,  -0.07222,   0.00481,   0.01182,   0.04858,   0.02057,  -0.05822,   0.01182,  -0.00744,  -0.03370,  -0.04421,  -0.03545,  -0.00569,   0.01357,  -0.00044,   0.03283,   0.05909,  -0.06872,  -0.02495,  -0.03721,  -0.02145,  -0.02320,  -0.02495,   0.01882,  -0.09148,  -0.02320,   0.03108,  -0.00219,   0.06959,   0.06609,  -0.00569,  -0.00219,  -0.04246,   0.01882,  -0.01094,  -0.03020,   0.02407,   0.01707,   0.04858,  -0.02670,   0.00832,  -0.00569,   0.01007,  -0.01269,   0.07135,  -0.00044,  -0.02670,  -0.02320,  -0.01269,  -0.03896,   0.01532,  -0.03020,   0.02933,   0.02232,   0.03983,   0.02582,  -0.07397,  -0.02845,  -0.04596,  -0.05296,  -0.02145,   0.01882,   0.10286,  -0.07922,   0.03808,  -0.03896,  -0.09148,   0.02232,  -0.01444,  -0.04246,   0.01882,  -0.00569,   0.05734,  -0.01094,   0.02232,  -0.01269,  -0.03896,  -0.11599,   0.04508,   0.01182,   0.03808,   0.03983,   0.03108,  -0.01094,   0.03808,   0.02407,   0.03983,  -0.02670,  -0.01970,  -0.01970,   0.04683,   0.01532,  -0.03370,   0.03808,   0.04683,   0.02582,  -0.07047,  -0.04071,   0.02933,  -0.08973,   0.06259,  -0.04246,   0.04858,  -0.02495,  -0.03896,   0.05034,  -0.00044,   0.02933,  -0.01094,   0.01182,   0.02933,  -0.07747,   0.01532,  -0.01269,   0.01182,  -0.03195,  -0.05121,  -0.01094,  -0.05121,   0.00657,   0.07485,   0.02232,   0.03283,   0.08360,  -0.02670,  -0.02145,  -0.01444,   0.00131,   0.01882,  -0.00919,  -0.01795,  -0.05296,   0.05209,  -0.02145,  -0.00044,   0.03458,   0.12912,  -0.00744,   0.12562,  -0.00569,   0.06084,  -0.10899,   0.02057,   0.09411,  -0.00219,  -0.02670,  -0.04421,  -0.05822,   0.01882,   0.09761,  -0.01269,   0.02057,  -0.08623,   0.01532,  -0.01795,   0.01882,  -0.01269,  -0.03896,   0.08185,   0.03983,   0.00306,  -0.09148,   0.05384,  -0.08448,   0.00481,  -0.03195,  -0.01444,  -0.05471,  -0.01094,   0.03808,  -0.02495,   0.02933,   0.03633,   0.05384,  -0.00919,  -0.01795,  -0.01970,   0.03983,  -0.01620,  -0.05997,   0.00306,   0.06959,  -0.00394,   0.02232,   0.04333,  -0.00219,   0.02407,   0.08710,  -0.02495,   0.00306,  -0.01970,  -0.03370,   0.06959,   0.01707,   0.00306,  -0.00394,   0.02232,   0.04508,   0.00481,   0.01357,  -0.01795,  -0.00394,   0.03983,  -0.00744,  -0.01970,   0.00481,  -0.01269,   0.03808,   0.04333,   0.01707,  -0.01620,  -0.04071,  -0.06697,   0.02933,  -0.03020,   0.02757,  -0.05822,  -0.04071,   0.04333,  -0.07397,   0.02232,  -0.03896,   0.01707,  -0.04421,  -0.01094,  -0.01269,  -0.00919,   0.06084,  -0.01269,   0.01182,   0.01182,   0.04858,   0.04508,  -0.06522,   0.05734,   0.02232,   0.05384,  -0.01620,   0.01007,  -0.02845,   0.02057,   0.01707,  -0.00044,   0.07660,   0.05209,   0.01532,   0.03633,   0.02407,   0.00306,   0.03808,   0.04333,  -0.02145,  -0.04771,  -0.01094,   0.00306,   0.01182,   0.02757,   0.00131,  -0.02845,   0.02757,  -0.01094,  -0.04946,   0.08535,  -0.08448,   0.03458,   0.01882,  -0.07572,   0.00306,  -0.00044,   0.07485,   0.05384,  -0.05471,  -0.03721,   0.06959,   0.02933,  -0.01269,   0.05034,  -0.00044,   0.01532,   0.00481,   0.05559,   0.00131,  -0.03020,   0.00657,   0.04333,  -0.03896,   0.05909,   0.05734,  -0.02845,   0.02933,  -0.03896,  -0.06522,   0.06259,   0.04858,   0.04333,   0.01882,   0.01007,   0.00657,   0.03808,  -0.01620,  -0.01094,   0.06784,  -0.03370,   0.05209,   0.02407,   0.02933,  -0.03195,  -0.01094,  -0.00219,   0.03983,   0.03983,   0.05734,   0.08360,   0.08010,   0.04683,  -0.03195,   0.05384,   0.05034,  -0.07922,   0.03458,  -0.06522,   0.00306,  -0.07572,  -0.00569,  -0.08973,  -0.02495,  -0.02495,   0.03283,  -0.01094,  -0.06347,  -0.03020,   0.01707,   0.04683,   0.03983,  -0.00744,   0.04683,   0.00657,   0.05734,   0.02407,   0.04333,   0.02407,   0.02757,  -0.00044,   0.02582,   0.06434,  -0.05121,  -0.06697,  -0.05296,  -0.01620,  -0.00044,   0.00832,  -0.02845,  -0.01444,   0.01007,   0.02407,   0.05559,   0.00131,  -0.00919,   0.06609,  -0.04071,  -0.02495,  -0.06347,  -0.04596,  -0.02670,   0.06084,  -0.03545,  -0.01094,   0.03983,  -0.07572,   0.05034,   0.02232,   0.02582,  -0.03721,  -0.01269,  -0.04596,   0.03283,  -0.00744,  -0.01795,   0.02933,   0.03633,   0.03983,  -0.05646,  -0.01444,  -0.03896,   0.00131,   0.10286,   0.04683,   0.02582,  -0.01094,   0.02582,   0.01707,  -0.02495,   0.02057,   0.00481,   0.01882,   0.01532,  -0.03370,  -0.00569,   0.01532,  -0.00394,   0.01707,   0.05209,  -0.00044,   0.00832,   0.00832,   0.05734,   0.03283,   0.01007,   0.02582,  -0.02845,   0.03283,  -0.02495,  -0.04771,  -0.01620,   0.01182,  -0.08798,  -0.00219,   0.00481,   0.03283,   0.00306,   0.05909,   0.00306,   0.06434,  -0.05997,  -0.03721,   0.10461,  -0.01795,  -0.00044,   0.01357,  -0.01795,  -0.00219,  -0.03020,   0.12737,   0.00481,   0.05209,  -0.02320,  -0.12650,  -0.02145,  -0.00219,  -0.01620,   0.00481,   0.04858,   0.02582,  -0.03020,  -0.05121,   0.04333,  -0.00919,   0.04158,   0.01707,   0.05559,  -0.06347,   0.02933,  -0.02670,   0.00306,   0.01707,  -0.05471,   0.01182,  -0.05997,  -0.02845,  -0.00394,  -0.00569,   0.02757,   0.05209,   0.02582,  -0.01269,  -0.03545,   0.04858,   0.03283,   0.01182,  -0.01444,  -0.04421,   0.04858,   0.00306,   0.06259,   0.05559,  -0.01269,  -0.02670,   0.04858,   0.05384,   0.04683,   0.04333,  -0.01795,   0.01357,  -0.04246,  -0.01620,   0.01182,   0.00131,  -0.04246,   0.02757,   0.02933,  -0.05121,   0.12212,   0.03983,  -0.03545,   0.03808,   0.03458,   0.02757,  -0.01094,  -0.01094,   0.04158,  -0.02495,   0.04158,   0.01882,   0.03108,   0.01532,   0.01182,   0.01882,   0.01532,  -0.00219,   0.04858,   0.01532,   0.04333,   0.04158,  -0.05822,   0.06784,  -0.03020,  -0.06522,   0.03283,  -0.09673,  -0.01620,   0.07660,  -0.03896,  -0.00044,   0.06609,  -0.01444,  -0.06172,   0.02582,  -0.00569,  -0.05296,   0.01707,  -0.01094,   0.00832,   0.05384,  -0.01444,  -0.01795,   0.02407,  -0.02670,   0.03458,   0.02757,  -0.00219,   0.05734,  -0.00044,  -0.03545,  -0.03545,  -0.00744,  -0.02495,   0.05209,   0.06259,   0.04333,   0.00657,  -0.05822,   0.00131,   0.00131,  -0.05997,  -0.01795,  -0.03020,  -0.05646,   0.03283,  -0.03721,   0.00832,  -0.01795,   0.03108,  -0.05121,  -0.00219,   0.00832,   0.08710,   0.03983,   0.03633,   0.02407,   0.03983,  -0.04596,  -0.01795,  -0.07747,  -0.08448,   0.02757,   0.01357,   0.01357,  -0.00569,   0.01532,  -0.00394,   0.00657,   0.03808,   0.05384,  -0.04071,   0.00832,  -0.03896,  -0.03896,  -0.01795,  -0.00394,   0.07835,   0.01357,   0.04683,  -0.03545,  -0.01970,  -0.02845,  -0.00394,  -0.04421,  -0.03370,  -0.01094,  -0.01795,   0.02057,  -0.00219,  -0.07572,  -0.07747,  -0.00919,   0.01007,  -0.08448,  -0.02145,   0.05909,   0.02407,   0.05384,  -0.01094,  -0.00569,  -0.04946,  -0.04421,   0.02757,  -0.04246,  -0.01094,   0.08360,  -0.00569,  -0.03896,   0.02582,  -0.03195,  -0.02670,   0.06434,  -0.07047,   0.06784,   0.01882,   0.00832,   0.05034,   0.04683,  -0.02845,   0.03283,  -0.00569,  -0.01444,   0.01882,  -0.05296,   0.03108,   0.01357,   0.01182,   0.01532,  -0.02845,  -0.00219,   0.00481,  -0.01094,  -0.06347,  -0.03020,   0.07135,   0.00131,  -0.04946,   0.01707,  -0.00394,   0.00131,  -0.05296,  -0.08273,   0.00832,   0.02933,  -0.06347,   0.00481,  -0.03370,  -0.04071,  -0.05296,  -0.05822,  -0.03020,  -0.00044,   0.07660,   0.01182,  -0.03545,   0.01182,  -0.00044,   0.03983,  -0.01269,  -0.05471,   0.03633,   0.02757,   0.01882,  -0.02145,  -0.01970,  -0.04071,   0.03983,  -0.00219,   0.02407,   0.03283,   0.00306,   0.00481,   0.00832,   0.00306,  -0.00394,  -0.02495,   0.03108,  -0.01269,   0.00131,   0.04333,   0.02407,  -0.06172,  -0.02670,  -0.03020,  -0.01795,   0.06084,  -0.03721,   0.01182,  -0.00569,   0.00131,  -0.08798,  -0.02670,  -0.01094,  -0.00219,   0.04858,  -0.05121,  -0.02145,  -0.03370,   0.04508,  -0.01094,  -0.04596,  -0.02845,   0.01707,   0.01007,   0.08185,  -0.02670,   0.02582,  -0.04246,   0.00306,   0.07835,  -0.00219,  -0.01094,   0.05559,   0.02407,  -0.02320,  -0.02495,   0.00306,   0.03108,  -0.03020,  -0.06522,   0.03808,   0.02057,   0.03983,   0.01007,   0.02933,  -0.01094,   0.04333,  -0.01795,   0.05734,   0.02407,   0.06434,  -0.03020,   0.01707,  -0.03721,  -0.00569,  -0.00569,   0.02933,   0.04683,  -0.11424,  -0.00569,  -0.03020,   0.02582,   0.01357,   0.05734,   0.03983,   0.01357,   0.00131,  -0.02670,  -0.03020,  -0.00569,   0.01182,  -0.01269,   0.01357,  -0.08448,   0.03633,   0.02407,   0.02232,  -0.00219,  -0.04421,   0.00306,   0.03983,   0.06259,   0.03633,  -0.02670,   0.01707,  -0.03896,  -0.10374,  -0.05646,  -0.01269,  -0.03020,  -0.00919,   0.01357,  -0.03896,   0.04683,   0.05909,   0.02057,  -0.05296,   0.06259,  -0.09673,  -0.01269,   0.00657,  -0.00394,  -0.06172,   0.04333,  -0.03370,  -0.02320,  -0.00919,  -0.01444,   0.00832,   0.00832,   0.07660,   0.00131,   0.05384,  -0.00569,  -0.03195,  -0.03545,  -0.06522,   0.03633,   0.04508,   0.02232,   0.02757,   0.00306,   0.03808,  -0.00744,   0.02407,  -0.07222,  -0.01094,  -0.01444,   0.02757,  -0.03721,   0.02407,   0.01007,  -0.04071,  -0.02320,  -0.04071,  -0.00044,  -0.01970,  -0.02145,   0.04683,   0.01007,  -0.03545,   0.05384,   0.00657,  -0.02670,  -0.03896,   0.02232,   0.07135,  -0.00744,   0.06609,   0.00657,   0.02407,  -0.00044,   0.04683,   0.03983,  -0.04771,   0.02232,  -0.02495,   0.04158,  -0.03721,   0.03983,   0.02057,   0.07135,  -0.03020,  -0.08798,   0.01882,   0.02757,   0.02582,  -0.00569,  -0.07572,   0.08710,  -0.03545,   0.03108,   0.03458,  -0.03545,  -0.02320,   0.00832,  -0.06522,   0.04683,  -0.02145,  -0.07922,  -0.02845,   0.00131,   0.04333,  -0.01795,   0.01182,   0.02232,  -0.00744,  -0.06347,   0.02057,  -0.00744,  -0.05471,   0.01007,   0.02582,   0.00657,   0.00657,  -0.02495
   0.03458,  -0.02145,   0.03808,  -0.03020,   0.00832,  -0.05471,   0.04158,   0.01707,   0.01707,   0.02232,  -0.06347,   0.01707,   0.00657,   0.01707,  -0.05646,   0.03458,  -0.05471,   0.05209,  -0.00919,  -0.00219,  -0.00569,   0.03808,  -0.04246,   0.00481,   0.04158,  -0.00219,   0.03108,  -0.02320,   0.04683,   0.02407,  -0.01269,   0.03108,   0.00832,   0.01007,   0.06959,  -0.01094,   0.09411,   0.06084,  -0.01970,  -0.03545,  -0.01795,  -0.04596,   0.07310,   0.03108,  -0.03721,   0.01532,  -0.03721,   0.06084,   0.01007,  -0.01444,  -0.01269,  -0.00569,   0.01532,  -0.03020,  -0.01795,   0.01882,   0.06434,  -0.02670,  -0.01620,  -0.02320,  -0.02145,  -0.07572,   0.01882,  -0.05121,  -0.03370,  -0.05121,  -0.00044,  -0.03020,   0.05909,   0.04508,   0.01532,   0.03633,  -0.04771,   0.02757,   0.00657,   0.04333,   0.01007,   0.01357,   0.03283,   0.01007,   0.01357,   0.08010,  -0.03721,  -0.04946,   0.01532,   0.06434,  -0.00219,  -0.04771,   0.02057,  -0.06522,   0.02057,   0.00657,   0.01182,   0.01007,  -0.03195,  -0.00744,  -0.06522,   0.09060,   0.00306,   0.04508,   0.02232,  -0.00569,   0.04333,  -0.03195,  -0.01444,   0.01532,  -0.01094,  -0.00219,  -0.01970,   0.04333,   0.03283,  -0.04421,  -0.00569,  -0.02320,  -0.00044,   0.00306,   0.04333,  -0.00044,   0.06959,   0.03108,  -0.04596,   0.02057,   0.03808,  -0.01444,  -0.00919,   0.00657,  -0.04071,   0.00832,  -0.05646,   0.07310,  -0.00394,   0.00306,   0.04508,   0.06259,  -0.01094,   0.00657,  -0.04596,   0.00832,  -0.07922,   0.03808,   0.00481,  -0.02495,   0.03983,  -0.01444,  -0.07222,   0.07485,   0.01182,   0.00481,  -0.03195,  -0.08098,  -0.04071,   0.08185,   0.03983,   0.02582,  -0.00219,  -0.07572,   0.05209,   0.03983,  -0.03195,   0.01182,  -0.03195,  -0.01269,   0.03633,  -0.00744,   0.00657,   0.01882,   0.02407,  -0.01970,   0.02232,   0.00832,   0.02407,  -0.02145,   0.04683,   0.06609,   0.06959,  -0.01970,  -0.00569,   0.03983,  -0.03545,  -0.03370,   0.04858,  -0.02145,  -0.00044,   0.00657,   0.01707,  -0.07922,   0.05209,   0.00832,  -0.03195,   0.02933,   0.03458,  -0.03370,   0.01707,   0.02757,  -0.02145,  -0.04246,  -0.02495,  -0.04246,  -0.00044,   0.01357,  -0.04946,   0.05909,   0.01532,   0.05734,  -0.00569,  -0.01269,   0.06259,  -0.00744,   0.01707,  -0.05646,   0.01532,  -0.04071,   0.04508,   0.01532,   0.02057,  -0.01444,  -0.02495,   0.08360,  -0.07222,  -0.01094,  -0.03545,   0.01707,   0.05559,   0.01707,   0.02757,   0.01882,  -0.05296,  -0.05822,   0.06609,   0.01707,  -0.03195,   0.09235,   0.01532,  -0.03545,  -0.01094,   0.01007,  -0.03370,   0.09936,  -0.06172,   0.03108,   0.02232,  -0.02320,   0.02057,  -0.01094,  -0.07922,  -0.01094,   0.04858,  -0.03370,   0.04158,   0.02407,  -0.02145,   0.01532,  -0.04246,  -0.03721,  -0.05471,   0.07835,  -0.03195,   0.00657,   0.05909,  -0.01795,   0.04683,  -0.03020,  -0.00219,  -0.01795,  -0.00394,   0.08885,  -0.02670,  -0.03545,   0.01707,   0.03108,  -0.00569,   0.00481,   0.00481,  -0.00219,  -0.00744,  -0.01970,  -0.00569,  -0.05997,   0.00657,   0.00657,  -0.04421,  -0.07922,  -0.05822,   0.08535,   0.01532,   0.00131,   0.02232,   0.03283,   0.04508,  -0.05296,   0.02757,   0.00832,  -0.01970,   0.03983,  -0.00744,   0.03633,  -0.03370,   0.00657,  -0.06872,  -0.01795,   0.02057,  -0.03370,  -0.02495,  -0.00744,   0.01007,   0.02582,  -0.03545,  -0.01094,   0.06784,  -0.04596,  -0.02670,  -0.00569,   0.07310,  -0.00394,   0.03983,   0.02582,   0.02407,   0.00131,   0.08535,  -0.02670,  -0.04596,   0.03633,   0.01882,   0.02757,   0.06959,   0.01182,   0.00657,  -0.03545,   0.04158,   0.00832,  -0.04246,   0.05384,   0.06259,  -0.01269,  -0.02670,  -0.03545,  -0.01620,  -0.01795,   0.02232,  -0.05121,  -0.04771,  -0.06172,   0.00657,   0.04683,   0.05384,  -0.07572,   0.05734,  -0.03020,   0.07485,   0.05909,  -0.00044,   0.03458,   0.01007,   0.01007,   0.08185,   0.02057,   0.00306,  -0.08273,  -0.03896,   0.03633,  -0.01620,  -0.02670,  -0.00744,   0.02057,   0.05034,   0.02057,  -0.00219,   0.02407,  -0.04596,  -0.02845,   0.00657,  -0.02845,  -0.04071,  -0.03896,   0.09235,  -0.03896,   0.02057,  -0.03195,  -0.01970,   0.03283,  -0.04421,   0.02232,   0.01357,  -0.07572,  -0.03721,  -0.01970,  -0.06347,   0.01882,  -0.00744,   0.04508,   0.04158,  -0.03020,  -0.04421,   0.06434,  -0.00219,  -0.00569,   0.01357,  -0.02145,  -0.08098,   0.03283,  -0.00044,   0.03283,   0.00306,   0.03808,   0.05209,  -0.05296,   0.10636,   0.05209,  -0.02845,   0.01532,  -0.03020,   0.03283,   0.04158,  -0.05296,   0.01882,   0.05384,  -0.00744,  -0.08448,   0.02057,  -0.01444,   0.09060,   0.00481,   0.00832,  -0.01970,   0.06434,   0.01007,  -0.00919,  -0.01094,  -0.01444,  -0.08798,   0.04158,   0.01357,  -0.01620,   0.03108,  -0.00394,   0.04508,  -0.03721,  -0.04946,  -0.01269,   0.07835,   0.08885,   0.01182,   0.01182,   0.01007,  -0.01620,   0.01532,   0.07135,   0.04333,   0.00832,  -0.05822,  -0.05296,  -0.05471,  -0.03020,   0.01707,  -0.03020,  -0.05296,   0.04158,  -0.09848,  -0.00394,   0.03458,  -0.01269,  -0.00219,   0.00832,  -0.07047,  -0.03545,   0.02757,   0.04333,  -0.07222,   0.01882,   0.00131,  -0.06697,   0.03633,   0.03283,  -0.11074,   0.09235,   0.02582,   0.01532,   0.02232,  -0.10199,  -0.06347,  -0.01444,   0.08710,   0.02757,  -0.00569,   0.00306,   0.00131,  -0.01620,   0.00657,  -0.03020,   0.01532,  -0.02845,  -0.00744,   0.07485,  -0.05121,   0.00306,  -0.03020,  -0.03896,   0.02933,  -0.01094,  -0.02320,   0.02582,  -0.02320,   0.02232,   0.00657,   0.05384,   0.00481,  -0.02670,   0.03283,  -0.00394,  -0.06697,   0.02232,   0.00657,  -0.01269,   0.01007,   0.02933,  -0.04071,  -0.08448,  -0.02320,  -0.02845,  -0.02495,   0.06784,   0.00131,  -0.00569,   0.03283,   0.05034,  -0.03896,   0.02582,   0.05384,  -0.00394,   0.00131,  -0.00919,   0.02232,  -0.00044,   0.03808,   0.03458,  -0.05296,   0.05909,  -0.00744,   0.01182,  -0.02320,   0.00131,  -0.00744,  -0.00569,  -0.00219,   0.00832,  -0.00044,  -0.02495,  -0.03545,  -0.03370,   0.01532,   0.04858,   0.00832,  -0.00744,  -0.01094,   0.03108,  -0.00744,  -0.06172,  -0.04421,   0.00306,  -0.03545,  -0.07397,  -0.01620,   0.03108,   0.03283,   0.02407,   0.05909,   0.03283,  -0.02145,  -0.02495,   0.02232,   0.07485,  -0.01269,  -0.00744,  -0.00394,   0.02057,  -0.08448,   0.05209,   0.03633,   0.01357,  -0.04421,  -0.01795,  -0.08098,  -0.04246,  -0.06522,   0.01007,   0.01357,   0.02057,  -0.03545,   0.04333,  -0.02845,   0.00131,   0.01182,  -0.00744,  -0.01094,   0.05559,   0.06959,  -0.00744,   0.00306,   0.01007,   0.01357,   0.02232,   0.00481,   0.07485,   0.00306,   0.00832,   0.05559,  -0.05646,   0.04858,   0.05909,  -0.01094,   0.01007,   0.03283,   0.05209,   0.00832,  -0.01620,   0.05559,   0.01357,  -0.06522,   0.00832,  -0.00394,   0.01357,  -0.04946,  -0.00219,   0.02933,  -0.01269,   0.00657,  -0.01795,  -0.05822,  -0.02845,   0.00481,  -0.01620,   0.02757,  -0.05296,   0.02757,   0.01707,  -0.04946,   0.02407,   0.06259,  -0.06522,   0.02232,   0.01707,  -0.03370,   0.02407,   0.01357,  -0.00219,  -0.03545,   0.01707,   0.02232,  -0.01795,   0.00131,   0.08885,  -0.07222,   0.00832,  -0.02670,   0.00481,   0.03808,  -0.01620,  -0.02320,   0.00306,  -0.07572,   0.03108,  -0.03195,   0.01707,  -0.05822,   0.01532,   0.01182,  -0.02670,  -0.03545,   0.01532,  -0.02670,  -0.07222,  -0.02845,   0.02757,  -0.00044,  -0.04071,   0.00832,   0.06084,  -0.00744,  -0.00744,   0.07135,  -0.04071,  -0.08273,  -0.03020,   0.03983,   0.02407,  -0.03020,  -0.01970,  -0.03370,   0.01532,  -0.02495,  -0.02495,  -0.00744,   0.01532,   0.01007,  -0.03370,  -0.05296,  -0.01970,   0.02232,   0.01882,   0.00657,  -0.04071,   0.04158,  -0.04596,   0.05909,  -0.00569,  -0.03896,   0.00131,   0.01357,  -0.02320,  -0.01970,   0.00481,   0.02057,  -0.00394,  -0.01620,  -0.00569,  -0.00744,  -0.01970,  -0.00569,   0.00481,   0.00306,   0.03283,  -0.00219,  -0.02670,  -0.05822,   0.02057,  -0.02845,   0.01182,   0.00832,  -0.02845,   0.02407,   0.03808,  -0.07222,  -0.00219,  -0.08973,   0.06959,   0.10111,   0.00832,   0.02407,  -0.02845,  -0.00919,  -0.02670,  -0.01094,  -0.02495,   0.04683,   0.03983,   0.07135,   0.02757,  -0.01444,   0.05384,  -0.00219,   0.06084,  -0.10899,   0.00306,   0.03283,  -0.05997,   0.01532,  -0.03721,   0.03283,  -0.01795,  -0.05296,  -0.04071,   0.02232,   0.01007,   0.02232,  -0.04246,  -0.01444,  -0.06522,   0.02757,   0.02407,   0.04158,   0.02232,   0.00131,   0.01357,   0.00832,   0.04333,  -0.01444,  -0.05296,   0.01532,  -0.01795,  -0.03370,   0.00657,   0.04858,  -0.00919,  -0.04946,   0.00832,   0.03808,   0.00306,  -0.03020,  -0.02495,  -0.02145,   0.02933,   0.00131,  -0.02145,  -0.04771,   0.01707,  -0.02670,  -0.01444,  -0.01795,   0.05034,  -0.03721,   0.00131,  -0.00569,  -0.04946,  -0.01269,  -0.04596,  -0.04071,   0.02407,  -0.05471,   0.02407,  -0.06522,  -0.01269,  -0.03896,   0.06084,   0.02757,   0.01707,   0.04158,  -0.01620,  -0.01444,  -0.05121,  -0.07222,  -0.00219,   0.03458,   0.01357,   0.01182,  -0.01269,  -0.02495,   0.04333,  -0.00919,   0.00832,  -0.00394,   0.01357,  -0.03896,  -0.06697,   0.11512,   0.04158,   0.00131,  -0.03896,  -0.03370,   0.12737,  -0.08448,   0.03633,  -0.01444,  -0.01795,  -0.03896,   0.03983,   0.03108,   0.04333,   0.04508,   0.06609,   0.00832,  -0.05646,  -0.01970,  -0.03545,   0.02757,  -0.03370,  -0.03020,  -0.00044,   0.01882,  -0.04771,   0.08710,   0.00657,   0.01007,   0.00481,  -0.04246,  -0.03721,  -0.11774,  -0.06697,  -0.02670,  -0.01269,   0.00481,   0.06084,   0.06084,  -0.04771,   0.02933,   0.02057,   0.00832,   0.04158,   0.03458,  -0.05822,   0.05209,  -0.08098,   0.06434,  -0.03020,  -0.01620,  -0.04946,  -0.00044,   0.07135,  -0.02320,   0.04508,   0.02933,   0.01882,   0.03283,   0.02933,  -0.01620,  -0.04946,   0.02757,  -0.04771,   0.02933,   0.04858,   0.00657,  -0.01269,  -0.01269,  -0.06872,  -0.05121,  -0.02145,   0.05209,   0.00306,   0.12912,  -0.11424,   0.00481,  -0.02320,  -0.00219,   0.08360,   0.06609,   0.01007,   0.03283,  -0.03896,  -0.00394,  -0.00219,  -0.05471,  -0.01444,   0.02757,  -0.01444,  -0.03370,  -0.01620,  -0.03020,  -0.02670,   0.03283,  -0.00219,   0.00131,   0.01532,  -0.03896,  -0.01970,  -0.01269,  -0.01970,  -0.01444,  -0.01094,  -0.02670,  -0.01444,   0.03108,   0.03633,   0.02407,   0.00657,   0.00832,  -0.00919,  -0.04071,   0.07310,  -0.00569,  -0.06347,  -0.01620,   0.10111,   0.01882,   0.01707,  -0.08273,  -0.00744,  -0.06522,   0.03808,   0.04158,   0.01182,  -0.03020,  -0.03370,   0.04683,  -0.03370,   0.02933,   0.00131,   0.02407,   0.07135,   0.03983,   0.03983,  -0.04946,   0.01532,   0.05384,  -0.03370,  -0.00219,  -0.01444,  -0.07572,  -0.08273,  -0.00044,   0.02407,   0.05209,   0.01182,   0.00832,   0.08360,   0.04508,  -0.05121,   0.08535,  -0.01269,   0.00657,  -0.01269,  -0.01094,   0.01707,   0.01007,   0.00657,  -0.03721,   0.08710,  -0.07397,  -0.02145,   0.00832,  -0.00394,   0.07660,   0.02757,   0.03808,   0.00832,   0.00306,  -0.02670,   0.01707,   0.00481,  -0.07922,  -0.06347,  -0.00044,  -0.00219,  -0.02320,   0.06784,   0.10461,   0.03108,   0.03108,  -0.01094,   0.01357,   0.01007,   0.04858,  -0.05121,  -0.04071,  -0.06347,   0.04858
  -0.00394,  -0.02145,  -0.01269,   0.01882,   0.08010,  -0.03896,  -0.01970,  -0.02495,   0.01882,  -0.02320,  -0.02670,  -0.03020,  -0.02670,  -0.03020,   0.04333,   0.06084,   0.01532,   0.03633,  -0.00394,   0.03983,  -0.04071,   0.02407,  -0.00219,  -0.04071,  -0.06172,  -0.00569,  -0.00744,  -0.00744,   0.01357,  -0.08273,   0.06959,  -0.01620,   0.03458,   0.04858,  -0.02495,   0.09235,  -0.00744,  -0.00044,  -0.03020,  -0.01269,  -0.05121,   0.00481,   0.02232,  -0.01620,   0.03983,   0.04333,  -0.03195,   0.01707,   0.03983,  -0.00919,   0.03633,   0.01707,   0.01707,  -0.04946,   0.02582,  -0.05471,  -0.00919,  -0.01444,  -0.05997,  -0.05822,   0.04158,  -0.04946,   0.02933,   0.00832,   0.03983,   0.02407,  -0.03370,   0.05734,  -0.00919,   0.06784,  -0.03195,   0.02232,   0.02057,  -0.01094,   0.03633,   0.02057,  -0.03721,  -0.03195,  -0.03195,   0.01707,   0.05909,  -0.03020,  -0.00394,  -0.01269,  -0.03195,   0.04858,  -0.02670,   0.09761,  -0.05296,   0.01357,   0.00131,  -0.00394,  -0.01269,   0.03458,  -0.05121,  -0.03020,   0.05034,   0.01707,   0.12037,  -0.02320,  -0.02495,  -0.05822,   0.05734,  -0.01094,   0.06609,   0.00657,   0.04683,   0.05559,   0.01882,  -0.06172,  -0.05121,   0.01182,  -0.03020,  -0.00919,  -0.08448,  -0.00394,  -0.03195,   0.00657,  -0.03020,   0.10286,   0.01357,   0.01007,   0.03808,   0.03108,   0.07485,   0.07135,  -0.03721,   0.05209,  -0.05646,  -0.01620,  -0.01795,  -0.01269,  -0.00044,   0.01182,   0.05034,  -0.02145,   0.01532,  -0.03721,   0.00306,   0.01882,  -0.04421,   0.04683,   0.01182,   0.03458,   0.05034,   0.04158,   0.00306,   0.02057,  -0.01269,   0.02407,  -0.01795,  -0.00744,  -0.07747,   0.00306,  -0.08798,  -0.09148,   0.01707,   0.03983,   0.15363,   0.01007,   0.01532,  -0.01795,   0.07485,  -0.06172,   0.01707,  -0.00044,  -0.06697,  -0.02670,  -0.04771,   0.07835,   0.02757,  -0.04771,  -0.02845,   0.05909,   0.01532,  -0.02320,  -0.00044,  -0.07222,   0.07135,  -0.01094,   0.00481,   0.01357,   0.03983,   0.05384,   0.07135,  -0.05646,  -0.03370,   0.08360,  -0.00744,  -0.01269,  -0.00394,   0.03633,  -0.04421,   0.01007,  -0.04246,   0.02232,  -0.04596,   0.08710,   0.01357,  -0.01795,   0.03983,   0.00657,  -0.01269,  -0.03370,  -0.01094,  -0.03195,   0.02407,   0.05384,   0.02582,  -0.05296,   0.02757,  -0.11949,  -0.00744,  -0.01094,   0.02057,   0.03458,  -0.04946,   0.05909,   0.03458,  -0.07222,  -0.01269,  -0.04596,   0.07660,   0.00832,   0.03458,   0.05734,  -0.01620,   0.06434,   0.00657,  -0.03195,   0.02933,   0.03633,  -0.02145,   0.01182,  -0.03545,   0.01357,   0.00481,   0.00131,   0.04333,   0.03983,   0.02057,   0.09060,   0.00832,  -0.02495,   0.03983,  -0.00044,  -0.01094,   0.05909,  -0.05121,  -0.03896,   0.07485,   0.01882,   0.01532,   0.01357,   0.01707,   0.11512,   0.02232,   0.03983,   0.09761,   0.02933,  -0.01620,   0.07835,   0.01707,   0.01532,  -0.03896,   0.06784,   0.00657,   0.00657,   0.03458,   0.04158,   0.05909,  -0.00394,  -0.01444,   0.01532,   0.04158,   0.00657,   0.03458,   0.01707,   0.01182,  -0.00569,   0.01707,  -0.03545,   0.00131,   0.02407,  -0.04771,   0.03283,   0.08185,  -0.04771,  -0.08273,   0.02757,  -0.08273,  -0.02320,  -0.03545,  -0.03195,   0.03633,   0.05909,   0.02933,   0.00657,   0.10811,  -0.00569,   0.02757,  -0.08448,  -0.00919,  -0.04071,  -0.02320,   0.03983,  -0.07572,   0.07485,   0.02057,  -0.04946,  -0.04421,   0.02407,  -0.01269,   0.02582,   0.09586,  -0.05646,   0.02057,   0.08535,   0.00481,  -0.01269,   0.01882,   0.04858,  -0.01620,  -0.04246,  -0.05296,  -0.04071,   0.00131,  -0.04071,  -0.04071,  -0.02495,  -0.02320,   0.01707,   0.01532,  -0.06872,   0.06609,   0.02757,  -0.03545,   0.03283,   0.05559,   0.02232,  -0.06697,   0.04333,  -0.05296,   0.04508,   0.02407,  -0.03195,  -0.00394,   0.09235,  -0.01444,  -0.03721,  -0.09498,  -0.03896,  -0.00744,   0.02232,   0.02407,  -0.01970,   0.00131,  -0.01444,  -0.03370,   0.03633,   0.01707,  -0.02670,   0.03808,  -0.06697,   0.06434,   0.04683,  -0.06872,   0.04158,  -0.00919,  -0.01094,  -0.05997,   0.00131,  -0.04421,   0.00131,   0.07835,   0.05034,  -0.04946,  -0.02320,  -0.00044,   0.05559,   0.04333,   0.02232,  -0.01094,  -0.03370,  -0.05296,   0.02582,  -0.00569,   0.01007,  -0.03545,   0.01182,  -0.03195,  -0.02320,  -0.06347,  -0.02495,   0.03458,  -0.02495,  -0.00569,  -0.01795,   0.01707,   0.02057,   0.03633,   0.03808,   0.00306,   0.00657,  -0.02320,  -0.00569,  -0.01269,   0.00131,  -0.00044,  -0.05471,  -0.02670,  -0.05296,   0.05209,   0.01357,  -0.03195,  -0.01970,   0.00481,  -0.00569,   0.05384,  -0.03195,   0.00306,   0.01357,   0.00306,   0.00481,   0.01707,  -0.02495,  -0.06172,  -0.07747,  -0.05822,   0.03633,   0.01007,   0.03283,   0.06784,   0.02757,  -0.02145,   0.01357,   0.02757,  -0.03370,  -0.00744,   0.03108,  -0.03370,  -0.04071,   0.02582,  -0.03896,   0.00481,   0.01357,  -0.00919,  -0.00219,   0.00832,   0.06434,  -0.03545,   0.13087,  -0.02320,  -0.03195,   0.04508,  -0.01444,  -0.04246,  -0.01269,   0.01532,  -0.07747,   0.03283,   0.04683,   0.00481,  -0.02320,   0.05909,   0.08535,  -0.04246,  -0.02320,   0.02057,   0.02232,   0.02757,  -0.05646,  -0.01094,  -0.02320,  -0.00919,   0.01357,   0.01007,  -0.05471,  -0.07222,   0.03633,  -0.07047,   0.03108,  -0.00919,   0.00657,   0.02757,   0.01357,   0.02057,  -0.00394,   0.08010,  -0.00044,   0.03458,   0.00481,   0.01007,   0.02057,   0.06434,  -0.01970,   0.03458,   0.06084,   0.03108,  -0.03545,   0.06434,  -0.01444,  -0.00044,  -0.02845,   0.01182,   0.05209,   0.06959,  -0.01795,  -0.04946,   0.04683,   0.02407,   0.03633,   0.07485,   0.01182,  -0.01970,  -0.01269,   0.00481,  -0.02845,  -0.04946,  -0.00569,   0.03808,   0.06084,   0.06784,  -0.05646,   0.02407,   0.06609,   0.06084,  -0.00394,   0.00481,   0.04858,  -0.03195,   0.00131,   0.01532,   0.06434,  -0.00044,   0.01007,   0.05034,  -0.02845,   0.02757,   0.03283,  -0.01269,   0.00306,  -0.05121,   0.00832,  -0.04596,  -0.03545,   0.07660,   0.03633,   0.03283,   0.01007,  -0.03545,   0.02757,   0.02057,  -0.01269,   0.00481,  -0.04946,   0.04858,  -0.05646,  -0.05646,  -0.02495,  -0.03545,   0.00131,   0.05734,  -0.03896,   0.08885,  -0.02495,  -0.02320,   0.03283,   0.03458,   0.00481,   0.04683,   0.05734,  -0.02320,   0.03633,  -0.00394,   0.03983,  -0.04071,  -0.06872,  -0.05296,   0.04158,   0.00481,  -0.08448,  -0.02320,  -0.02320,   0.00481,  -0.00044,   0.00306,   0.00657,  -0.05822,  -0.00219,  -0.00919,   0.01357,   0.03283,   0.10286,  -0.00394,  -0.02145,   0.02232,   0.01357,   0.04333,  -0.05296,   0.02582,  -0.01269,  -0.01970,   0.02757,   0.02933,  -0.01795,  -0.03545,   0.02407,   0.01182,  -0.01444,  -0.00219,   0.03108,   0.05209,   0.01182,  -0.01444,   0.05384,   0.05734,  -0.00394,   0.01357,   0.05559,   0.10111,  -0.04946,  -0.00219,  -0.03020,   0.01882,   0.07835,   0.06784,   0.01707,  -0.04771,   0.01532,   0.05209,  -0.00744,   0.00306,  -0.07222,  -0.05822,   0.05209,   0.00306,   0.00306,  -0.00919,  -0.03721,  -0.00744,   0.00832,   0.02232,  -0.05471,   0.01182,  -0.07747,  -0.04596,  -0.05121,  -0.03721,  -0.00044,  -0.03195,   0.00832,   0.09235,  -0.02845,   0.00306,   0.00481,  -0.03721,  -0.00219,   0.02232,  -0.03195,  -0.08448,  -0.05646,   0.02407,  -0.03896,   0.03808,   0.03458,   0.06959,  -0.07222,   0.00306,  -0.05296,  -0.02145,  -0.01970,   0.01357,   0.07835,  -0.03721,   0.02232,  -0.01444,  -0.02145,   0.02933,  -0.00219,  -0.00744,  -0.01269,  -0.00744,   0.02407,   0.02933,  -0.00919,   0.05034,   0.02582,  -0.02670,  -0.00919,  -0.00219,  -0.00044,   0.04508,  -0.00219,   0.07310,   0.05034,  -0.01620,   0.01707,   0.00832,   0.01357,  -0.02495,  -0.02670,  -0.02495,   0.01182,  -0.05822,  -0.04596,  -0.05471,   0.06784,   0.08010,   0.00832,   0.00131,   0.03108,  -0.03370,   0.02757,  -0.07572,  -0.08623,  -0.10724,  -0.04071,   0.01357,  -0.01094,   0.00306,  -0.02495,  -0.05997,   0.00832,  -0.02845,  -0.00394,   0.07835,  -0.04946,   0.00306,  -0.01444,  -0.05471,   0.00481,   0.00131,   0.00481,   0.02407,  -0.00044,   0.00306,   0.02582,  -0.06872,  -0.00744,  -0.00919,  -0.05121,  -0.03896,  -0.03370,  -0.05646,   0.03458,   0.03983,  -0.00219,  -0.00219,  -0.05296,  -0.00919,  -0.03195,  -0.00219,  -0.00044,  -0.00219,  -0.00219,  -0.01970,  -0.02670,  -0.01620,   0.08360,   0.02232,  -0.00569,   0.00657,  -0.00744,  -0.03721,   0.03458,   0.01882,   0.04158,   0.02407,   0.03983,   0.05209,  -0.00219,  -0.02845,  -0.06172,   0.12387,  -0.06347,   0.00657,   0.10461,  -0.03195,  -0.01970,  -0.00044,   0.06084,   0.04858,  -0.01269,   0.05909,  -0.08273,  -0.02145,  -0.05646,  -0.05822,  -0.01795,   0.01357,   0.07310,  -0.05646,  -0.10374,  -0.03370,   0.01182,   0.00832,   0.03108,  -0.05997,   0.00481,  -0.05822,  -0.02145,  -0.01970,  -0.03020,  -0.00394,   0.07660,   0.04683,   0.01532,   0.01882,  -0.03195,  -0.08798,  -0.00744,  -0.00394,  -0.07222,  -0.03020,   0.02057,  -0.05121,   0.03283,  -0.00569,  -0.05822,  -0.01269,  -0.00219,  -0.05471,   0.05909,   0.03808,   0.02232,   0.03983,   0.01007,  -0.07922,   0.02933,  -0.00044,   0.02407,  -0.02670,   0.00481,   0.07310,   0.05559,   0.09235,   0.03458,   0.03458,  -0.02320,   0.00832,   0.04683,   0.11862,  -0.11949,  -0.00569,  -0.04596,  -0.02495,   0.01532,   0.01357,  -0.04771,  -0.03195,  -0.00219,  -0.01269,  -0.01269,   0.00131,   0.00657,   0.03283,   0.01182,   0.06609,   0.04333,  -0.03370,   0.00657,  -0.01444,   0.01357,   0.06609,   0.06784,   0.01357,   0.01882,  -0.05471,  -0.04596,   0.01007,  -0.00044,   0.06084,  -0.05121,  -0.01620,  -0.01269,   0.01882,   0.09060,  -0.04246,  -0.01620,   0.01707,   0.01007,  -0.08623,  -0.00569,  -0.00569,  -0.04071,   0.03108,   0.03808,  -0.01620,  -0.02320,   0.02232,  -0.03195,   0.01882,  -0.08273,   0.00832,  -0.02320,  -0.02495,   0.06434,   0.03108,  -0.01970,  -0.00219,   0.05734,   0.00657,  -0.04596,  -0.02320,   0.00481,   0.07135,   0.01882,   0.03808,   0.00832,  -0.01795,   0.04158,  -0.03721,   0.02757,  -0.02495,   0.03458,   0.01882,  -0.01444,   0.06784,  -0.03545,  -0.01795,   0.02757,   0.03983,  -0.07572,  -0.00744,  -0.00744,  -0.05471,   0.03983,   0.04508,  -0.01094,  -0.11949,   0.01357,  -0.01094,   0.01357,  -0.02320,   0.05559,   0.00481,  -0.02845,   0.01007,  -0.02495,  -0.10899,  -0.04421,  -0.00044,  -0.03721,  -0.00044,  -0.00219,  -0.01094,   0.04333,  -0.03721,   0.02057,   0.02757,  -0.00394,  -0.00919,  -0.03195,  -0.02145,   0.07135,  -0.02670,   0.03633,  -0.03896,   0.05559,   0.01182,  -0.08798,   0.06434,  -0.05121,   0.02057,  -0.08973,   0.01357,   0.01532,  -0.01269,  -0.00569,  -0.01970,   0.03108,   0.00306,   0.03458,  -0.01795,  -0.02320,  -0.02320,  -0.03721,   0.05559,  -0.01269,  -0.05471,   0.06784,   0.01707,   0.01357,   0.02407,  -0.01094,  -0.03896,   0.02582,  -0.02670,   0.01707,  -0.01269,   0.06259,   0.01182,   0.04333,   0.00657,  -0.01094,   0.00131,  -0.00394,   0.00481,  -0.01620,   0.03283,  -0.05296,  -0.01970,  -0.03195,   0.03633,   0.05734,   0.00131,  -0.01620,  -0.00219,  -0.03545,  -0.05822,   0.08710,   0.03983,   0.03983,   0.00131,  -0.02495,  -0.01444,   0.01182,   0.03458,  -0.00919,   0.00832,   0.03108,  -0.00219,   0.03983
   0.04333,   0.02232,  -0.00569,   0.01357,  -0.03020,  -0.05997,   0.05909,   0.00832,   0.00832,  -0.05121,   0.01882,   0.00832,   0.01707,  -0.01094,   0.02232,   0.00306,  -0.03545,  -0.09848,   0.07835,   0.03458,  -0.01620,   0.06609,  -0.07047,  -0.09148,   0.00306,   0.00657,  -0.02320,   0.06259,  -0.02845,   0.07135,  -0.00394,  -0.03195,   0.08185,  -0.02495,  -0.00219,   0.08710,  -0.03370,  -0.05997,   0.01707,  -0.02670,  -0.03020,   0.03108,   0.00657,  -0.07747,  -0.01795,   0.04158,   0.03633,  -0.04946,   0.03108,  -0.02845,  -0.00919,  -0.02845,   0.12212,  -0.01795,   0.03108,  -0.03896,   0.03808,   0.04508,   0.02232,  -0.00569,   0.03808,   0.00306,  -0.07922,  -0.05471,  -0.05296,   0.05034,   0.05909,   0.01357,  -0.02670,   0.02933,   0.02757,  -0.04421,   0.02933,   0.02757,   0.06259,   0.02757,  -0.05296,   0.04508,   0.05384,   0.00657,   0.02933,   0.02057,  -0.01094,   0.01182,  -0.00744,  -0.00394,  -0.03370,   0.00832,  -0.02320,  -0.03370,   0.06784,  -0.00394,   0.01357,  -0.05471,  -0.04771,   0.04683,   0.10286,   0.05209,   0.02582,  -0.07747,  -0.04421,  -0.01269,   0.02407,   0.04858,   0.04333,  -0.06347,  -0.03370,   0.00131,   0.01182,   0.08185,   0.02757,   0.05559,  -0.01795,   0.04333,   0.00306,   0.00131,  -0.06872,  -0.07222,  -0.00569,   0.03983,   0.00657,   0.02582,   0.02757,   0.05559,  -0.00744,   0.09586,  -0.02495,  -0.01795,   0.04858,  -0.01620,   0.06259,   0.10811,   0.03283,  -0.02145,   0.03808,  -0.01269,  -0.06697,   0.01532,   0.04508,  -0.08798,  -0.00219,   0.05209,  -0.00744,   0.03983,  -0.00044,  -0.04246,   0.02057,   0.02057,   0.01357,   0.00131,   0.00131,  -0.01094,  -0.00919,   0.04683,   0.01007,   0.06434,  -0.07222,  -0.00569,   0.01532,   0.03108,  -0.00569,  -0.00744,   0.00481,   0.05734,   0.06959,  -0.05121,  -0.03195,  -0.09323,   0.04683,  -0.02320,   0.00131,   0.06259,   0.00131,   0.02232,   0.00657,  -0.01444,  -0.00044,   0.05384,   0.12562,  -0.00219,   0.02933,   0.02057,   0.00657,   0.02933,  -0.05997,  -0.02670,   0.00657,  -0.02320,  -0.05646,   0.02057,  -0.04421,  -0.03020,   0.02582,  -0.02670,  -0.00044,  -0.03020,  -0.05471,  -0.08448,   0.01357,  -0.01269,  -0.03721,   0.10286,  -0.01795,   0.02407,   0.03283,   0.03808,   0.02407,   0.00481,   0.01007,  -0.05822,  -0.05646,  -0.03896,   0.11161,  -0.04421,   0.02057,   0.03283,  -0.02320,   0.03808,   0.03633,   0.01532,   0.00832,   0.03283,  -0.04596,   0.01532,  -0.03195,   0.02582,   0.01007,  -0.01620,   0.04858,  -0.05471,  -0.00919,  -0.03896,   0.04333,   0.02232,   0.00832,   0.07310,   0.02582,   0.07310,  -0.00219,  -0.00744,  -0.05471,  -0.05822,  -0.05822,   0.10461,  -0.00394,   0.08185,  -0.07397,  -0.05822,  -0.01269,  -0.00044,  -0.06172,   0.04683,   0.06609,   0.01357,  -0.08098,  -0.05997,   0.06084,  -0.03545,   0.00832,   0.01882,  -0.03370,  -0.02320,  -0.00044,  -0.01444,  -0.02845,  -0.14576,   0.05559,  -0.02145,  -0.00219,  -0.00569,  -0.02495,   0.02057,   0.04333,  -0.06172,  -0.02320,   0.03808,   0.10111,  -0.06172,  -0.00394,   0.04158,   0.01707,   0.06784,  -0.01795,   0.07835,   0.00481,   0.02407,  -0.01094,  -0.08273,   0.06259,  -0.06347,  -0.01620,   0.14138,  -0.03195,   0.05384,  -0.00744,  -0.03896,   0.05384,  -0.01970,  -0.00219,  -0.08098,  -0.04771,   0.01007,  -0.06172,  -0.02145,  -0.08973,   0.02407,  -0.07747,  -0.00394,   0.01357,   0.02933,  -0.04596,  -0.03896,   0.00832,  -0.04771,   0.01007,   0.01182,   0.02407,   0.01357,  -0.00044,   0.00306,   0.04508,  -0.07047,  -0.01094,  -0.06872,  -0.03721,  -0.04246,  -0.03721,   0.01707,   0.04508,  -0.08798,   0.02232,   0.03633,   0.01707,  -0.04771,   0.00306,   0.01707,  -0.03020,   0.03283,   0.03283,  -0.03195,   0.00832,  -0.05296,  -0.02320,   0.03458,   0.03983,  -0.06872,   0.02232,  -0.07747,  -0.01269,  -0.07747,   0.02232,   0.09411,   0.03108,   0.01707,  -0.07922,   0.03283,   0.03458,  -0.02145,  -0.01795,   0.01707,   0.02407,   0.00306,  -0.00569,   0.00657,  -0.06347,   0.01882,  -0.05646,   0.05559,   0.01707,  -0.04596,  -0.00569,   0.01182,  -0.00919,   0.01007,   0.02407,  -0.03721,  -0.05646,  -0.05296,  -0.00044,  -0.00044,   0.00306,  -0.00919,  -0.01620,  -0.02320,  -0.01620,   0.02407,  -0.01269,  -0.00044,   0.02407,  -0.01970,  -0.08098,   0.01532,  -0.09148,  -0.03370,  -0.02145,  -0.01269,   0.00306,   0.00481,   0.00481,  -0.02845,  -0.02495,   0.02933,   0.03283,  -0.05822,  -0.01795,   0.06434,  -0.03370,  -0.01970,  -0.04421,  -0.00394,   0.03458,  -0.05646,  -0.01620,   0.06434,  -0.01970,   0.05734,  -0.00219,   0.05559,  -0.12124,  -0.00919,   0.02757,   0.08885,  -0.03195,   0.03108,  -0.02670,  -0.02495,   0.01707,  -0.01970,  -0.08798,  -0.00044,  -0.01094,  -0.01444,  -0.02495,  -0.01795,  -0.00219,  -0.07047,  -0.04596,   0.06259,  -0.02320,  -0.09323,   0.06784,  -0.07047,  -0.00044,   0.00832,   0.05909,   0.00657,  -0.03721,  -0.00394,   0.05034,  -0.01094,  -0.06347,   0.03808,  -0.03896,   0.06084,   0.01182,  -0.04071,  -0.04246,   0.04683,   0.00657,  -0.02670,   0.05909,  -0.06697,   0.02057,  -0.04596,  -0.02145,   0.02933,   0.01882,   0.00131,   0.03108,  -0.01620,   0.02933,   0.08010,  -0.03195,   0.10111,   0.04158,   0.01707,  -0.04246,  -0.04421,   0.02582,   0.03283,   0.01357,   0.03283,   0.03633,  -0.13525,   0.01532,   0.06784,  -0.05121,   0.06609,   0.04683,   0.02582,   0.01007,  -0.02495,  -0.03370,   0.00657,  -0.00394,   0.01182,  -0.04246,  -0.04771,  -0.01970,  -0.04246,   0.00306,   0.01182,  -0.00219,  -0.05471,   0.00131,  -0.05471,   0.05734,  -0.00744,   0.02582,   0.00481,  -0.06347,  -0.05121,   0.03808,  -0.00394,   0.07660,   0.02232,   0.07310,  -0.03020,   0.02582,  -0.00219,  -0.06522,  -0.02845,   0.03983,   0.03808,  -0.03370,  -0.00919,  -0.05822,  -0.09323,   0.05209,   0.06959,  -0.03195,   0.08885,   0.01532,  -0.01269,   0.00832,  -0.09323,  -0.03896,  -0.00744,   0.00306,  -0.00569,   0.05559,   0.13262,  -0.00394,  -0.00394,   0.01182,   0.09060,  -0.02845,  -0.02845,   0.00832,  -0.02845,   0.03283,  -0.00394,   0.02407,  -0.05822,  -0.01970,   0.09060,   0.02232,  -0.00044,   0.07135,  -0.01795,  -0.00044,  -0.03020,   0.07485,  -0.04246,  -0.05296,   0.05559,   0.01532,   0.01007,  -0.05471,   0.03808,   0.04333,  -0.00219,   0.06434,  -0.01970,  -0.05296,   0.03633,   0.07135,   0.10986,  -0.02320,  -0.01444,  -0.00744,   0.00131,  -0.00919,  -0.07222,  -0.03195,   0.03808,   0.00657,  -0.06172,  -0.00744,  -0.05296,  -0.04596,   0.02757,   0.06959,  -0.03545,  -0.04596,   0.00481,  -0.01795,  -0.01620,   0.03458,   0.03633,   0.01182,  -0.00044,  -0.04771,  -0.07572,   0.09060,  -0.00219,  -0.01094,  -0.03020,  -0.00044,  -0.08098,  -0.08448,  -0.00919,   0.00657,   0.01182,  -0.02145,   0.02057,   0.00481,  -0.06697,  -0.01269,  -0.09848,   0.07485,   0.07485,  -0.10724,  -0.04246,  -0.06697,  -0.05471,  -0.01970,  -0.02845,   0.03283,   0.01707,   0.00832,  -0.02145,   0.01007,  -0.00919,   0.05559,  -0.00569,   0.03108,  -0.03370,  -0.00919,  -0.03020,   0.02933,  -0.00569,  -0.04246,  -0.07397,  -0.07222,   0.04683,  -0.04946,   0.07135,   0.00832,   0.01707,   0.01707,  -0.00044,  -0.01269,  -0.01620,  -0.02845,   0.04333,  -0.00219,  -0.01269,  -0.05296,   0.08535,  -0.06172,   0.05209,   0.02057,  -0.06172,  -0.00044,   0.03108,  -0.02670,  -0.00394,  -0.03721,  -0.09498,   0.01182,   0.07485,  -0.05822,   0.03983,  -0.00044,  -0.01970,   0.01357,  -0.10199,  -0.00744,   0.03108,  -0.07047,  -0.02670,   0.05384,   0.03283,   0.05034,  -0.00919,   0.00481,   0.06609,  -0.05822,   0.04333,  -0.02845,   0.06959,   0.04858,   0.03633,  -0.00044,   0.00481,   0.01007,   0.11862,   0.06084,  -0.01620,  -0.04946,   0.00481,  -0.00569,   0.03458,   0.03108,  -0.03896,  -0.02145,  -0.04246,  -0.02670,   0.02757,  -0.01444,  -0.05997,  -0.05646,  -0.07922,  -0.04246,  -0.00394,  -0.01620,  -0.07572,   0.01707,   0.02933,   0.02232,   0.05034,   0.03458,   0.00131,  -0.00569,   0.01882,  -0.08448,  -0.05121,  -0.02145,   0.10111,   0.05034,  -0.00919,  -0.01444,   0.05909,   0.04683,  -0.00569,   0.06084,  -0.02670,   0.00657,  -0.03896,  -0.01444,   0.07310,  -0.01970,   0.02232,   0.00131,  -0.03545,  -0.06522,   0.01532,  -0.07747,   0.01007,   0.02582,  -0.04421,  -0.01795,  -0.00569,  -0.06872,   0.00481,   0.02232,  -0.02670,  -0.00919,  -0.04771,  -0.03896,   0.06784,   0.04333,  -0.03721,   0.02057,  -0.07922,  -0.05296,   0.05734,  -0.01269,   0.13437,  -0.01094,  -0.08798,  -0.03370,   0.03808,  -0.01094,  -0.02320,   0.01007,  -0.01970,   0.14313,   0.05559,   0.00657,  -0.00044,  -0.04596,  -0.06347,   0.00306,  -0.03545,  -0.01444,   0.04158,   0.00131,   0.00481,   0.06434,  -0.00744,   0.08010,   0.00657,   0.05034,   0.01882,   0.03108,  -0.02145,   0.03808,  -0.01269,  -0.04246,  -0.01795,   0.07660,  -0.01620,   0.00657,  -0.07922,  -0.03195,   0.06434,   0.06259,   0.07310,  -0.00394,  -0.03545,   0.01182,  -0.01970,   0.05909,   0.05559,  -0.04596,   0.01532,   0.01882,  -0.00044,  -0.02495,   0.07835,   0.03983,  -0.00219,   0.03983,  -0.02320,   0.01707,   0.00657,  -0.00219,  -0.03195,   0.08185,  -0.04771,  -0.01620,   0.08185,   0.00306,   0.00481,  -0.03896,   0.08535,  -0.05471,  -0.01444,   0.06959,  -0.02145,  -0.03195,  -0.02670,  -0.03721,   0.01182,  -0.00394,  -0.02845,   0.01357,   0.03283,  -0.06172,   0.02407,   0.07310,   0.02933,  -0.00219,  -0.04071,   0.03458,   0.03633,   0.03283,  -0.08623,  -0.01444,  -0.07572,  -0.07572,  -0.04946,  -0.03370,   0.00306,   0.01007,   0.05909,   0.00131,  -0.01094,  -0.01094,   0.03283,   0.00832,  -0.09323,   0.04683,  -0.02670,  -0.00394,   0.02232,   0.00657,   0.05384,   0.02057,  -0.07747,  -0.03545,  -0.02670,  -0.03370,  -0.07047,   0.06784,  -0.04421,   0.09411,   0.02057,   0.03283,  -0.01269,  -0.00044,   0.03108,  -0.03721,  -0.03370,   0.02933,  -0.01269,  -0.11774,   0.01882,  -0.06697,   0.02757,  -0.02845,   0.04333,  -0.04596,  -0.05296,  -0.08623,  -0.01970,   0.02582,   0.02232,   0.07835,  -0.03370,   0.02582,   0.04158,   0.03808,   0.07485,  -0.06522,  -0.01795,  -0.01444,   0.02757,  -0.01795,  -0.00919,   0.00832,   0.02582,   0.01357,   0.02933,  -0.03370,  -0.07222,   0.04158,  -0.07047,   0.03108,   0.00832,   0.02057,   0.01882,  -0.08798,   0.01182,  -0.00569,   0.03808,   0.01357,  -0.01269,   0.10986,   0.04333,   0.01532,   0.02407,   0.03633,  -0.03545,   0.05734,  -0.03370,  -0.00219,  -0.03545,  -0.05121,  -0.05471,   0.00306,   0.00657,   0.02232,  -0.00394,   0.02407,   0.12912,   0.06259,  -0.01444,  -0.05997,  -0.02670,   0.01707,  -0.06697,  -0.00394,   0.00657,  -0.06872,  -0.00219,   0.02582,  -0.02320,  -0.09848,   0.00657,   0.00657,   0.08185,   0.12912,  -0.04771,  -0.03370,  -0.03896,  -0.00569,   0.02407,   0.03808,   0.04683,  -0.10023,  -0.01970,  -0.04946,   0.02582,   0.01007,   0.04683,  -0.02145,   0.00131,  -0.05997,  -0.07047,   0.08360,   0.00832,  -0.00044,  -0.02145,  -0.01444,   0.00832,  -0.00919,  -0.05121,   0.01182,   0.04333,   0.00131,   0.00832,   0.00481,   0.00481,  -0.01444,  -0.04946,  -0.01620,  -0.01970,  -0.04771,  -0.06872,  -0.08098,   0.01182,   0.03283,   0.01357,  -0.05997,   0.01532,   0.02933,   0.02232,   0.00306,  -0.04596,  -0.00919,  -0.03545
  -0.03195,   0.07310,  -0.03721,  -0.02495,  -0.07572,   0.01007,   0.03458,   0.00481,   0.01882,   0.03283,   0.00131,  -0.04596,   0.03633,   0.06259,  -0.05121,  -0.04596,   0.03983,   0.04158,  -0.00394,  -0.01620,  -0.04421,  -0.08098,   0.02232,  -0.01094,   0.03983,   0.01007,  -0.06347,  -0.00919,  -0.00219,  -0.01269,   0.05734,   0.00481,   0.02757,  -0.02145,   0.03458,   0.03458,  -0.03195,   0.04508,   0.01882,   0.02933,   0.03283,   0.00657,   0.04333,   0.04158,  -0.04946,  -0.05471,   0.03633,   0.01882,  -0.03896,  -0.01620,  -0.03896,  -0.03370,   0.05559,  -0.03545,   0.09411,   0.04158,   0.02933,  -0.00919,  -0.06172,   0.01882,  -0.04246,  -0.01970,  -0.04771,  -0.03020,  -0.04071,   0.00832,   0.02933,   0.05384,   0.01707,   0.02407,   0.01357,   0.05034,   0.04508,   0.01182,   0.08010,   0.03808,   0.01707,   0.07310,   0.03808,   0.05909,   0.03983,  -0.02320,  -0.02670,  -0.08098,  -0.09848,   0.01532,   0.09586,  -0.02670,   0.05384,   0.03633,  -0.02845,   0.06959,   0.04333,  -0.09148,   0.03983,  -0.02495,  -0.03545,  -0.04596,   0.03283,   0.04333,   0.03458,   0.01882,  -0.07222,  -0.04246,   0.07660,   0.03108,  -0.01795,  -0.01620,  -0.04071,  -0.15801,  -0.00744,  -0.00744,  -0.01444,  -0.04421,   0.03983,   0.05734,  -0.03545,   0.01532,  -0.04771,   0.00131,   0.03458,   0.03808,  -0.05121,   0.06609,  -0.08798,  -0.01620,  -0.00394,   0.00131,   0.01707,  -0.00569,   0.07310,  -0.00919,   0.01532,  -0.05822,   0.05559,   0.03108,   0.05734,   0.01532,  -0.00569,  -0.03020,   0.00306,  -0.01094,  -0.06347,   0.02232,  -0.04071,  -0.00744,   0.02232,  -0.03370,   0.01707,  -0.03896,  -0.03020,   0.07660,  -0.01620,  -0.04596,  -0.03896,  -0.08798,   0.04333,  -0.01620,   0.00306,  -0.01094,   0.03633,  -0.01620,   0.04333,  -0.00569,   0.08535,   0.00131,   0.09586,  -0.00219,  -0.03721,   0.05909,   0.02582,  -0.00744,   0.00131,  -0.00219,  -0.04246,  -0.02845,  -0.00044,  -0.09673,  -0.04946,   0.02232,   0.04508,   0.03808,   0.02582,   0.04508,  -0.01094,   0.02757,  -0.01094,   0.05559,  -0.01269,   0.03808,   0.05559,   0.00131,   0.04858,   0.08360,  -0.04071,  -0.05822,   0.06259,  -0.02845,  -0.05296,  -0.06172,   0.02757,   0.03808,   0.06259,   0.04333,   0.04333,   0.01882,  -0.07047,  -0.03370,   0.03283,  -0.01444,   0.01357,  -0.01269,  -0.01795,   0.03108,  -0.00919,  -0.00744,  -0.00219,   0.11512,   0.04858,   0.04158,  -0.05471,   0.04158,   0.01182,   0.00131,   0.03808,   0.06434,  -0.05121,  -0.01795,   0.01357,  -0.06347,   0.02232,  -0.04946,  -0.01269,  -0.00044,   0.06609,   0.01882,  -0.04596,   0.05034,  -0.06872,  -0.03195,  -0.01970,  -0.03195,   0.00832,   0.05209,   0.00131,   0.06959,   0.05734,  -0.05646,   0.01007,  -0.03195,   0.01007,  -0.10023,   0.03458,  -0.02145,   0.02757,   0.00131,   0.01707,  -0.05471,   0.09060,  -0.01094,   0.09235,  -0.00219,   0.04333,  -0.03195,   0.09235,  -0.03721,   0.05909,  -0.00219,   0.07660,  -0.06172,   0.01882,   0.01182,  -0.00744,  -0.02495,   0.01882,   0.03458,  -0.04246,  -0.02670,  -0.00569,  -0.03545,   0.00131,  -0.02495,  -0.04946,   0.01532,   0.00131,   0.02057,  -0.00044,   0.01707,   0.02232,   0.02232,   0.08535,  -0.03545,   0.06084,   0.05734,   0.01182,   0.02407,  -0.06872,   0.08360,   0.05384,  -0.01620,  -0.02845,  -0.02670,   0.06084,  -0.02320,  -0.00919,  -0.04421,   0.06259,   0.03983,   0.04858,  -0.02845,  -0.05121,   0.01007,  -0.06347,   0.07310,  -0.00394,  -0.00044,  -0.08098,   0.01357,  -0.01094,  -0.01970,   0.02407,   0.00832,   0.00832,  -0.11599,  -0.07922,   0.04333,   0.00131,  -0.02845,   0.04858,   0.01707,   0.02057,   0.08710,   0.00306,  -0.04596,   0.04858,  -0.06522,  -0.06347,   0.06084,  -0.06697,   0.01707,   0.01882,  -0.00044,   0.01357,   0.03983,  -0.02845,  -0.03370,   0.09060,  -0.02320,   0.08710,   0.05209,  -0.00744,  -0.00219,   0.03808,  -0.08973,  -0.00044,   0.04508,   0.02933,  -0.01444,  -0.01795,   0.04858,  -0.02495,  -0.05121,   0.10811,  -0.04596,   0.05034,  -0.06522,  -0.04071,   0.02057,  -0.00919,   0.01707,  -0.00044,  -0.06172,  -0.04946,   0.05909,   0.05559,   0.01707,  -0.01094,   0.06084,  -0.00044,   0.06084,   0.04333,   0.03458,  -0.06347,   0.08710,  -0.01094,   0.04683,   0.07485,  -0.09498,   0.09761,  -0.06872,   0.04508,  -0.03545,  -0.07922,  -0.08973,  -0.04071,   0.07835,  -0.00219,  -0.09498,  -0.03721,  -0.00569,  -0.00219,  -0.00219,   0.03458,  -0.01269,  -0.02320,   0.01707,  -0.01269,  -0.02145,  -0.01970,   0.05034,  -0.05121,  -0.00744,  -0.02145,   0.02057,   0.00481,   0.00306,   0.04858,  -0.01620,   0.02757,  -0.09323,   0.01182,   0.02757,   0.03633,  -0.03020,   0.08535,  -0.05296,   0.07135,   0.00481,   0.05034,   0.08360,   0.06084,   0.10636,   0.03458,  -0.01094,   0.06259,   0.07135,  -0.05822,  -0.00569,  -0.03020,   0.05734,   0.00481,  -0.01094,   0.03283,  -0.06522,   0.06959,  -0.02320,   0.08185,   0.02933,   0.06959,  -0.04946,  -0.00044,  -0.03370,   0.05034,   0.05559,  -0.04596,   0.00832,   0.08535,   0.03108,   0.04333,  -0.04246,  -0.01970,   0.04333,   0.02933,  -0.03896,   0.03633,  -0.03721,   0.00131,   0.03108,   0.03108,   0.01357,  -0.05296,  -0.00394,   0.04333,   0.01532,   0.00131,   0.00306,   0.03983,   0.06784,  -0.03020,   0.02057,  -0.03721,   0.02757,  -0.05646,  -0.01269,  -0.00744,   0.03808,  -0.05296,  -0.02495,   0.04508,   0.00481,   0.06084,  -0.04421,   0.03283,   0.01007,  -0.03020,  -0.04771,   0.07485,  -0.03370,   0.00306,  -0.00919,  -0.00919,   0.02232,   0.09235,   0.08710,   0.06259,  -0.04071,   0.00832,  -0.08098,  -0.05471,   0.02057,  -0.03195,   0.00306,   0.01007,  -0.08448,   0.09761,   0.07310,   0.08710,   0.01532,  -0.01620,  -0.01970,   0.02407,   0.00657,   0.01357,   0.07835,   0.07135,   0.04333,   0.01007,   0.01532,   0.07310,  -0.02495,   0.01882,   0.02757,   0.04333,   0.05559,  -0.01795,   0.01357,   0.02933,  -0.08448,  -0.03545,   0.03633,  -0.03020,   0.03283,  -0.01094,   0.01532,  -0.04596,   0.05559,   0.05384,   0.00306,   0.03983,  -0.04421,  -0.01444,  -0.07922,   0.04683,   0.01182,  -0.00919,  -0.04421,  -0.02320,   0.02232,   0.03283,   0.01707,   0.00306,  -0.00569,   0.06609,  -0.04071,   0.03808,   0.02232,   0.01007,  -0.02670,   0.03983,   0.08885,  -0.02495,  -0.00219,   0.01882,   0.05034,  -0.03721,  -0.02670,   0.03108,  -0.02845,  -0.03545,  -0.00394,  -0.03195,  -0.07222,   0.09411,  -0.08448,   0.01007,  -0.02145,   0.02057,  -0.00919,   0.05734,  -0.01444,   0.10811,  -0.04071,   0.03983,  -0.04771,   0.01707,  -0.04771,   0.02757,  -0.05646,  -0.06347,  -0.01970,  -0.04946,   0.06959,   0.06259,   0.06784,  -0.00044,  -0.00744,   0.05384,  -0.00394,  -0.01094,  -0.00569,   0.04508,   0.03458,   0.07310,  -0.14400,   0.02232,   0.00657,  -0.06697,  -0.01620,  -0.03195,   0.06784,  -0.04246,   0.02232,  -0.00919,  -0.03020,   0.01707,   0.06609,   0.01182,   0.03633,   0.01707,   0.04158,   0.04858,  -0.00044,   0.02232,  -0.02670,  -0.02495,   0.04683,  -0.02145,   0.02582,   0.01357,  -0.00044,   0.00657,   0.06609,   0.05909,   0.04333,   0.04333,  -0.03545,  -0.00044,   0.00832,   0.01007,   0.02582,   0.00832,   0.02407,   0.02232,  -0.01094,   0.01007,  -0.04246,   0.02407,   0.01007,   0.07485,   0.01357,  -0.03545,   0.05384,   0.01007,   0.03983,  -0.02495,   0.07835,  -0.03195,  -0.03721,   0.02407,   0.00131,  -0.02145,  -0.09848,  -0.01795,  -0.01094,   0.09411,  -0.07572,   0.01882,  -0.00744,  -0.03195,  -0.04596,  -0.07047,  -0.07047,  -0.00219,   0.02933,   0.02582,   0.04333,   0.05034,   0.12037,   0.08010,  -0.08098,  -0.04071,  -0.06172,   0.08360,   0.05909,  -0.11774,   0.00131,  -0.04421,  -0.04421,  -0.00569,   0.03283,   0.01357,  -0.03545,  -0.01444,  -0.02845,  -0.06522,   0.01182,   0.02757,  -0.07922,  -0.01444,   0.07135,  -0.03370,  -0.02320,  -0.00569,  -0.02495,  -0.01269,   0.00131,  -0.01094,   0.02057,   0.06259,  -0.01269,   0.00481,   0.00131,   0.00657,  -0.01970,  -0.03545,  -0.02495,  -0.02145,   0.01357,   0.02757,  -0.04946,   0.09235,   0.03808,  -0.02145,  -0.00744,   0.05909,   0.02232,  -0.04771,   0.05909,  -0.03721,   0.03458,   0.10286,   0.03108,  -0.05471,   0.06609,  -0.00569,   0.00657,  -0.04946,  -0.04596,  -0.01269,  -0.01970,  -0.02845,  -0.04771,  -0.03896,   0.07660,  -0.03721,   0.01182,   0.03633,  -0.00394,  -0.08098,  -0.04071,  -0.01094,  -0.06172,   0.00131,   0.06959,   0.00306,  -0.04246,   0.02232,   0.06434,   0.08010,  -0.03721,  -0.02670,   0.08185,  -0.04071,   0.06084,   0.09586,  -0.01094,  -0.05997,  -0.00219,   0.03458,   0.02232,   0.04158,   0.00306,  -0.00744,  -0.01970,  -0.04771,  -0.07397,   0.05384,  -0.00744,  -0.00744,  -0.05121,  -0.00919,   0.02407,   0.01532,   0.02582,   0.07660,   0.01532,  -0.00219,  -0.02495,  -0.05121,  -0.04596,  -0.03370,   0.05559,  -0.00744,   0.00306,  -0.00219,  -0.01444,  -0.03020,   0.04333,   0.04508,   0.04158,  -0.00394,   0.02933,  -0.04596,   0.01532,   0.07310,   0.05734,  -0.04246,   0.06434,  -0.06172,  -0.01795,  -0.08623,  -0.02145,  -0.00044,   0.00306,  -0.06522,   0.05209,   0.03283,   0.02582,  -0.09323,   0.03108,  -0.00394,   0.02232,   0.06784,  -0.03721,  -0.00569,  -0.04596,  -0.07047,   0.00306,  -0.01444,  -0.04771,   0.09235,   0.08535,   0.03108,   0.01882,   0.05384,  -0.00394,  -0.06172,   0.01182,   0.02057,   0.04683,   0.02407,  -0.06522,   0.02407,  -0.09148,  -0.12300,   0.05559,   0.04333,   0.00306,  -0.06172,  -0.04071,  -0.03020,  -0.04946,  -0.04421,   0.01707,   0.01182,   0.02407,  -0.04771,  -0.06697,  -0.04421,  -0.01444,  -0.07047,   0.01882,  -0.02670,  -0.08273,  -0.07922,   0.00832,   0.00657,   0.03808,  -0.07222,  -0.02670,  -0.03896,   0.05384,   0.01707,   0.02582,   0.00657,  -0.00044,   0.06259,   0.02407,  -0.00744,   0.02407,   0.02933,  -0.00219,   0.01357,  -0.06172,   0.05209,   0.03983,  -0.01620,  -0.06347,   0.01007,  -0.02145,  -0.04421,   0.02057,   0.02057,   0.02407,  -0.02670,  -0.03545,  -0.02670,  -0.01970,  -0.00394,   0.02757,  -0.01620,   0.06609,   0.01882,   0.03458,  -0.09323,   0.00481,  -0.05646,   0.05209,  -0.00744,   0.04158,   0.00481,  -0.00569,  -0.10724,  -0.06872,  -0.08273,   0.01532,   0.00481,  -0.00919,  -0.02495,  -0.00394,  -0.04421,   0.01007,  -0.07747,  -0.03195,   0.09936,   0.05909,  -0.00569,  -0.03195,   0.06434,   0.03458,   0.08710,   0.07835,  -0.00394,  -0.01094,   0.04858,   0.00306,  -0.00044,   0.00131,  -0.03020,  -0.02495,  -0.03370,   0.07660,   0.06259,  -0.01795,  -0.04771,   0.03108,  -0.08623,   0.00131,  -0.00569,  -0.01620,   0.04508,  -0.01269,   0.01707,   0.01707,   0.02057,  -0.01094,   0.00131,  -0.05471,  -0.02495,  -0.05646,  -0.04771,   0.03458,   0.00131,  -0.01795,  -0.00394,   0.03108,   0.06784,   0.02232,   0.05034,  -0.01970,  -0.01620,   0.07135,  -0.04596,  -0.00394,  -0.03020,  -0.00394,   0.04858,  -0.05471,  -0.03020,   0.01532,  -0.03896,  -0.00744,   0.01707,  -0.07747,  -0.06172,   0.06259,   0.01007,  -0.01444,   0.01882,   0.04158,   0.02757,   0.03983,   0.05034,   0.09060,  -0.04071,   0.01357,   0.01882,  -0.01970,   0.04858,  -0.08448,  -0.04596,  -0.00744,  -0.07747,  -0.00394,   0.02933,   0.02582,  -0.01970,   0.05384,  -0.03721,   0.06084,  -0.00569,  -0.00919,  -0.04596,  -0.00919
  -0.02495,   0.11862,   0.07485,   0.01357,  -0.08448,  -0.12300,   0.00832,   0.01182,  -0.04421,  -0.00044,   0.01707,  -0.02320,   0.07835,  -0.10023,  -0.04421,   0.00657,  -0.08273,   0.09060,   0.00657,  -0.03195,   0.04858,  -0.04771,  -0.03896,   0.05559,  -0.01094,  -0.01444,   0.09586,  -0.10023,   0.00481,   0.12037,   0.00306,   0.00481,  -0.01094,  -0.05997,  -0.01094,   0.12387,  -0.01094,   0.04508,  -0.00744,   0.08185,  -0.00219,  -0.00394,   0.02407,  -0.10199,   0.06959,   0.01882,   0.05034,  -0.01620,  -0.00044,   0.05034,  -0.06697,  -0.02495,   0.00832,   0.05909,  -0.07922,   0.04508,   0.04158,   0.02933,   0.05384,   0.01532,   0.05034,  -0.01795,  -0.03896,  -0.05822,  -0.08273,   0.06959,  -0.00044,  -0.03195,   0.03283,  -0.03545,   0.02757,   0.02582,  -0.02145,  -0.04596,   0.00131,  -0.04421,  -0.00569,  -0.03370,   0.02407,  -0.01795,  -0.00744,   0.02057,   0.00306,  -0.05646,   0.03458,  -0.07397,  -0.02145,  -0.04771,   0.10986,   0.03458,  -0.08448,   0.00306,  -0.03195,   0.03283,  -0.02320,  -0.08273,   0.09060,  -0.05121,  -0.00044,   0.02933,   0.02407,  -0.03896,   0.02757,  -0.05997,  -0.04071,   0.03808,  -0.02145,   0.00306,  -0.05296,   0.01882,   0.00481,   0.01532,  -0.07047,  -0.01444,   0.06434,   0.01707,   0.03458,  -0.01795,   0.01182,  -0.02845,  -0.01970,  -0.04421,   0.00131,  -0.04071,   0.01532,   0.01357,  -0.04071,   0.05034,  -0.03370,  -0.06697,   0.07310,   0.06784,  -0.00044,  -0.02495,   0.01532,   0.02582,   0.07310,   0.07835,  -0.00569,   0.01532,   0.02407,  -0.03896,  -0.04246,  -0.00044,   0.01182,  -0.01970,  -0.00919,   0.06434,   0.06434,  -0.00044,   0.02933,   0.08010,  -0.06872,   0.04683,  -0.01094,  -0.04421,   0.00657,  -0.08973,   0.01532,  -0.01620,   0.06084,   0.05034,   0.08710,   0.06784,  -0.04596,   0.01007,   0.01357,   0.06434,   0.06609,  -0.01970,  -0.01970,  -0.04946,  -0.00044,  -0.03896,  -0.06522,  -0.07572,   0.08710,  -0.02495,   0.01357,   0.02933,   0.04333,   0.06609,  -0.02145,   0.03283,   0.05909,   0.02407,   0.00306,   0.02407,  -0.05121,  -0.00044,   0.00481,  -0.04421,   0.01007,   0.07660,  -0.04421,   0.06609,   0.05909,  -0.03545,  -0.00219,   0.04333,   0.05734,  -0.07047,   0.04158,   0.08185,   0.03633,   0.09586,  -0.03195,  -0.04596,   0.04333,   0.06609,   0.02407,  -0.02845,  -0.01795,  -0.03370,  -0.04596,   0.06434,   0.00306,  -0.00394,   0.07135,  -0.07047,  -0.05296,  -0.00394,   0.06434,  -0.05296,  -0.08098,  -0.06522,  -0.00569,   0.01007,   0.06434,  -0.01795,   0.07135,  -0.05646,   0.00832,   0.02057,   0.01882,   0.02582,  -0.03721,   0.05034,  -0.01094,  -0.01094,   0.05734,  -0.04771,  -0.07572,   0.04333,   0.00832,  -0.04771,  -0.05121,  -0.07747,  -0.03195,   0.03458,  -0.06872,   0.05034,   0.03808,  -0.01795,  -0.02145,  -0.01970,   0.01532,  -0.00044,   0.01532,   0.01007,   0.03283,   0.05909,   0.02933,  -0.01094,   0.07835,  -0.03020,  -0.03020,   0.00481,   0.01532,  -0.11424,   0.02407,  -0.00044,  -0.03195,  -0.07047,   0.03108,  -0.03721,   0.03283,  -0.01620,   0.02407,   0.04858,  -0.02670,  -0.02670,   0.00832,  -0.07222,   0.02757,  -0.06872,   0.03808,   0.03108,   0.02582,   0.04508,   0.00657,  -0.01795,  -0.01970,  -0.04771,  -0.04596,   0.00832,  -0.08448,  -0.04596,  -0.03545,  -0.03370,   0.01357,   0.14313,  -0.01620,   0.03808,   0.01007,  -0.06172,  -0.03896,   0.04508,  -0.07747,   0.00832,  -0.10899,  -0.02845,   0.06609,  -0.01970,  -0.02145,   0.00657,   0.02582,   0.08185,  -0.01269,   0.07660,   0.04333,   0.09761,   0.01532,  -0.04596,  -0.01620,   0.01707,   0.01532,   0.04333,   0.05034,  -0.02320,   0.01882,   0.01882,  -0.04421,   0.00131,   0.03983,   0.00657,  -0.01795,  -0.04946,  -0.03896,   0.03283,  -0.02670,   0.03808,   0.10461,  -0.06697,  -0.02845,   0.08010,   0.07135,   0.11336,   0.00832,  -0.07747,   0.03983,  -0.03545,  -0.00044,   0.04858,  -0.03545,   0.03983,   0.02933,   0.01357,  -0.00394,   0.01882,   0.01007,   0.07135,   0.03283,  -0.04596,   0.03108,  -0.10199,  -0.00569,  -0.02320,   0.00481,   0.02057,   0.03283,   0.06959,  -0.04771,   0.04158,  -0.01970,   0.08010,  -0.06347,   0.00481,  -0.04421,  -0.08448,   0.02582,   0.07485,  -0.06522,   0.19040,   0.00306,  -0.00219,  -0.00394,  -0.04071,   0.11161,  -0.05997,  -0.01094,  -0.03721,   0.01182,  -0.02845,  -0.04596,  -0.03370,  -0.02845,   0.01532,   0.05384,  -0.11249,   0.00832,  -0.00219,   0.10811,   0.05909,   0.00832,   0.03633,   0.00306,   0.03283,   0.00306,   0.04858,  -0.06522,  -0.03896,  -0.02670,   0.04508,  -0.05646,  -0.00394,   0.05559,   0.00657,   0.05384,  -0.02670,   0.04858,   0.04858,   0.09060,   0.07835,  -0.01444,   0.04508,   0.10461,   0.04683,  -0.00744,  -0.01970,  -0.00394,   0.06259,   0.00832,  -0.07572,   0.07660,  -0.02495,   0.01707,  -0.03545,  -0.05296,   0.03283,  -0.00569,   0.02582,   0.01357,  -0.08448,   0.00832,   0.02057,   0.01707,   0.01007,  -0.03545,   0.01357,  -0.03721,   0.01357,  -0.00919,  -0.01094,  -0.00044,   0.05034,   0.00481,  -0.06522,   0.08360,  -0.01269,   0.01882,  -0.02670,  -0.01795,  -0.03020,  -0.01444,  -0.00219,  -0.01620,   0.01707,  -0.03721,  -0.00744,   0.04683,   0.04508,  -0.01444,   0.05209,   0.01707,   0.13613,  -0.04071,  -0.00744,   0.04333,   0.04158,   0.02933,   0.00306,  -0.04421,  -0.03896,  -0.00569,   0.05559,  -0.08273,   0.00131,  -0.04596,   0.07485,   0.00306,   0.01007,  -0.01269,   0.01882,  -0.00219,  -0.00919,  -0.03721,   0.01357,  -0.00919,  -0.01795,  -0.02495,  -0.00919,  -0.04421,   0.00657,   0.09235,   0.04158,  -0.08273,  -0.00744,  -0.02670,  -0.03195,   0.03808,   0.09936,  -0.00919,   0.02232,  -0.04071,  -0.02320,   0.02757,  -0.05646,   0.07660,   0.09235,  -0.07747,   0.04508,   0.01532,  -0.02670,  -0.01620,  -0.07397,   0.02757,  -0.01795,   0.00657,  -0.09673,   0.01882,  -0.01795,   0.09411,  -0.00744,  -0.01795,   0.00657,   0.00131,  -0.00219,  -0.04946,   0.01882,  -0.02845,   0.02057,  -0.02320,  -0.03195,   0.01182,  -0.02845,  -0.03195,  -0.10374,  -0.05296,  -0.05646,  -0.03896,   0.01532,  -0.02845,   0.02933,   0.00306,   0.01882,  -0.01620,  -0.00569,   0.03283,   0.01882,   0.06259,  -0.00219,   0.04508,  -0.10899,  -0.02320,   0.00306,   0.03458,   0.03808,  -0.00394,   0.04158,  -0.07222,   0.02057,  -0.00219,   0.02407,  -0.02845,   0.01007,   0.02232,   0.08010,   0.06084,  -0.10374,  -0.06522,  -0.02145,  -0.01970,  -0.01269,   0.00832,   0.02232,  -0.02495,   0.06259,   0.02582,  -0.03370,  -0.03370,  -0.05296,  -0.08098,   0.05384,  -0.03721,  -0.03370,   0.01007,  -0.10199,   0.01882,   0.02232,   0.02757,  -0.01269,   0.08535,  -0.02845,  -0.00919,  -0.01094,  -0.04946,  -0.00044,   0.07135,   0.10461,  -0.08798,  -0.02495,   0.01532,  -0.11424,  -0.07047,   0.06609,  -0.07222,   0.01182,   0.06084,  -0.03545,  -0.02495,  -0.00744,   0.04858,  -0.01970,  -0.06697,   0.02057,  -0.10724,   0.00832,  -0.07397,   0.15188,   0.00832,  -0.06522,   0.01357,   0.02582,   0.06784,  -0.03370,   0.05034,   0.01707,   0.06609,   0.01357,   0.00657,   0.00832,   0.04858,   0.05384,   0.08710,   0.10461,  -0.00744,  -0.00044,   0.00306,   0.07485,  -0.05997,   0.04333,   0.00832,   0.00832,   0.07485,  -0.08623,   0.06784,  -0.01620,   0.03633,  -0.05471,   0.02232,   0.02757,   0.00481,   0.02757,  -0.02145,   0.04858,  -0.03545,  -0.04596,  -0.00744,  -0.02670,   0.02757,  -0.02320,   0.03983,   0.03808,   0.08185,  -0.03195,   0.04508,   0.02407,   0.06259,  -0.05471,   0.06784,   0.03108,   0.05034,  -0.05121,   0.07660,  -0.05646,  -0.03020,   0.06084,   0.00481,  -0.06347,  -0.03896,   0.01357,  -0.02670,   0.05559,  -0.01269,  -0.10023,   0.07310,  -0.05646,  -0.01269,  -0.06522,  -0.01094,   0.03283,   0.06784,   0.00657,  -0.02670,  -0.06697,  -0.01444,   0.09586,  -0.06347,  -0.08798,   0.01182,  -0.09673,  -0.05296,   0.07485,   0.07310,   0.01007,   0.03458,   0.01707,   0.09235,   0.03458,   0.00657,  -0.03545,   0.03283,   0.11687,   0.04158,  -0.10199,   0.05209,   0.05034,  -0.02495,   0.00481,   0.03108,   0.08010,  -0.02320,   0.07135,   0.07660,   0.02057,  -0.03020,  -0.02145,   0.01182,   0.01882,   0.01182,   0.00832,  -0.01269,   0.02057,  -0.04771,   0.02757,   0.00657,   0.02057,  -0.04771,  -0.02670,   0.02933,  -0.01444,  -0.01620,   0.02057,  -0.07397,   0.04858,  -0.08973,   0.02407,   0.02407,   0.00832,  -0.02845,  -0.03896,  -0.03545,  -0.07397,  -0.03370,   0.02933,   0.02057,   0.02057,  -0.06347,   0.02933,   0.03633,  -0.01094,  -0.05997,   0.04508,   0.02232,   0.05909,   0.04158,  -0.09148,   0.06959,   0.06784,   0.01182,  -0.01620,   0.00481,  -0.02145,   0.04333,   0.04683,   0.06084,  -0.02845,   0.05384,   0.03808,   0.08010,   0.03283,  -0.01620,   0.05209,   0.10636,  -0.00044,   0.09586,  -0.12300,  -0.03721,   0.01007,  -0.05646,   0.01707,  -0.00569,   0.02407,  -0.06172,  -0.03370,   0.08010,   0.01532,   0.02057,   0.00657,  -0.04246,   0.02757,   0.03283,   0.05559,  -0.09848,  -0.01970,   0.02057,  -0.08798,  -0.02845,  -0.01620,  -0.01970,  -0.08273,   0.08710,  -0.07572,   0.07135,  -0.01795,   0.02757,  -0.06172,  -0.04246,  -0.07572,   0.01882,   0.04158,  -0.00569,   0.02232,  -0.02845,  -0.02845,  -0.07047,   0.02057,   0.11336,  -0.04246,  -0.08448,   0.07835,  -0.05121,  -0.00569,  -0.05997,   0.00481,   0.01882,  -0.07397,  -0.02845,   0.09060,   0.05384,  -0.02845,  -0.01795,   0.02057,  -0.02495,  -0.05296,  -0.08098,   0.01882,  -0.04946,   0.01357,   0.02407,   0.05909,  -0.06872,   0.00657,   0.02757,  -0.05296,  -0.00569,   0.02407,  -0.03896,   0.04683,   0.02933,  -0.07397,  -0.00394,   0.03633,   0.01882,   0.08535,   0.02407,   0.09411,   0.02232,   0.03633,   0.03108,  -0.00044,  -0.04946,   0.00832,   0.01182,  -0.00569,   0.07660,   0.04508,  -0.03896,   0.00131,   0.02232,   0.02407,   0.01182,   0.00657,   0.00657,   0.00131,  -0.09148,  -0.05471,   0.06434,  -0.05121,   0.00306,   0.03983,   0.01182,   0.02057,  -0.00219,  -0.05296,   0.06609,  -0.02845,  -0.04771,  -0.03896,  -0.00219,  -0.03370,   0.00481,   0.05384,   0.00657,  -0.03020,  -0.00569,   0.04508,   0.00131,   0.04858,  -0.03020,  -0.01970,  -0.02670,   0.02757,  -0.05822,  -0.03020,  -0.00744,  -0.00394,   0.10286,   0.05909,   0.16239,  -0.05296,  -0.04421,   0.04158,   0.01882,   0.13437,   0.06084,  -0.05997,   0.02757,   0.11862,  -0.06172,   0.00832,  -0.01795,  -0.03545,   0.14313,  -0.04246,  -0.01620,   0.01007,   0.04333,  -0.02845,   0.04508,   0.09586,  -0.05121,  -0.04246,   0.00306,   0.00131,   0.03283,  -0.04596,   0.05034,  -0.11774,   0.01707,  -0.03370,  -0.04421,  -0.01970,  -0.01094,  -0.06172,   0.08010,  -0.00044,   0.00657,   0.03458,   0.00657,   0.04683,   0.02582,  -0.02145,   0.03808,  -0.02320,   0.07485,   0.00481,  -0.05121,  -0.05822,   0.00832,  -0.06172,  -0.05646,  -0.00569,  -0.02845,  -0.11249,  -0.01444,  -0.01620,  -0.01269,  -0.04071,   0.01532,  -0.05471,   0.04333,  -0.02845,   0.00306,   0.05034,   0.03808,  -0.09848,  -0.02495,  -0.05296,   0.03283,  -0.08098,   0.05559,  -0.07222,  -0.02670,  -0.05997,   0.03458,   0.01882,   0.01707,   0.07485,   0.01007,   0.01882,   0.12212,   0.08535,  -0.03896,  -0.03896,  -0.02670,   0.01882,  -0.02320,  -0.01094,  -0.04246,   0.07135,   0.14138,   0.04508
   0.01007,   0.06259,   0.02407,  -0.06522,  -0.05646,   0.01007,   0.03458,  -0.00744,   0.01707,   0.03633,  -0.02320,  -0.03195,  -0.01970,  -0.00394,   0.02057,   0.01882,   0.01182,  -0.01269,   0.07835,  -0.05296,  -0.03020,   0.05559,  -0.07222,   0.01707,  -0.04596,   0.04158,  -0.05997,   0.06609,  -0.01970,  -0.09848,   0.02933,  -0.08623,  -0.01444,  -0.01620,  -0.03370,  -0.00569,   0.04858,  -0.03020,   0.00481,   0.03633,  -0.05822,   0.02057,  -0.06697,  -0.04596,  -0.02495,   0.02407,   0.03983,  -0.05296,   0.04333,   0.02407,   0.03283,   0.00306,  -0.08973,   0.06959,  -0.07222,   0.01182,  -0.02845,  -0.01269,  -0.03370,  -0.00394,   0.06784,   0.07135,  -0.12124,  -0.02320,   0.02757,   0.06259,  -0.01444,   0.07310,   0.02232,  -0.01269,  -0.03020,  -0.04071,   0.19390,   0.06784,  -0.10899,  -0.00744,  -0.04596,  -0.02845,  -0.04946,  -0.03370,  -0.03545,   0.04683,  -0.02320,   0.02757,  -0.03896,   0.03808,   0.01007,   0.05209,   0.01532,  -0.04421,   0.03283,   0.03983,   0.06434,  -0.03545,   0.01357,   0.01707,  -0.04946,  -0.04421,   0.02057,   0.06784,   0.02057,   0.02582,  -0.03195,   0.01357,   0.00832,  -0.06697,   0.02057,   0.04333,  -0.04071,   0.05209,  -0.01444,  -0.01970,  -0.00044,  -0.03721,  -0.00744,  -0.09848,   0.01357,  -0.01620,   0.03108,   0.04858,  -0.02670,  -0.02670,   0.02582,   0.02232,  -0.00919,   0.01532,  -0.04421,  -0.00569,   0.09936,   0.02407,  -0.01444,   0.00481,  -0.01970,  -0.05997,  -0.00919,   0.04508,   0.00832,  -0.01970,   0.01357,   0.07485,  -0.06872,  -0.01970,   0.01357,  -0.00219,   0.00657,  -0.05646,  -0.05646,   0.07135,   0.00832,   0.01007,   0.12212,  -0.01795,   0.01532,   0.06609,  -0.04596,   0.09411,   0.06259,  -0.05296,   0.00832,   0.01182,   0.01532,  -0.00044,   0.00306,  -0.03195,  -0.02670,  -0.08623,  -0.04771,  -0.03896,   0.01882,  -0.01970,   0.02057,   0.07310,   0.08885,   0.08010,   0.04333,   0.03983,   0.03808,  -0.01970,  -0.03020,  -0.08448,  -0.06347,  -0.03896,  -0.11249,   0.01007,  -0.02495,   0.12912,  -0.03721,   0.06259,   0.00481,   0.07835,   0.00481,   0.03108,   0.00131,  -0.00044,  -0.06872,   0.02057,  -0.02145,  -0.05822,   0.03633,   0.01182,   0.03108,   0.05909,  -0.04246,   0.02757,   0.02232,   0.00131,  -0.01795,   0.02757,  -0.01620,  -0.02145,   0.04683,   0.06959,  -0.01620,  -0.05296,   0.02407,   0.00131,   0.01007,   0.06784,   0.00832,  -0.04421,   0.01532,  -0.09498,  -0.08798,   0.01007,  -0.03896,   0.05384,  -0.01269,   0.04858,   0.07310,  -0.02845,   0.02933,  -0.00394,   0.02057,  -0.01269,  -0.07222,   0.01882,  -0.08623,   0.02757,  -0.01444,   0.06434,   0.06084,  -0.00569,   0.05734,  -0.03370,  -0.00919,   0.03108,  -0.00044,  -0.10549,   0.07835,   0.08185,   0.01007,  -0.00919,   0.08710,   0.01882,  -0.03195,   0.13963,  -0.00219,   0.03808,   0.02582,   0.00481,   0.03808,  -0.01269,  -0.03370,   0.01182,   0.05209,   0.01182,  -0.04071,  -0.01795,  -0.06697,   0.01532,  -0.04071,   0.03283,  -0.04246,  -0.01444,   0.01707,   0.02933,  -0.00919,   0.02232,   0.07835,   0.01357,   0.03633,   0.02057,   0.02407,   0.06259,   0.02757,  -0.01094,   0.07135,   0.03808,   0.02757,  -0.00569,   0.02057,   0.04683,  -0.03195,   0.00306,   0.06609,   0.09060,   0.02757,  -0.07397,  -0.00219,  -0.02145,   0.00306,   0.07485,   0.03458,   0.02933,   0.05209,  -0.07047,   0.00657,   0.01182,   0.01357,  -0.02145,   0.04683,  -0.01269,  -0.03370,   0.06084,   0.05909,  -0.01795,   0.01357,   0.04333,  -0.00919,  -0.01795,  -0.04596,   0.03633,  -0.01795,  -0.00219,   0.01532,   0.05734,   0.00306,  -0.02670,   0.07835,   0.03108,  -0.04771,  -0.02845,   0.00481,  -0.02145,   0.02057,  -0.01094,  -0.04246,  -0.04771,  -0.01444,  -0.00919,  -0.01795,   0.01007,  -0.02320,   0.05384,  -0.00744,  -0.05997,   0.01707,  -0.01094,   0.02407,  -0.01094,  -0.00744,  -0.03896,  -0.05822,   0.04683,  -0.02320,  -0.02145,  -0.03545,  -0.00569,   0.08185,   0.05384,  -0.04946,  -0.05121,  -0.00919,   0.00131,   0.02757,  -0.07747,  -0.02845,   0.08010,  -0.04946,  -0.09498,  -0.03370,  -0.09848,  -0.04071,  -0.05646,  -0.02845,   0.02232,  -0.00219,   0.00832,   0.02232,  -0.06347,   0.10986,  -0.06522,  -0.01970,  -0.02495,   0.05384,  -0.02145,  -0.01620,   0.07660,   0.03458,  -0.01094,   0.01882,  -0.07922,   0.01357,  -0.01269,  -0.01620,  -0.00219,   0.02057,   0.08010,   0.02582,   0.05034,   0.03633,  -0.06172,   0.03458,   0.00481,  -0.04421,   0.00657,  -0.07397,  -0.03370,  -0.01795,  -0.06872,  -0.04946,   0.03983,  -0.06697,   0.01007,   0.03633,   0.12037,  -0.03370,   0.01882,  -0.00044,   0.01707,   0.04858,   0.05209,  -0.06697,  -0.08798,   0.03633,   0.04508,  -0.01795,   0.01007,  -0.04771,  -0.04946,  -0.02670,   0.01182,  -0.06347,  -0.02145,   0.11336,  -0.02145,   0.02933,   0.02582,   0.02757,   0.01882,   0.08360,   0.03108,   0.04858,  -0.00569,  -0.03195,  -0.02670,   0.00832,   0.02933,  -0.02670,  -0.07922,  -0.01094,   0.02582,   0.07660,   0.02757,   0.02757,  -0.00919,  -0.11774,   0.08360,  -0.04946,  -0.01970,  -0.04246,  -0.01094,  -0.01094,  -0.00569,   0.00481,  -0.03721,  -0.04071,   0.02757,   0.03808,  -0.05997,   0.02057,  -0.03195,  -0.08623,  -0.00219,  -0.07397,  -0.00394,   0.05034,   0.01882,   0.06434,   0.06609,   0.04508,   0.01007,   0.03283,  -0.03896,  -0.03195,  -0.01795,  -0.03545,   0.07310,   0.12037,   0.08885,  -0.01444,   0.07135,  -0.04246,   0.01882,  -0.01444,  -0.06172,  -0.00569,   0.00131,  -0.00919,   0.02407,  -0.01970,   0.00306,  -0.03020,   0.02407,  -0.03545,   0.03458,   0.10461,  -0.01620,  -0.06347,  -0.02495,  -0.01094,   0.04333,  -0.01444,   0.10811,  -0.05646,  -0.05121,   0.04858,  -0.04596,  -0.10199,  -0.01444,   0.03458,  -0.07572,  -0.00744,   0.04858,   0.04858,   0.00481,   0.02232,   0.07835,  -0.03195,  -0.02145,   0.12912,   0.02232,   0.02232,  -0.04421,   0.02232,  -0.02320,  -0.01795,  -0.03370,  -0.00569,  -0.01795,  -0.03195,   0.04683,  -0.07047,   0.04858,  -0.05822,   0.02057,  -0.00744,  -0.01795,  -0.01444,   0.01882,  -0.00919,   0.02407,   0.04333,   0.05909,  -0.05471,   0.03983,   0.07485,   0.02407,  -0.02845,  -0.03370,  -0.09498,  -0.02495,   0.00131,   0.05559,   0.02407,  -0.04946,   0.05734,  -0.00044,  -0.07747,  -0.00919,  -0.06172,  -0.02670,  -0.01094,   0.08885,   0.04508,   0.05209,  -0.01094,   0.00832,  -0.08273,   0.02757,   0.03633,  -0.04771,  -0.07047,  -0.04071,  -0.00569,   0.04333,  -0.07922,   0.01357,  -0.06697,   0.07835,  -0.01094,  -0.00394,  -0.03370,  -0.04246,   0.06609,   0.09060,  -0.01444,   0.07485,  -0.01444,  -0.00919,   0.05034,  -0.00219,   0.05559,   0.01357,  -0.05121,   0.01882,   0.06434,   0.01182,  -0.03020,   0.05559,   0.10286,  -0.14400,   0.02057,   0.00306,  -0.02320,  -0.03545,   0.02232,  -0.02320,  -0.00394,  -0.05471,   0.04158,  -0.11074,   0.02057,  -0.00044,   0.02582,  -0.05121,   0.05559,  -0.02670,   0.10111,  -0.03195,   0.03283,  -0.02670,   0.01357,   0.05384,   0.05734,  -0.00569,   0.06434,  -0.08798,   0.02407,   0.01532,   0.03983,  -0.03721,  -0.14400,  -0.03721,   0.06609,  -0.02145,   0.01007,   0.04508,  -0.03721,  -0.02145,  -0.04071,   0.02057,  -0.00569,  -0.03370,  -0.04946,  -0.00219,   0.02757,   0.02757,  -0.02145,  -0.00044,  -0.05471,   0.05034,  -0.03370,   0.10636,  -0.00919,   0.07135,   0.01532,  -0.06522,   0.04683,   0.06259,   0.03633,   0.01182,  -0.05471,  -0.02495,   0.05034,  -0.03896,  -0.00569,   0.06084,  -0.05471,  -0.07572,  -0.01970,   0.00657,  -0.04596,   0.05034,   0.00306,   0.03633,   0.05384,   0.00832,   0.02407,  -0.03721,  -0.02670,   0.02407,   0.04858,   0.02933,   0.04683,   0.06959,   0.01532,  -0.00744,   0.04158,   0.09060,  -0.02670,  -0.01970,   0.05209,  -0.03195,  -0.05646,   0.00832,   0.02232,  -0.10724,  -0.08798,  -0.02495,   0.05384,  -0.03020,  -0.01795,  -0.03896,   0.01707,   0.04858,  -0.01620,   0.05209,  -0.02495,  -0.01620,  -0.04771,  -0.03195,   0.03283,  -0.05997,   0.01357,  -0.03370,  -0.05997,  -0.00919,  -0.06172,  -0.00569,   0.00131,  -0.01094,  -0.01444,   0.01357,  -0.04946,  -0.05471,   0.04858,   0.03633,   0.00306,  -0.01269,   0.02757,   0.02057,  -0.02670,   0.00131,   0.07135,  -0.01970,   0.07310,   0.00657,  -0.02495,  -0.05997,   0.07835,   0.04158,  -0.00394,  -0.01620,   0.11862,  -0.02320,  -0.02670,   0.01182,   0.06259,   0.00832,   0.00306,  -0.01444,  -0.02145,  -0.07922,   0.04683,   0.04158,  -0.10199,   0.00131,  -0.01444,  -0.03896,  -0.02145,  -0.05296,   0.03108,  -0.06172,   0.02933,   0.01882,   0.04858,  -0.08798,   0.02232,   0.01882,   0.02582,  -0.01444,   0.05734,   0.01357,  -0.03370,   0.01007,  -0.03195,  -0.06347,  -0.03545,  -0.03896,  -0.01269,  -0.07747,   0.15889,  -0.02145,  -0.03020,   0.10111,  -0.01269,  -0.06522,   0.00481,  -0.03195,  -0.04596,  -0.03896,  -0.01094,  -0.00569,  -0.02670,   0.10636,   0.01007,   0.02407,  -0.09323,  -0.01269,  -0.04246,   0.04858,  -0.00219,  -0.04246,  -0.02495,  -0.00219,   0.01532,   0.03458,   0.00481,  -0.06522,  -0.00044,  -0.01795,   0.08185,   0.14488,   0.00657,   0.04158,   0.05034,   0.06084,  -0.02670,   0.03108,  -0.03545,  -0.06872,   0.00481,   0.00832,   0.04508,  -0.04946,  -0.07747,  -0.03896,  -0.04946,  -0.09148,   0.05559,  -0.02670,  -0.07397,   0.03108,  -0.03896,   0.02407,  -0.01620,   0.00832,  -0.00219,   0.04508,   0.06434,   0.06784,  -0.02145,  -0.03896,  -0.03545,  -0.01269,   0.07485,  -0.03195,   0.04158,  -0.03721,  -0.06872,  -0.04771,   0.03283,  -0.00744,   0.02933,   0.03808,   0.07835,   0.01357,   0.06084,  -0.00394,  -0.03896,  -0.03721,  -0.03721,   0.08535,   0.01882,   0.00657,   0.03458,   0.00306,  -0.01269,  -0.00219,   0.05209,  -0.05646,  -0.08098,  -0.02845,  -0.13700,  -0.04946,  -0.04771,  -0.06872,  -0.06347,   0.03808,  -0.00744,   0.02933,  -0.01269,   0.01882,  -0.03195,  -0.06347,  -0.01795,   0.01007,   0.06609,   0.00131,   0.05559,   0.00306,  -0.09848,   0.03458,  -0.00044,   0.06434,  -0.02845,  -0.08098,  -0.03721,   0.03633,  -0.03896,  -0.04596,  -0.03721,  -0.04946,   0.04333,  -0.00044,  -0.06522,  -0.02670,  -0.05822,   0.03458,   0.03808,  -0.10023,  -0.00919,   0.06259,   0.02933,   0.03808,  -0.05296,  -0.02320,  -0.05471,   0.00657,   0.00481,  -0.00044,  -0.02495,  -0.01269,   0.02933,   0.00657,  -0.00394,   0.01707,   0.01882,   0.01707,  -0.04071,  -0.00394,   0.12037,   0.00131,  -0.02495,  -0.00044,  -0.06522,   0.09235,  -0.01620,  -0.03896,   0.00657,   0.02407,  -0.00569,   0.01007,   0.00131,  -0.08448,  -0.00219,   0.08185,  -0.04771,  -0.05121,   0.02933,   0.01357,  -0.00919,  -0.04946,   0.00832,   0.04333,   0.04158,  -0.04771,  -0.03195,  -0.02845,   0.04333,  -0.04071,  -0.01444,  -0.08098,   0.09411,  -0.05997,   0.02582,   0.04158,  -0.06872,  -0.03721,   0.01007,  -0.00569,   0.02757,   0.02057,  -0.01970,   0.02232,  -0.01970,   0.02057,  -0.09848,  -0.01269,  -0.05822,  -0.03545,   0.01007,   0.02582,  -0.03545,   0.01182,   0.00832,   0.00481,  -0.01620,   0.02407,   0.04683,   0.04158,  -0.04946,   0.10286,   0.01707,   0.05909,  -0.01620,  -0.05471,   0.04683,  -0.03020,   0.03983,  -0.03545,  -0.02495,  -0.00744,   0.04508,   0.02057,  -0.10023,   0.02407,  -0.04596,   0.05909,   0.02757,   0.02757,  -0.07047,   0.02057
   0.07660,   0.05734,   0.05209,   0.01182,   0.10636,   0.00306,   0.09411,  -0.03721,   0.04858,   0.07835,   0.03283,   0.02757,  -0.05822,  -0.01970,  -0.03896,  -0.06872,   0.00306,  -0.07747,   0.09936,   0.01882,  -0.05296,   0.02407,  -0.00044,   0.04158,   0.10636,  -0.02495,  -0.03020,  -0.02495,   0.09235,  -0.06522,  -0.02145,   0.03808,   0.04508,  -0.01269,   0.02407,  -0.03020,  -0.06872,   0.06084,   0.01007,  -0.05471,  -0.08798,  -0.04246,  -0.02845,   0.06784,  -0.02845,  -0.03370,   0.03983,  -0.00919,  -0.03370,  -0.01094,  -0.02495,  -0.00919,  -0.03195,  -0.02320,   0.07485,  -0.06347,   0.05559,   0.00481,   0.01707,   0.03108,   0.02232,  -0.08448,   0.02582,   0.01007,  -0.03195,   0.02232,   0.04333,   0.01707,   0.01357,   0.03458,  -0.06872,  -0.00569,  -0.03370,  -0.00044,  -0.01620,   0.03283,   0.02933,  -0.01094,   0.01882,   0.02407,   0.09235,  -0.00919,  -0.01620,   0.05034,   0.01182,  -0.03545,   0.03983,   0.07310,  -0.00219,   0.04508,  -0.06697,  -0.02845,  -0.00744,  -0.05822,  -0.09323,  -0.05646,  -0.04421,  -0.02495,  -0.03721,  -0.01795,   0.11512,  -0.06172,   0.07135,  -0.05822,   0.03458,   0.01532,   0.00131,  -0.01269,   0.02933,  -0.01795,   0.03458,  -0.04421,   0.09586,   0.04508,  -0.06347,   0.05209,   0.02407,  -0.01970,  -0.05997,  -0.05646,   0.03283,  -0.04771,   0.04508,   0.05909,   0.07135,   0.03983,  -0.03721,   0.03633,   0.03983,  -0.04946,   0.03808,   0.06784,  -0.00744,   0.08535,  -0.04771,  -0.08273,   0.02933,  -0.01269,  -0.02845,  -0.07397,  -0.03020,   0.02057,   0.03458,   0.17114,  -0.00919,   0.02582,  -0.00394,   0.02407,  -0.15451,   0.07310,  -0.03370,  -0.00219,   0.01882,  -0.02845,  -0.02845,   0.00131,   0.03283,  -0.03545,  -0.02670,  -0.00044,  -0.05121,  -0.01094,  -0.03370,   0.09060,   0.02407,   0.15363,   0.00657,   0.04333,  -0.12300,   0.02582,   0.16239,  -0.00044,   0.05209,   0.04858,  -0.03545,   0.00131,   0.08710,  -0.05646,  -0.01795,   0.01007,  -0.00044,   0.03983,  -0.01970,  -0.02670,   0.00832,  -0.00394,   0.04508,  -0.01094,   0.05209,  -0.05296,   0.07835,   0.14838,   0.05384,  -0.04771,  -0.03195,   0.05909,   0.01357,   0.12212,  -0.04946,   0.02582,   0.09586,   0.05559,  -0.06522,  -0.00569,   0.09060,  -0.00569,   0.05734,  -0.02495,  -0.01620,   0.05559,  -0.05646,  -0.03195,   0.07135,   0.13613,  -0.05121,   0.00131,  -0.01970,  -0.06522,   0.02057,  -0.08798,  -0.05296,  -0.01620,   0.00131,  -0.02845,   0.09936,   0.02407,   0.01357,  -0.00744,   0.00481,  -0.06522,   0.10111,   0.01882,  -0.02495,  -0.03370,  -0.02495,   0.06784,   0.01357,  -0.00569,   0.01357,   0.02582,  -0.07047,  -0.07922,   0.00306,   0.03458,   0.04158,   0.03458,   0.01707,  -0.05471,   0.00481,  -0.07747,  -0.06347,  -0.07397,   0.00131,   0.06259,  -0.10023,  -0.01620,  -0.01269,  -0.06697,  -0.05822,   0.03458,   0.05384,   0.00832,   0.01357,  -0.03370,   0.09411,   0.06084,   0.02407,   0.01707,  -0.04421,  -0.04421,   0.04158,   0.05209,   0.03458,   0.09936,   0.10811,  -0.00744,   0.08360,  -0.03195,  -0.02145,  -0.07222,  -0.03545,   0.02582,   0.02232,   0.01357,   0.03108,   0.00306,  -0.02145,  -0.03896,  -0.05646,  -0.02145,   0.05034,   0.07485,   0.00306,   0.06609,   0.07835,  -0.01444,  -0.03195,   0.06259,  -0.03370,   0.04158,   0.07835,   0.03108,  -0.02320,   0.00481,   0.00131,  -0.03721,   0.03983,  -0.03195,  -0.06172,   0.01182,   0.02232,   0.03108,   0.11336,   0.03108,   0.00306,  -0.00219,  -0.01795,  -0.02320,  -0.07222,   0.01532,   0.00131,   0.01882,   0.01007,  -0.04946,   0.01182,   0.03458,  -0.13875,  -0.04421,  -0.02495,  -0.09673,  -0.04071,  -0.08798,  -0.03020,  -0.02670,   0.06084,  -0.00219,   0.01532,   0.03633,   0.01007,  -0.08273,   0.05559,   0.02232,  -0.05471,  -0.04421,   0.06259,  -0.01795,   0.06434,  -0.00744,   0.00657,   0.07135,   0.08360,   0.01882,   0.01882,  -0.01269,   0.15013,  -0.03721,   0.01532,   0.00131,   0.02232,  -0.01269,  -0.00219,   0.00657,   0.03458,  -0.07397,   0.04508,   0.08535,   0.02232,  -0.00044,   0.00832,  -0.00394,   0.01182,  -0.04596,   0.01357,  -0.00569,   0.03108,   0.01882,   0.03458,  -0.02670,  -0.07397,   0.06259,   0.03458,   0.03808,   0.07135,  -0.07747,  -0.04421,  -0.12124,   0.01532,  -0.04596,   0.07660,   0.04683,   0.02933,   0.10461,   0.04508,  -0.10549,  -0.05646,   0.04158,   0.07135,  -0.08973,   0.08710,   0.01182,  -0.00044,   0.03633,   0.01007,  -0.01269,  -0.01444,   0.01707,  -0.02320,  -0.05646,  -0.00219,  -0.00394,  -0.01444,  -0.01970,   0.01882,  -0.03020,  -0.02670,  -0.00044,  -0.02670,   0.03983,  -0.01970,  -0.04071,   0.14313,   0.09411,   0.00481,  -0.00219,   0.05734,   0.04158,   0.02582,  -0.05646,  -0.00744,   0.01532,   0.02407,   0.00306,  -0.01620,   0.03283,   0.04508,   0.00657,  -0.01094,   0.02057,  -0.01970,  -0.00394,  -0.05646,   0.06784,  -0.07922,   0.04508,   0.01007,  -0.06522,   0.02057,  -0.04421,   0.01707,  -0.03195,   0.03458,  -0.08448,  -0.04771,   0.03808,  -0.02145,  -0.04946,  -0.04771,  -0.05296,  -0.05121,  -0.04771,   0.06084,   0.00657,  -0.04946,   0.03283,  -0.00569,   0.01357,  -0.01269,   0.00657,  -0.07222,   0.04683,   0.06784,  -0.04071,  -0.00569,  -0.06522,   0.04333,  -0.10374,   0.09060,   0.03458,  -0.07747,   0.00131,  -0.00569,  -0.03896,  -0.00044,  -0.00394,   0.06259,   0.02933,   0.02582,   0.01882,  -0.00919,  -0.00919,   0.02232,  -0.03721,  -0.04771,   0.03458,  -0.05121,  -0.01620,  -0.00219,  -0.03370,  -0.03195,   0.00131,  -0.09848,   0.00306,  -0.01269,   0.04158,  -0.00219,  -0.05822,  -0.04771,  -0.00744,   0.02582,   0.01707,   0.04683,   0.02057,   0.05559,  -0.01620,   0.07485,   0.04158,   0.02057,   0.05909,   0.00832,  -0.00919,   0.07485,  -0.02320,   0.01007,  -0.03020,  -0.04421,   0.02057,   0.06084,  -0.07572,   0.09411,  -0.03195,  -0.00569,  -0.00219,  -0.06522,   0.01882,   0.05909,   0.05559,  -0.00919,  -0.00394,  -0.00219,  -0.02145,  -0.06347,   0.01182,  -0.02495,   0.01007,  -0.01970,  -0.02845,   0.03808,  -0.03195,   0.00131,   0.03983,   0.00832,   0.01182,   0.00481,  -0.03020,  -0.05646,  -0.01620,  -0.09148,  -0.02670,   0.03458,  -0.00394,  -0.02845,   0.07135,  -0.00569,   0.06784,  -0.06522,  -0.05646,   0.03808,  -0.02670,   0.09411,  -0.06522,   0.01882,   0.09235,   0.05034,  -0.02845,  -0.05296,   0.01707,   0.00306,  -0.02320,  -0.05997,  -0.01269,   0.04508,  -0.09498,  -0.01444,  -0.00044,   0.00131,   0.02757,   0.00832,  -0.05296,   0.05734,  -0.01444,   0.03283,   0.03108,  -0.01970,   0.02057,  -0.02145,  -0.00219,   0.03283,  -0.05471,   0.05384,  -0.03721,  -0.07572,  -0.03545,  -0.00044,   0.06434,   0.01532,  -0.04071,  -0.05822,  -0.01620,  -0.01444,  -0.05997,   0.01357,  -0.01094,   0.04158,  -0.06347,   0.03108,  -0.01620,  -0.07222,  -0.03545,   0.04508,   0.07660,   0.00832,   0.04158,   0.01182,   0.01707,   0.00306,  -0.00744,   0.00657,  -0.04246,   0.04158,   0.00131,  -0.06872,   0.06084,  -0.05121,  -0.01444,  -0.03545,  -0.00569,  -0.07047,  -0.08623,   0.06434,   0.01707,  -0.09148,   0.02232,   0.02582,   0.01532,   0.04333,  -0.07222,  -0.00919,  -0.05646,   0.09761,   0.11336,   0.10461,   0.03633,   0.07135,  -0.01970,   0.01357,   0.01007,   0.01357,   0.01357,  -0.08973,  -0.03370,  -0.01970,  -0.01269,  -0.01444,   0.02933,   0.02232,   0.02057,   0.05384,  -0.03370,   0.00306,  -0.07747,   0.03808,   0.01182,   0.00306,  -0.04946,   0.05909,  -0.07572,   0.01707,  -0.02495,   0.04333,   0.05034,  -0.04071,  -0.04596,  -0.05121,  -0.04071,  -0.02495,   0.02232,  -0.05822,  -0.10724,   0.00481,   0.08185,  -0.01444,   0.02232,  -0.01620,   0.07310,   0.01182,   0.07135,  -0.01444,   0.12387,  -0.07222,   0.12212,   0.01007,  -0.01970,  -0.03195,  -0.01970,  -0.01620,  -0.03370,   0.06084,  -0.01094,  -0.00919,   0.01357,  -0.04246,  -0.02320,   0.03633,  -0.04771,   0.03983,   0.01532,   0.02757,  -0.01970,  -0.05296,   0.04333,  -0.00744,  -0.07572,   0.02407,   0.02057,  -0.06172,  -0.00919,   0.09411,   0.01707,  -0.02145,   0.02757,   0.02407,   0.02582,   0.05384,   0.04508,   0.02057,  -0.02145,  -0.01269,  -0.09848,   0.02582,  -0.02320,   0.07135,   0.01532,  -0.02670,  -0.00744,  -0.00394,   0.07135,  -0.02670,  -0.04771,  -0.06347,  -0.02495,   0.00481,  -0.03195,  -0.05997,  -0.03370,   0.02057,   0.06784,  -0.06347,   0.07135,   0.02582,   0.10461,   0.03458,   0.04333,  -0.11599,   0.04858,  -0.07747,  -0.07222,   0.00657,  -0.03020,   0.00832,   0.05209,   0.00657,  -0.01094,  -0.00219,  -0.03020,   0.01182,   0.00306,   0.01707,  -0.01094,  -0.05822,   0.09936,   0.00306,   0.06609,   0.06434,   0.06434,   0.01007,   0.08185,   0.01007,  -0.00744,   0.09060,  -0.00744,   0.02933,  -0.00744,  -0.05296,  -0.07047,  -0.00919,   0.02582,   0.04508,   0.06784,  -0.05296,   0.01007,   0.05734,   0.06609,   0.07310,   0.05909,  -0.02495,  -0.04421,   0.03108,  -0.11074,   0.07835,  -0.02320,  -0.03721,  -0.02670,  -0.02320,  -0.04596,  -0.03545,  -0.00044,  -0.10023,  -0.02320,   0.14488,  -0.08973,   0.01707,  -0.05646,   0.06084,  -0.06347,   0.00657,   0.00131,  -0.03195,   0.05384,  -0.00569,   0.03108,   0.06434,   0.02232,   0.01882,  -0.00569,   0.06959,   0.04858,   0.12212,   0.09235,   0.01532,  -0.01444,  -0.01094,   0.02933,   0.05209,  -0.02495,   0.02407,   0.00131,  -0.03370,   0.04333,   0.05559,   0.03283,   0.03108,   0.01357,  -0.01795,  -0.09848,  -0.04071,  -0.03195,  -0.07222,   0.02933,  -0.03545,  -0.13175,  -0.10899,   0.10111,  -0.01970,   0.05384,  -0.06522,   0.08885,   0.00481,  -0.00394,  -0.07922,   0.00131,   0.02582,   0.08535,  -0.00744,  -0.04596,  -0.03020,   0.03283,   0.01707,  -0.01795,  -0.02145,   0.06084,  -0.02320,  -0.01269,   0.07485,   0.00131,   0.03808,   0.03808,  -0.00219,   0.02582,   0.05209,  -0.04421,  -0.00044,  -0.02670,  -0.05121,   0.01532,   0.01357,   0.03283,   0.05909,  -0.05471,  -0.04946,   0.04683,   0.03808,  -0.06172,   0.02582,   0.03808,  -0.02845,  -0.01795,  -0.01795,   0.00131,  -0.08273,   0.06434,   0.02933,  -0.06347,  -0.01795,   0.01532,   0.02232,   0.09060,   0.06084,  -0.00744,   0.03633,   0.06259,  -0.06872,   0.05034,   0.06959,   0.12387,   0.01182,  -0.01269,  -0.03195,  -0.02495,   0.07310,  -0.06172,  -0.05471,  -0.01444,   0.06784,   0.03458,   0.09411,   0.01357,  -0.02495,  -0.07047,  -0.01970,  -0.03020,   0.01532,   0.04158,  -0.05121,   0.06959,   0.00131,   0.00481,  -0.01269,  -0.01795,   0.08535,   0.02582,  -0.02670,  -0.04771,   0.00481,   0.03808,  -0.04246,   0.07485,   0.01882,   0.02582,  -0.10374,   0.00306,  -0.03721,   0.01882,  -0.02145,   0.02757,   0.05384,  -0.04946,  -0.01269,  -0.03195,   0.03808,  -0.05822,   0.01357,   0.05209,   0.07310,  -0.05296,  -0.00394,  -0.05646,   0.04508,   0.04683,   0.03808,   0.06784,   0.07135,  -0.01444,  -0.03721,  -0.01269,  -0.02495,  -0.04596,  -0.00569,   0.03983,   0.06434,   0.01532,   0.06084,   0.02057,   0.06784,  -0.04421,   0.04508,   0.02933,   0.02407,   0.14138,  -0.02845,   0.07135,  -0.07222,  -0.08973,  -0.12300,   0.05559,  -0.01444,  -0.02320,   0.08010,  -0.03020,  -0.05296,   0.01707,   0.02933,  -0.11074,  -0.01094,   0.00657,  -0.01970,   0.05384,  -0.02845,  -0.06697,  -0.02670,   0.01882,   0.04508,   0.00131,   0.03808,   0.00657
   0.03108,  -0.00569,  -0.06697,  -0.04946,  -0.00394,  -0.01795,   0.01532,   0.07485,  -0.03195,   0.02582,  -0.05822,   0.00657,  -0.08098,   0.01182,   0.00832,  -0.02670,   0.02057,  -0.08623,  -0.03370,  -0.03545,   0.04158,   0.03808,   0.11161,   0.01182,  -0.03370,  -0.04421,  -0.04071,   0.03633,   0.01882,   0.02232,  -0.02495,   0.03283,  -0.01795,  -0.04246,   0.00832,   0.01532,  -0.05997,  -0.03721,   0.03983,  -0.01094,   0.01357,   0.01707,   0.01182,   0.04158,   0.09761,   0.06609,  -0.05471,  -0.00394,  -0.03370,   0.02933,  -0.02145,  -0.01795,   0.01357,   0.04333,   0.01007,  -0.05471,  -0.01269,  -0.00394,   0.02933,  -0.10199,  -0.00394,   0.01007,   0.01182,   0.00657,  -0.07572,  -0.05822,  -0.02145,  -0.05646,   0.09411,   0.09586,  -0.00044,   0.05559,  -0.00044,   0.05734,  -0.05646,  -0.06522,   0.07135,  -0.02670,   0.04858,  -0.01269,   0.06434,   0.02407,  -0.02145,  -0.02145,   0.03983,   0.00481,   0.00306,   0.01882,   0.02057,  -0.04596,  -0.00394,  -0.00744,  -0.02495,  -0.00919,  -0.01094,   0.03458,   0.03633,   0.00306,   0.01357,   0.06784,   0.06959,   0.03808,  -0.00744,   0.01707,   0.09761,   0.04858,  -0.04071,  -0.02845,  -0.04771,   0.06609,   0.02407,   0.06084,   0.02232,   0.04333,   0.13613,  -0.01620,   0.10636,   0.06084,  -0.00919,   0.05384,  -0.07747,   0.02582,   0.03458,  -0.05646,   0.02232,  -0.04246,  -0.00044,   0.01182,   0.06434,  -0.08098,   0.02757,   0.04158,   0.01532,   0.03808,  -0.00044,   0.04158,   0.03633,  -0.01795,   0.00481,   0.01882,  -0.04946,  -0.00569,   0.00131,  -0.07047,  -0.04246,  -0.05121,  -0.03020,   0.04333,  -0.05822,   0.00306,  -0.03721,   0.01882,   0.02232,  -0.02845,  -0.03896,   0.01357,  -0.04246,  -0.07572,   0.01707,  -0.02320,  -0.03721,  -0.03370,  -0.03020,   0.01007,   0.06434,  -0.02145,   0.02057,   0.05034,   0.00832,  -0.00044,   0.01182,  -0.05646,   0.01007,  -0.01094,  -0.01970,   0.01707,  -0.04946,   0.03983,   0.00481,   0.03283,  -0.03195,   0.05384,   0.03108,   0.01007,  -0.04071,   0.07485,   0.06084,  -0.02845,  -0.02145,   0.00306,   0.03458,  -0.05822,  -0.00394,  -0.01094,   0.01357,   0.06609,  -0.07047,  -0.09673,   0.00131,   0.02407,   0.06609,   0.05909,  -0.02145,  -0.02320,  -0.05646,  -0.03370,  -0.01444,  -0.04946,   0.01182,   0.00306,  -0.07572,  -0.03896,   0.00306,  -0.02670,   0.02057,   0.06609,  -0.07747,  -0.00219,  -0.00219,  -0.01795,  -0.04946,  -0.01620,  -0.01620,  -0.05997,   0.01007,   0.05384,  -0.02670,   0.06434,  -0.00744,  -0.03370,  -0.04071,  -0.04596,  -0.08973,  -0.01094,  -0.02145,   0.06784,   0.00657,   0.04508,  -0.01620,   0.09936,   0.01532,   0.02232,  -0.03020,  -0.00394,  -0.00569,  -0.04071,  -0.02145,  -0.00394,   0.05384,  -0.02495,  -0.04596,   0.06434,   0.01007,  -0.04421,  -0.05296,  -0.02145,   0.02407,  -0.06172,  -0.00044,   0.02933,   0.02232,   0.03633,  -0.01620,  -0.06172,  -0.02845,  -0.08623,   0.03633,   0.03633,   0.00306,  -0.01620,  -0.04771,  -0.00919,  -0.06872,  -0.06522,  -0.04946,   0.03808,   0.02407,   0.01532,  -0.00219,   0.06259,   0.00306,  -0.00569,  -0.00394,   0.00306,  -0.03195,  -0.01620,   0.02232,   0.00131,   0.02933,  -0.02670,   0.03108,  -0.03896,   0.06609,   0.03458,   0.03283,   0.01007,   0.05034,  -0.01795,  -0.02495,   0.03283,  -0.01444,  -0.07922,   0.00306,  -0.04596,   0.06609,   0.05384,   0.00657,   0.03458,   0.05559,   0.00131,   0.05209,   0.08535,   0.04858,   0.00306,   0.00657,   0.01882,  -0.03545,   0.03633,  -0.06347,  -0.04946,  -0.02145,   0.05559,  -0.04246,   0.05909,  -0.00219,  -0.01444,  -0.00044,  -0.01444,   0.09235,   0.01182,   0.07135,   0.05384,  -0.02670,   0.05909,  -0.01094,  -0.01620,   0.02057,  -0.00744,   0.03108,  -0.01444,  -0.03721,   0.03283,  -0.02320,  -0.03370,   0.08535,   0.01882,   0.01182,  -0.07222,  -0.00219,  -0.05471,   0.10111,  -0.06347,  -0.07572,   0.09411,   0.02057,   0.00306,   0.01182,  -0.03721,  -0.04421,   0.00481,  -0.06522,  -0.05822,  -0.03896,   0.03808,  -0.02145,   0.03108,  -0.03020,  -0.05822,   0.00657,  -0.01620,   0.09586,   0.01357,  -0.04596,  -0.02845,  -0.00394,   0.00832,  -0.01094,   0.01707,   0.01182,  -0.04771,   0.02057,   0.02057,  -0.00569,   0.02582,  -0.00044,   0.04683,  -0.01795,   0.01707,   0.02582,  -0.06697,  -0.00919,   0.08535,   0.01707,   0.01532,   0.06259,   0.01707,   0.00481,   0.08710,   0.06259,  -0.01970,   0.00481,   0.01532,  -0.00744,   0.06609,  -0.02845,  -0.04071,   0.03458,   0.01532,  -0.04596,  -0.01795,  -0.04246,  -0.01970,   0.02057,  -0.04246,   0.00657,  -0.05296,  -0.05121,   0.02757,   0.03808,   0.05209,  -0.03195,   0.05909,   0.00657,  -0.11249,  -0.08273,   0.00131,  -0.01269,   0.03633,   0.02757,  -0.00044,  -0.07047,   0.03283,   0.05734,  -0.03545,  -0.03545,   0.02933,  -0.11424,  -0.03020,  -0.03545,  -0.02145,  -0.02145,   0.02757,  -0.02320,   0.03458,   0.05034,   0.01357,   0.03633,  -0.02145,  -0.11074,   0.07485,  -0.07047,   0.03633,  -0.05997,   0.01357,   0.04508,  -0.05471,   0.01532,  -0.05646,  -0.00919,  -0.03896,   0.01007,   0.01182,   0.00832,  -0.04771,  -0.04071,   0.03458,   0.02933,  -0.01269,  -0.01620,  -0.06172,  -0.00919,   0.04683,  -0.01269,   0.03633,  -0.02670,   0.01357,  -0.04596,  -0.01094,   0.03283,   0.01882,   0.05034,  -0.00569,  -0.04946,   0.06084,  -0.01620,   0.05034,  -0.01970,   0.03633,   0.00657,   0.04508,  -0.09323,  -0.06522,  -0.05997,   0.02232,  -0.00219,  -0.01970,   0.03808,  -0.03370,   0.01882,  -0.06697,  -0.01269,  -0.01620,   0.01007,   0.00306,  -0.01970,   0.01007,  -0.04771,  -0.04071,  -0.03896,   0.00657,  -0.03545,   0.03633,  -0.00744,   0.06084,   0.02933,   0.00306,   0.02232,  -0.08273,  -0.01620,  -0.03721,  -0.05296,  -0.06347,   0.01182,  -0.07397,   0.06259,  -0.04771,   0.02933,   0.01182,  -0.01620,  -0.01970,  -0.09498,   0.01707,  -0.00569,  -0.00394,   0.03808,  -0.02845,   0.04158,  -0.07222,  -0.03195,  -0.00219,   0.04683,   0.02057,   0.00131,   0.10286,   0.05909,   0.01532,  -0.00919,   0.05034,  -0.04596,  -0.02670,   0.01707,   0.00832,  -0.00394,  -0.04596,   0.01007,  -0.01970,   0.04333,   0.01707,  -0.03721,  -0.03896,  -0.03721,  -0.02495,  -0.01094,  -0.02320,   0.02232,   0.02757,  -0.01970,  -0.02145,  -0.01094,   0.00657,   0.01707,  -0.01620,  -0.01094,   0.04858,  -0.03896,  -0.00569,   0.02582,   0.09060,  -0.04246,  -0.00919,   0.03458,  -0.01444,  -0.05471,   0.10636,  -0.05296,  -0.03545,   0.07835,  -0.01094,   0.02582,  -0.03020,   0.04508,   0.02582,  -0.04596,   0.00481,  -0.02845,   0.00481,  -0.04596,   0.03458,  -0.01795,   0.10636,   0.01532,  -0.04596,  -0.02145,   0.00832,   0.09761,   0.00131,   0.03458,   0.06959,   0.02232,  -0.03545,  -0.00394,   0.02407,  -0.00219,  -0.07747,  -0.01620,   0.03983,   0.00832,  -0.03721,  -0.02320,   0.01007,  -0.02670,   0.01882,   0.03633,   0.03808,  -0.05646,  -0.06172,   0.03633,  -0.06872,   0.01182,   0.01882,  -0.04246,  -0.00044,  -0.02845,  -0.04771,   0.01357,   0.03633,  -0.04596,  -0.02670,   0.02582,  -0.03721,  -0.05646,   0.01882,  -0.01970,   0.04508,  -0.04071,  -0.03370,   0.04333,   0.01707,   0.00657,   0.00306,  -0.01269,  -0.01269,  -0.02495,   0.04858,  -0.01094,   0.04858,   0.05384,   0.06609,  -0.05646,   0.07135,  -0.01795,   0.05034,  -0.13175,  -0.03721,  -0.03020,  -0.03370,  -0.05121,   0.04333,  -0.04246,   0.02057,   0.05209,   0.02232,   0.06609,   0.02757,  -0.00219,   0.05559,   0.02232,  -0.01094,  -0.05471,  -0.04946,   0.02057,   0.03808,   0.09586,   0.00131,   0.02407,   0.05034,   0.00131,  -0.05646,   0.00832,   0.02407,  -0.05121,   0.01007,  -0.08798,   0.02232,   0.02757,  -0.05997,  -0.03195,   0.03283,  -0.04246,  -0.01795,  -0.02495,  -0.06172,  -0.00569,  -0.00394,   0.10111,  -0.07047,   0.01707,   0.03108,   0.00657,   0.08710,   0.01707,   0.00131,  -0.04771,  -0.00919,  -0.00044,  -0.03721,  -0.06172,  -0.03545,   0.06959,  -0.00919,   0.03458,   0.06434,  -0.00219,   0.04333,   0.03633,  -0.05822,  -0.00569,   0.00657,  -0.01269,  -0.05296,   0.07310,   0.04508,   0.05559,  -0.02145,   0.00657,  -0.00744,  -0.03195,  -0.04596,   0.02582,  -0.02145,  -0.05296,   0.04683,  -0.04771,   0.01707,   0.01882,  -0.05646,  -0.05471,   0.04333,  -0.07572,  -0.04946,   0.02057,  -0.02320,  -0.00919,   0.00481,   0.03808,   0.05034,   0.07660,   0.05559,   0.01357,  -0.01444,   0.08710,  -0.07747,   0.03458,  -0.04421,  -0.02495,  -0.02320,   0.04858,   0.05559,  -0.04596,  -0.00569,   0.00481,  -0.11074,   0.00832,   0.01357,   0.07835,   0.03108,  -0.01269,  -0.04421,  -0.07222,   0.03458,   0.05034,  -0.02845,   0.01007,  -0.06522,   0.05034,   0.03108,   0.04158,  -0.00744,  -0.02670,   0.00306,   0.03283,   0.07135,  -0.12124,  -0.00219,   0.01707,  -0.04071,  -0.02845,  -0.01795,  -0.01269,  -0.03896,  -0.03370,  -0.03721,   0.08010,  -0.06522,  -0.01970,  -0.05822,  -0.02670,   0.05559,  -0.00044,   0.01707,   0.00481,  -0.03896,  -0.10199,   0.02757,   0.08885,   0.00481,   0.03283,  -0.06872,  -0.01970,   0.03108,   0.01357,  -0.03370,  -0.06172,  -0.01620,   0.06959,  -0.07222,   0.03108,   0.01707,  -0.01444,  -0.03545,  -0.04421,  -0.03545,   0.00481,   0.02933,   0.01532,   0.05209,   0.01707,  -0.03195,  -0.02845,  -0.01444,   0.01182,  -0.00919,   0.03283,   0.00481,   0.01707,   0.05734,   0.04683,   0.03283,   0.00832,   0.02933,  -0.00744,  -0.03020,   0.05034,   0.02933,  -0.00744,  -0.00569,   0.05559,   0.00832,   0.00131,   0.02057,   0.02057,  -0.09323,  -0.00744,  -0.00219,   0.03283,   0.05034,   0.02582,  -0.08623,  -0.08098,   0.03108,  -0.03370,  -0.06172,   0.01882,   0.01532,  -0.00219,  -0.01444,   0.00131,  -0.00744,   0.11161,   0.03983,  -0.01094,  -0.01620,  -0.04071,  -0.01620,   0.04333,  -0.07222,  -0.00744,  -0.02495,   0.01882,   0.05384,  -0.02145,   0.05209,   0.00131,   0.00306,  -0.06172,  -0.01620,  -0.03545,  -0.02145,  -0.01795,  -0.01620,   0.01007,  -0.00744,   0.02232,  -0.01444,  -0.04246,   0.01532,  -0.04596,   0.00832,   0.07310,   0.00832,  -0.01269,  -0.00044,  -0.01444,  -0.04421,  -0.01269,   0.05559,   0.04508,  -0.04946,  -0.05997,   0.06259,  -0.06522,  -0.02670,  -0.01795,  -0.05822,   0.04158,   0.00832,  -0.13525,  -0.02845,   0.07310,  -0.00044,   0.01882,  -0.02670,  -0.03545,  -0.00044,   0.02582,  -0.03370,  -0.00219,  -0.01094,  -0.00044,   0.01532,  -0.00744,  -0.05997,  -0.05646,   0.04333,  -0.05121,   0.02232,  -0.03545,   0.01882,  -0.01269,   0.00832,   0.03808,   0.01182,   0.01882,   0.03108,   0.05734,   0.02057,  -0.04071,   0.02582,   0.00657,  -0.06872,   0.04858,  -0.06872,   0.00481,  -0.01620,   0.01357,  -0.05121,  -0.08448,  -0.00219,   0.02057,   0.01357,  -0.02320,   0.01007,  -0.02670,  -0.02145,  -0.01620,  -0.06347,  -0.03020,  -0.04946,  -0.03370,   0.10286,   0.01707,   0.08010,   0.00306,  -0.00219,   0.01707,   0.11336,   0.08710,   0.01007,   0.01182,   0.03983,  -0.00219,   0.00131,   0.04508,  -0.02145,  -0.00394,   0.02582,  -0.00044,  -0.02320,  -0.07572,  -0.05471,   0.02232,  -0.00044,   0.02057,  -0.05822,  -0.09498,  -0.03896,   0.04858,  -0.01620,  -0.00394,  -0.01094,   0.05209,  -0.01795,   0.05734,   0.02232,   0.02057,  -0.05822,   0.03633,  -0.03020,  -0.02845,  -0.00569,  -0.01620,  -0.06697,  -0.01094,   0.04858
   0.01007,  -0.01094,  -0.01444,  -0.01444,   0.06784,  -0.03195,  -0.07747,   0.04158,  -0.00044,   0.02407,   0.01707,  -0.00569,   0.04158,   0.00657,   0.00657,  -0.06347,   0.01357,   0.03633,  -0.00044,   0.04683,  -0.04071,   0.02057,  -0.07222,  -0.03896,  -0.03370,   0.01182,  -0.06522,  -0.00569,  -0.00044,  -0.06697,  -0.01094,  -0.02670,  -0.03195,   0.01707,  -0.04946,   0.00131,  -0.02670,   0.02582,  -0.00744,  -0.08098,   0.04333,   0.07835,   0.01882,   0.02933,  -0.00744,  -0.03020,  -0.01444,  -0.00394,   0.04683,   0.00481,  -0.01795,  -0.03545,  -0.03896,  -0.03721,  -0.03370,   0.00832,   0.04333,   0.06259,   0.04858,  -0.00044,   0.02407,   0.04508,  -0.01094,   0.06434,  -0.03545,   0.02057,   0.00657,   0.07485,  -0.00919,  -0.02145,   0.02582,   0.06259,  -0.00219,  -0.05822,   0.07310,   0.02757,   0.07135,  -0.01444,  -0.02670,   0.01707,   0.02757,   0.02232,  -0.12124,   0.02933,   0.06784,   0.03633,   0.03283,  -0.01970,   0.00832,  -0.04246,  -0.00569,  -0.02495,   0.04683,  -0.04421,   0.08885,   0.01707,   0.01182,  -0.07222,  -0.02495,   0.05909,   0.03283,  -0.00394,  -0.00219,  -0.00744,   0.02057,   0.02232,   0.03458,   0.02757,   0.02757,   0.03458,  -0.02845,   0.06084,  -0.03020,  -0.00219,  -0.12475,   0.00832,  -0.01795,   0.05384,   0.05734,  -0.04596,  -0.01444,   0.02582,   0.00657,   0.04683,  -0.04421,  -0.02320,  -0.04421,   0.04683,  -0.07572,  -0.04421,   0.06959,   0.01007,   0.01357,   0.04683,   0.08360,  -0.02495,  -0.00044,  -0.00044,   0.00131,   0.01882,   0.04683,  -0.03020,   0.02582,   0.03983,   0.02057,  -0.01269,  -0.07572,   0.01707,   0.05734,  -0.02495,   0.00481,   0.00481,   0.04858,   0.01007,  -0.00569,  -0.10899,   0.03108,  -0.01094,  -0.08973,  -0.01795,  -0.03896,   0.00657,   0.03458,   0.01882,  -0.01620,   0.02582,  -0.00744,   0.10461,   0.04158,   0.08710,   0.02407,  -0.03721,   0.06784,  -0.03545,  -0.01094,   0.02232,   0.00657,   0.08885,  -0.06872,   0.01357,  -0.05296,   0.03808,   0.00131,   0.02232,   0.05559,   0.05559,   0.01707,  -0.00219,   0.05384,  -0.03545,   0.01707,   0.04508,   0.00832,   0.05734,  -0.00394,   0.04683,  -0.01795,   0.00306,   0.02407,   0.00481,   0.01882,  -0.02670,   0.06609,  -0.01444,  -0.03020,   0.08885,   0.05209,  -0.00044,   0.02757,   0.03808,   0.00832,   0.00306,  -0.03370,   0.00131,  -0.01094,   0.01532,  -0.04071,  -0.04246,   0.06084,   0.00306,  -0.01970,  -0.03721,   0.01357,  -0.04421,   0.00131,   0.00131,  -0.07922,  -0.06172,   0.01532,   0.01532,   0.07310,   0.06434,  -0.07922,   0.03108,   0.03283,   0.00481,  -0.00919,   0.03458,  -0.02145,  -0.05997,   0.04158,  -0.02145,   0.01532,   0.05559,   0.01532,   0.02582,   0.05384,   0.03983,  -0.01094,  -0.03896,  -0.02495,  -0.04771,   0.11687,  -0.09848,   0.05034,  -0.03020,   0.06784,  -0.07572,   0.04508,  -0.06697,   0.01882,   0.02232,  -0.01269,  -0.04246,   0.02407,  -0.00569,   0.03633,  -0.02845,   0.02582,   0.02407,   0.03108,   0.01182,  -0.07222,  -0.01795,  -0.05997,  -0.01094,   0.03633,  -0.03721,  -0.06697,   0.08710,   0.00306,   0.04683,  -0.05296,   0.04333,  -0.01620,   0.00131,  -0.01620,  -0.05471,  -0.00394,  -0.06347,   0.04158,  -0.00919,  -0.07222,  -0.07397,   0.04683,  -0.01970,   0.02757,  -0.05121,  -0.07572,  -0.03721,   0.00657,  -0.00569,  -0.01444,   0.00481,  -0.05471,   0.00832,   0.00832,   0.02407,  -0.04246,   0.11161,   0.06959,   0.00131,   0.02057,  -0.01094,   0.01182,   0.02933,  -0.00569,   0.05734,   0.02757,  -0.04596,  -0.10023,  -0.05121,   0.01707,   0.12037,   0.01007,   0.04508,   0.01182,   0.00481,   0.04683,  -0.01970,  -0.10374,   0.00131,  -0.03721,   0.06434,  -0.00919,   0.06959,   0.03633,  -0.04071,  -0.04246,   0.03458,  -0.05296,  -0.04596,  -0.00044,   0.04333,   0.00832,   0.01007,  -0.02495,   0.04158,   0.02232,  -0.04246,   0.00306,  -0.10724,   0.02582,   0.04683,   0.05559,   0.00306,  -0.00044,   0.02757,   0.02057,   0.03458,  -0.04421,   0.02933,   0.12912,  -0.04246,   0.03283,  -0.00044,   0.02933,  -0.05471,  -0.02495,  -0.04421,  -0.01620,  -0.01795,  -0.04771,  -0.06522,  -0.00044,   0.05034,  -0.04071,  -0.01094,   0.00481,  -0.01094,  -0.10724,  -0.01795,  -0.02320,   0.05909,  -0.02670,  -0.01620,  -0.01970,   0.05559,   0.03983,  -0.06872,   0.05034,   0.05559,  -0.00219,  -0.01094,   0.01182,  -0.09498,   0.00657,   0.01007,   0.00481,  -0.06522,   0.04508,   0.05909,  -0.01444,  -0.02495,   0.00832,  -0.01620,  -0.00044,   0.06434,  -0.06872,  -0.05296,  -0.01620,   0.01707,  -0.00044,  -0.00394,   0.05034,  -0.09148,   0.01707,   0.02232,  -0.04771,   0.01357,   0.04158,   0.00306,   0.02933,  -0.03896,  -0.03020,  -0.00219,  -0.05121,  -0.06522,  -0.07397,  -0.01620,   0.04508,  -0.01444,   0.11161,   0.04508,  -0.01795,   0.01182,   0.00306,   0.01182,   0.04683,   0.01707,  -0.03370,   0.02757,  -0.04071,   0.00657,   0.02757,   0.05909,  -0.02495,  -0.00919,   0.02057,  -0.01970,  -0.00744,  -0.00394,   0.06084,   0.01007,   0.04333,  -0.05997,  -0.00569,   0.00131,  -0.05296,   0.03633,   0.08885,   0.03808,   0.06609,  -0.05646,  -0.04071,  -0.01094,   0.04508,  -0.01620,  -0.07572,  -0.07397,  -0.00394,   0.01532,  -0.01444,   0.06434,  -0.00919,  -0.04246,  -0.04071,  -0.05822,   0.02232,  -0.04071,   0.13963,   0.00481,   0.01357,   0.09235,   0.03283,   0.03108,  -0.00569,  -0.11249,   0.01007,   0.07835,  -0.00394,  -0.00044,  -0.04771,   0.02933,   0.05559,  -0.04946,   0.03808,  -0.02670,  -0.14576,   0.07135,  -0.00044,   0.02757,  -0.08448,   0.05209,   0.01007,  -0.00394,   0.03108,  -0.05646,  -0.00044,  -0.04421,   0.03983,  -0.02495,   0.00657,   0.03283,   0.02232,   0.03108,  -0.05296,  -0.05121,  -0.03195,  -0.04246,  -0.03721,   0.00832,   0.08885,  -0.06172,   0.07485,  -0.04421,   0.04683,   0.03808,   0.00131,  -0.00394,  -0.04421,  -0.03195,   0.04333,  -0.04246,   0.02582,  -0.00919,  -0.04071,  -0.03195,  -0.00219,  -0.04421,  -0.00219,   0.01182,  -0.00569,   0.00481,   0.00131,  -0.00219,  -0.00569,   0.08185,   0.01182,   0.02933,  -0.05822,  -0.00219,  -0.12475,   0.01182,  -0.04071,  -0.02145,   0.17814,  -0.01444,  -0.04946,   0.03808,   0.04333,   0.03458,  -0.05471,  -0.02670,   0.01357,   0.05209,   0.02407,  -0.03896,  -0.00919,  -0.00744,   0.00832,  -0.00219,  -0.06347,   0.01707,   0.04508,   0.01182,  -0.00569,  -0.07572,   0.01007,  -0.01094,   0.05909,   0.02057,  -0.02495,  -0.03721,  -0.02670,  -0.00219,  -0.00569,   0.02757,  -0.01269,   0.06259,  -0.01970,  -0.03370,   0.02582,   0.05034,  -0.06872,  -0.02845,   0.04333,  -0.05997,   0.01007,  -0.02845,  -0.06872,   0.04508,   0.04858,   0.00481,   0.00131,  -0.06347,   0.07660,   0.02232,   0.01882,   0.00832,   0.03983,   0.00131,   0.00481,  -0.05646,  -0.02320,   0.04683,  -0.00569,  -0.01970,   0.01007,   0.09235,   0.00306,   0.01532,  -0.06522,   0.03108,   0.04683,   0.00832,  -0.01620,  -0.04246,  -0.08098,  -0.06172,  -0.04421,   0.03283,   0.06434,  -0.00044,   0.09586,  -0.00219,  -0.03020,  -0.03020,  -0.05121,  -0.04946,   0.01882,  -0.06697,  -0.07222,  -0.05471,  -0.01620,   0.07835,  -0.02845,  -0.03896,  -0.14576,   0.06959,  -0.00919,   0.00481,   0.00481,   0.05909,  -0.02495,   0.05559,  -0.02320,   0.00832,  -0.03721,  -0.00919,  -0.00394,  -0.03545,   0.05384,   0.02407,   0.03458,  -0.02670,  -0.03195,   0.10286,  -0.00394,  -0.01094,  -0.06522,  -0.04246,  -0.00569,   0.02407,  -0.02845,   0.02582,  -0.05646,  -0.04246,   0.00657,   0.00481,   0.02407,   0.13613,   0.03108,  -0.01094,   0.03108,   0.02933,  -0.03195,   0.01882,  -0.03370,  -0.10023,   0.02933,  -0.03195,  -0.02670,  -0.00569,   0.01357,  -0.01269,   0.03633,   0.00131,   0.03808,   0.03283,   0.03458,  -0.05822,  -0.02320,   0.05209,   0.03633,  -0.02320,   0.02407,   0.04858,  -0.00919,   0.00657,   0.01182,   0.01357,  -0.03020,  -0.03020,   0.04158,   0.01182,   0.01707,  -0.03195,  -0.02670,   0.00832,   0.00306,  -0.01620,   0.08185,   0.02582,   0.04508,  -0.03896,  -0.05296,  -0.01970,  -0.03545,   0.06259,   0.08535,   0.02057,  -0.03020,  -0.04771,   0.06259,   0.09936,  -0.02670,   0.08360,  -0.09498,  -0.00394,  -0.01269,  -0.04771,  -0.00919,  -0.02320,  -0.05121,   0.00481,  -0.01269,   0.01182,   0.03458,  -0.01094,   0.06609,  -0.05646,  -0.04771,  -0.01970,  -0.08098,   0.02232,  -0.05822,   0.00832,  -0.09148,   0.01707,   0.02757,  -0.01094,  -0.01444,   0.00657,  -0.03020,  -0.02670,  -0.00919,  -0.00569,   0.01532,  -0.00044,  -0.02495,  -0.01620,   0.03108,   0.02582,  -0.02495,  -0.06347,  -0.01620,   0.03983,   0.00131,   0.01357,   0.03458,  -0.04421,  -0.01444,  -0.03195,  -0.01620,  -0.03896,  -0.04771,   0.01182,   0.07135,   0.00657,   0.08535,   0.01357,   0.01532,  -0.01970,   0.00657,  -0.01970,   0.03983,  -0.04946,  -0.01795,  -0.01795,   0.01357,  -0.05997,  -0.06697,  -0.03195,   0.06434,  -0.03020,   0.01007,   0.02757,  -0.02845,  -0.01620,  -0.10023,  -0.12475,   0.00832,  -0.04771,  -0.10899,  -0.00394,   0.06959,  -0.03370,   0.05909,  -0.04596,   0.03458,   0.03283,  -0.01970,  -0.01444,  -0.03896,  -0.05646,   0.00306,  -0.03370,  -0.00044,  -0.03545,  -0.02320,  -0.00569,  -0.01970,  -0.01269,   0.05034,  -0.02670,  -0.04771,  -0.01094,   0.03283,  -0.04946,  -0.03545,  -0.05471,   0.05384,  -0.05121,  -0.00919,  -0.10023,  -0.01094,  -0.01795,   0.00832,   0.07135,   0.06959,  -0.08448,   0.03633,   0.03808,   0.04683,  -0.00569,  -0.04946,   0.05559,  -0.05121,   0.00481,  -0.06172,  -0.01795,   0.01882,   0.03983,  -0.02845,   0.05384,  -0.01795,  -0.00569,   0.05034,   0.02582,   0.01182,   0.01357,   0.03283,  -0.03721,  -0.00569,  -0.00744,   0.02933,   0.00657,  -0.03195,   0.04858,   0.00657,   0.07310,   0.06434,  -0.01970,  -0.01795,   0.03108,  -0.02495,   0.00131,   0.00306,  -0.01970,  -0.06522,  -0.02320,  -0.01094,  -0.02495,  -0.02670,   0.04333,  -0.05471,   0.03458,  -0.06522,   0.01532,  -0.02145,   0.01007,   0.01707,   0.06959,   0.03983,   0.12737,   0.05734,   0.01532,  -0.00744,   0.02057,   0.05559,  -0.04071,  -0.01444,  -0.08448,   0.02232,   0.02232,   0.01882,  -0.05296,   0.06084,   0.03108,  -0.02845,  -0.01269,   0.01532,  -0.05471,   0.00306,   0.01882,  -0.01269,   0.01707,  -0.04246,   0.00306,   0.06434,  -0.02495,  -0.08448,  -0.02670,  -0.05471,  -0.00044,   0.00131,  -0.01094,   0.03108,  -0.00744,  -0.02845,   0.02933,  -0.01795,   0.09235,   0.01357,   0.03633,   0.00832,   0.09586,  -0.00044,  -0.04071,   0.03283,  -0.02320,   0.00306,  -0.02145,  -0.05471,  -0.00744,  -0.00569,   0.00657,   0.00657,   0.03283,   0.04333,   0.02232,   0.01532,  -0.02670,   0.02582,   0.03633,   0.04683,  -0.02845,   0.02232,   0.06609,  -0.01094,  -0.00044,   0.07310,   0.01182,  -0.07047,   0.03808,   0.00832,   0.03108,  -0.03370,  -0.03370,  -0.03896,  -0.03545,   0.04333,  -0.02320,   0.01182,   0.03458,  -0.00744,  -0.02145,   0.00832,  -0.03195,   0.03108,   0.08535,   0.01882,  -0.04771,  -0.03195,   0.04333,  -0.01444,   0.02582,   0.00657,   0.09761,  -0.03370,   0.03983,   0.00657,   0.03633,   0.09586,   0.03808,   0.04333,  -0.01444,  -0.02145,   0.04683,   0.03458,   0.08185,   0.00481,   0.01007,  -0.08973,  -0.03721,   0.03108,  -0.00744,   0.01882,   0.00481,  -0.05296,  -0.03195,   0.03808,  -0.06172
   0.02582,  -0.00044,   0.02407,  -0.03195,   0.01007,  -0.03896,   0.10636,  -0.06522,  -0.04246,  -0.00394,   0.02407,   0.05384,  -0.01444,   0.00832,  -0.07747,   0.02933,  -0.01444,  -0.04596,   0.01707,  -0.05296,   0.04158,  -0.02320,   0.00306,   0.01532,   0.02232,   0.06084,  -0.05471,  -0.04246,   0.05559,  -0.06347,   0.03633,  -0.01269,   0.03633,  -0.03370,  -0.01970,  -0.09848,   0.01882,  -0.00569,  -0.04596,  -0.01444,   0.02582,  -0.05121,   0.03983,   0.01707,   0.00481,  -0.03896,   0.08360,  -0.05121,  -0.02495,  -0.03545,  -0.03721,  -0.03020,   0.06784,  -0.01269,   0.01707,   0.01707,   0.03458,  -0.04596,  -0.01444,  -0.04946,   0.05034,  -0.03370,   0.01357,   0.00657,   0.02757,   0.05034,   0.07835,   0.02582,  -0.02495,   0.01182,   0.00832,  -0.02495,  -0.01094,   0.02232,  -0.04771,   0.00657,  -0.01269,  -0.04071,   0.02407,  -0.03721,  -0.00219,   0.03633,  -0.00569,  -0.01269,  -0.00919,   0.04333,   0.03983,  -0.00219,   0.07135,  -0.04421,  -0.04946,   0.00832,  -0.04946,  -0.01269,   0.07835,   0.05384,  -0.01444,   0.06609,  -0.05997,  -0.07747,   0.03108,   0.01707,  -0.04246,   0.01007,   0.03808,  -0.02670,  -0.01620,  -0.07222,  -0.03020,   0.13437,   0.05034,   0.02582,  -0.00744,   0.06609,   0.07835,  -0.03370,   0.09235,  -0.01795,  -0.01795,  -0.03545,   0.08710,   0.03808,  -0.01094,   0.06434,   0.06784,   0.06259,   0.02232,  -0.02320,   0.07135,  -0.05121,  -0.04771,  -0.08448,   0.02933,  -0.01444,   0.08535,   0.03983,   0.06434,   0.05734,   0.05034,  -0.05822,  -0.07572,  -0.02670,  -0.00569,   0.01007,   0.08885,  -0.07747,   0.00832,  -0.00744,   0.10111,  -0.10549,   0.02232,   0.09936,  -0.06872,  -0.01444,   0.00832,  -0.00394,  -0.03370,   0.00131,  -0.02495,  -0.05822,  -0.06872,   0.02757,  -0.02845,   0.04508,  -0.00219,   0.01182,   0.02933,   0.03633,  -0.04421,   0.02757,  -0.04071,  -0.00569,  -0.03370,  -0.02670,  -0.02845,   0.00832,  -0.07922,  -0.04246,   0.04858,  -0.04246,  -0.01444,   0.04858,   0.03633,  -0.05121,   0.04508,  -0.01269,  -0.07747,   0.04508,   0.04858,  -0.05471,  -0.02320,   0.05384,  -0.02145,  -0.03545,  -0.05646,   0.03458,  -0.03370,   0.00657,  -0.05997,   0.03633,  -0.01795,  -0.05997,   0.01007,   0.03283,  -0.01094,   0.03283,  -0.02145,   0.03808,   0.01532,  -0.00219,   0.07835,   0.02232,  -0.06172,  -0.00394,  -0.04246,  -0.04421,   0.02757,   0.02757,  -0.00219,   0.02582,  -0.07572,  -0.04246,   0.01357,   0.00657,  -0.03020,  -0.00394,  -0.00569,  -0.10023,   0.00832,  -0.02670,   0.03633,  -0.00744,   0.03108,   0.01007,   0.03283,   0.01707,   0.04508,   0.01707,  -0.00219,   0.03458,  -0.01795,  -0.01795,  -0.02670,   0.00131,   0.02057,   0.01007,  -0.01269,   0.04333,   0.05734,   0.03283,   0.06434,   0.08010,  -0.04596,  -0.02845,  -0.04071,   0.05034,  -0.08273,   0.03983,  -0.01444,   0.04158,  -0.05646,   0.03458,   0.05034,  -0.08098,   0.09060,   0.01182,  -0.01970,  -0.00219,   0.02933,  -0.04596,  -0.06522,  -0.00044,   0.05909,  -0.05646,   0.03808,  -0.04596,  -0.02845,   0.02757,   0.05034,   0.03808,  -0.02845,  -0.02145,   0.08535,  -0.02320,   0.00481,  -0.01094,   0.01182,  -0.00044,   0.00131,  -0.01620,   0.03808,  -0.04071,   0.00131,   0.00481,   0.02232,   0.00131,   0.09586,  -0.07397,  -0.01970,   0.05209,  -0.03545,   0.05034,   0.07135,   0.06434,   0.05384,   0.03983,   0.03633,  -0.04071,  -0.07222,  -0.00569,   0.06959,  -0.03195,  -0.01444,   0.00131,   0.03633,   0.01357,   0.04508,   0.01007,  -0.05471,  -0.01094,  -0.01795,   0.03108,   0.00481,   0.02057,   0.03983,  -0.01444,  -0.04246,   0.04858,   0.01182,   0.01357,   0.00481,  -0.02670,  -0.00744,  -0.00219,   0.04683,   0.01357,  -0.01620,  -0.01269,  -0.08623,   0.03633,  -0.02845,   0.01357,   0.05384,  -0.02670,   0.04333,   0.14663,   0.03108,  -0.03896,   0.07135,  -0.05121,  -0.04071,  -0.00919,  -0.05822,  -0.00394,  -0.03195,   0.03458,  -0.03545,   0.02407,   0.02232,   0.05559,   0.05384,   0.04858,   0.06609,   0.02232,   0.00481,   0.04508,   0.00131,   0.03983,  -0.03545,  -0.00394,  -0.08973,   0.06259,  -0.07572,  -0.06347,  -0.04246,  -0.05296,  -0.01970,   0.05384,   0.02407,   0.01707,   0.03633,   0.05384,   0.04158,   0.01007,   0.07135,  -0.10899,   0.05734,   0.01882,   0.04158,  -0.05646,   0.00657,  -0.03020,  -0.02845,   0.06434,   0.06609,   0.05909,   0.05909,  -0.01970,   0.01007,   0.01182,  -0.07922,   0.00481,  -0.01620,  -0.03721,  -0.03896,  -0.02845,  -0.03896,   0.00306,  -0.02320,  -0.06172,  -0.02320,   0.03983,  -0.07222,  -0.01795,   0.01357,   0.06259,  -0.00744,   0.01007,   0.01532,   0.01357,   0.01182,  -0.03896,  -0.01094,  -0.05822,  -0.02670,   0.01357,  -0.04771,   0.07835,  -0.09673,   0.02407,  -0.02670,  -0.02320,  -0.02320,   0.01532,   0.07835,   0.04158,  -0.00569,   0.04683,   0.00306,  -0.04596,  -0.01444,  -0.02145,   0.01357,  -0.01795,   0.00306,   0.05559,  -0.04246,  -0.00744,   0.07135,   0.07310,   0.04858,   0.02232,  -0.06347,   0.01882,   0.03108,   0.02057,  -0.10899,   0.13437,   0.01182,   0.00306,  -0.00219,  -0.04421,  -0.04071,  -0.01620,  -0.07572,   0.01532,  -0.05997,   0.07135,  -0.01620,  -0.00044,  -0.00394,  -0.01795,   0.04683,  -0.06522,   0.01707,   0.04508,  -0.00394,  -0.07922,   0.08710,   0.04158,  -0.03195,   0.01707,   0.02582,  -0.04246,  -0.03545,   0.01182,  -0.01444,   0.04333,   0.00306,  -0.00569,   0.01357,  -0.01970,  -0.01444,   0.03458,   0.01357,   0.02407,   0.05909,   0.01532,   0.05734,  -0.00394,  -0.04946,  -0.04246,   0.04508,   0.01007,   0.02582,  -0.06522,   0.03283,  -0.02845,   0.05559,  -0.04246,  -0.02145,   0.01007,   0.00131,  -0.01444,  -0.00044,   0.02582,   0.09235,  -0.01269,  -0.02670,   0.05209,   0.02232,  -0.03896,   0.01357,  -0.02845,   0.06434,  -0.01620,  -0.05471,  -0.05121,  -0.02670,  -0.07047,  -0.01620,   0.01007,   0.04683,  -0.01269,  -0.02670,   0.03633,  -0.04246,  -0.04946,   0.00832,  -0.03721,   0.07485,  -0.06172,   0.02232,  -0.03721,   0.01707,  -0.02145,   0.03283,   0.01882,  -0.02845,   0.01882,  -0.00744,  -0.00919,   0.00481,   0.03633,  -0.02670,   0.02933,  -0.03721,  -0.03195,   0.02582,  -0.03020,   0.06434,  -0.06347,   0.09761,   0.05559,  -0.01444,   0.00481,   0.01882,  -0.02145,  -0.03370,   0.06784,   0.05559,   0.05909,   0.05209,   0.06609,   0.08535,   0.10461,  -0.00919,  -0.03545,  -0.03896,   0.00657,  -0.06172,  -0.00569,  -0.00569,   0.07835,  -0.00919,   0.04333,  -0.03545,  -0.00919,  -0.00044,   0.01532,   0.01707,   0.03808,   0.02757,   0.01007,  -0.01795,   0.02057,  -0.03896,   0.01182,   0.06784,  -0.00569,   0.01357,  -0.01620,  -0.03896,   0.03983,   0.05209,  -0.04596,  -0.03721,   0.05559,   0.09235,  -0.01094,   0.08010,   0.04333,  -0.00919,   0.08010,  -0.02495,   0.05034,  -0.03896,  -0.01269,   0.01357,   0.00131,   0.04158,  -0.06172,  -0.08623,   0.06784,  -0.04771,   0.01357,  -0.05296,   0.03108,   0.05209,   0.02757,   0.01357,   0.01707,  -0.00919,   0.01182,   0.06784,   0.01882,   0.04683,  -0.01269,  -0.02320,  -0.03020,   0.01182,   0.06259,  -0.05121,   0.01707,   0.02232,   0.01182,  -0.02320,  -0.04596,  -0.00569,  -0.00744,  -0.03721,  -0.02845,  -0.08273,   0.01182,  -0.01094,  -0.03370,   0.04508,   0.06609,  -0.02320,  -0.04771,  -0.01094,   0.08535,  -0.00394,  -0.00569,  -0.06872,  -0.03020,  -0.04246,   0.02057,   0.05734,  -0.07222,   0.05034,   0.13613,  -0.00569,  -0.04246,  -0.05646,  -0.00919,  -0.08273,   0.03283,   0.03983,  -0.00744,  -0.01444,  -0.09673,   0.06084,  -0.00219,  -0.10374,  -0.04946,   0.08535,  -0.01795,  -0.04246,  -0.03195,  -0.03195,  -0.02670,  -0.03020,  -0.03545,   0.01182,  -0.02145,   0.04858,  -0.02495,  -0.04596,   0.04158,  -0.05822,  -0.04071,  -0.00219,  -0.01970,  -0.02495,   0.11687,  -0.03020,  -0.00394,   0.11161,   0.02933,  -0.02495,   0.00131,   0.04508,   0.02232,   0.01182,   0.03108,  -0.06872,   0.10111,  -0.05822,   0.03458,   0.03108,  -0.00569,  -0.00219,  -0.02145,   0.05034,   0.02057,  -0.02495,  -0.04246,  -0.09673,   0.07135,  -0.00569,  -0.05121,   0.05384,   0.06084,  -0.02145,   0.01182,  -0.00044,  -0.03896,   0.09411,  -0.00219,   0.05559,   0.00832,  -0.03020,   0.02933,   0.03458,   0.00306,  -0.00569,  -0.04596,   0.00306,   0.04858,  -0.03195,  -0.02320,  -0.02145,  -0.00744,   0.03983,   0.03633,   0.03983,  -0.01620,   0.05909,  -0.01795,   0.06784,  -0.00219,  -0.04596,  -0.04421,   0.01007,  -0.01444,   0.03808,  -0.05471,  -0.01795,   0.06434,   0.04858,  -0.06172,   0.02232,  -0.05121,   0.04508,   0.00832,   0.02057,  -0.02495,   0.03633,   0.01882,  -0.01795,  -0.06172,   0.04333,   0.03808,  -0.03896,  -0.05646,  -0.00219,   0.02057,  -0.02495,  -0.02145,   0.04333,  -0.02495,  -0.02320,   0.00481,   0.03633,   0.02582,  -0.01269,   0.02582,   0.01182,  -0.04246,   0.03108,  -0.10899,  -0.01094,   0.07485,   0.02407,   0.02582,  -0.00744,  -0.02495,  -0.06522,   0.03108,   0.07310,  -0.05471,  -0.00744,  -0.07922,  -0.04771,  -0.01444,  -0.03195,  -0.05646,   0.01882,   0.02407,  -0.01795,  -0.00394,  -0.06347,   0.02407,  -0.02495,   0.02057,   0.01357,   0.09060,   0.03983,  -0.04071,  -0.04771,  -0.01269,  -0.01094,  -0.01094,  -0.01269,  -0.00569,  -0.06172,  -0.00919,  -0.01620,   0.09586,  -0.04071,  -0.01094,   0.01182,   0.08710,   0.01182,   0.03633,  -0.05296,   0.00131,   0.09235,   0.06434,  -0.07397,  -0.03896,   0.01707,  -0.01444,  -0.08623,   0.00481,  -0.05822,  -0.02670,   0.08010,  -0.03020,   0.01007,  -0.00219,   0.03808,  -0.01269,  -0.03195,  -0.10374,   0.01007,   0.03108,   0.08185,   0.01532,   0.03283,   0.02582,  -0.03195,   0.07310,   0.03808,   0.03633,   0.00657,   0.03108,   0.02757,  -0.03896,  -0.06347,  -0.00219,  -0.08798,   0.02933,  -0.03721,  -0.04421,   0.06259,   0.05209,  -0.01795,  -0.11599,   0.02582,  -0.02320,   0.02407,  -0.02670,  -0.04946,  -0.01444,   0.03283,  -0.03545,  -0.00219,   0.02057,   0.05209,   0.00481,  -0.03896,  -0.04071,   0.01707,   0.02757,   0.02057,  -0.01795,  -0.05997,  -0.05471,   0.00306,  -0.00394,  -0.00394,  -0.05646,   0.03283,   0.05034,   0.06609,   0.02582,  -0.05822,  -0.00044,  -0.01970,  -0.03370,   0.03808,  -0.03020,   0.00657,  -0.00919,  -0.03370,   0.02582,   0.06084,   0.05559,  -0.01094,   0.05384,   0.04508,   0.05384,   0.00657,   0.00131,  -0.01094,   0.06609,   0.05034,  -0.01970,   0.07835,  -0.01269,   0.02757,  -0.00744,  -0.08798,   0.05909,  -0.05646,   0.04333,   0.04333,   0.05384,  -0.04071,   0.03108,  -0.00219,   0.08185,   0.00481,  -0.00569,  -0.00919,  -0.01795,  -0.11249,  -0.04946,   0.05384,  -0.01620,  -0.00569,   0.01182,   0.03808,   0.01357,   0.00306,   0.02582,   0.02232,   0.15188,  -0.04246,   0.00832,  -0.05296,   0.04158,   0.08535,  -0.00744,  -0.00919,   0.10111,  -0.00569,  -0.07222,   0.08885,   0.01007,  -0.04771,  -0.07572,   0.00306,  -0.01094,   0.07485,  -0.03545,  -0.01094,  -0.01620,   0.07835,   0.02057,   0.02057,   0.01007,  -0.07047,   0.06434,   0.01357,  -0.00219,   0.03633,   0.01882,  -0.03195,  -0.03020,   0.05034,   0.05034,  -0.03545,   0.04333,   0.02582,   0.03983,   0.02933,  -0.06522,   0.04508,  -0.00394,  -0.01269,   0.05034,   0.01182,  -0.06872,  -0.01970,  -0.01444,  -0.02495,  -0.07397,   0.05909,   0.01532,  -0.12825,  -0.02670
   0.02757,   0.06084,   0.00657,  -0.00219,   0.03808,   0.03283,  -0.00744,  -0.03020,  -0.02320,   0.01532,  -0.02670,  -0.05296,   0.00131,  -0.01094,   0.00131,  -0.04946,   0.02232,  -0.04946,  -0.07747,  -0.01094,   0.11862,   0.06959,  -0.00219,   0.03458,  -0.02320,  -0.01094,   0.07660,   0.02933,   0.02232,   0.02757,   0.03983,   0.07660,   0.03808,  -0.06172,   0.00131,  -0.01795,  -0.06347,   0.01007,  -0.00394,  -0.04596,   0.01882,   0.06959,  -0.05471,  -0.03195,  -0.02320,   0.03633,  -0.05646,  -0.03721,  -0.00219,  -0.02145,  -0.01269,  -0.01620,   0.04683,  -0.02495,  -0.00744,   0.06084,   0.01182,   0.05559,   0.03808,  -0.00744,   0.01007,  -0.03721,   0.05734,   0.08010,   0.06609,  -0.02320,   0.07485,   0.02757,  -0.02320,   0.06084,  -0.01444,  -0.01269,  -0.08098,   0.03983,  -0.02670,   0.07135,  -0.00919,   0.02232,   0.04858,  -0.07572,  -0.03721,  -0.03020,  -0.01269,  -0.04596,  -0.00394,   0.02582,   0.01182,  -0.00744,   0.00832,  -0.00044,   0.05734,  -0.01094,   0.03108,   0.08535,   0.00832,  -0.01269,  -0.02670,   0.02757,  -0.00919,   0.05559,  -0.02845,  -0.01795,   0.04858,  -0.01444,  -0.06872,  -0.01970,   0.01882,  -0.04596,  -0.04071,  -0.00044,  -0.00919,  -0.01444,  -0.00919,   0.03983,   0.06959,  -0.00569,   0.02582,  -0.00569,  -0.02145,   0.01532,   0.08360,  -0.02320,   0.01532,   0.04508,   0.06434,  -0.01795,  -0.00394,  -0.00569,  -0.00919,  -0.07572,  -0.07747,  -0.06697,   0.01007,   0.01182,  -0.06697,  -0.02670,  -0.05121,  -0.03545,  -0.00919,  -0.00044,   0.05384,   0.01357,  -0.03195,  -0.01970,   0.02933,  -0.00394,  -0.04946,  -0.08623,   0.01357,   0.06259,  -0.01444,   0.01007,   0.04508,   0.00657,   0.07835,  -0.04771,  -0.00394,   0.08360,  -0.09323,   0.10986,   0.08360,   0.08710,   0.06434,   0.00832,   0.00481,   0.06784,  -0.00919,  -0.01269,  -0.04071,  -0.02670,  -0.07397,  -0.03896,   0.02232,  -0.07222,  -0.09848,   0.05559,   0.01882,   0.00131,  -0.00044,   0.03458,  -0.04246,  -0.02845,  -0.02670,   0.00306,  -0.06347,  -0.02145,   0.04683,  -0.05997,  -0.06347,   0.00481,   0.01707,  -0.02145,   0.01182,   0.03283,   0.03983,  -0.04071,  -0.04421,   0.03458,   0.00481,  -0.02320,  -0.04246,  -0.02145,  -0.03195,  -0.03545,  -0.02495,  -0.00919,  -0.06172,  -0.00219,  -0.00919,   0.01182,  -0.00744,  -0.00744,  -0.04596,   0.02232,  -0.01970,  -0.00219,  -0.00744,   0.05909,  -0.07922,   0.07310,   0.00481,   0.01882,   0.08010,   0.02933,  -0.04771,   0.02232,   0.00657,   0.01882,  -0.04596,  -0.03721,  -0.00744,  -0.05822,   0.02582,   0.12912,   0.08885,   0.00306,   0.04508,   0.01532,   0.08010,  -0.06522,   0.06959,   0.00131,  -0.03370,   0.03808,   0.02582,  -0.05822,  -0.06872,  -0.03896,  -0.00569,   0.03983,  -0.00219,   0.00832,   0.00657,  -0.04071,   0.02232,  -0.03195,  -0.06697,   0.01707,  -0.06172,   0.01182,   0.04508,   0.02232,   0.02057,  -0.04596,   0.08535,  -0.10023,   0.05034,   0.01182,  -0.04946,   0.01007,   0.03633,  -0.02320,  -0.00744,  -0.00569,  -0.05822,   0.01182,   0.01182,  -0.01094,   0.01182,  -0.02670,  -0.01444,   0.06084,  -0.03545,   0.00306,   0.01707,   0.02757,   0.00832,  -0.02845,   0.02757,  -0.04946,  -0.06347,  -0.04246,  -0.08623,  -0.01620,  -0.01795,  -0.03195,   0.01007,   0.04158,   0.09936,   0.00481,  -0.00394,  -0.05646,  -0.03896,   0.01357,   0.02582,   0.03633,  -0.02670,  -0.04421,  -0.00219,  -0.07922,   0.01357,  -0.01795,   0.01532,  -0.08798,  -0.01970,   0.00481,  -0.00394,   0.00832,  -0.03370,  -0.03370,   0.02757,   0.00657,  -0.05646,  -0.01795,   0.01882,   0.09936,  -0.03721,  -0.02320,   0.00131,  -0.00219,  -0.00919,   0.00306,   0.00306,  -0.04246,   0.05559,  -0.00394,   0.00481,   0.01882,   0.00306,   0.00657,   0.06434,  -0.08448,  -0.02495,   0.02582,   0.04158,  -0.02320,   0.00131,   0.01882,   0.02057,  -0.00569,  -0.02495,  -0.09148,  -0.00919,  -0.03896,   0.02407,  -0.03721,  -0.00394,   0.00832,  -0.01970,  -0.03545,   0.07135,   0.02057,  -0.01269,   0.01357,   0.04158,   0.01882,  -0.06522,   0.00131,  -0.01970,  -0.09848,  -0.01620,   0.05909,  -0.06172,  -0.05471,  -0.03545,   0.00832,  -0.03721,  -0.07397,  -0.00044,   0.00657,  -0.08623,   0.04683,   0.05034,  -0.03020,   0.04158,   0.07660,   0.10286,  -0.06347,  -0.01795,  -0.04246,  -0.01094,   0.02407,   0.06959,   0.00832,   0.01882,   0.01182,   0.00131,  -0.04071,  -0.02845,   0.02933,   0.05559,   0.08010,   0.02232,  -0.01094,  -0.09673,   0.04333,  -0.00569,   0.04683,   0.02232,   0.01882,   0.01532,   0.05734,  -0.00044,  -0.03721,   0.03283,   0.05209,  -0.03195,   0.03108,   0.04508,  -0.00044,   0.05559,  -0.05121,  -0.00219,   0.02582,   0.07485,  -0.02320,  -0.04246,   0.04158,   0.01182,  -0.01970,   0.06609,  -0.03545,  -0.03721,  -0.02320,  -0.06522,   0.09235,  -0.03195,  -0.01269,  -0.00744,   0.01007,   0.00131,   0.01707,  -0.02495,  -0.04421,   0.04508,   0.04508,   0.02933,   0.03283,  -0.00744,   0.02232,   0.03983,   0.03283,   0.01882,  -0.03370,   0.04858,  -0.06172,  -0.00744,  -0.03545,  -0.07922,  -0.00744,  -0.02495,   0.04333,   0.00481,   0.03808,  -0.01620,   0.05384,  -0.05997,   0.02057,   0.00657,  -0.00569,   0.05384,  -0.06872,  -0.02670,  -0.02845,  -0.12825,  -0.03896,  -0.03020,   0.04158,   0.06959,   0.00131,   0.06434,  -0.01269,  -0.05121,   0.02582,   0.00832,  -0.03721,   0.02933,   0.04683,  -0.06522,  -0.02145,   0.02232,  -0.01444,  -0.05296,   0.01357,  -0.04596,   0.04333,  -0.02145,  -0.07747,  -0.06347,  -0.02670,   0.08710,   0.00481,  -0.03195,  -0.03195,   0.04683,   0.01707,  -0.02320,  -0.00394,   0.01532,  -0.02845,   0.01357,   0.04508,   0.04333,  -0.06172,  -0.00744,  -0.04246,   0.01882,   0.01182,  -0.04071,  -0.00744,   0.02407,   0.01532,   0.01882,   0.03808,  -0.00044,   0.05559,  -0.04771,   0.01007,  -0.03195,  -0.00919,  -0.01970,   0.05034,  -0.00569,   0.02582,   0.03283,   0.00131,   0.04508,   0.00481,  -0.01269,  -0.06347,  -0.02145,  -0.00044,   0.01357,  -0.03896,  -0.06172,  -0.06697,   0.01882,   0.10111,  -0.03020,   0.00657,   0.03808,   0.02057,  -0.04771,  -0.05471,   0.06434,  -0.01444,   0.03983,  -0.03545,  -0.03896,  -0.00394,   0.00657,   0.03283,   0.03808,  -0.02495,   0.01182,  -0.07397,  -0.02320,  -0.00569,  -0.00744,   0.07485,  -0.03020,  -0.01269,   0.10986,  -0.06872,  -0.05471,   0.00657,   0.03108,  -0.02670,  -0.00394,  -0.00394,   0.01882,   0.03983,  -0.06347,   0.06434,   0.00306,   0.01882,   0.06609,   0.06784,   0.01357,   0.05559,  -0.03545,   0.01007,   0.07135,  -0.04071,  -0.04246,   0.02057,  -0.01094,   0.03283,   0.00131,   0.01357,  -0.05997,   0.00131,   0.04333,  -0.04771,  -0.09148,   0.00131,  -0.03896,   0.05034,   0.01707,   0.02232,   0.04508,   0.08360,  -0.03195,  -0.13350,  -0.00919,   0.05034,  -0.00044,   0.02057,  -0.05997,   0.02232,   0.01357,   0.08010,   0.04158,  -0.00394,  -0.00394,   0.07835,   0.00657,   0.01182,  -0.09498,   0.02057,  -0.06522,   0.02757,  -0.02495,  -0.00219,   0.05034,  -0.05121,   0.02757,  -0.04771,   0.05034,  -0.08448,  -0.07047,  -0.03896,  -0.06697,  -0.02495,  -0.02145,   0.04333,   0.03108,   0.05909,  -0.04421,  -0.02320,   0.04158,  -0.04946,   0.01532,  -0.03370,  -0.00394,  -0.02495,  -0.00919,  -0.04946,   0.04158,  -0.07922,  -0.03545,  -0.02495,  -0.02670,  -0.05822,  -0.00219,   0.06784,   0.02232,  -0.00044,  -0.05296,   0.07135,  -0.00394,   0.02232,   0.00832,  -0.07047,  -0.01269,  -0.02145,  -0.03896,  -0.00569,   0.05209,   0.04333,  -0.00919,  -0.00569,  -0.02670,   0.01357,   0.05384,  -0.05646,   0.05909,  -0.07222,   0.10636,  -0.04071,  -0.05822,  -0.03545,   0.00131,  -0.02845,   0.02582,  -0.02495,  -0.05296,  -0.04946,   0.01182,   0.04333,  -0.05646,   0.01532,   0.01357,   0.06784,   0.03808,   0.06784,  -0.01094,  -0.06347,   0.02407,  -0.02845,  -0.12475,  -0.01620,   0.00306,   0.02232,   0.03458,  -0.11774,   0.10461,  -0.05997,  -0.04246,   0.01182,  -0.02845,   0.05909,  -0.04246,   0.01357,  -0.03545,  -0.00919,   0.01357,   0.08360,  -0.06522,  -0.03370,   0.05909,   0.02407,   0.02757,   0.01182,   0.05034,  -0.02670,  -0.02845,   0.03633,  -0.05121,   0.03983,  -0.02495,   0.05909,   0.03983,   0.00481,   0.04508,  -0.02495,   0.01357,  -0.02495,  -0.04771,   0.00306,   0.01532,  -0.03721,  -0.02145,   0.05034,  -0.06172,   0.07310,  -0.05646,  -0.03370,   0.00306,   0.04158,   0.00481,  -0.04596,   0.00131,  -0.00219,   0.00131,   0.00481,  -0.04596,  -0.02845,  -0.00744,   0.06084,  -0.04596,   0.02582,  -0.02670,   0.05734,  -0.05822,  -0.05646,   0.04683,  -0.00219,  -0.01269,   0.04683,   0.05209,  -0.00044,   0.03458,  -0.05646,   0.03808,   0.00481,   0.05559,  -0.00569,  -0.00044,  -0.08448,  -0.09498,   0.01357,   0.00481,  -0.01094,  -0.00569,  -0.04421,   0.02232,   0.06259,  -0.00394,  -0.02495,   0.06959,  -0.03020,   0.02407,   0.08360,  -0.03370,  -0.06522,   0.01357,  -0.04421,  -0.02145,  -0.01094,  -0.06522,  -0.00569,  -0.01620,   0.03633,  -0.03896,  -0.01970,  -0.05646,   0.05034,  -0.03721,   0.01532,   0.02057,  -0.08098,  -0.01444,   0.08185,  -0.03721,   0.00832,  -0.02145,   0.02933,  -0.02145,   0.00131,  -0.05646,  -0.05646,  -0.07747,   0.02407,   0.00481,  -0.00569,  -0.00919,   0.01357,  -0.00919,   0.02407,   0.04508,   0.03458,   0.01357,   0.02232,   0.06784,  -0.00394,   0.00657,  -0.00394,  -0.05296,   0.00657,  -0.01620,   0.02582,   0.04858,  -0.00569,   0.01357,  -0.07922,   0.01882,  -0.02145,   0.03283,  -0.03545,   0.00481,   0.03458,  -0.01970,   0.00306,  -0.01269,   0.03283,   0.03108,  -0.06697,  -0.00394,  -0.04596,  -0.07047,   0.00657,  -0.03896,   0.00657,  -0.10549,   0.01007,   0.03108,  -0.00569,   0.02407,   0.06084,  -0.00569,  -0.01269,  -0.07572,  -0.01444,  -0.02495,   0.01882,   0.11862,  -0.01970,   0.00306,   0.09235,   0.01532,  -0.03195,   0.01707,   0.00657,   0.02057,  -0.04071,   0.01007,   0.04508,  -0.01269,   0.07660,   0.06784,  -0.01970,   0.03458,  -0.03370,   0.05909,  -0.00744,   0.03633,   0.01182,   0.08185,   0.02582,  -0.00919,  -0.02845,   0.01707,   0.06434,  -0.08098,  -0.06872,   0.01532,  -0.03195,  -0.06347,  -0.02845,  -0.03020,   0.06609,   0.00481,   0.01882,  -0.09848,  -0.05121,   0.01882,   0.04508,   0.00657,   0.04158,  -0.00919,  -0.00219,  -0.02845,   0.00657,   0.09936,  -0.01094,  -0.01620,  -0.00044,   0.00657,  -0.07222,  -0.04246,   0.00131,  -0.03020,   0.03283,  -0.00569,  -0.01620,   0.00832,   0.00657,  -0.00744,  -0.10724,  -0.00744,  -0.03370,   0.01707,  -0.00044,  -0.00744,   0.01007,  -0.08973,  -0.00919,  -0.03721,   0.02232,   0.06434,   0.01007,  -0.02320,  -0.08973,  -0.01094,  -0.02320,   0.02582,  -0.04946,  -0.00394,   0.00306,   0.01007,   0.02057,  -0.05471,   0.08710,   0.00832,   0.01882,  -0.01620,  -0.09323,  -0.05296,   0.06609,  -0.04946,  -0.05822,   0.05559,  -0.03020,  -0.04071,  -0.03721,   0.02057,  -0.00219,   0.02057,   0.04158,  -0.04246,   0.05034,   0.00657,  -0.01094,   0.03633,   0.03633,   0.00131,   0.02933,  -0.00394,   0.00832,   0.01882,  -0.06697,   0.03808,  -0.01269,   0.03458,  -0.02495,   0.02232,   0.04158,  -0.07747,   0.02232,  -0.04946,  -0.05296,   0.02232,  -0.04071,  -0.09148,  -0.05471,   0.00306,  -0.00569,  -0.04946,   0.06784,  -0.02845,   0.08010,  -0.00744,   0.05034
   0.05209,   0.10636,  -0.01094,  -0.02670,   0.02407,   0.11862,   0.05734,   0.01182,   0.02582,  -0.08448,  -0.02320,   0.02232,  -0.07397,  -0.01620,   0.00832,   0.09235,  -0.05997,  -0.00219,  -0.01620,  -0.03721,   0.00832,  -0.05646,  -0.10023,   0.05209,   0.03458,   0.09235,  -0.00744,  -0.03370,   0.03108,   0.03983,  -0.02670,   0.04858,   0.05034,  -0.03721,   0.06259,  -0.00744,  -0.00744,  -0.05121,   0.01007,   0.01882,  -0.10023,   0.02057,  -0.08273,  -0.07397,  -0.04596,   0.01707,  -0.04771,  -0.07047,   0.04158,   0.08710,   0.03983,   0.06259,  -0.01795,  -0.01444,  -0.01094,  -0.00569,  -0.00744,   0.03283,  -0.06347,  -0.07922,   0.01882,  -0.03545,  -0.05997,   0.10286,   0.01882,  -0.03195,  -0.04071,   0.01532,   0.03633,   0.00306,   0.05559,   0.03808,  -0.02845,   0.02582,   0.00131,  -0.05822,   0.03808,   0.04158,  -0.01094,  -0.08623,  -0.05646,  -0.03020,  -0.01444,  -0.05997,   0.06784,  -0.06522,  -0.00394,   0.01532,  -0.02320,  -0.03370,   0.04508,   0.12212,  -0.01094,   0.04508,  -0.04596,   0.07135,   0.03283,  -0.01444,  -0.07047,  -0.04421,  -0.06697,  -0.01970,   0.06784,   0.08010,  -0.03896,   0.09235,  -0.00044,   0.07660,  -0.03370,   0.00481,  -0.01620,   0.03283,   0.02757,   0.03633,  -0.05646,  -0.02145,  -0.03195,   0.03633,  -0.03195,  -0.02145,  -0.04771,  -0.00744,   0.01357,   0.06084,   0.02757,  -0.07572,   0.01882,  -0.04246,  -0.05121,  -0.10374,   0.03808,  -0.02320,   0.06259,  -0.00919,   0.03283,   0.02933,  -0.01795,   0.04508,   0.00131,   0.01007,  -0.06872,   0.01007,   0.06609,  -0.04946,  -0.02670,  -0.05296,   0.01532,   0.01007,   0.01007,   0.01532,  -0.06522,  -0.02145,   0.03283,   0.10286,   0.04158,   0.03108,   0.07485,  -0.02320,  -0.00219,   0.03108,   0.00306,  -0.02320,  -0.06522,   0.01182,  -0.00044,  -0.06172,  -0.06347,   0.01007,   0.03633,  -0.03020,   0.05034,  -0.01269,   0.06084,   0.08535,  -0.03370,  -0.04771,  -0.04246,   0.01182,  -0.09498,  -0.04946,  -0.00569,  -0.01269,   0.01182,   0.01707,   0.03983,  -0.02320,   0.06959,  -0.08973,   0.02407,   0.08010,   0.02407,   0.00832,  -0.02670,  -0.03545,  -0.10724,   0.01882,   0.03808,  -0.05646,  -0.02670,   0.00131,   0.01007,  -0.03020,   0.03983,   0.02933,   0.05909,  -0.10724,  -0.02845,  -0.02495,  -0.11424,  -0.03896,  -0.00044,  -0.01620,   0.05909,  -0.04596,   0.02232,  -0.04246,  -0.03370,   0.03983,   0.00131,  -0.08623,   0.02933,  -0.10199,  -0.05121,  -0.06697,  -0.02145,   0.06259,   0.01707,   0.00131,  -0.00394,  -0.01970,  -0.00569,  -0.01620,   0.05209,  -0.01620,  -0.04421,   0.05034,  -0.04071,  -0.08798,   0.10461,   0.02757,  -0.00044,   0.05384,  -0.07747,  -0.04246,  -0.03370,   0.03983,   0.03808,   0.08710,   0.03458,  -0.08973,  -0.00044,  -0.01970,  -0.01970,   0.01707,   0.03108,  -0.06872,  -0.01094,   0.05559,  -0.05296,  -0.04421,  -0.02145,  -0.10899,  -0.03195,   0.01357,  -0.07047,   0.11687,  -0.05646,  -0.07222,  -0.01094,   0.00832,  -0.02670,  -0.01269,   0.02232,  -0.03896,   0.06084,   0.04158,  -0.05997,   0.05209,   0.06084,  -0.04946,  -0.08798,  -0.03896,  -0.00919,   0.07835,   0.01707,  -0.02495,   0.05209,  -0.08798,   0.02933,  -0.08273,   0.01182,   0.00306,   0.03458,  -0.04421,   0.03983,  -0.00569,  -0.02145,   0.02582,  -0.02670,   0.01532,  -0.00919,   0.02582,   0.03808,  -0.00744,  -0.04071,  -0.12650,  -0.05296,   0.09060,  -0.06522,   0.01182,   0.04683,  -0.07747,   0.02232,  -0.00744,  -0.02145,   0.02757,   0.02933,  -0.07572,  -0.06347,  -0.01094,   0.07660,  -0.00744,  -0.01620,   0.00832,  -0.02845,   0.06084,   0.00657,  -0.00919,  -0.01444,  -0.00569,   0.01707,   0.00131,   0.05384,   0.00481,  -0.04596,  -0.03195,  -0.00219,   0.00657,  -0.01094,  -0.03896,   0.04858,   0.02407,  -0.02320,   0.03108,   0.01007,  -0.05997,   0.07660,  -0.00744,   0.03283,   0.02407,   0.07310,  -0.05296,  -0.04771,   0.03108,  -0.04596,   0.05384,   0.03983,   0.01882,   0.01007,  -0.00744,   0.02232,   0.01357,   0.07135,   0.02232,   0.03108,   0.05384,  -0.04421,   0.01882,   0.01882,   0.05909,   0.00832,   0.01707,  -0.03370,  -0.08098,  -0.08623,   0.05384,  -0.06172,   0.00832,  -0.01444,   0.01882,   0.01182,   0.03458,  -0.05646,  -0.04946,   0.03808,   0.02757,  -0.02495,   0.00832,  -0.00219,  -0.05822,   0.02057,   0.03283,  -0.02145,  -0.01795,   0.05034,  -0.11074,  -0.05296,   0.00657,  -0.00394,  -0.01970,  -0.03020,   0.07485,  -0.02495,  -0.04596,   0.01182,   0.07660,   0.01357,   0.01357,  -0.00569,   0.01532,   0.09235,  -0.06872,   0.02057,  -0.01620,   0.07835,   0.05559,   0.02232,   0.00832,   0.00832,  -0.00744,   0.00832,  -0.06172,   0.03633,  -0.00744,  -0.02670,  -0.03721,  -0.04246,   0.07135,   0.04683,   0.09235,  -0.00569,  -0.05822,  -0.09323,   0.05209,   0.00657,  -0.08098,   0.02057,  -0.03020,   0.02407,   0.02757,   0.01707,   0.01532,   0.05559,   0.04508,   0.04158,   0.01007,  -0.02670,  -0.00394,  -0.01795,  -0.00044,   0.02757,   0.02582,   0.08535,   0.01882,   0.00131,  -0.00569,  -0.02145,  -0.03896,  -0.00394,  -0.04421,  -0.07922,  -0.05822,  -0.00219,   0.06434,  -0.03721,   0.02582,   0.06434,  -0.00219,   0.00131,   0.02232,   0.10111,   0.06084,  -0.05121,   0.03108,   0.02407,  -0.05822,  -0.01970,   0.03458,   0.07135,   0.06784,   0.00832,  -0.00569,  -0.07747,  -0.04596,   0.01007,   0.03283,  -0.04071,   0.00131,  -0.19653,  -0.10023,  -0.00044,  -0.03721,   0.01357,   0.03633,   0.00481,  -0.02845,   0.05734,   0.01007,  -0.02320,   0.15714,  -0.07572,  -0.03195,  -0.11424,  -0.04071,   0.02933,   0.06084,  -0.01444,   0.05034,   0.00306,   0.02232,  -0.04071,  -0.02145,   0.04158,  -0.00044,  -0.06347,   0.09936,  -0.07922,   0.06784,   0.04158,  -0.02145,  -0.02670,  -0.01795,   0.03808,  -0.01269,  -0.01094,   0.03983,  -0.05296,   0.03458,   0.05559,   0.08885,   0.04508,   0.00657,   0.01532,   0.01357,   0.00832,   0.05559,  -0.05822,   0.06784,   0.09235,  -0.03896,  -0.04246,  -0.06172,   0.09060,  -0.05121,   0.01532,   0.05734,  -0.05471,   0.03633,  -0.00919,   0.06959,  -0.03545,   0.05559,   0.00131,  -0.00569,  -0.03896,   0.01182,   0.00306,  -0.03896,   0.05559,  -0.02145,   0.09235,   0.04858,   0.07660,  -0.03721,  -0.02845,   0.03108,  -0.04946,   0.02232,   0.03108,  -0.01444,   0.02933,   0.09936,   0.05034,   0.02232,  -0.07572,   0.01007,  -0.06697,   0.03983,  -0.04771,   0.05209,  -0.10899,   0.01707,   0.00131,  -0.00394,  -0.02320,   0.06959,   0.01882,  -0.00219,   0.00832,   0.05734,   0.02757,   0.00481,  -0.03545,  -0.11774,   0.09411,   0.01532,  -0.00744,   0.01182,   0.05209,  -0.03020,  -0.00219,   0.01707,   0.03283,   0.10986,   0.04508,  -0.01795,  -0.03545,  -0.00219,  -0.01269,  -0.03545,  -0.03195,   0.01882,  -0.03020,   0.07310,  -0.07572,  -0.03195,   0.01182,  -0.04071,   0.05559,  -0.03545,  -0.04421,  -0.00394,  -0.00219,  -0.04071,   0.03633,   0.03983,   0.02933,  -0.02145,   0.08360,  -0.02320,   0.03808,  -0.06172,   0.04683,   0.02407,   0.03283,  -0.01269,   0.00832,  -0.01444,  -0.00394,  -0.05471,   0.01007,  -0.07047,  -0.02670,  -0.05822,  -0.03896,  -0.00919,  -0.05997,   0.01357,  -0.00394,  -0.00919,  -0.02320,   0.03108,  -0.00569,  -0.00569,   0.01882,  -0.03195,  -0.02670,   0.05034,   0.13087,   0.05734,   0.02057,  -0.09148,  -0.01795,  -0.03721,   0.03633,  -0.02670,  -0.03195,   0.06959,   0.02232,   0.01182,   0.03458,   0.05034,  -0.02320,  -0.04596,   0.00832,   0.02232,  -0.04421,   0.05734,  -0.10724,   0.03108,   0.07485,  -0.00744,   0.00657,  -0.11774,  -0.01444,  -0.04071,   0.02582,  -0.02145,   0.05384,   0.01182,   0.04508,  -0.02145,   0.12912,  -0.14400,   0.05384,  -0.09148,   0.03108,  -0.04421,   0.05034,  -0.03020,   0.02232,   0.00306,   0.09060,  -0.03020,  -0.03545,   0.10111,  -0.02145,   0.03283,  -0.02495,  -0.03721,  -0.00394,  -0.03020,  -0.10899,  -0.01444,   0.04333,  -0.02670,  -0.02320,  -0.01444,  -0.01094,  -0.02495,  -0.01269,  -0.04946,  -0.10374,   0.06259,   0.02933,  -0.05997,   0.07835,  -0.03721,   0.00657,  -0.06872,  -0.00744,   0.01182,   0.02407,   0.08185,  -0.02670,  -0.02320,  -0.04246,   0.02757,  -0.02495,  -0.07922,   0.05209,  -0.02495,  -0.04946,   0.04683,   0.02407,   0.00131,   0.02582,  -0.06172,  -0.02845,   0.00657,  -0.03721,  -0.03545,   0.00131,   0.01182,   0.05559,   0.02232,   0.01357,  -0.04421,  -0.02145,  -0.00919,   0.01707,   0.00306,   0.03808,  -0.00744,   0.01007,   0.06259,  -0.07397,   0.01707,  -0.00744,   0.03283,  -0.03896,   0.01182,   0.00306,  -0.07572,   0.01532,  -0.01094,  -0.00219,   0.00131,   0.07485,   0.07310,   0.13613,  -0.00044,   0.01182,  -0.00219,   0.09060,   0.04683,   0.01182,  -0.06872,   0.00306,  -0.01970,  -0.01795,   0.03458,   0.09761,   0.05384,   0.01532,   0.01357,   0.06434,  -0.00219,   0.05734,   0.03108,  -0.06172,  -0.02320,  -0.05471,   0.07310,   0.07135,   0.03283,   0.09411,  -0.02320,   0.03108,   0.01007,  -0.08623,  -0.10374,   0.08010,   0.04158,  -0.02495,   0.04158,   0.04158,   0.08010,  -0.02145,   0.07485,  -0.01269,  -0.05646,  -0.03896,   0.04508,  -0.05997,  -0.04771,  -0.07047,  -0.06347,  -0.05471,  -0.06697,  -0.04946,  -0.03721,  -0.03545,   0.03808,  -0.01620,   0.06609,   0.06959,   0.06784,  -0.05997,  -0.03370,   0.07660,  -0.00569,   0.02057,  -0.02845,  -0.02845,  -0.03370,   0.07835,   0.00481,   0.00306,   0.03108,   0.10986,  -0.04946,   0.03283,   0.03983,  -0.00744,  -0.00044,  -0.08623,   0.03458,  -0.08098,   0.01357,  -0.02145,  -0.00744,   0.02933,   0.03983,   0.01357,   0.05909,   0.07135,   0.08885,   0.02582,  -0.01269,   0.00306,   0.06084,  -0.00044,   0.02232,   0.01357,   0.05034,   0.03458,   0.04858,   0.06084,   0.01357,  -0.06172,  -0.01269,   0.04333,  -0.02670,  -0.02670,   0.00306,   0.06784,  -0.08098,  -0.09498,  -0.00044,  -0.01795,   0.04683,  -0.04946,   0.01357,   0.10636,  -0.01444,  -0.05997,  -0.03721,  -0.02670,  -0.05471,  -0.03195,  -0.00394,  -0.04946,  -0.01795,   0.01532,  -0.01620,   0.03108,  -0.00744,   0.02232,  -0.01970,   0.03983,  -0.00219,   0.03283,   0.10111,  -0.04071,  -0.00394,   0.00306,   0.00306,   0.05209,   0.00832,  -0.04946,   0.10636,  -0.01620,  -0.02845,  -0.06522,   0.00306,   0.02057,  -0.02670,  -0.02845,   0.02582,   0.07660,   0.01182,  -0.13350,  -0.01795,   0.03633,  -0.03020,   0.05384,  -0.04246,  -0.07747,   0.02582,   0.09586,   0.07660,   0.05559,   0.02757,   0.05209,   0.00832,   0.01882,  -0.03370,  -0.01795,   0.05384,  -0.02320,   0.09235,   0.01182,  -0.05121,   0.01007,  -0.08798,  -0.00394,  -0.04421,   0.00832,   0.07835,  -0.01094,   0.02057,  -0.07572,  -0.05296,   0.08010,   0.07310,   0.01007,  -0.08273,   0.03633,  -0.03020,   0.00657,  -0.00919,   0.01357,  -0.03370,   0.09411,  -0.01269,  -0.01444,   0.04858,   0.03983,   0.03283,   0.05384,   0.03458,   0.06084,  -0.03195,  -0.00219,   0.05559,  -0.01269,  -0.00569,   0.02407,  -0.01970,  -0.01620,  -0.02670,   0.04333,  -0.07047,   0.00832,   0.01182,  -0.04946,   0.00131,   0.10111,   0.05909,  -0.04771,   0.02232,  -0.03721,  -0.02670,   0.02407,   0.02232,  -0.03370,   0.03108,   0.04508,  -0.02495,  -0.01795,  -0.03896,   0.00657,  -0.07397,   0.07310,   0.05909,  -0.02320,   0.05034,  -0.02670,   0.06959,  -0.02845,   0.03108,  -0.00219,  -0.10724
  -0.01620,  -0.09848,  -0.00919,  -0.03370,   0.05034,  -0.00219,   0.04508,   0.07835,   0.09586,  -0.01795,  -0.01444,   0.06784,  -0.02670,  -0.00919,   0.02232,   0.03458,   0.03983,   0.08710,   0.04683,   0.07485,   0.05559,   0.01532,   0.11512,  -0.05646,  -0.03370,   0.04508,  -0.00219,   0.03283,   0.05384,   0.02407,  -0.05822,  -0.03370,   0.02757,   0.08185,  -0.01970,  -0.03896,   0.02407,  -0.05471,   0.00131,  -0.00219,  -0.00744,   0.00481,  -0.04246,   0.01532,  -0.07047,  -0.00569,  -0.08623,   0.01357,  -0.00044,   0.03283,   0.04508,   0.00481,  -0.07397,   0.01357,   0.03983,  -0.03545,  -0.08623,  -0.00744,   0.08185,  -0.00044,  -0.04071,   0.03808,  -0.05296,   0.03983,  -0.09148,  -0.03195,  -0.00044,   0.06084,   0.10286,   0.04158,   0.03633,  -0.01444,   0.02057,   0.05209,   0.00306,   0.03283,   0.01007,   0.00306,   0.02582,  -0.03020,  -0.02145,  -0.14050,  -0.01094,  -0.00219,   0.02407,  -0.04771,  -0.00569,   0.00131,   0.06959,   0.07310,  -0.00569,  -0.00219,  -0.01620,   0.07135,   0.06959,   0.08885,   0.00832,   0.02757,   0.04333,   0.00481,   0.00131,   0.00657,   0.01007,  -0.01620,   0.02057,  -0.03195,  -0.04071,  -0.01269,   0.08360,  -0.02845,  -0.00219,  -0.06697,   0.03808,   0.03458,   0.01357,   0.01182,   0.03283,   0.00657,   0.02407,  -0.03896,  -0.03721,  -0.03721,   0.01357,  -0.05121,  -0.02845,   0.05209,   0.06434,  -0.05997,   0.03458,   0.00832,  -0.00919,  -0.03020,   0.03808,  -0.03721,  -0.03545,   0.08185,  -0.05646,  -0.05997,  -0.05121,  -0.00919,   0.04333,  -0.09848,   0.02757,   0.04508,  -0.03896,   0.05909,   0.06959,   0.05209,  -0.05822,   0.02933,   0.02582,  -0.02145,  -0.09148,  -0.04421,   0.00481,   0.03808,  -0.02320,   0.01007,   0.02933,  -0.03195,   0.05034,   0.05034,   0.03633,   0.04683,   0.02232,   0.02057,  -0.00044,  -0.05822,   0.03983,  -0.01620,   0.04158,   0.01532,  -0.06347,  -0.00744,  -0.01269,  -0.08098,  -0.00919,   0.02057,   0.06959,  -0.04596,  -0.05121,   0.04508,   0.01882,  -0.08798,   0.02057,   0.04508,   0.00306,  -0.09323,   0.05034,  -0.04421,   0.03983,   0.09936,  -0.03020,  -0.00394,   0.03633,   0.01882,   0.00481,  -0.00219,   0.05209,  -0.01094,   0.09761,  -0.00394,  -0.08448,   0.16239,   0.01707,  -0.00919,   0.03633,  -0.00919,  -0.02145,   0.01707,  -0.04421,  -0.03545,  -0.02670,   0.04158,  -0.00044,  -0.03896,  -0.02495,  -0.08623,   0.02407,  -0.06347,  -0.01094,   0.02933,   0.03108,   0.02757,  -0.03370,   0.00832,   0.00657,  -0.01620,   0.03983,   0.02407,   0.05909,   0.00657,   0.03983,  -0.02145,  -0.10549,   0.03283,   0.01182,   0.03983,  -0.01795,   0.03633,  -0.01795,   0.04858,  -0.00394,  -0.00394,  -0.03195,  -0.06347,  -0.02845,   0.01007,  -0.05121,  -0.00569,  -0.01444,   0.03633,   0.02582,   0.01182,  -0.02495,  -0.00044,  -0.01269,   0.05034,  -0.06872,   0.01007,   0.05209,  -0.03020,   0.05559,   0.01007,  -0.01795,  -0.02495,   0.01707,  -0.01269,   0.05034,   0.01182,   0.05909,  -0.01269,  -0.08798,  -0.00569,   0.05734,  -0.03370,   0.00306,   0.00131,  -0.00744,  -0.01094,   0.01707,   0.02582,   0.06609,  -0.01970,   0.02933,  -0.00744,  -0.00219,   0.05034,  -0.00919,  -0.01269,   0.01882,   0.03108,   0.05909,   0.03458,   0.02232,   0.05734,   0.00657,  -0.04246,  -0.01269,   0.03633,   0.01357,   0.02757,   0.00481,  -0.01269,   0.12037,  -0.00044,   0.04333,  -0.02320,  -0.03370,   0.01707,   0.03458,   0.03983,   0.01182,  -0.05471,  -0.03545,  -0.01269,   0.00481,  -0.00394,  -0.03195,  -0.03545,   0.01532,  -0.08098,  -0.01620,  -0.05296,   0.00306,   0.00832,   0.06434,   0.05909,   0.00306,   0.07660,  -0.00219,  -0.05997,  -0.02495,  -0.05121,  -0.00569,  -0.01269,   0.01357,  -0.00044,  -0.04946,  -0.03721,  -0.00919,  -0.05646,   0.00832,  -0.01970,  -0.05822,  -0.03896,  -0.00919,   0.03283,   0.04858,  -0.02320,  -0.03545,   0.01007,   0.00306,   0.06084,  -0.03896,  -0.11599,  -0.01444,  -0.07922,   0.06259,  -0.03195,   0.04683,  -0.02495,  -0.01620,   0.03283,   0.02933,  -0.01269,  -0.06872,   0.06784,  -0.06347,  -0.03195,  -0.00219,  -0.01795,  -0.02845,   0.07135,  -0.01094,  -0.00394,  -0.01970,  -0.02320,  -0.02845,  -0.05646,   0.04158,   0.02582,  -0.05646,   0.00131,   0.01357,   0.01882,   0.01882,  -0.08098,   0.05209,   0.09235,   0.01707,   0.05734,   0.03108,   0.05559,   0.07485,  -0.01094,   0.07135,   0.02057,  -0.06347,   0.01182,   0.01007,   0.01882,   0.01882,   0.05034,   0.00832,  -0.10724,  -0.07397,   0.06609,  -0.00919,  -0.03020,  -0.01094,   0.04158,  -0.08973,   0.03808,   0.04158,   0.01007,  -0.00044,   0.04333,   0.03633,  -0.00394,  -0.01795,  -0.03721,  -0.00219,  -0.00744,   0.01357,   0.03283,  -0.01620,   0.00832,   0.00657,   0.00131,   0.01357,  -0.01970,  -0.04071,   0.04683,   0.01182,   0.08710,  -0.06872,  -0.04946,   0.05559,   0.00832,  -0.02495,   0.02407,   0.05909,  -0.03721,   0.00657,   0.07660,  -0.08098,   0.06434,  -0.07397,  -0.04596,  -0.04946,   0.09060,   0.00306,   0.02582,  -0.02320,  -0.03370,  -0.07222,  -0.06172,  -0.00919,   0.10811,  -0.02670,   0.00832,  -0.00569,   0.01357,   0.02582,   0.04158,   0.02582,   0.03458,  -0.07572,   0.09761,  -0.01269,  -0.02320,  -0.01094,  -0.04771,   0.06959,  -0.01620,   0.01182,  -0.02670,   0.00481,  -0.04946,   0.07310,  -0.01620,   0.02582,   0.03983,   0.06084,  -0.01970,  -0.01094,   0.02057,   0.08535,  -0.02145,   0.02757,   0.00131,   0.01182,   0.03808,  -0.03195,   0.02582,  -0.06347,  -0.01620,   0.06434,   0.05034,   0.12212,  -0.03195,  -0.04771,  -0.06697,   0.03108,  -0.05822,  -0.06172,   0.06434,   0.00832,   0.00481,   0.09586,  -0.01795,   0.01007,   0.02057,   0.03633,   0.01882,  -0.01094,   0.00832,   0.02757,  -0.00394,   0.00481,   0.00657,   0.00832,   0.07660,   0.05909,  -0.03896,  -0.05646,  -0.02495,   0.06084,  -0.02495,  -0.03195,   0.00832,   0.03808,  -0.02145,   0.00306,  -0.01444,  -0.03195,   0.04858,  -0.03020,  -0.00394,  -0.05997,   0.00832,  -0.03195,  -0.05997,  -0.01444,  -0.02495,  -0.00219,  -0.00919,   0.01007,  -0.10374,   0.03808,  -0.06872,   0.03458,  -0.05296,   0.06084,  -0.07397,  -0.00219,   0.02582,  -0.00394,  -0.03020,  -0.00219,   0.02933,  -0.06697,  -0.03545,   0.02407,   0.02407,   0.02407,  -0.03195,   0.01532,  -0.08098,  -0.06172,  -0.05471,  -0.00744,   0.01532,   0.01007,   0.02933,  -0.05121,   0.03283,   0.03458,  -0.01094,  -0.01444,   0.05209,  -0.05997,   0.01882,  -0.01444,   0.06434,  -0.02495,  -0.04596,  -0.05822,  -0.09148,  -0.01444,  -0.01094,   0.04858,  -0.00394,   0.00832,  -0.03020,  -0.01094,  -0.00919,   0.00832,   0.05734,  -0.07397,  -0.04246,   0.02582,  -0.09323,   0.07660,   0.04333,   0.01532,   0.01882,   0.01182,  -0.01094,  -0.07922,   0.01007,   0.01882,  -0.07397,  -0.05646,  -0.04596,  -0.02845,   0.02057,   0.01182,  -0.06872,  -0.03545,  -0.09323,   0.01707,  -0.03896,  -0.01620,  -0.05296,   0.04858,   0.08885,   0.00657,  -0.01094,   0.01007,   0.02407,   0.01182,   0.03808,  -0.01620,  -0.05121,  -0.01620,   0.01882,  -0.01620,   0.05909,  -0.04946,  -0.03545,  -0.00744,   0.00832,   0.05209,  -0.01094,  -0.00219,  -0.00744,   0.00657,   0.04858,  -0.03896,   0.03983,   0.08185,  -0.06697,   0.00832,  -0.02845,  -0.02320,  -0.00569,  -0.00569,  -0.02845,   0.05384,  -0.02145,   0.01357,   0.06434,  -0.01269,  -0.05646,  -0.02145,   0.02407,  -0.01269,   0.03458,  -0.05296,  -0.03020,   0.00657,   0.01882,   0.01707,   0.08885,   0.00657,  -0.13000,   0.04508,  -0.05822,   0.04858,  -0.00044,   0.02933,  -0.00569,  -0.05646,  -0.06172,   0.02757,  -0.00219,  -0.00044,   0.01707,  -0.03896,  -0.00569,  -0.03721,   0.09936,   0.00481,  -0.01795,  -0.05121,  -0.01970,  -0.03370,   0.11512,  -0.07572,   0.09411,  -0.04071,   0.03633,  -0.03195,  -0.04946,   0.07485,   0.01007,   0.01707,  -0.01094,  -0.04421,  -0.05646,  -0.04596,  -0.00394,  -0.02320,   0.01532,  -0.02320,   0.09411,  -0.06172,   0.00131,  -0.01269,  -0.04246,   0.03633,   0.02582,  -0.01269,  -0.01269,  -0.01444,  -0.02845,   0.03983,  -0.04596,  -0.00744,  -0.00044,  -0.01094,  -0.02670,   0.10636,  -0.07922,   0.01882,   0.03108,   0.10111,   0.00306,  -0.00219,  -0.06522,   0.06084,  -0.02145,  -0.03020,  -0.01444,   0.06434,  -0.00044,   0.01182,   0.05734,  -0.00919,   0.00832,  -0.05646,   0.00481,   0.00306,   0.02057,   0.03808,  -0.04771,  -0.00219,   0.01007,   0.08885,  -0.05296,  -0.01970,  -0.01970,   0.03808,   0.04158,   0.05734,  -0.01795,   0.00131,   0.03808,   0.02582,  -0.03721,   0.01532,   0.03983,  -0.03195,  -0.04596,   0.00481,   0.04858,  -0.04421,   0.08710,   0.01007,   0.00832,   0.02057,   0.06084,   0.04683,  -0.00744,   0.02582,   0.04858,  -0.01094,   0.03108,   0.04508,   0.04683,  -0.07222,   0.10461,   0.01882,  -0.04246,  -0.01620,  -0.02670,  -0.05296,   0.02232,   0.08360,  -0.09848,   0.03108,   0.00657,   0.01532,   0.06784,  -0.05822,   0.00832,  -0.03545,  -0.06872,  -0.04596,  -0.03020,  -0.00044,  -0.04946,   0.03108,  -0.00219,  -0.05121,   0.04158,  -0.10374,  -0.07397,  -0.00394,  -0.04771,   0.01532,   0.09060,   0.00657,   0.00131,   0.04683,   0.01007,   0.08010,   0.01532,  -0.02845,   0.07135,  -0.04596,  -0.09323,   0.01882,   0.02057,  -0.04071,  -0.06872,  -0.00044,   0.06609,   0.03458,  -0.02145,  -0.08448,  -0.03721,   0.05384,   0.04683,  -0.01444,  -0.04771,   0.04683,   0.00131,  -0.05296,  -0.01620,  -0.06172,   0.01357,   0.00832,  -0.00919,   0.02057,  -0.03020,   0.07135,   0.00306,   0.16764,  -0.05296,  -0.02845,  -0.00394,  -0.00919,  -0.00744,   0.00131,  -0.02845,  -0.04421,   0.12212,   0.00832,   0.11862,   0.03458,   0.00481,  -0.01269,   0.03283,   0.01357,   0.03108,  -0.00044,   0.03983,   0.06609,   0.07310,  -0.09498,  -0.07047,   0.00481,  -0.02320,   0.05909,   0.06259,   0.04508,   0.06259,  -0.05646,  -0.02145,  -0.03721,   0.03283,   0.09586,   0.06434,   0.05734,  -0.00044,   0.05034,   0.02407,   0.04158,  -0.04421,  -0.01444,   0.05209,  -0.02845,   0.04683,   0.01532,   0.02407,  -0.03195,  -0.04246,   0.02407,  -0.03020,  -0.05997,   0.03108,   0.00832,   0.00131,  -0.04771,   0.01357,  -0.01795,   0.01357,  -0.01970,   0.01182,   0.03458,  -0.00919,  -0.00219,   0.01357,  -0.07047,   0.08360,  -0.00219,   0.02757,   0.04858,  -0.08798,   0.07135,  -0.05646,  -0.01269,  -0.02845,  -0.02145,  -0.02670,   0.01707,   0.02757,  -0.03721,  -0.00919,   0.02933,  -0.02145,   0.02933,  -0.04421,  -0.12124,  -0.00394,  -0.00744,  -0.03370,   0.01182,  -0.09848,   0.01707,  -0.02145,   0.02757,  -0.07397,  -0.01970,  -0.03896,  -0.03195,  -0.04246,   0.00657,  -0.01269,  -0.06347,   0.00832,  -0.04421,   0.12387,   0.04158,   0.00657,   0.04683,  -0.04946,  -0.01094,   0.01007,  -0.04946,   0.01182,  -0.02320,  -0.02670,   0.01882,   0.03283,  -0.04421,   0.03983,   0.02407,  -0.08448,  -0.04946,   0.03108,   0.03808,   0.00131,  -0.02320,  -0.02145,  -0.02145,  -0.02495,   0.01882,   0.00832,  -0.03896,  -0.07222,  -0.04421,   0.08010,  -0.02495,  -0.02320,  -0.08798,   0.04508,   0.03283,   0.03283,   0.07660,  -0.06697,   0.01532,  -0.03370,   0.02933,   0.06259,  -0.06347,   0.09761,   0.04158,   0.07660,  -0.00919,  -0.02670,   0.03633,   0.00306,  -0.02320,   0.01182,   0.04333,  -0.00744,  -0.00394,  -0.02320,   0.05559,   0.01182
   0.01882,  -0.02845,   0.03808,  -0.05471,  -0.08273,   0.02407,   0.03108,   0.05209,  -0.00219,  -0.03896,  -0.04946,  -0.05121,   0.06784,   0.00481,  -0.01970,   0.01182,   0.02933,  -0.03370,  -0.00044,   0.00131,   0.10986,   0.06259,   0.03633,   0.01532,  -0.05296,   0.03633,   0.03808,  -0.01795,   0.06434,  -0.07747,   0.03983,  -0.01620,  -0.01444,  -0.01620,  -0.03896,  -0.04071,  -0.00569,   0.04333,   0.01007,   0.02057,  -0.03195,   0.04158,   0.06784,  -0.06697,   0.02582,  -0.06522,  -0.01444,  -0.07397,  -0.03896,  -0.00569,   0.06259,  -0.02845,  -0.07572,   0.08710,  -0.01970,   0.05734,   0.01182,  -0.07222,   0.01882,   0.00657,   0.08185,   0.00306,  -0.05296,  -0.05471,  -0.06872,   0.04508,  -0.04071,  -0.06347,   0.01532,   0.03283,  -0.05296,   0.03108,   0.02407,   0.03283,  -0.03195,   0.00306,   0.00481,  -0.01795,  -0.01444,  -0.02145,  -0.10549,   0.00657,   0.06259,   0.03283,  -0.01094,   0.01007,   0.04333,   0.03283,   0.06084,  -0.03195,   0.01707,  -0.01620,   0.02933,  -0.03195,  -0.01795,  -0.02320,   0.08885,  -0.03721,   0.00832,   0.00832,  -0.03020,   0.07135,  -0.00744,   0.02757,  -0.03545,  -0.05646,  -0.00044,  -0.01970,   0.02933,  -0.02670,   0.05384,   0.00657,  -0.05121,  -0.02320,   0.04683,  -0.02670,  -0.00744,  -0.05471,   0.00306,   0.04683,   0.02933,   0.06084,  -0.04946,   0.00131,  -0.01269,  -0.09673,  -0.06347,   0.02407,  -0.03195,   0.02232,  -0.05997,  -0.00219,   0.00481,   0.07835,  -0.00044,   0.10111,   0.05734,  -0.06347,   0.01182,   0.04158,  -0.08273,   0.02057,  -0.04946,  -0.01269,  -0.05471,   0.06084,  -0.04421,   0.04508,  -0.01620,  -0.08973,   0.05209,   0.03808,   0.04508,   0.01007,  -0.04246,   0.00306,   0.04508,   0.01182,   0.03983,  -0.02670,  -0.00569,   0.05384,   0.05909,  -0.03370,   0.00832,  -0.01795,   0.02232,  -0.00394,   0.12212,   0.03458,  -0.08098,  -0.00569,  -0.03896,   0.01182,  -0.03896,   0.00306,  -0.02320,  -0.03020,   0.06784,  -0.04071,  -0.07047,   0.06259,  -0.02845,   0.01532,   0.01182,   0.13788,  -0.01620,  -0.05997,  -0.01269,  -0.08098,  -0.01970,   0.12037,   0.03108,  -0.10023,   0.08185,  -0.01620,   0.02057,  -0.03195,   0.05034,   0.01532,   0.01532,   0.13437,  -0.00919,  -0.05296,  -0.05121,  -0.03545,   0.02232,  -0.01970,   0.03983,  -0.02845,   0.05034,   0.00481,  -0.04596,  -0.06522,  -0.00569,  -0.03545,   0.04333,   0.07135,   0.03983,   0.00306,   0.08360,  -0.00744,  -0.00219,   0.02757,   0.00306,  -0.03896,  -0.03195,  -0.00919,  -0.01269,  -0.12825,  -0.01094,   0.11687,   0.05559,   0.05559,   0.00657,  -0.04771,   0.06084,   0.09235,   0.13087,   0.07135,  -0.02495,   0.03458,  -0.06522,  -0.01795,   0.02407,  -0.01795,  -0.08098,  -0.04771,  -0.00394,   0.06084,   0.05384,   0.05559,  -0.04771,   0.01007,  -0.03896,  -0.03020,  -0.02495,  -0.02145,  -0.04946,   0.07485,   0.02933,   0.01707,   0.01882,   0.11161,   0.03108,   0.03633,   0.01882,   0.06784,  -0.00744,  -0.06697,  -0.00744,   0.03633,   0.06084,   0.02232,   0.03458,   0.01532,   0.05034,  -0.07922,  -0.01620,   0.09060,   0.01882,  -0.07747,  -0.03721,  -0.03020,  -0.02670,  -0.03545,   0.00657,  -0.04771,   0.08360,  -0.00569,  -0.07047,  -0.01970,   0.00657,   0.01532,  -0.07222,   0.06609,  -0.00919,  -0.03370,   0.03283,   0.02582,  -0.08448,   0.04158,   0.07660,   0.01707,   0.07485,  -0.01444,   0.04508,  -0.01444,   0.00481,   0.01882,   0.06084,   0.11512,   0.01707,  -0.00919,   0.02057,   0.01007,  -0.03020,   0.03983,   0.07835,   0.01182,   0.03458,   0.02057,  -0.08623,  -0.00744,  -0.04946,  -0.01795,  -0.05997,  -0.03545,  -0.08273,   0.05034,   0.09411,  -0.05121,   0.03808,   0.04683,  -0.01970,   0.07310,  -0.04946,  -0.04946,  -0.00569,  -0.02320,   0.02407,  -0.03896,   0.09936,   0.04333,   0.03283,   0.01182,   0.00481,  -0.02495,   0.01182,  -0.10374,   0.00481,  -0.02145,   0.03283,   0.06084,  -0.00044,  -0.03721,  -0.02670,  -0.03370,   0.02582,   0.01882,  -0.00569,  -0.01094,  -0.00569,   0.00657,  -0.03020,  -0.10724,   0.05034,  -0.01970,  -0.04071,  -0.05997,  -0.02670,   0.00306,   0.04683,  -0.00394,  -0.04071,  -0.00569,  -0.01795,  -0.04946,   0.02232,   0.03458,   0.02232,  -0.05121,  -0.04246,  -0.05822,   0.00481,   0.08535,   0.02057,   0.06259,   0.08885,   0.00131,   0.06084,   0.10461,   0.03283,   0.06259,   0.06784,   0.03458,  -0.02495,   0.05909,  -0.00394,   0.00657,  -0.04771,   0.05734,  -0.07222,  -0.05296,   0.04683,   0.02933,   0.02232,  -0.00044,  -0.01444,   0.00131,   0.04158,   0.04333,   0.01532,   0.00481,   0.04333,   0.02232,  -0.03721,   0.01182,  -0.07572,  -0.02845,  -0.07397,   0.03633,   0.03108,  -0.02145,   0.02232,  -0.03370,   0.07485,  -0.01970,   0.11336,  -0.01444,  -0.04771,   0.09936,  -0.02320,   0.03983,   0.02757,   0.00481,  -0.06697,  -0.00744,   0.03633,  -0.05121,  -0.01620,   0.03458,   0.01007,  -0.08973,  -0.08273,   0.04683,   0.03283,   0.02933,   0.02757,   0.02933,   0.00481,  -0.00219,   0.09936,  -0.00044,   0.04683,   0.05209,   0.00131,   0.04683,  -0.00569,  -0.09148,   0.01532,   0.10461,  -0.00569,  -0.02495,   0.02582,   0.01357,  -0.03370,   0.03458,   0.00481,   0.08885,  -0.01444,   0.05909,   0.03283,   0.01532,  -0.04946,  -0.00919,   0.01007,  -0.05646,  -0.03020,   0.05209,   0.03633,   0.08360,  -0.02320,   0.06784,  -0.03020,   0.03633,   0.06434,   0.03458,  -0.01620,   0.07485,   0.02407,  -0.01269,  -0.03370,   0.02232,  -0.04071,   0.06259,   0.01882,   0.13087,   0.05559,  -0.00569,  -0.03370,  -0.01620,  -0.08448,   0.00306,   0.00832,   0.01357,  -0.04771,   0.09761,  -0.02145,  -0.00569,   0.02232,  -0.02495,  -0.06522,  -0.02495,   0.03458,  -0.03370,   0.00832,   0.00306,   0.02232,   0.02057,  -0.09148,  -0.04946,  -0.00044,   0.02933,  -0.05471,   0.02757,  -0.00919,   0.01707,  -0.06697,  -0.00044,  -0.09498,   0.04858,  -0.04421,  -0.02845,   0.01532,  -0.01269,  -0.00744,   0.01532,   0.00657,   0.03458,   0.03633,  -0.03545,   0.00481,   0.00131,  -0.01269,  -0.01269,   0.02582,  -0.02495,  -0.02670,  -0.01094,   0.02933,   0.01357,  -0.01444,   0.04158,   0.08710,   0.01882,   0.12737,   0.09586,  -0.01094,   0.00306,  -0.05997,  -0.04946,  -0.06522,   0.03983,   0.05209,   0.02057,  -0.00744,  -0.04071,   0.03633,   0.04333,  -0.04771,  -0.01444,  -0.00919,  -0.05296,   0.05034,   0.03458,   0.02582,  -0.03896,   0.02933,  -0.00219,   0.02757,   0.14313,  -0.02845,   0.03983,  -0.05646,  -0.05296,   0.01707,   0.07835,  -0.04771,  -0.07047,  -0.00569,  -0.00044,   0.00306,  -0.04771,   0.04858,   0.02407,   0.02232,   0.02582,  -0.02320,   0.01532,   0.03283,  -0.14926,   0.00832,   0.00481,   0.00832,   0.00832,  -0.01444,  -0.01269,  -0.02145,  -0.08098,  -0.00044,   0.04508,   0.05909,   0.04683,  -0.02320,  -0.00219,  -0.04596,   0.02232,   0.05034,  -0.06347,  -0.00919,   0.09586,   0.03808,  -0.02495,  -0.07047,  -0.08273,  -0.01620,  -0.00919,   0.05209,   0.01532,  -0.01269,   0.00481,  -0.02145,   0.02582,   0.04158,   0.03108,   0.00481,   0.02407,   0.01007,  -0.00219,   0.04508,   0.08010,   0.00306,  -0.05296,  -0.07047,   0.05034,   0.00481,  -0.03545,   0.02757,   0.02407,  -0.05646,  -0.06522,  -0.10023,  -0.02495,   0.00657,  -0.00219,  -0.03020,  -0.06522,  -0.01269,  -0.06522,  -0.00569,   0.05209,  -0.03020,  -0.00569,  -0.01444,  -0.06872,  -0.01970,   0.05209,   0.09060,   0.02582,   0.01532,   0.09060,   0.02582,   0.01007,   0.03108,  -0.03020,  -0.02320,  -0.03721,  -0.07047,  -0.05471,  -0.03370,   0.10111,  -0.03195,   0.05209,   0.04508,   0.06609,   0.03108,   0.05559,   0.00131,   0.04858,   0.02407,  -0.04071,  -0.06347,   0.06259,   0.01182,  -0.03545,   0.03283,   0.06434,   0.03458,   0.06259,   0.06959,  -0.09848,  -0.10199,   0.02407,  -0.01795,   0.01357,   0.04858,  -0.01620,   0.06959,  -0.01444,  -0.07397,  -0.03370,   0.02407,  -0.00919,   0.00481,  -0.03896,   0.07310,   0.05559,  -0.02495,  -0.08798,   0.01882,  -0.03020,  -0.04596,   0.04333,  -0.01795,   0.04683,  -0.01620,   0.01882,   0.00481,  -0.00744,  -0.04071,  -0.07572,  -0.04246,  -0.01444,  -0.01094,  -0.03020,  -0.05471,  -0.08623,   0.05209,  -0.00219,   0.02407,  -0.10199,   0.06084,   0.03283,  -0.02495,   0.03983,   0.03108,  -0.02845,   0.04333,   0.04683,   0.01182,  -0.01444,  -0.01795,  -0.00044,   0.01357,   0.02757,  -0.06872,  -0.01795,   0.01007,   0.04858,   0.03983,   0.02582,   0.01182,  -0.07747,   0.03283,  -0.02845,   0.00131,   0.01532,   0.00131,   0.03983,   0.02582,   0.08185,  -0.04246,  -0.08273,  -0.01970,   0.06959,  -0.02145,   0.01007,   0.03108,  -0.05822,  -0.00219,  -0.06697,  -0.00219,  -0.03020,  -0.05822,   0.03808,   0.11862,   0.03283,  -0.01970,  -0.00219,   0.00131,  -0.03020,   0.06434,  -0.07922,  -0.02145,  -0.02145,  -0.04596,  -0.14050,   0.01882,  -0.03195,   0.05734,   0.11512,   0.06959,  -0.06347,  -0.01094,   0.02933,  -0.03721,  -0.06522,  -0.05822,   0.06084,   0.01882,   0.02582,  -0.05997,   0.01182,  -0.06522,  -0.00394,   0.06434,  -0.05822,  -0.06697,  -0.04071,   0.00657,   0.07485,   0.03983,   0.06259,  -0.01094,  -0.02670,   0.07310,  -0.03020,  -0.06872,   0.03108,  -0.00569,  -0.05997,  -0.08973,   0.06784,   0.05559,   0.03458,  -0.02145,  -0.00219,  -0.04596,   0.00481,  -0.02145,  -0.05296,  -0.02670,  -0.01795,   0.04683,   0.04683,  -0.05296,   0.01357,  -0.00044,  -0.03545,  -0.02145,  -0.03370,   0.00481,  -0.04421,  -0.02320,  -0.05296,   0.02057,   0.12387,   0.11687,  -0.02145,   0.08010,  -0.02495,  -0.07572,  -0.02845,  -0.09673,  -0.07047,   0.14138,   0.02232,   0.10111,   0.00131,  -0.01795,   0.03633,  -0.14050,  -0.02670,  -0.00569,   0.04158,  -0.03545,  -0.02845,  -0.05296,  -0.00044,   0.00306,   0.09936,   0.06784,   0.02407,   0.02407,  -0.00744,  -0.04771,   0.01182,  -0.04596,  -0.01094,   0.02057,  -0.01620,   0.04683,  -0.03721,  -0.02845,  -0.05121,  -0.04771,  -0.04246,   0.08185,  -0.08973,   0.04683,   0.02933,  -0.00919,   0.09586,   0.02407,   0.02407,  -0.01444,   0.03108,   0.05034,  -0.03896,   0.01007,   0.06784,   0.02057,  -0.01094,  -0.00394,  -0.03370,   0.07310,   0.05734,   0.10111,   0.00306,   0.01532,   0.01532,   0.02232,  -0.07747,  -0.00919,  -0.01795,  -0.03896,   0.02933,   0.01007,  -0.02145,  -0.04071,  -0.02145,   0.03458,  -0.01444,   0.06784,  -0.03721,  -0.05121,  -0.07222,   0.05209,   0.03283,  -0.07747,  -0.03370,  -0.00569,  -0.07222,  -0.00569,   0.03458,  -0.05646,   0.05559,  -0.04771,  -0.07047,  -0.01269,  -0.00219,   0.02232,   0.00481,   0.03108,   0.04333,   0.06609,  -0.03195,  -0.01094,  -0.03545,   0.02407,  -0.00569,  -0.01444,  -0.05121,  -0.09498,  -0.00394,   0.02933,  -0.01620,  -0.03370,  -0.00919,   0.02757,   0.01007,   0.03458,   0.01707,  -0.02845,  -0.03721,  -0.04421,  -0.06872,   0.01532,   0.02057,  -0.00919,   0.03633,   0.04158,   0.06959,  -0.02670,  -0.00394,  -0.00044,  -0.00744,   0.00481,  -0.06522,   0.02933,   0.06434,   0.03458,  -0.03370,   0.00306,  -0.00569,   0.01882,  -0.03195,   0.04158,  -0.02670,   0.05034,   0.02582,  -0.03195,  -0.04421,   0.04508,  -0.02145,  -0.01620,  -0.06697,  -0.04246,   0.06784,  -0.02145,   0.00657,   0.03808,  -0.02845,   0.03108,   0.02407,  -0.03721,  -0.02495,   0.00131,  -0.00394,   0.04858,  -0.08098,  -0.03370,  -0.00919
   0.06609,   0.02407,   0.00832,   0.07310,   0.04508,   0.00657,  -0.00394,  -0.05121,   0.01007,   0.08360,  -0.05997,   0.02232,  -0.01795,  -0.03721,  -0.01970,  -0.04246,  -0.03721,  -0.01094,  -0.01269,  -0.04596,  -0.00219,   0.00832,   0.01882,  -0.01620,  -0.02320,  -0.03896,  -0.04421,   0.01532,  -0.00219,   0.02232,  -0.02845,  -0.08098,   0.01182,  -0.02845,  -0.04771,  -0.04596,   0.02057,   0.04158,  -0.05997,  -0.09148,  -0.00044,  -0.04421,   0.02232,   0.03108,  -0.04421,   0.01882,   0.04508,  -0.01620,   0.00306,  -0.03721,  -0.01795,   0.02232,  -0.03721,  -0.07922,   0.00657,  -0.03545,  -0.09498,   0.04333,  -0.05296,  -0.02670,   0.00832,   0.01182,  -0.03896,  -0.06172,   0.04333,  -0.07922,  -0.10374,   0.02057,  -0.07747,  -0.00044,   0.00306,  -0.03545,  -0.01094,  -0.01094,  -0.02670,   0.03983,  -0.00744,   0.02232,   0.03108,  -0.01795,  -0.02495,   0.07135,  -0.02670,   0.02582,   0.03108,  -0.06697,  -0.05296,   0.02057,  -0.00744,   0.05734,  -0.01444,   0.00131,  -0.04421,  -0.00919,   0.01182,   0.05034,  -0.07747,   0.04158,   0.02933,   0.07835,  -0.01970,  -0.01620,  -0.03545,   0.00306,   0.06609,   0.04333,   0.04508,   0.00657,  -0.03896,  -0.02670,   0.00131,   0.02407,   0.03283,  -0.02320,   0.03283,   0.02582,  -0.05997,   0.01532,   0.03458,   0.07310,  -0.07047,   0.01882,   0.05909,  -0.07397,  -0.00394,  -0.03195,   0.02933,   0.01007,   0.01007,  -0.01795,  -0.04246,  -0.01620,  -0.00394,   0.03108,  -0.00394,   0.04333,   0.02057,   0.04158,   0.01357,  -0.04071,   0.02407,  -0.00744,   0.07135,  -0.04071,   0.06259,  -0.10374,  -0.02670,  -0.03195,  -0.05646,   0.01357,   0.09060,  -0.00219,  -0.01970,   0.04683,  -0.02845,   0.05209,   0.03108,   0.00832,  -0.01094,   0.02057,  -0.04421,  -0.02145,  -0.02845,  -0.00569,   0.01707,  -0.05296,   0.00131,  -0.02495,   0.01182,  -0.13175,   0.05384,   0.00131,  -0.00919,   0.00481,  -0.02320,  -0.00219,  -0.03721,   0.04683,   0.00481,  -0.00919,   0.04508,   0.00657,   0.03808,  -0.04771,  -0.05822,  -0.04071,  -0.04946,   0.03633,   0.05209,  -0.00044,  -0.01620,   0.01882,  -0.07922,   0.02057,   0.02582,  -0.04071,  -0.02670,  -0.07397,  -0.00919,   0.00657,   0.05909,  -0.01444,   0.03283,  -0.04771,  -0.00744,   0.01182,   0.04683,  -0.00044,  -0.03195,   0.01707,   0.00481,  -0.03896,  -0.01269,  -0.01620,   0.03108,  -0.00219,  -0.00394,  -0.00744,   0.02582,   0.03283,  -0.00569,   0.03458,  -0.02145,   0.03283,   0.02757,  -0.02495,  -0.02845,   0.03633,  -0.03195,   0.08360,  -0.00744,   0.03633,  -0.00219,  -0.01970,   0.02407,  -0.09498,   0.02933,  -0.11599,   0.00832,  -0.02145,   0.05384,   0.03108,  -0.01269,  -0.00044,   0.03633,   0.01532,   0.07310,   0.04683,   0.00481,   0.01357,  -0.04421,   0.02757,  -0.01620,  -0.01269,  -0.07222,   0.03633,  -0.01620,   0.04333,  -0.01094,   0.01882,  -0.00569,   0.00306,   0.00306,   0.07135,   0.00306,   0.05209,   0.02232,   0.06784,   0.01882,  -0.04771,   0.00832,  -0.00219,  -0.03370,  -0.02320,  -0.03896,   0.00657,   0.02232,   0.00832,  -0.06697,   0.04333,   0.00657,  -0.04246,   0.03108,  -0.06697,   0.05909,  -0.03020,   0.02757,  -0.06872,  -0.04421,  -0.00919,  -0.00044,  -0.00044,  -0.00569,  -0.10023,   0.01882,  -0.05997,   0.02582,   0.06084,  -0.03370,   0.01882,  -0.04771,   0.01532,  -0.02320,   0.01357,   0.00306,  -0.06172,   0.00832,  -0.00219,  -0.03896,  -0.01620,  -0.03721,  -0.00219,  -0.03370,  -0.01094,   0.09411,  -0.03370,  -0.01795,  -0.08448,   0.03283,  -0.02145,  -0.01795,   0.06084,  -0.03545,  -0.00044,   0.01532,  -0.01795,   0.03458,   0.06084,   0.01182,   0.02582,  -0.01620,  -0.03370,   0.01532,  -0.01444,  -0.06172,   0.00657,  -0.05646,  -0.07572,  -0.06697,  -0.08798,  -0.02145,  -0.01094,  -0.00744,   0.00131,  -0.02320,  -0.04596,   0.05559,   0.05384,  -0.01970,  -0.00744,  -0.03020,   0.02407,   0.04683,  -0.06522,   0.00481,  -0.01620,  -0.02320,   0.04333,   0.01357,  -0.03896,  -0.04596,   0.01357,  -0.00744,  -0.01444,  -0.04246,  -0.01795,   0.02933,   0.01532,  -0.03020,  -0.01795,  -0.03195,   0.01182,  -0.05997,  -0.01970,  -0.00044,   0.00657,  -0.03370,   0.06609,   0.01007,   0.00481,  -0.00394,   0.01007,  -0.03020,  -0.02320,   0.03283,  -0.03896,  -0.04596,  -0.02145,  -0.01269,   0.02057,  -0.00569,  -0.03896,   0.01357,  -0.03020,   0.07835,  -0.06522,   0.01357,   0.01357,  -0.01444,   0.02757,  -0.06347,   0.02933,  -0.04421,   0.01182,   0.01357,  -0.03721,  -0.09323,  -0.01620,   0.03633,  -0.00044,   0.00481,  -0.07222,  -0.00394,   0.01007,  -0.01094,  -0.01970,  -0.00394,   0.02582,  -0.07047,  -0.01269,   0.04508,  -0.00744,   0.04158,   0.04508,   0.00481,  -0.00394,  -0.03721,   0.08535,  -0.05121,   0.01182,  -0.04596,   0.01357,  -0.11424,   0.02582,  -0.05121,  -0.06697,  -0.04771,  -0.01444,  -0.05646,   0.05209,   0.01707,  -0.04421,  -0.04421,  -0.00919,  -0.00219,  -0.02320,  -0.03020,  -0.03020,   0.08885,   0.05559,  -0.04421,  -0.03896,  -0.01094,  -0.03545,   0.02232,  -0.06872,   0.02407,   0.04333,  -0.06522,  -0.02495,  -0.02845,  -0.04596,   0.05734,   0.07485,   0.00832,   0.02057,   0.02933,  -0.07047,  -0.01795,   0.03458,   0.01882,  -0.02495,  -0.02320,  -0.02145,   0.02757,   0.01882,   0.01357,   0.00481,  -0.02495,  -0.01444,  -0.03896,   0.00131,   0.05734,  -0.05121,   0.05384,   0.10986,  -0.01795,  -0.01444,  -0.03896,  -0.10899,   0.02933,   0.03983,  -0.00394,   0.01532,   0.00832,   0.03283,   0.03283,   0.00481,   0.06084,  -0.03721,  -0.03721,   0.04333,  -0.03370,  -0.05121,  -0.06172,  -0.02845,   0.01357,   0.00131,   0.01007,  -0.00044,  -0.03545,   0.04683,  -0.00219,   0.05909,   0.00131,   0.04858,  -0.00219,  -0.00219,  -0.03545,   0.02582,   0.04858,   0.00657,   0.01007,  -0.04421,   0.11161,   0.03633,  -0.01970,   0.01182,  -0.04421,   0.00131,  -0.01620,   0.01357,   0.03633,   0.04508,  -0.01795,   0.02407,  -0.03020,   0.05209,   0.04508,   0.06434,  -0.01970,   0.02757,   0.05909,  -0.04771,   0.04683,  -0.05121,  -0.01620,  -0.02320,   0.01532,  -0.03370,   0.03808,   0.06784,   0.02232,  -0.01269,   0.02757,  -0.02320,   0.03633,  -0.07572,  -0.01795,  -0.08798,   0.02933,  -0.08448,   0.01007,   0.02232,   0.05209,  -0.10199,   0.01707,  -0.04246,   0.03808,  -0.03020,  -0.07747,   0.02232,  -0.00569,  -0.06697,   0.00306,  -0.02145,   0.02582,  -0.00744,   0.05209,  -0.04246,  -0.05822,   0.01532,   0.03283,   0.04683,  -0.01620,  -0.02320,  -0.04421,   0.01532,  -0.03020,   0.05384,  -0.07397,   0.05034,   0.04858,   0.01707,  -0.08798,   0.02933,   0.07310,  -0.00744,   0.00131,  -0.01269,  -0.01444,   0.03808,  -0.01620,   0.06959,   0.10636,  -0.00569,  -0.05121,  -0.05997,   0.02232,  -0.04946,   0.02582,   0.07135,  -0.03721,  -0.00919,  -0.02845,   0.01532,  -0.02145,  -0.00394,  -0.06347,  -0.01269,  -0.00044,  -0.01795,  -0.00044,  -0.02320,   0.00657,   0.01357,   0.06084,  -0.02495,  -0.02320,   0.06084,   0.02057,   0.04158,  -0.02145,   0.05209,  -0.05121,  -0.03370,   0.02933,   0.03458,  -0.04421,   0.05384,  -0.01795,   0.00657,   0.05384,   0.07835,   0.01357,  -0.03370,  -0.01094,  -0.01970,   0.02582,  -0.05997,   0.00131,   0.00481,  -0.00569,  -0.01795,  -0.00394,  -0.05471,   0.02232,  -0.04421,   0.00657,  -0.02320,  -0.06872,  -0.03896,  -0.02670,  -0.06697,  -0.01444,   0.01882,  -0.02670,   0.00481,   0.00306,  -0.00219,   0.02057,  -0.07222,  -0.02145,   0.01357,   0.05384,  -0.04771,  -0.02145,   0.08010,   0.03108,  -0.01269,  -0.00044,   0.01182,  -0.00394,   0.08885,   0.02933,   0.04858,  -0.08623,   0.08535,  -0.04246,   0.02757,   0.01707,   0.00131,  -0.01620,   0.06959,   0.10286,   0.09235,   0.00657,   0.02232,   0.00657,  -0.00919,  -0.07572,   0.02057,  -0.02670,  -0.07047,   0.01532,  -0.01444,  -0.01795,   0.06084,   0.08010,   0.00832,  -0.02145,   0.02057,  -0.05822,   0.02232,  -0.01795,   0.01882,  -0.05822,  -0.00394,   0.03458,   0.02232,   0.01357,   0.04333,   0.01707,   0.01182,   0.03458,  -0.02845,   0.05384,   0.05909,   0.05909,  -0.01620,   0.08710,  -0.02670,   0.06084,  -0.00744,   0.03108,  -0.07222,  -0.01444,  -0.06522,  -0.02495,  -0.03195,  -0.00919,  -0.07222,   0.00306,   0.02582,   0.00131,   0.02232,   0.03808,   0.05384,   0.07660,   0.09586,   0.00306,   0.00306,  -0.03370,   0.06084,  -0.04946,  -0.09323,  -0.03370,  -0.09673,  -0.03370,   0.02933,  -0.01970,   0.00657,   0.01357,  -0.01620,   0.01532,   0.00481,  -0.00394,  -0.00394,  -0.04421,  -0.01795,  -0.01795,   0.08360,   0.06434,  -0.03721,  -0.06347,   0.05384,  -0.00919,   0.03633,  -0.03370,  -0.01795,  -0.04421,  -0.02495,   0.03808,   0.05384,   0.02407,   0.00832,  -0.00394,   0.01532,  -0.01444,   0.01532,  -0.00744,   0.01707,  -0.10724,  -0.02145,  -0.05822,   0.03458,   0.00832,   0.01357,  -0.02845,  -0.05471,  -0.09498,   0.00131,  -0.07222,  -0.02670,   0.01182,   0.00481,  -0.00744,  -0.04071,  -0.01269,   0.03633,  -0.06172,  -0.00394,   0.02757,  -0.01269,  -0.06172,  -0.00569,   0.03983,   0.02232,  -0.00744,  -0.05822,   0.04333,  -0.02495,  -0.04771,   0.02582,  -0.00744,  -0.01620,  -0.02320,  -0.05121,  -0.05646,  -0.02670,  -0.02670,   0.00657,   0.01532,   0.01882,  -0.02670,  -0.04946,   0.04858,  -0.04596,  -0.04771,   0.03983,  -0.03721,  -0.01269,   0.03983,   0.01007,   0.00306,  -0.06872,   0.00832,  -0.00394,  -0.01620,   0.01532,  -0.00219,   0.02232,  -0.03195,  -0.00044,   0.01532,   0.01357,   0.01707,  -0.02845,   0.06084,   0.06259,  -0.00219,   0.01182,  -0.01269,   0.00481,   0.03458,  -0.03020,  -0.03020,  -0.00569,  -0.00919,  -0.04946,   0.00481,  -0.01094,   0.00306,   0.05034,   0.04158,   0.00306,   0.01532,   0.00306,  -0.10374,  -0.01795,   0.01007,   0.02407,   0.02933,   0.04158,   0.00657,   0.02933,  -0.00044,   0.03633,   0.00481,  -0.02845,   0.08710,   0.00306,   0.03808,  -0.00569,  -0.00744,  -0.00044,  -0.01094,  -0.00394,  -0.02670,   0.01532,   0.00481,  -0.02145,   0.04158,  -0.04071,   0.02407,   0.08885,  -0.03896,  -0.03370,  -0.01970,   0.01532,   0.02933,   0.03458,  -0.02495,   0.05034,   0.05734,   0.02407,   0.06609,  -0.02145,   0.00832,  -0.03721,  -0.00919,  -0.04596,   0.00832,   0.02757,  -0.02670,   0.04858,   0.00657,  -0.08973,   0.02757,   0.06784,   0.00306,  -0.06697,  -0.04421,   0.01707,   0.02057,   0.02757,   0.06259,   0.10286,  -0.01970,  -0.10549,  -0.01094,   0.02933,   0.00832,   0.03458,   0.05909,   0.01182,  -0.10023,   0.00657,   0.00131,  -0.04246,   0.03983,  -0.00569,  -0.00219,   0.02407,  -0.03370,  -0.05997,  -0.00919,   0.01532,  -0.04596,  -0.05646,  -0.05296,   0.00306,   0.00306,  -0.02145,   0.03108,   0.07135,  -0.01094,   0.02057,  -0.01094,  -0.01269,  -0.02495,  -0.02845,  -0.04596,  -0.01094,   0.04683,   0.06609,  -0.05822,  -0.04071,  -0.00044,   0.02582,   0.02232,   0.01007,  -0.07747,   0.02757,   0.02582,   0.03633,  -0.01970,   0.12912,  -0.02845,  -0.04421,   0.03108,   0.09235,   0.05384,   0.05034,   0.03458,  -0.03370,   0.02232,  -0.02670,  -0.04771,  -0.00044,   0.03458,   0.00832,  -0.01620,   0.04158,   0.02757,   0.01532,  -0.00569,  -0.00919,   0.05034,  -0.04596,   0.01357,  -0.01970,  -0.08623,  -0.07747,  -0.00394,  -0.00219,   0.06259,  -0.00744,  -0.03020,  -0.01620,  -0.04246,  -0.09848,  -0.04771,  -0.03195
   0.08535,  -0.03195,   0.02933,   0.00657,  -0.02670,  -0.06522,  -0.01094,  -0.00394,   0.01707,  -0.00744,  -0.00219,   0.05384,   0.00131,   0.14138,   0.03808,  -0.04246,   0.03983,   0.00131,  -0.00219,  -0.02670,  -0.03020,   0.10461,  -0.02670,  -0.00394,  -0.08448,  -0.00569,   0.00306,  -0.05822,   0.07135,  -0.01795,  -0.00744,  -0.01620,   0.02057,   0.02933,  -0.01094,  -0.03896,   0.01707,  -0.00919,  -0.00744,  -0.04596,   0.02933,  -0.00744,   0.02407,   0.04683,  -0.03370,  -0.02320,  -0.00219,  -0.00219,   0.09235,  -0.01094,  -0.01970,   0.09936,  -0.05822,  -0.02670,  -0.03020,  -0.02320,   0.03808,  -0.01444,  -0.08973,   0.04333,  -0.01795,  -0.03545,  -0.02320,   0.13087,   0.00306,  -0.06872,   0.02232,  -0.01620,  -0.00569,  -0.00569,   0.00306,  -0.01269,  -0.01269,  -0.05997,  -0.06172,   0.00481,   0.00131,  -0.03896,  -0.09323,  -0.00744,  -0.03195,  -0.01444,   0.01532,   0.00481,  -0.03896,   0.03983,   0.03108,  -0.00569,  -0.04071,  -0.06697,   0.04858,  -0.01444,  -0.02845,   0.01882,   0.00306,   0.03108,  -0.05121,  -0.00219,   0.05209,   0.06084,  -0.08098,   0.06784,  -0.02495,  -0.07047,  -0.01970,  -0.01444,  -0.07222,   0.03108,   0.08010,   0.03633,  -0.02145,  -0.00919,   0.04508,  -0.05471,  -0.08098,  -0.00744,  -0.07572,   0.05209,   0.06609,   0.01182,  -0.01269,  -0.02145,  -0.02145,  -0.02145,  -0.05822,   0.09060,   0.00481,   0.04333,   0.01532,   0.04683,  -0.04946,  -0.08273,   0.02232,  -0.06347,  -0.00219,   0.04333,  -0.07222,  -0.05822,   0.03283,   0.08885,   0.02407,   0.00832,  -0.04421,  -0.04946,   0.04158,  -0.04771,  -0.03020,  -0.05121,   0.01707,   0.10111,   0.04333,  -0.07747,  -0.04246,  -0.00219,   0.04683,   0.02057,  -0.05471,   0.07310,   0.00131,  -0.04771,  -0.00044,  -0.01094,  -0.02320,  -0.01269,  -0.00569,   0.00306,  -0.04421,   0.08535,  -0.04421,  -0.05997,   0.00657,  -0.02145,  -0.02495,  -0.01444,   0.03458,   0.06959,  -0.02320,   0.10461,  -0.00919,  -0.06697,   0.02933,   0.02057,  -0.03370,   0.06434,   0.02407,   0.02582,   0.00306,   0.04333,  -0.06697,   0.05034,  -0.00919,  -0.04246,  -0.00394,  -0.05121,  -0.01620,  -0.05997,   0.03458,   0.05559,  -0.02670,  -0.00219,   0.05209,   0.03983,   0.04508,   0.00481,  -0.09848,  -0.02145,  -0.00394,   0.01357,   0.05209,   0.02933,   0.06434,   0.01707,   0.04158,  -0.06697,   0.06084,   0.06084,   0.03458,  -0.01269,   0.02232,   0.09060,   0.04333,  -0.04771,  -0.05471,   0.09060,   0.00657,   0.03983,  -0.01970,  -0.02670,   0.02582,  -0.01269,   0.01182,  -0.09148,  -0.04946,  -0.03020,   0.02057,   0.04858,  -0.04596,  -0.00744,   0.01532,   0.04508,   0.04683,  -0.04421,  -0.09148,  -0.03195,  -0.02670,   0.07660,  -0.03545,  -0.07397,  -0.03721,   0.00657,   0.02582,  -0.02845,  -0.01795,  -0.00919,   0.00481,  -0.03195,   0.02057,   0.02757,   0.04158,   0.02933,   0.01882,   0.08885,   0.08185,   0.11687,  -0.05296,  -0.01970,  -0.01970,   0.01182,  -0.06347,   0.05034,   0.03283,  -0.00044,   0.01357,   0.04158,  -0.00744,   0.04508,  -0.01620,   0.00657,   0.00481,   0.06784,   0.01357,   0.06959,   0.08535,  -0.04246,   0.01357,  -0.00744,   0.05559,   0.02933,  -0.04071,  -0.04246,   0.00306,   0.02933,   0.02933,  -0.04946,  -0.03721,   0.02057,   0.01357,  -0.01620,   0.06434,  -0.01970,  -0.05296,  -0.02845,   0.01007,  -0.06697,   0.02407,   0.04333,   0.02407,   0.02407,   0.01182,  -0.00919,   0.00306,   0.06434,  -0.04946,   0.02407,   0.04333,  -0.11424,   0.04858,  -0.02670,   0.08185,  -0.01269,   0.01357,   0.07835,   0.05909,  -0.03195,  -0.05822,  -0.04946,   0.07485,  -0.03020,   0.06609,   0.11862,  -0.01094,   0.08010,  -0.01620,   0.00481,  -0.01970,  -0.03896,   0.04508,  -0.03370,   0.02407,  -0.04246,  -0.00569,   0.03108,   0.06434,   0.01882,  -0.04596,  -0.02320,  -0.00219,   0.00481,  -0.06347,  -0.04771,  -0.05471,  -0.01269,   0.04508,   0.01357,   0.00832,  -0.03020,  -0.00569,   0.00481,   0.01357,  -0.10199,   0.02933,  -0.04596,  -0.04946,   0.02057,   0.05384,  -0.02845,   0.00481,   0.05384,   0.01707,   0.00481,   0.01882,   0.00481,   0.05909,  -0.04246,  -0.03721,  -0.00569,  -0.05471,   0.00481,   0.03808,   0.00657,   0.00657,  -0.00044,   0.02757,  -0.10023,   0.06609,   0.05559,   0.04858,   0.00131,  -0.03896,  -0.04596,   0.01707,  -0.00394,   0.03808,  -0.01795,  -0.02670,   0.05034,  -0.04946,   0.00657,  -0.05471,  -0.00569,   0.04158,   0.09411,   0.02057,   0.01357,   0.00481,   0.06434,   0.05209,   0.00481,  -0.00044,  -0.06697,  -0.00569,  -0.07397,   0.01707,  -0.03020,  -0.01269,   0.05909,   0.06259,  -0.06697,  -0.01620,   0.06609,  -0.01444,  -0.03721,  -0.03545,   0.01882,  -0.11774,   0.00306,   0.01182,  -0.00044,  -0.01970,   0.02057,   0.00657,  -0.01269,   0.02232,  -0.02670,   0.02582,   0.00306,   0.03283,  -0.03370,   0.00131,   0.04858,   0.03283,  -0.04596,  -0.00919,  -0.07397,   0.00657,   0.01707,   0.02407,   0.02232,   0.05559,  -0.05121,  -0.03195,   0.03633,   0.01882,  -0.05296,   0.00131,  -0.02145,   0.01707,  -0.02845,   0.00131,   0.02582,  -0.04246,   0.08185,  -0.01970,  -0.04596,   0.08010,  -0.04946,  -0.00919,   0.08185,   0.07835,   0.01707,   0.01707,  -0.11949,  -0.06172,   0.03458,  -0.01094,   0.02933,  -0.02145,  -0.06872,   0.01532,  -0.02145,   0.04683,  -0.00394,   0.01182,   0.01532,  -0.02845,  -0.04946,  -0.01444,  -0.03545,   0.00832,   0.05209,  -0.00744,  -0.03195,  -0.03896,  -0.00394,   0.03633,  -0.02320,  -0.04946,   0.01182,   0.01882,   0.00481,   0.01707,   0.01707,  -0.01094,  -0.02845,   0.07485,  -0.01444,   0.06259,  -0.05822,   0.09411,  -0.05471,   0.00832,   0.05034,  -0.03896,   0.01532,  -0.00394,  -0.00219,   0.03633,   0.05559,  -0.00394,  -0.01970,   0.03808,   0.00481,  -0.02670,   0.01707,  -0.00744,  -0.00044,   0.02407,  -0.02670,   0.00131,  -0.03370,   0.01532,  -0.00569,   0.01007,  -0.04946,  -0.02495,   0.08010,   0.00131,   0.04683,  -0.04246,   0.07660,   0.02757,  -0.00744,  -0.01094,  -0.00919,   0.09060,   0.04858,   0.01007,   0.02407,   0.03983,  -0.07047,   0.01182,  -0.01444,  -0.03195,   0.04508,   0.01532,  -0.05296,   0.05559,   0.03108,  -0.03370,  -0.04071,  -0.06522,  -0.06347,   0.00306,   0.05034,  -0.00569,  -0.05646,  -0.04596,   0.03633,  -0.04421,   0.01007,   0.03458,   0.01357,   0.03983,  -0.02145,  -0.00394,  -0.08273,   0.00481,   0.07485,   0.01182,  -0.01094,  -0.01094,   0.02757,  -0.00919,  -0.06172,  -0.05296,   0.02057,   0.01357,  -0.00044,   0.01882,   0.01532,  -0.07222,  -0.05822,   0.02407,   0.04333,   0.01182,   0.05559,  -0.02670,  -0.02670,  -0.01620,  -0.00219,  -0.06697,  -0.01970,   0.02407,   0.00657,   0.03283,   0.08360,   0.01182,   0.02057,   0.04683,  -0.00569,   0.02407,   0.00131,  -0.00219,  -0.01444,  -0.02320,   0.01707,  -0.07397,  -0.01795,  -0.00394,  -0.01970,   0.03108,  -0.00219,   0.00657,  -0.02320,   0.01182,  -0.01269,  -0.00569,  -0.05646,  -0.00744,  -0.04596,  -0.04421,  -0.00394,   0.02232,   0.14313,  -0.04771,  -0.01795,   0.02757,   0.04158,  -0.03896,  -0.07572,  -0.01094,  -0.04246,  -0.01094,   0.02057,   0.00657,   0.01182,   0.05734,  -0.00569,  -0.01620,  -0.08973,   0.02582,  -0.08798,   0.04158,   0.04333,  -0.08098,  -0.01795,   0.00832,   0.03458,   0.06609,   0.02407,   0.01007,  -0.00044,  -0.02145,  -0.02320,   0.01707,   0.00657,  -0.09323,  -0.03721,  -0.02320,  -0.00919,  -0.02845,  -0.00744,  -0.04071,  -0.00744,  -0.00919,  -0.01795,   0.01532,   0.02757,   0.04158,  -0.03896,  -0.00219,   0.01007,  -0.02145,  -0.01620,  -0.04071,  -0.00919,   0.01707,  -0.01795,   0.04683,   0.03633,   0.07485,   0.09235,  -0.06172,   0.02407,  -0.04071,   0.06784,  -0.04946,  -0.01444,   0.02232,   0.00131,  -0.00394,   0.01532,  -0.03545,   0.05034,   0.00306,   0.04333,  -0.08448,   0.04508,  -0.04771,  -0.04771,  -0.04071,  -0.05471,   0.00131,   0.01357,   0.02933,   0.04158,   0.00481,  -0.02845,   0.00832,   0.00306,   0.00481,   0.02933,  -0.08623,   0.03458,  -0.00569,   0.03983,   0.02407,   0.00657,  -0.02845,   0.06259,   0.05034,   0.02582,  -0.03370,  -0.03020,  -0.07047,   0.01182,  -0.02145,  -0.01444,  -0.04946,  -0.07572,  -0.05646,  -0.01795,  -0.01620,   0.00306,   0.00832,  -0.03545,   0.00131,   0.00832,  -0.02670,   0.07310,   0.00832,  -0.04071,  -0.02495,   0.01182,   0.02057,  -0.00919,  -0.01620,  -0.01094,   0.00306,  -0.04421,  -0.01620,  -0.05822,  -0.05822,  -0.01269,  -0.03545,   0.07310,  -0.03195,  -0.00744,   0.02757,  -0.00569,   0.00832,  -0.00569,   0.11512,   0.02757,   0.00481,   0.00306,  -0.01094,  -0.01269,   0.06259,  -0.01620,  -0.03545,   0.06609,  -0.05646,  -0.02845,  -0.00744,   0.10986,  -0.00394,   0.03283,   0.04333,  -0.03721,  -0.02670,   0.07135,   0.00306,  -0.02845,  -0.06697,  -0.01795,   0.05384,  -0.03020,  -0.01970,  -0.04421,  -0.01269,   0.01357,  -0.07922,  -0.00044,   0.06434,  -0.02670,   0.03808,   0.04333,  -0.01094,   0.00481,   0.03633,  -0.01620,  -0.00744,   0.01007,   0.04158,   0.03108,   0.03108,   0.02232,   0.02933,  -0.08623,  -0.03721,  -0.02670,   0.02407,   0.06609,  -0.07222,   0.00657,  -0.01795,  -0.11249,   0.09060,   0.03458,  -0.09148,   0.00657,  -0.02320,   0.06084,   0.02582,   0.03808,   0.02757,   0.00131,  -0.04596,  -0.05296,  -0.06872,  -0.00744,   0.01007,  -0.02845,   0.04158,   0.06784,  -0.01795,   0.06084,  -0.00569,  -0.01269,   0.09060,  -0.03545,  -0.04771,   0.04333,   0.00481,   0.04858,   0.02057,  -0.00919,   0.06784,   0.00657,   0.00481,  -0.01444,  -0.02670,  -0.02845,  -0.02495,   0.06259,   0.02057,   0.02933,   0.01182,  -0.00394,   0.07485,   0.01882,  -0.00394,  -0.11249,  -0.04421,  -0.05822,   0.04508,   0.04333,   0.00832,  -0.00744,  -0.01970,  -0.00394,  -0.03195,  -0.00219,  -0.05646,  -0.00919,   0.01182,  -0.06172,  -0.05121,   0.00481,   0.00306,  -0.04771,  -0.05646,   0.02232,  -0.01620,  -0.10199,   0.06259,  -0.11774,   0.08710,  -0.01970,  -0.02320,   0.05559,   0.04683,  -0.00394,  -0.02495,   0.02057,   0.00481,  -0.04421,  -0.08973,   0.07135,  -0.09323,  -0.01094,   0.01007,  -0.01269,   0.01532,  -0.10023,  -0.00919,  -0.03896,   0.03283,  -0.02845,   0.03108,   0.06959,   0.00131,  -0.02845,   0.01882,   0.09761,  -0.02845,   0.08535,  -0.07397,  -0.01444,  -0.08798,   0.07485,  -0.05646,  -0.01094,   0.06609,   0.08185,  -0.04071,   0.03283,  -0.01269,  -0.00569,   0.00306,   0.01882,   0.01007,   0.00481,   0.02407,   0.08710,   0.02232,   0.05209,  -0.04246,  -0.03020,   0.02057,  -0.00919,  -0.00044,  -0.03896,  -0.05296,   0.02933,   0.04508,   0.01707,   0.00657,   0.01357,   0.01182,   0.05034,  -0.03896,  -0.07572,  -0.01620,  -0.03020,   0.11161,  -0.08973,  -0.00044,   0.00131,   0.02582,   0.01007,   0.06784,  -0.01094,  -0.00744,  -0.02495,  -0.04246,   0.00832,  -0.07397,  -0.00569,  -0.00044,  -0.05997,  -0.05296,   0.03983,  -0.05121,   0.01707,   0.00131,   0.03808,   0.01007,  -0.05997,  -0.00569,  -0.01094,   0.03458,  -0.01970,  -0.00919,   0.05734,   0.01532,   0.05384,   0.06084,  -0.06172,  -0.11074,   0.11862,   0.11336,   0.03108,   0.08885,   0.00306,   0.02057,   0.09936,   0.02232,  -0.01970,   0.04683,  -0.04071,   0.08535,   0.00481,   0.01007,   0.01532,   0.01182,   0.01357,  -0.00569,  -0.04246,   0.01182,  -0.05646,   0.00657,   0.07310
  -0.05121,  -0.00044,  -0.05646,   0.03633,   0.01357,  -0.05646,  -0.03195,  -0.00044,   0.07135,  -0.00219,   0.06259,  -0.01094,   0.04508,  -0.00219,   0.01182,   0.04333,   0.01357,   0.01882,  -0.00394,   0.07835,  -0.12825,  -0.05822,   0.00131,  -0.04071,  -0.02845,  -0.02495,  -0.00044,   0.04333,   0.03283,  -0.03370,  -0.05822,  -0.01269,   0.08185,  -0.01795,   0.04508,  -0.05121,   0.07485,  -0.08273,   0.03283,  -0.01094,   0.03283,  -0.07572,  -0.05822,  -0.02845,   0.05034,   0.03283,  -0.02845,   0.05034,  -0.02495,   0.03283,  -0.01795,   0.02232,  -0.00219,  -0.03020,   0.04683,   0.01882,  -0.00044,  -0.02495,  -0.04596,   0.01707,  -0.02320,   0.03283,  -0.00919,  -0.01094,   0.02232,  -0.04771,  -0.00919,   0.06084,  -0.03370,  -0.00919,  -0.07222,  -0.04071,  -0.05121,  -0.05646,   0.02057,  -0.00394,  -0.02495,  -0.03721,   0.00481,   0.01007,  -0.05646,   0.04158,  -0.09323,  -0.03545,   0.03808,  -0.00919,  -0.03721,   0.00832,  -0.00919,   0.03458,  -0.01269,  -0.01970,   0.05384,   0.00481,  -0.05646,   0.06259,   0.02232,  -0.05296,   0.02582,  -0.09323,   0.05734,   0.01532,  -0.02670,  -0.03721,  -0.01269,  -0.01269,   0.02057,  -0.03195,   0.01707,  -0.05997,   0.01707,   0.00131,   0.00131,  -0.01620,  -0.02495,   0.08535,  -0.11249,  -0.03721,   0.01182,  -0.04071,   0.04683,   0.01007,  -0.02145,   0.03108,  -0.01620,  -0.00919,   0.00657,   0.02757,   0.05909,   0.03283,  -0.04771,   0.01882,  -0.00744,  -0.03545,  -0.02495,  -0.02145,   0.01532,   0.05559,  -0.03195,   0.00306,   0.02407,  -0.06172,   0.01007,   0.01882,  -0.03370,  -0.00919,   0.05384,   0.02933,   0.06434,   0.02757,   0.00657,  -0.04071,  -0.00569,  -0.06347,  -0.06172,  -0.00044,  -0.04771,   0.00657,  -0.05121,   0.02933,   0.04333,   0.02057,   0.01882,   0.04683,  -0.01620,  -0.02670,   0.07310,   0.03458,  -0.05997,   0.03283,  -0.04946,  -0.04946,   0.05384,  -0.00919,   0.00832,   0.01007,   0.03633,   0.03983,  -0.02845,   0.01182,   0.03633,  -0.02320,  -0.03020,  -0.05471,   0.02582,   0.00131,   0.06434,  -0.00744,   0.00131,   0.04858,   0.12037,   0.00657,  -0.00219,  -0.00394,  -0.01094,   0.00657,  -0.09323,   0.01182,  -0.08448,   0.01532,  -0.09148,  -0.04771,   0.03983,   0.03983,  -0.00044,   0.04158,  -0.08448,   0.02057,   0.04333,   0.02232,  -0.00394,  -0.02670,   0.03108,  -0.00394,  -0.00919,   0.01182,   0.03108,  -0.03896,  -0.02845,  -0.02845,  -0.01970,   0.02933,  -0.00744,  -0.01444,  -0.03195,  -0.01620,   0.01007,   0.03808,  -0.00744,  -0.00744,  -0.03370,  -0.00219,   0.02933,  -0.01269,   0.01882,  -0.01970,   0.00131,   0.00832,   0.04858,  -0.04596,   0.03283,   0.01882,  -0.08973,  -0.01795,  -0.00044,  -0.02145,  -0.01620,  -0.01795,   0.01532,  -0.05296,   0.07835,  -0.01444,  -0.06347,  -0.01094,  -0.01970,  -0.05121,  -0.03721,  -0.01269,   0.03283,  -0.01620,   0.03983,  -0.05997,   0.01882,  -0.00744,   0.02582,  -0.04246,   0.00481,  -0.00394,  -0.00394,  -0.03721,   0.02057,   0.04508,   0.05034,   0.00131,   0.04158,   0.03983,  -0.02145,  -0.05296,  -0.05121,  -0.02320,  -0.01970,   0.01182,  -0.05471,  -0.03721,  -0.00219,  -0.01444,  -0.01620,  -0.02145,  -0.00919,   0.06084,  -0.03020,   0.02582,   0.00131,  -0.02845,   0.03983,  -0.01970,   0.03283,   0.04333,  -0.04596,   0.01007,  -0.01970,   0.08710,  -0.06172,   0.07135,   0.01357,  -0.03195,  -0.07747,  -0.00744,   0.02757,   0.01882,  -0.04071,   0.09235,  -0.05296,   0.03283,   0.01882,   0.03108,  -0.02145,   0.06434,   0.04508,  -0.06872,  -0.05296,  -0.01094,   0.05034,   0.01882,  -0.03370,   0.06084,  -0.01094,   0.02057,   0.02757,   0.01007,  -0.01444,  -0.03721,   0.06609,  -0.04071,   0.03983,   0.01182,   0.06959,   0.01182,   0.02757,   0.07660,   0.03108,  -0.05646,  -0.00219,  -0.05296,  -0.11774,  -0.00744,  -0.03020,   0.03458,   0.06259,   0.00306,   0.04683,   0.02757,  -0.04771,  -0.02495,   0.07660,   0.03283,   0.01182,  -0.05646,  -0.04596,   0.00131,  -0.01094,   0.00306,   0.04508,  -0.00394,   0.08010,   0.00657,   0.03983,   0.00306,  -0.04771,  -0.00044,  -0.00394,  -0.05997,  -0.06872,   0.03108,  -0.05121,  -0.00919,   0.02582,  -0.00394,  -0.00219,  -0.02495,   0.07660,  -0.05121,  -0.02670,  -0.03896,  -0.02320,   0.00306,   0.03283,   0.01882,  -0.02495,  -0.03545,   0.06959,  -0.03896,   0.00657,  -0.05296,  -0.01620,   0.08885,   0.03458,  -0.05296,  -0.00744,   0.02407,  -0.01094,  -0.00219,   0.01707,  -0.04421,  -0.01269,  -0.01795,   0.04508,   0.01882,   0.01357,  -0.01269,  -0.06522,  -0.00744,  -0.00394,   0.04333,   0.06434,  -0.00744,  -0.00744,   0.00481,  -0.05822,   0.00832,   0.12737,   0.01357,   0.03458,   0.05034,  -0.04596,  -0.04946,   0.02582,  -0.02145,  -0.05646,  -0.01444,  -0.03020,  -0.00744,  -0.07572,   0.00481,  -0.03545,   0.03108,  -0.00044,  -0.03370,   0.01182,   0.02232,  -0.01620,   0.07835,   0.02933,  -0.02320,   0.01532,  -0.05471,   0.04158,   0.01182,   0.02933,  -0.04246,  -0.00219,   0.03458,   0.03283,  -0.01269,  -0.00569,   0.01532,   0.03283,  -0.04596,  -0.03370,   0.02232,   0.04508,  -0.02670,   0.02757,   0.02407,  -0.03195,   0.10461,  -0.01094,   0.02407,   0.03633,  -0.03721,   0.06434,  -0.00744,  -0.07747,  -0.02145,   0.01357,   0.00832,  -0.02670,  -0.04071,   0.00306,  -0.02670,   0.05209,   0.03283,   0.01357,  -0.03545,  -0.01970,  -0.00919,  -0.03896,  -0.06522,   0.03983,  -0.00919,   0.05909,  -0.05646,   0.01532,   0.01007,  -0.02845,  -0.04596,   0.08185,   0.02407,  -0.00919,  -0.00569,  -0.05296,   0.01357,   0.01182,  -0.01444,  -0.03721,   0.04508,   0.01882,  -0.03370,  -0.01795,   0.03283,  -0.00919,   0.00306,  -0.00044,   0.02933,  -0.01269,   0.00657,  -0.03195,   0.01182,   0.07835,   0.06259,  -0.05822,   0.05734,  -0.04946,  -0.02845,  -0.02670,   0.01357,   0.05034,  -0.04596,  -0.05997,  -0.01970,  -0.00744,  -0.03896,   0.01532,   0.04858,  -0.02495,   0.02933,   0.06434,  -0.06697,   0.05909,   0.06609,   0.04508,   0.05734,  -0.00919,   0.02933,   0.02232,   0.03458,  -0.03370,   0.02757,  -0.00569,  -0.02145,  -0.03020,   0.00131,   0.07485,  -0.03721,   0.00481,  -0.00219,  -0.02495,   0.01357,  -0.02670,   0.00306,  -0.00569,   0.01007,  -0.05646,  -0.04246,  -0.02145,  -0.00044,  -0.00569,   0.10286,   0.02407,   0.00657,  -0.01620,   0.00657,  -0.01444,  -0.02145,  -0.00919,   0.03458,  -0.00219,  -0.05296,   0.03808,  -0.00919,  -0.05471,  -0.03020,   0.01532,   0.05034,   0.00657,   0.01882,   0.03983,  -0.03195,  -0.01444,  -0.00919,   0.01007,  -0.04071,   0.01007,   0.01007,   0.04508,  -0.01094,   0.04858,   0.01357,   0.01882,   0.07135,  -0.01970,   0.04858,   0.06084,  -0.04596,  -0.01795,  -0.01970,  -0.00044,  -0.02320,  -0.03370,   0.07135,   0.05909,  -0.01970,   0.06084,   0.07310,   0.05384,  -0.01094,   0.02407,  -0.01444,  -0.03020,  -0.02320,  -0.03370,  -0.03545,   0.01707,  -0.02320,  -0.00044,  -0.13000,  -0.02145,   0.02582,  -0.07922,   0.02757,  -0.01094,   0.08010,  -0.01269,   0.03808,   0.01357,   0.01532,   0.04508,  -0.01269,   0.03108,  -0.04421,   0.02582,  -0.00744,  -0.01620,   0.04508,   0.06084,  -0.00919,   0.01357,   0.08535,  -0.00919,  -0.06872,   0.06784,   0.02757,   0.02232,  -0.04246,  -0.03020,  -0.02670,  -0.03896,   0.02407,  -0.04071,  -0.05296,  -0.04246,  -0.04946,  -0.01094,   0.00832,   0.05384,  -0.03370,  -0.03896,  -0.02845,  -0.06172,   0.04683,  -0.04596,   0.01882,  -0.01269,  -0.01094,  -0.05646,   0.09586,   0.02933,  -0.00919,   0.00832,  -0.02320,  -0.04596,  -0.00569,   0.05034,   0.01357,   0.02582,   0.01182,   0.03458,   0.03108,   0.00481,   0.05909,   0.03283,   0.00832,  -0.03721,   0.00481,  -0.00744,   0.02582,  -0.02670,   0.03108,   0.00306,  -0.02320,   0.04158,   0.06784,   0.12737,  -0.03545,   0.02582,  -0.00219,  -0.05646,  -0.01795,   0.03633,   0.01007,  -0.06872,  -0.01795,  -0.01269,  -0.00744,  -0.03370,   0.02407,   0.04508,  -0.03020,  -0.02145,  -0.00044,   0.06959,   0.02582,  -0.03896,  -0.04246,  -0.02495,  -0.05646,   0.00131,   0.00131,  -0.01970,  -0.03195,   0.01182,   0.03283,   0.01007,  -0.03370,  -0.02495,  -0.01970,  -0.01620,  -0.00394,  -0.02845,   0.01357,  -0.04596,   0.01007,  -0.04246,   0.04858,   0.01707,  -0.02495,   0.03283,   0.02582,  -0.09148,  -0.03370,  -0.02670,   0.04858,   0.04858,   0.04508,   0.00657,  -0.03370,  -0.00219,  -0.05997,   0.01007,  -0.01620,  -0.00394,  -0.04246,   0.02057,  -0.03370,   0.00131,  -0.02320,  -0.00744,  -0.04771,   0.00481,  -0.04946,  -0.01269,  -0.06347,   0.00657,   0.01357,  -0.08448,  -0.00744,  -0.02495,  -0.08623,   0.00832,  -0.01269,   0.04508,   0.01357,   0.05559,  -0.02495,   0.00481,   0.00131,  -0.01269,  -0.01269,  -0.03195,  -0.05822,  -0.00044,   0.03633,   0.02232,   0.01357,  -0.02670,   0.01357,   0.01882,  -0.04946,  -0.00219,  -0.02145,  -0.00394,   0.06084,   0.00481,  -0.04071,   0.01357,  -0.06522,  -0.00919,   0.05734,   0.00131,  -0.05121,  -0.04771,   0.02407,   0.04333,   0.02933,   0.01882,   0.00832,  -0.00044,   0.02232,  -0.02845,   0.00481,  -0.04946,   0.01707,  -0.04071,  -0.01970,  -0.02670,  -0.01970,  -0.07397,  -0.03195,   0.06434,   0.06084,  -0.01444,  -0.06347,   0.04683,  -0.05471,   0.05034,   0.07485,   0.03983,  -0.04596,  -0.00744,  -0.11599,  -0.00569,  -0.03020,   0.00131,  -0.09848,   0.01357,  -0.00569,   0.01357,  -0.01269,   0.00832,   0.03458,   0.06084,   0.02757,   0.10111,  -0.00744,   0.05384,   0.04683,  -0.01094,  -0.01444,  -0.04421,   0.01357,   0.01707,  -0.02670,  -0.06872,   0.06784,  -0.00919,   0.05559,   0.00306,   0.01532,   0.02933,  -0.03195,   0.06959,  -0.00219,   0.02933,  -0.04946,  -0.00394,  -0.01795,  -0.03195,   0.01357,  -0.02320,   0.00481,  -0.03195,   0.02232,   0.00481,  -0.01795,   0.04683,  -0.01444,   0.07660,  -0.01269,  -0.00569,   0.02757,  -0.00744,   0.02232,  -0.02845,   0.03808,   0.04508,   0.05734,  -0.05822,  -0.02145,   0.06434,  -0.03020,  -0.03721,  -0.00744,  -0.02845,  -0.01620,  -0.00744,   0.02407,   0.04858,   0.00832,  -0.03721,  -0.01269,  -0.05997,  -0.05646,  -0.00219,  -0.01620,  -0.00919,  -0.00044,   0.04333,   0.01532,  -0.00569,   0.00306,  -0.05121,   0.06784,  -0.05997,   0.03633,   0.02582,  -0.04071,   0.03808,   0.02933,  -0.04771,   0.00832,  -0.03020,   0.06434,   0.01882,  -0.02670,   0.03983,  -0.01444,   0.05209,  -0.00044,  -0.02670,   0.04333,  -0.01970,  -0.05296,  -0.02320,   0.00131,  -0.03020,   0.01357,   0.03108,   0.00131,  -0.04771,   0.03108,   0.01182,   0.04683,  -0.09848,   0.02407,   0.01882,  -0.02145,  -0.00219,  -0.02495,   0.02407,   0.00131,  -0.01269,   0.02232,   0.07135,   0.00131,  -0.08973,  -0.01795,   0.01707,   0.02407,   0.02232,  -0.00219,  -0.02145,   0.03283,  -0.01444,  -0.00044,   0.05209,  -0.06522,  -0.00394,   0.02232,   0.00481,  -0.01094,   0.04158,   0.01182,  -0.01269,  -0.01094,   0.03283,  -0.00044,   0.03808,   0.09235,   0.05559,  -0.02670,  -0.00044,   0.05034,   0.07660,  -0.03370,   0.02407,  -0.00744,  -0.06347,   0.02232,  -0.00044,  -0.00219,  -0.06172,  -0.00919,  -0.03721,  -0.01795,  -0.00394,  -0.04771,   0.02407,  -0.04421,   0.06434,  -0.03020,   0.01882,   0.00481,   0.01882,   0.01357,   0.05559,   0.03633,  -0.01795,  -0.11424,   0.05734,   0.00131,  -0.03721,  -0.03896,   0.07835,   0.08185
   0.08010,   0.06259,   0.06434,  -0.02845,  -0.08623,   0.03108,  -0.02495,  -0.04421,   0.00131,   0.00832,  -0.00219,  -0.01620,   0.01357,  -0.03896,   0.00832,   0.03108,   0.06959,   0.11336,   0.03633,   0.02757,  -0.02145,  -0.02145,  -0.00044,   0.01007,   0.08010,  -0.07922,  -0.00919,  -0.00569,   0.02057,   0.06259,   0.08885,  -0.00744,  -0.11949,  -0.01094,  -0.03370,  -0.02145,   0.03808,   0.07835,  -0.02145,  -0.03545,   0.01707,   0.02232,  -0.06697,  -0.01094,  -0.02845,   0.05209,   0.02757,  -0.01970,  -0.07922,   0.02933,   0.03808,  -0.07922,   0.02232,  -0.01094,  -0.06697,   0.02757,   0.02232,   0.01707,  -0.04246,  -0.00219,   0.02232,   0.00131,   0.01532,  -0.01444,  -0.11074,   0.06784,  -0.08623,   0.04333,  -0.00219,   0.00481,   0.04858,   0.02407,  -0.00044,  -0.03020,  -0.05296,  -0.00744,  -0.00744,  -0.06872,  -0.03721,   0.01357,   0.00131,   0.04508,   0.00657,  -0.02320,  -0.03896,   0.03633,   0.00481,  -0.05646,   0.00481,   0.05734,  -0.01094,   0.06434,   0.03808,   0.03808,  -0.04071,   0.01707,  -0.07572,  -0.04071,  -0.02670,   0.07135,  -0.05296,  -0.00569,   0.04508,   0.01882,   0.07485,  -0.04246,  -0.00394,   0.05209,   0.01182,   0.08710,  -0.01620,   0.03458,   0.01882,   0.04158,   0.06784,  -0.00044,  -0.04246,  -0.02145,   0.04158,  -0.02320,   0.02582,   0.03283,  -0.00919,  -0.03370,  -0.03896,  -0.00919,   0.00657,   0.07310,  -0.05121,   0.08710,  -0.07747,  -0.02670,   0.04158,  -0.01444,   0.04333,  -0.05822,   0.01532,  -0.01094,   0.00306,   0.05734,  -0.01620,  -0.06697,  -0.04071,   0.00481,  -0.00744,   0.02232,   0.03983,  -0.01094,  -0.03195,   0.03983,  -0.05822,  -0.03545,  -0.02845,   0.00657,   0.01882,  -0.04071,   0.01182,  -0.09498,   0.05734,  -0.02145,   0.00657,  -0.01795,   0.02582,   0.05559,  -0.01269,  -0.06347,   0.04333,  -0.05121,  -0.07047,  -0.08798,  -0.03195,   0.04333,   0.03108,   0.01882,   0.01182,   0.00832,   0.05034,   0.01357,  -0.04596,   0.03808,  -0.06872,   0.05209,   0.04858,  -0.05121,   0.00131,  -0.05646,  -0.03721,  -0.03896,   0.02057,   0.04683,   0.02757,  -0.03370,  -0.02670,  -0.07922,   0.01357,   0.02582,  -0.04596,   0.04158,  -0.05471,  -0.00219,  -0.11249,  -0.05646,  -0.00569,   0.01532,  -0.02670,   0.08710,  -0.03020,   0.01532,  -0.01094,  -0.01094,   0.08535,  -0.02145,   0.07135,   0.01357,   0.04508,  -0.01795,  -0.03545,   0.01532,  -0.03721,  -0.01444,   0.00131,   0.00481,   0.03458,  -0.06347,   0.02757,  -0.00919,  -0.06522,  -0.04246,  -0.02670,  -0.02495,   0.03983,  -0.03721,  -0.00219,   0.01357,   0.02232,   0.03983,  -0.03195,   0.00306,  -0.00219,  -0.01795,  -0.02320,  -0.01269,   0.01357,  -0.04246,  -0.04946,   0.06084,   0.01182,  -0.02845,  -0.03545,   0.05909,   0.03108,  -0.05997,  -0.02845,   0.01007,  -0.04246,   0.04858,  -0.04421,  -0.01620,  -0.00744,  -0.03195,   0.01357,  -0.05296,   0.10461,  -0.06522,   0.07135,  -0.04071,   0.03633,   0.06084,   0.03633,   0.00131,  -0.00744,   0.04333,  -0.01444,   0.01182,   0.00657,  -0.02320,   0.01532,  -0.06172,   0.06609,   0.04508,  -0.01970,  -0.02320,  -0.00744,   0.10986,   0.02582,   0.00131,  -0.01970,  -0.04421,  -0.02670,   0.01182,  -0.03896,  -0.01444,  -0.04421,   0.01007,  -0.00394,  -0.01970,   0.01707,  -0.05471,   0.03458,  -0.00394,  -0.08448,   0.04333,  -0.01444,  -0.00744,  -0.00919,   0.01882,  -0.00569,   0.00832,   0.09586,  -0.07747,  -0.04421,  -0.03545,  -0.05646,  -0.03721,  -0.02670,   0.02057,  -0.05822,   0.05559,  -0.02495,  -0.02670,   0.02232,   0.06084,   0.02933,  -0.01795,   0.01182,   0.02933,   0.00481,   0.00832,   0.02232,   0.00481,   0.01882,   0.03808,   0.02232,   0.03458,   0.00131,   0.06259,  -0.00219,   0.04333,  -0.03545,   0.05734,   0.04158,  -0.01269,   0.05909,   0.00832,   0.04333,   0.02933,   0.01182,   0.02057,   0.01182,  -0.08623,   0.05209,   0.07660,   0.08885,   0.05209,  -0.04421,   0.08885,  -0.04071,  -0.05296,   0.02057,   0.03108,   0.05384,   0.02757,   0.00832,   0.05734,   0.04333,  -0.04596,  -0.07922,  -0.05646,   0.03458,  -0.03195,  -0.00219,   0.02057,  -0.04246,   0.04333,   0.02757,  -0.02845,   0.08010,   0.01357,  -0.01269,  -0.06872,  -0.05822,   0.00131,  -0.02320,   0.02933,  -0.04246,   0.03458,  -0.00219,   0.01882,   0.07135,  -0.01094,   0.08185,  -0.03195,  -0.02495,  -0.09498,   0.00481,   0.00306,  -0.02845,   0.01182,   0.09586,   0.03108,  -0.03195,  -0.00044,   0.04858,   0.07660,   0.05034,  -0.01444,   0.02407,  -0.02320,   0.02757,   0.02757,   0.00481,   0.07835,   0.01182,  -0.06172,  -0.03020,   0.00131,   0.03983,  -0.02670,   0.04508,  -0.06347,  -0.00569,   0.00306,   0.05734,   0.04158,   0.04683,  -0.01094,   0.03283,  -0.03896,   0.03983,  -0.04596,  -0.01269,  -0.00569,   0.00131,   0.04333,  -0.03896,  -0.02670,   0.01007,   0.01532,  -0.03721,   0.00657,   0.05384,   0.07135,   0.03283,  -0.06522,  -0.01269,   0.02232,   0.04508,  -0.02320,   0.04158,  -0.08973,  -0.01620,  -0.01970,  -0.01970,  -0.01620,  -0.00919,  -0.01269,  -0.00919,   0.02232,   0.02232,  -0.07922,   0.01532,  -0.00919,   0.02757,  -0.05822,   0.02407,  -0.02495,   0.00657,  -0.00394,   0.00131,   0.08360,   0.03633,  -0.05646,  -0.01444,   0.03108,   0.06434,   0.00131,  -0.03370,  -0.03020,  -0.05296,   0.05209,  -0.03896,  -0.00919,  -0.00044,  -0.06347,  -0.09498,  -0.03896,   0.01707,   0.06959,   0.04333,   0.00131,   0.02407,  -0.04246,  -0.00044,  -0.01094,   0.01882,   0.02407,  -0.00044,   0.01182,   0.03283,   0.09936,   0.02057,  -0.03721,   0.05734,   0.01182,  -0.00569,  -0.00744,  -0.04421,  -0.04596,   0.01882,   0.04158,   0.04508,   0.01532,  -0.02320,   0.01882,  -0.03195,   0.03283,   0.06784,  -0.10899,   0.01357,   0.02757,   0.06084,   0.06084,  -0.04596,   0.05384,   0.01707,  -0.05997,  -0.04246,   0.01007,   0.02757,   0.08535,  -0.03545,  -0.08448,  -0.00744,   0.00306,   0.00481,   0.00306,   0.00131,  -0.00394,   0.06259,  -0.00219,  -0.07572,  -0.01094,   0.00481,  -0.05296,  -0.06697,   0.11161,   0.04158,  -0.03545,  -0.00919,  -0.01620,   0.03283,   0.00306,   0.00481,  -0.07222,  -0.02670,  -0.02495,  -0.03195,   0.01007,   0.04333,  -0.01269,   0.03108,  -0.08098,  -0.00219,   0.02057,   0.03108,   0.04858,  -0.04071,   0.01357,  -0.06872,   0.02057,  -0.02670,  -0.11424,  -0.00569,  -0.00919,   0.02582,  -0.06172,  -0.07047,   0.00131,   0.07835,   0.02933,   0.00832,   0.03633,  -0.02845,  -0.03195,   0.04333,  -0.04946,   0.02407,  -0.04421,  -0.03896,  -0.02320,   0.08535,  -0.00569,   0.02057,   0.01707,   0.01182,   0.07310,  -0.01795,  -0.03020,  -0.03896,   0.03633,   0.09761,   0.03633,  -0.10899,  -0.00919,   0.10461,  -0.03020,  -0.02495,   0.02757,   0.08360,   0.03633,   0.02582,   0.01882,  -0.02320,  -0.05471,   0.05034,  -0.07047,  -0.08273,   0.01707,  -0.05471,  -0.00394,  -0.06172,  -0.05822,  -0.03370,   0.01882,  -0.01269,  -0.04246,   0.00657,   0.10111,   0.02057,  -0.04246,  -0.02320,   0.00306,  -0.06697,   0.03108,  -0.04421,  -0.07397,  -0.04421,  -0.01620,  -0.11074,  -0.00044,   0.00481,  -0.03195,  -0.01795,  -0.01620,  -0.03370,   0.07310,  -0.01444,   0.03983,   0.00131,   0.06084,  -0.02845,   0.07135,  -0.01620,  -0.04596,  -0.01620,  -0.06522,   0.03458,  -0.01269,   0.00306,   0.07310,   0.07660,  -0.04771,  -0.01444,  -0.08798,   0.10286,   0.01707,   0.01007,   0.00657,  -0.02495,  -0.01269,  -0.04596,   0.04158,  -0.02320,   0.00481,   0.01532,  -0.00044,  -0.00569,  -0.00219,   0.03983,   0.07660,   0.01882,  -0.04071,  -0.10374,  -0.04596,   0.03458,  -0.00919,   0.05209,   0.05559,   0.01532,   0.09586,  -0.05471,   0.10111,  -0.04071,  -0.04771,   0.06084,   0.04683,  -0.03195,  -0.04596,  -0.03721,   0.05034,  -0.09323,  -0.00394,   0.02057,   0.04158,  -0.02670,  -0.01620,   0.06434,   0.04158,  -0.07397,  -0.08448,  -0.05296,  -0.04421,  -0.01795,   0.01182,  -0.01795,  -0.02495,  -0.01444,   0.00481,  -0.01970,  -0.02145,  -0.01970,  -0.06347,   0.01182,  -0.05121,  -0.00219,   0.03983,  -0.06872,  -0.02845,  -0.03896,   0.00657,   0.03633,   0.02232,   0.02407,  -0.03896,   0.02933,  -0.01094,   0.04158,   0.01182,   0.02057,  -0.03370,   0.03283,   0.00131,   0.06259,   0.01882,  -0.03370,  -0.03195,  -0.04596,   0.03633,  -0.02845,  -0.03721,  -0.00569,   0.04508,  -0.00394,  -0.04596,  -0.07572,   0.00481,   0.01882,  -0.00744,   0.00131,  -0.06347,  -0.03370,  -0.08798,   0.02057,  -0.01269,  -0.00919,  -0.01269,  -0.04596,  -0.08973,  -0.00219,  -0.00044,   0.08010,  -0.05822,  -0.03370,   0.02582,   0.00832,  -0.10023,  -0.02495,   0.02232,   0.03108,   0.03108,  -0.01094,  -0.01970,  -0.03370,   0.03983,   0.07135,  -0.03370,   0.01007,   0.03458,  -0.01094,  -0.01444,   0.05034,  -0.03195,   0.01357,  -0.00744,   0.01882,  -0.00394,  -0.02845,  -0.11774,   0.06259,  -0.01094,   0.02057,   0.04858,   0.01007,  -0.02495,  -0.02845,   0.01882,  -0.02145,   0.01532,  -0.04771,   0.03633,   0.03633,  -0.04071,  -0.01269,   0.03983,   0.01182,  -0.04071,   0.02232,  -0.02145,  -0.00569,   0.08885,  -0.08273,   0.01357,   0.02757,   0.08710,  -0.12825,   0.06784,  -0.05646,  -0.00044,   0.04508,   0.01357,   0.00832,  -0.00919,  -0.02845,  -0.01795,  -0.01620,  -0.04071,   0.02582,  -0.04771,  -0.03020,  -0.02495,   0.08885,  -0.03370,  -0.03721,  -0.01444,  -0.00744,  -0.02145,   0.00306,  -0.05121,  -0.00394,   0.03283,   0.06084,  -0.03896,  -0.04246,   0.01182,  -0.01970,   0.08535,   0.01007,  -0.07922,   0.02232,   0.04508,   0.03983,  -0.01970,   0.02933,  -0.02145,  -0.05822,   0.02933,   0.02407,   0.01357,  -0.01444,  -0.01970,   0.00481,  -0.01620,   0.08535,  -0.00919,  -0.07222,  -0.00919,   0.01007,  -0.00394,  -0.00394,   0.01357,  -0.01094,   0.01532,  -0.00394,   0.03983,  -0.02145,   0.00657,  -0.01620,   0.01007,  -0.02495,   0.01182,   0.01357,  -0.00919,   0.01182,  -0.03896,   0.05384,   0.10286,   0.06084,  -0.06172,  -0.03896,  -0.00394,   0.05034,   0.00131,  -0.03721,  -0.00044,  -0.01795,  -0.04771,  -0.02670,  -0.02145,   0.04508,  -0.02845,  -0.02670,   0.00131,  -0.01269,   0.04858,   0.01707,   0.05909,   0.01357,   0.02057,   0.02407,  -0.08273,  -0.05471,  -0.00044,   0.03808,   0.04858,   0.01532,   0.03983,  -0.04071,   0.05034,   0.00657,  -0.01269,   0.02232,  -0.05646,  -0.01620,   0.01007,   0.01882,  -0.00219,  -0.09673,  -0.04421,   0.00131,   0.01707,  -0.00044,   0.10286,  -0.09498,   0.01532,   0.05909,  -0.01094,  -0.06872,  -0.14400,   0.06259,  -0.03545,  -0.03545,  -0.04946,  -0.03896,  -0.00569,   0.01882,  -0.00919,  -0.00044,  -0.01094,   0.06259,  -0.05646,  -0.05296,   0.06259,  -0.07747,  -0.05121,   0.01707,  -0.01795,   0.05734,   0.05384,  -0.02320,  -0.05822,  -0.00919,   0.00481,  -0.05822,   0.07835,  -0.04421,   0.01182,   0.03108,  -0.04946,  -0.07747,   0.02407,   0.09060,  -0.06172,   0.02757,  -0.01620,  -0.03195,  -0.05646,   0.04158,  -0.03721,  -0.05121,   0.08885,  -0.03896,  -0.01620,   0.02757,  -0.00044,   0.02933,   0.00306,  -0.02495,   0.07485,   0.00131,   0.18690,   0.00306,   0.01007,   0.04158,   0.05734,   0.06959,  -0.07922,  -0.03195,  -0.00569,   0.03808,   0.00657,  -0.00394,  -0.05471,  -0.01620,   0.05909,  -0.03195,   0.02232,  -0.04771,   0.04858,  -0.04596,  -0.03195,   0.01357,   0.01532,  -0.01795,   0.06259
  -0.07922,   0.05209,  -0.04771,   0.00131,  -0.02670,   0.02582,   0.04158,   0.06959,   0.02407,   0.02232,  -0.03020,   0.00481,  -0.00044,  -0.04421,  -0.06172,  -0.00569,  -0.05296,  -0.01269,   0.01182,  -0.04071,  -0.00919,   0.03283,  -0.11949,  -0.11074,  -0.00394,  -0.00219,  -0.03370,  -0.07222,  -0.06347,  -0.06697,  -0.07222,   0.02757,  -0.04946,   0.01007,   0.01707,   0.00481,  -0.00219,   0.06084,  -0.05646,  -0.04596,  -0.05471,  -0.06347,  -0.03370,  -0.10549,   0.10986,   0.03108,  -0.02320,   0.03633,   0.04508,  -0.02320,  -0.07222,  -0.04246,   0.02057,  -0.01269,  -0.06872,   0.10111,   0.06784,   0.03633,   0.02933,  -0.00744,   0.07485,   0.02582,  -0.01620,  -0.04421,   0.01007,   0.06259,   0.05734,   0.04508,  -0.00044,  -0.13350,  -0.07222,  -0.00219,  -0.03896,  -0.03896,  -0.06872,  -0.07222,  -0.05121,   0.00131,   0.04858,   0.02933,  -0.06872,   0.03458,  -0.07222,   0.02757,  -0.06522,   0.06434,   0.02933,  -0.03896,   0.07135,   0.03458,   0.01707,   0.00306,  -0.05822,   0.00832,   0.03458,   0.12912,  -0.01620,  -0.00394,  -0.00044,   0.07835,  -0.00744,  -0.01620,   0.02057,   0.00131,  -0.00919,  -0.13000,  -0.12825,   0.01707,  -0.03896,  -0.08798,  -0.02845,  -0.01970,   0.01007,  -0.07397,   0.02757,  -0.02145,  -0.01970,  -0.00394,  -0.01094,  -0.03370,   0.03633,  -0.07397,  -0.01444,  -0.06172,   0.06434,  -0.01444,  -0.03545,  -0.02320,  -0.12124,  -0.07047,  -0.09498,   0.05034,   0.06259,  -0.00394,   0.05034,  -0.01444,  -0.02670,  -0.01795,  -0.09848,   0.04158,   0.03458,   0.00131,  -0.03020,  -0.04771,   0.01532,   0.00481,  -0.01620,   0.04858,   0.08535,  -0.04071,  -0.13175,  -0.06697,   0.08360,  -0.01970,   0.04683,   0.03283,  -0.02670,   0.01532,   0.05559,   0.00657,   0.03283,  -0.03195,  -0.06172,   0.00832,   0.04683,  -0.04421,  -0.07747,  -0.00044,   0.00832,   0.02232,  -0.00044,  -0.05121,  -0.03020,  -0.03721,   0.05734,   0.01182,   0.06609,   0.02757,  -0.07747,  -0.10374,  -0.06172,   0.08710,   0.03108,   0.02232,   0.08710,   0.03633,  -0.00569,   0.01707,  -0.04596,  -0.01970,  -0.04771,   0.08885,  -0.02845,  -0.05296,   0.05209,   0.08010,   0.02933,  -0.02670,   0.07310,   0.09761,   0.06609,   0.03283,   0.00832,   0.05734,  -0.03020,  -0.09498,   0.09936,   0.04158,   0.01182,   0.03458,  -0.02320,  -0.02320,   0.00481,  -0.03545,  -0.00744,  -0.07047,   0.03458,  -0.00394,  -0.06522,   0.06434,   0.00306,  -0.01620,  -0.00569,   0.00481,   0.01882,   0.06434,   0.00832,   0.03983,   0.03458,  -0.00394,   0.03808,   0.06259,  -0.03545,   0.03458,   0.00832,   0.04158,   0.04508,   0.01882,  -0.04596,   0.01532,   0.07835,   0.08885,   0.03983,  -0.00394,  -0.06347,  -0.01620,  -0.00044,   0.01007,   0.01882,  -0.04771,   0.02933,   0.06784,  -0.05296,  -0.02145,   0.06434,  -0.04596,   0.06959,   0.04508,  -0.07572,   0.01182,  -0.00219,  -0.01795,  -0.08798,  -0.09673,   0.15363,  -0.05646,   0.00306,   0.03983,  -0.00394,  -0.01970,   0.10811,   0.00657,   0.02582,   0.08535,   0.04508,   0.01882,  -0.04071,  -0.06872,   0.01182,  -0.07922,   0.04333,  -0.00919,   0.02582,  -0.05822,   0.02232,  -0.06872,  -0.03195,  -0.05471,   0.01357,  -0.00919,  -0.02320,  -0.06697,   0.04158,  -0.00044,  -0.00744,  -0.08448,   0.09235,  -0.03896,  -0.02320,  -0.00044,  -0.00044,  -0.05471,   0.09936,  -0.00744,  -0.00044,   0.01707,   0.00657,  -0.00219,  -0.05121,   0.01357,  -0.04946,  -0.08798,   0.04158,  -0.00744,   0.01007,   0.00832,   0.02407,  -0.02145,  -0.03896,  -0.01970,   0.03458,   0.16414,   0.05034,  -0.04596,   0.01707,  -0.04946,   0.01007,  -0.05296,   0.08185,   0.02582,   0.00481,  -0.03545,   0.00131,   0.02232,  -0.09498,   0.03633,  -0.04946,   0.02582,   0.00131,   0.05559,   0.02757,  -0.03020,   0.00306,   0.00657,   0.05384,   0.03808,   0.03458,   0.06259,   0.09060,  -0.02495,  -0.02670,  -0.00919,  -0.01444,   0.00832,   0.02757,   0.00832,   0.03633,   0.03283,  -0.02670,  -0.04246,   0.08885,  -0.01444,   0.02232,  -0.03195,   0.02933,  -0.08448,   0.02232,   0.05209,  -0.07397,  -0.06697,   0.06784,  -0.02320,  -0.00569,   0.03458,  -0.06872,  -0.04946,  -0.02845,  -0.03020,   0.03633,  -0.01620,  -0.02845,   0.03283,  -0.03020,  -0.01094,  -0.02145,   0.00131,  -0.03370,  -0.02845,  -0.13175,  -0.08798,   0.03283,  -0.02845,   0.02933,  -0.10023,   0.13087,   0.02933,  -0.02145,  -0.02670,  -0.00569,  -0.00744,   0.01882,   0.05909,  -0.01094,   0.06084,  -0.01970,  -0.03896,   0.03458,   0.05034,  -0.00219,   0.02757,   0.10461,   0.05384,  -0.01269,  -0.00044,  -0.11074,  -0.03195,  -0.06347,  -0.02670,   0.04858,   0.02582,  -0.00394,   0.03633,  -0.01094,   0.08185,  -0.00219,  -0.02670,   0.01532,  -0.07747,   0.09936,  -0.02845,  -0.04071,   0.01707,   0.07310,  -0.01620,  -0.05822,   0.03458,  -0.07572,  -0.01970,  -0.02495,   0.07835,  -0.01795,  -0.01795,   0.05384,   0.00832,   0.04858,   0.02582,   0.00131,   0.03633,  -0.01620,   0.04158,  -0.02320,   0.01882,   0.01357,  -0.02145,  -0.02320,  -0.06172,  -0.05296,   0.00657,   0.10636,  -0.03195,   0.06259,   0.04508,   0.01707,  -0.13350,   0.05734,  -0.00744,  -0.01269,  -0.06697,   0.03808,  -0.05471,   0.02232,  -0.03370,  -0.05997,  -0.03721,   0.04683,   0.00131,  -0.03020,  -0.00219,   0.05909,   0.01007,   0.02057,   0.11336,  -0.06872,  -0.04071,  -0.01094,  -0.01620,   0.06084,   0.09586,   0.02757,  -0.07047,   0.02757,   0.02407,  -0.05471,  -0.06697,   0.00131,   0.01707,  -0.02320,   0.02407,   0.05909,   0.01532,   0.06259,  -0.02495,   0.03283,   0.04158,  -0.05997,   0.11336,  -0.08623,   0.01707,   0.02232,  -0.07572,  -0.00044,   0.01532,   0.01357,  -0.10724,   0.06084,   0.09235,  -0.03020,   0.06784,  -0.04596,  -0.08448,  -0.03195,   0.00657,  -0.09673,   0.10811,  -0.00219,  -0.03020,  -0.11949,  -0.07572,   0.03458,  -0.01269,  -0.01094,  -0.04946,  -0.04071,  -0.06872,  -0.03195,   0.07135,   0.02232,   0.02757,  -0.03020,   0.01882,  -0.04071,   0.05559,  -0.04946,   0.00657,   0.00657,  -0.03370,  -0.05646,   0.00131,  -0.02145,  -0.07747,  -0.00219,   0.00131,  -0.07047,  -0.01094,   0.01707,  -0.04421,   0.05559,  -0.03020,  -0.01795,   0.05209,   0.02407,   0.03283,   0.08010,   0.04858,   0.06609,   0.05034,  -0.05646,  -0.08098,   0.03458,   0.02582,  -0.01444,  -0.01795,  -0.00569,  -0.00219,  -0.07222,   0.02232,   0.02057,  -0.01094,   0.01182,   0.03108,  -0.10199,  -0.01795,  -0.03195,   0.03458,  -0.00394,   0.03108,  -0.02145,  -0.00394,   0.05734,  -0.01444,   0.12387,   0.09936,  -0.00744,   0.01882,  -0.03545,   0.08535,   0.06609,  -0.05997,  -0.10899,  -0.01795,  -0.05997,  -0.04596,  -0.01620,  -0.06872,  -0.00044,  -0.00569,  -0.01620,   0.07660,  -0.02495,   0.08360,   0.04508,  -0.08798,  -0.04596,  -0.03545,   0.02407,   0.00657,  -0.04071,   0.16589,  -0.02495,  -0.01269,   0.02933,   0.02407,   0.12037,  -0.02145,   0.04333,  -0.01269,  -0.05121,  -0.11599,   0.02757,  -0.00919,  -0.04596,   0.04683,  -0.00394,  -0.00219,  -0.03545,   0.02582,   0.01182,   0.01357,  -0.07397,   0.03983,  -0.05822,  -0.06697,  -0.05822,  -0.12650,   0.09411,   0.03283,  -0.10549,  -0.10199,  -0.00744,   0.02057,  -0.00044,   0.05209,   0.08710,   0.04508,   0.06259,  -0.04946,   0.01182,  -0.04946,  -0.00044,   0.11161,   0.00306,   0.02757,   0.02232,  -0.00044,   0.00832,   0.01182,   0.04158,  -0.00569,  -0.02145,   0.02232,  -0.14400,  -0.01795,  -0.03370,   0.04508,   0.01007,   0.02232,  -0.00569,  -0.03545,  -0.01795,  -0.09498,  -0.03195,   0.00832,  -0.03020,  -0.00744,   0.06434,   0.02933,   0.05734,  -0.02145,   0.04858,  -0.06522,  -0.01970,   0.06259,  -0.10899,  -0.00394,  -0.01444,  -0.04771,  -0.04596,  -0.01620,   0.12737,   0.01182,  -0.05997,  -0.06347,   0.00832,   0.02057,   0.04858,  -0.01620,  -0.01970,   0.03808,   0.02232,   0.00657,  -0.07047,  -0.03195,   0.00481,   0.01182,   0.06959,   0.04683,  -0.03721,  -0.02145,  -0.03721,   0.02232,   0.04858,   0.03458,  -0.06697,   0.03633,  -0.05822,  -0.00044,  -0.00219,   0.06259,   0.00481,  -0.01795,  -0.01620,  -0.02845,  -0.00569,  -0.01970,   0.09235,  -0.03370,  -0.06347,   0.03983,  -0.04246,   0.00832,   0.02232,   0.04158,  -0.00919,  -0.08623,  -0.01269,  -0.08273,   0.08710,  -0.00744,  -0.01269,  -0.01795,  -0.03195,  -0.03370,   0.05559,  -0.02320,  -0.00744,  -0.02670,  -0.04071,   0.05559,  -0.06172,  -0.05471,  -0.03195,  -0.04246,  -0.03545,  -0.04946,  -0.00569,   0.04158,   0.00657,  -0.01970,   0.00306,  -0.00744,   0.06084,   0.03283,   0.04683,  -0.02495,  -0.02670,   0.03633,  -0.06697,   0.00131,   0.09060,   0.01882,   0.04858,   0.03633,   0.05209,   0.01707,   0.09586,  -0.07922,  -0.05646,  -0.03195,   0.00131,   0.03283,  -0.03545,   0.02407,  -0.00044,  -0.02495,   0.00657,  -0.02495,  -0.01094,   0.00832,  -0.00044,   0.01882,   0.03108,  -0.05471,   0.03283,   0.01882,  -0.03896,   0.01007,   0.10461,   0.01357,  -0.06872,   0.16589,   0.02582,  -0.07572,  -0.03896,   0.06434,   0.08010,   0.01882,   0.02407,  -0.02670,   0.01182,   0.03458,   0.00832,  -0.11774,  -0.01970,   0.01532,  -0.02145,   0.05209,   0.01707,  -0.02320,   0.01882,   0.12212,  -0.00044,   0.05034,  -0.08273,   0.02582,  -0.02320,  -0.08973,   0.04333,  -0.00044,   0.02407,   0.04508,  -0.10199,  -0.04246,   0.02057,  -0.01444,   0.06959,  -0.01970,  -0.11249,   0.03283,  -0.04071,  -0.02145,  -0.00919,  -0.02845,  -0.07047,   0.08185,  -0.00219,  -0.00394,  -0.01620,  -0.05296,   0.06784,   0.09235,   0.07835,   0.07485,  -0.02145,  -0.00744,   0.01532,  -0.01269,  -0.06872,   0.08885,  -0.01444,  -0.03195,   0.04683,   0.02232,  -0.03721,   0.03808,   0.03808,   0.03808,  -0.03195,   0.07135,   0.03458,  -0.02845,  -0.06347,   0.04158,   0.07485,   0.06609,   0.04858,  -0.03195,   0.02582,  -0.15451,   0.03283,  -0.07747,   0.02057,   0.01357,   0.00481,   0.03283,   0.02057,  -0.00219,  -0.02845,  -0.04421,  -0.01795,  -0.00569,   0.05559,  -0.01444,   0.01007,   0.01707,  -0.08098,  -0.07572,   0.03458,   0.04333,  -0.04071,   0.02933,  -0.00919,   0.00306,  -0.00044,   0.04683,   0.04683,   0.00481,  -0.04421,   0.00832,  -0.02145,  -0.05822,   0.01707,   0.05909,   0.02057,  -0.00569,  -0.01620,   0.08710,   0.01532,  -0.00394,   0.05559,   0.01357,  -0.02670,   0.02933,  -0.06697,  -0.00569,  -0.02495,   0.01357,  -0.03721,  -0.00919,  -0.05997,  -0.08448,   0.00657,  -0.02320,  -0.10549,   0.00306,  -0.00744,  -0.03195,   0.00657,  -0.01094,   0.01532,  -0.05296,   0.02057,   0.02933,  -0.03896,  -0.02845,   0.05209,   0.05209,  -0.06697,  -0.06697,  -0.02145,   0.00306,  -0.02145,   0.02057,   0.02757,   0.04158,  -0.03896,  -0.01970,   0.08185,  -0.03195,   0.03283,  -0.03370,  -0.00919,  -0.00919,   0.00131,   0.02057,  -0.00919,   0.03633,  -0.06872,   0.01182,  -0.05646,   0.09060,   0.01532,   0.00657,   0.00131,   0.00832,   0.02933,  -0.03020,   0.02057,  -0.01620,  -0.04246,  -0.07397,  -0.03020,  -0.01620,  -0.08098,   0.04858,  -0.03721,  -0.00744,  -0.06522,  -0.05997,   0.02057,   0.01882,  -0.06172,  -0.01444,  -0.00569,   0.02407,  -0.05997,  -0.01269,  -0.03020,  -0.04596,  -0.05822,   0.00657,  -0.00219,  -0.01269,   0.02582,   0.06959,   0.00657,   0.01182,  -0.05997,  -0.03020,   0.04333,  -0.01269,  -0.03545,   0.06959,  -0.07572,   0.03458
  -0.04071,  -0.05121,   0.05734,   0.04683,  -0.03195,   0.00832,   0.01007,  -0.01970,  -0.02495,   0.05209,  -0.00919,  -0.02845,  -0.03545,   0.00657,  -0.07572,   0.00306,  -0.04421,   0.00306,  -0.00044,  -0.12124,   0.05559,  -0.03195,  -0.07047,   0.02933,   0.00131,   0.01357,  -0.01620,  -0.01094,   0.00306,   0.02757,   0.01707,   0.01532,  -0.01970,   0.05384,  -0.01094,   0.06959,   0.01532,  -0.03896,   0.04333,   0.01007,   0.04858,   0.01357,   0.01532,   0.03983,   0.05909,  -0.06872,   0.03983,   0.02057,  -0.00394,  -0.04421,  -0.02145,   0.01707,  -0.00219,  -0.00744,   0.04508,  -0.04421,  -0.08273,   0.05384,   0.01882,  -0.00044,   0.08185,   0.04858,   0.01182,  -0.04596,   0.07310,   0.01532,  -0.01444,  -0.02670,  -0.05121,   0.00481,  -0.00569,  -0.06522,  -0.05646,  -0.05646,   0.02232,   0.00657,  -0.00219,  -0.02320,  -0.05471,  -0.05997,   0.00481,  -0.03195,  -0.00569,  -0.01620,   0.01357,   0.02232,   0.01532,  -0.01795,   0.02933,  -0.05121,   0.02057,  -0.01444,   0.02933,   0.04858,  -0.04421,   0.00832,  -0.02495,   0.03633,  -0.03896,  -0.00394,   0.02757,   0.05384,  -0.02670,  -0.03195,   0.04858,  -0.01444,  -0.07922,   0.00481,  -0.02320,  -0.00219,  -0.02670,  -0.01970,   0.01357,  -0.01620,   0.03283,   0.03808,  -0.05997,   0.04858,  -0.00219,  -0.01620,  -0.03545,   0.01707,   0.01882,   0.02057,  -0.01795,   0.05559,   0.01357,  -0.00919,  -0.01795,  -0.09323,  -0.02845,   0.00306,  -0.06347,  -0.06872,  -0.02495,   0.04333,  -0.03545,   0.01882,   0.01007,  -0.04071,  -0.01444,   0.05559,   0.00306,  -0.00569,   0.02057,  -0.06872,  -0.03370,   0.01532,   0.02933,   0.00657,  -0.01970,  -0.00744,  -0.02320,  -0.10899,   0.02933,  -0.00219,  -0.01970,  -0.01970,   0.06609,  -0.05296,  -0.02845,   0.04333,   0.03458,  -0.02320,  -0.02495,  -0.02495,   0.02933,  -0.00219,   0.03983,  -0.03195,   0.05909,   0.01532,  -0.00394,  -0.04421,   0.00131,   0.00481,   0.03808,  -0.02495,   0.06609,  -0.06172,   0.08360,   0.00481,  -0.01795,  -0.03545,  -0.03721,  -0.00919,   0.07485,  -0.00919,  -0.01970,  -0.08098,  -0.06522,  -0.01094,  -0.03721,  -0.00044,  -0.02495,   0.04158,   0.00306,  -0.01620,  -0.01795,  -0.01970,   0.02582,   0.05559,   0.04158,  -0.01094,   0.00657,   0.00832,  -0.04771,  -0.04771,   0.02407,   0.02407,   0.00832,   0.05034,  -0.01620,   0.04158,  -0.00569,  -0.03020,  -0.05997,   0.06784,  -0.05997,  -0.01094,  -0.02845,  -0.00219,   0.00832,  -0.01620,   0.01182,   0.00306,  -0.02495,   0.03983,   0.06434,  -0.00044,   0.02582,   0.00832,  -0.03545,   0.07310,   0.04158,  -0.05646,   0.00832,  -0.02845,   0.01882,   0.09060,  -0.03721,   0.01707,   0.02407,   0.03108,  -0.11249,   0.00657,  -0.00219,  -0.00044,  -0.03896,   0.00832,   0.01007,   0.02757,  -0.02845,   0.01532,  -0.00919,   0.08535,   0.00481,   0.02757,  -0.01795,   0.03458,  -0.09848,  -0.00044,  -0.04596,   0.00481,  -0.06522,  -0.03896,   0.01707,  -0.01094,  -0.09673,   0.01532,  -0.05471,   0.02407,  -0.04771,   0.01882,  -0.04771,  -0.04421,  -0.03370,   0.02933,   0.06259,  -0.01620,  -0.01094,  -0.00044,   0.07135,   0.03808,  -0.00569,   0.02582,  -0.04596,  -0.02670,   0.04683,   0.00131,   0.02407,  -0.04946,   0.02057,   0.10286,  -0.02845,  -0.04071,   0.00657,   0.01182,  -0.00394,   0.03983,  -0.00744,  -0.01970,  -0.04246,  -0.04421,   0.02057,   0.08185,  -0.01444,  -0.01444,   0.01182,   0.01007,   0.06609,  -0.10199,   0.06434,  -0.01795,   0.01707,   0.00832,  -0.06522,   0.03808,   0.02757,  -0.05121,  -0.04771,   0.11161,  -0.03020,  -0.11599,  -0.02495,  -0.03020,   0.04508,   0.00832,   0.11336,  -0.02495,   0.01707,  -0.05121,  -0.01795,  -0.04771,  -0.02495,   0.00832,  -0.07397,   0.06959,  -0.00394,  -0.01094,  -0.03896,   0.00832,  -0.01970,   0.01707,   0.01007,   0.01882,  -0.00569,  -0.02670,   0.01532,  -0.03721,  -0.06347,   0.01532,   0.02933,  -0.01970,   0.09411,   0.02407,   0.03983,   0.04333,   0.04858,   0.01007,   0.01532,  -0.01795,  -0.01269,   0.01707,  -0.00919,   0.03458,  -0.05997,  -0.06347,   0.02232,  -0.01094,  -0.02320,  -0.01094,  -0.00919,   0.00481,  -0.07047,  -0.03370,  -0.04421,   0.04508,  -0.05471,   0.06959,  -0.03020,   0.03283,   0.01007,  -0.02145,  -0.01795,  -0.06347,  -0.00219,   0.01707,  -0.04421,  -0.06347,   0.01357,   0.04333,   0.04683,   0.04858,   0.05559,   0.02933,  -0.01620,   0.02933,  -0.03896,   0.02933,   0.03458,  -0.04246,   0.02933,   0.04333,  -0.00394,  -0.00919,  -0.06872,   0.00832,   0.00832,   0.06959,  -0.04596,   0.05209,   0.05384,  -0.01269,   0.02407,   0.00306,  -0.05822,   0.13613,  -0.00044,  -0.01094,   0.00131,  -0.01795,  -0.00219,  -0.01269,  -0.01620,   0.00832,   0.05034,   0.00481,   0.00131,   0.04333,  -0.00044,   0.00131,  -0.03545,   0.00131,  -0.06347,  -0.04071,  -0.05646,  -0.00919,   0.02407,  -0.04421,  -0.05646,  -0.08623,   0.05909,  -0.04246,  -0.00744,   0.00306,   0.05034,   0.00657,   0.03808,   0.01882,   0.01707,   0.05209,  -0.03721,  -0.03020,   0.03633,  -0.05471,   0.01357,   0.08010,   0.02757,   0.09411,   0.02582,  -0.00044,  -0.03896,  -0.05296,  -0.04771,   0.00306,  -0.03896,   0.05209,  -0.01620,   0.03808,  -0.07397,  -0.03020,   0.02057,  -0.00569,  -0.00394,  -0.05646,  -0.03545,  -0.07922,   0.05034,  -0.00919,  -0.01094,  -0.05646,  -0.01970,   0.01007,  -0.03896,  -0.00219,   0.02757,  -0.00219,   0.07835,   0.05909,   0.00657,  -0.03195,   0.00306,   0.03283,  -0.06522,   0.00306,   0.05384,  -0.04246,   0.00306,  -0.02670,   0.01882,   0.03633,  -0.04071,   0.04158,  -0.05822,   0.03983,  -0.01269,  -0.01094,   0.08535,  -0.01795,  -0.02145,  -0.01269,   0.01882,  -0.02670,  -0.01269,  -0.00919,  -0.03721,  -0.07047,  -0.06347,  -0.01795,   0.02757,   0.01882,  -0.03370,  -0.01444,  -0.01620,  -0.07747,   0.00306,  -0.00044,  -0.06872,  -0.03195,  -0.03896,   0.02407,   0.04158,   0.01707,  -0.06347,  -0.01094,   0.03633,  -0.04421,  -0.01444,  -0.01620,   0.01882,   0.09936,   0.05209,   0.00481,  -0.04071,  -0.03896,   0.04158,  -0.01269,  -0.04071,  -0.00219,   0.06259,   0.05034,   0.01182,  -0.01444,   0.03633,  -0.00744,  -0.00569,   0.01532,   0.03458,   0.07835,  -0.00394,   0.01357,  -0.04421,   0.01882,  -0.05121,  -0.07922,   0.00481,  -0.03020,   0.00832,  -0.03896,   0.12212,   0.00131,  -0.00394,  -0.04071,   0.02407,  -0.03020,  -0.03020,   0.03633,   0.00832,  -0.03020,  -0.00219,  -0.00219,   0.01532,   0.08010,   0.05909,   0.03983,  -0.03721,   0.01707,   0.02407,   0.01532,  -0.04771,   0.05384,  -0.00219,   0.01007,   0.06609,  -0.00744,  -0.00569,   0.02232,   0.04158,   0.01882,  -0.01795,  -0.08798,  -0.07222,   0.03808,  -0.00394,   0.04683,   0.01182,  -0.01795,   0.05559,  -0.00219,  -0.03545,   0.06259,  -0.05471,   0.06084,  -0.06522,  -0.01444,   0.05909,  -0.05296,  -0.05296,  -0.02145,  -0.07397,  -0.01269,   0.00832,  -0.01795,   0.02757,   0.00306,  -0.01444,  -0.00044,  -0.04246,   0.08885,  -0.04421,  -0.04771,  -0.08798,   0.00832,   0.01707,   0.01007,   0.06434,   0.08185,   0.04158,  -0.01795,  -0.06172,   0.04858,   0.02057,  -0.04771,  -0.02495,   0.06959,   0.00832,   0.04683,   0.02057,   0.09586,   0.03108,  -0.02670,  -0.01269,  -0.03195,  -0.03896,   0.03458,  -0.02320,  -0.05646,  -0.06172,   0.04333,   0.03283,  -0.00919,  -0.04596,  -0.02845,  -0.03195,  -0.04946,   0.03283,  -0.05471,   0.04333,  -0.03195,   0.11512,  -0.02845,   0.04683,  -0.00394,  -0.01094,  -0.00219,   0.01007,  -0.09498,   0.05734,   0.01532,  -0.00394,   0.01882,   0.01532,  -0.00219,   0.04333,  -0.02670,  -0.00744,  -0.06172,   0.12212,  -0.04246,   0.00832,   0.02582,   0.06259,  -0.02495,  -0.00219,  -0.02495,   0.00306,   0.02232,   0.03108,  -0.01094,   0.04333,   0.01882,  -0.00044,  -0.02845,   0.07835,  -0.02320,  -0.03195,  -0.01795,  -0.00744,  -0.03020,  -0.00569,   0.02232,   0.01357,   0.05909,  -0.00569,  -0.00394,   0.00657,   0.04858,   0.00131,  -0.00394,   0.00481,  -0.02320,  -0.05646,   0.06959,   0.04333,  -0.04771,  -0.01620,  -0.03721,   0.01182,  -0.04771,   0.05209,  -0.02495,  -0.03020,   0.03983,   0.04508,   0.01707,   0.00306,   0.02757,   0.06259,   0.07660,   0.04508,   0.04333,   0.05909,  -0.05121,  -0.01444,   0.00657,  -0.01094,  -0.06172,  -0.00044,  -0.03370,  -0.03545,  -0.05471,  -0.00744,  -0.07747,   0.04333,  -0.00394,  -0.06697,   0.03808,   0.03633,   0.02582,   0.02407,  -0.00394,   0.01007,  -0.04771,   0.05384,  -0.03020,   0.01707,  -0.04596,   0.05034,  -0.01269,   0.05559,   0.03108,  -0.00919,   0.02757,  -0.02145,   0.01707,   0.08185,   0.08885,  -0.01094,  -0.00394,  -0.02145,  -0.07222,  -0.01795,  -0.01620,  -0.06522,  -0.02495,  -0.08973,  -0.02495,  -0.07397,  -0.00394,  -0.04071,  -0.01269,   0.02933,  -0.02495,   0.03983,   0.01707,  -0.04246,  -0.01795,   0.04683,   0.06609,   0.00481,  -0.07397,   0.06434,  -0.02320,   0.00131,   0.00306,   0.02582,   0.03983,  -0.06522,  -0.00394,   0.00657,  -0.01970,   0.04683,   0.06259,  -0.03195,  -0.03195,  -0.01269,  -0.00744,   0.01882,   0.00832,   0.04508,   0.04858,  -0.00919,  -0.04246,   0.01007,  -0.02670,   0.00657,  -0.00219,   0.03983,  -0.00394,  -0.01620,   0.06434,   0.02757,  -0.05471,  -0.16326,  -0.07572,   0.00306,   0.04158,   0.00657,   0.09936,   0.00832,  -0.01795,   0.05559,   0.02057,  -0.00219,  -0.01620,   0.06434,  -0.00044,   0.02407,  -0.05296,  -0.04421,   0.00832,   0.03108,  -0.08098,   0.00131,  -0.03020,   0.05734,  -0.05296,   0.01357,   0.00832,   0.01707,   0.04858,   0.06084,  -0.05121,  -0.00394,   0.02757,   0.01707,   0.04858,   0.01707,  -0.01444,   0.06784,   0.02057,  -0.04771,   0.10811,  -0.05121,  -0.03721,   0.03458,  -0.01269,  -0.04771,  -0.00919,   0.05734,  -0.00919,   0.04508,   0.10111,  -0.01795,   0.03983,   0.05384,  -0.06872,  -0.01269,   0.05384,  -0.00044,  -0.03020,   0.02757,  -0.01269,   0.01182,   0.02757,  -0.00569,   0.08185,   0.01007,   0.02582,   0.02057,   0.00832,  -0.03195,  -0.01269,   0.00481,   0.00306,   0.02757,   0.00657,   0.04683,   0.01882,   0.00657,   0.03633,   0.00131,  -0.05646,  -0.01620,  -0.10023,  -0.07047,   0.02232,   0.01007,  -0.02670,   0.01182,  -0.01094,   0.00657,  -0.00219,   0.02757,  -0.01094,  -0.02495,   0.03808,   0.02232,   0.05209,   0.01182,  -0.04771,  -0.04596,  -0.00394,   0.00657,  -0.04071,   0.00657,   0.01182,  -0.09498,   0.05909,   0.00306,   0.00306,  -0.03545,   0.05209,   0.00131,  -0.01094,  -0.03020,   0.02232,   0.00832,   0.06259,  -0.03020,   0.01707,   0.04158,  -0.02320,   0.00832,   0.08885,  -0.03020,   0.08360,   0.01182,   0.04508,   0.02757,  -0.03195,   0.03808,   0.00306,   0.02057,  -0.03896,   0.02407,  -0.00919,  -0.00044,  -0.02145,   0.06259,   0.01532,   0.00306,   0.01707,   0.03808,  -0.02845,   0.03458,   0.03108,   0.01182,  -0.00394,  -0.08973,  -0.03195,  -0.07222,   0.03458,  -0.03896,   0.00306,   0.05034,   0.04508,   0.05034,   0.01707,  -0.01795,  -0.03721,  -0.04246,   0.05034,   0.00481,  -0.03370,  -0.05471,   0.02057,   0.02933,  -0.03020,   0.05384,  -0.02845,   0.00131,  -0.02320,   0.00481,  -0.04771,   0.03983,  -0.04596,   0.05734,  -0.03545,   0.04683,   0.03108,   0.04683,  -0.02670,  -0.01269,   0.01182,  -0.04071,   0.03283,   0.06609,  -0.01444,   0.03458,  -0.03195,  -0.07222,  -0.02320
   0.03983,   0.03108,   0.04858,   0.02232,  -0.01795,   0.01532,   0.06084,   0.06959,  -0.03370,  -0.07922,   0.04858,   0.01882,   0.04158,   0.00131,  -0.01094,  -0.03370,   0.06259,   0.02232,   0.06784,   0.00657,  -0.01795,   0.01182,   0.04683,  -0.13350,   0.04858,  -0.01970,   0.00131,  -0.06872,   0.01532,  -0.02495,   0.03458,  -0.04946,  -0.08098,   0.00481,   0.06959,   0.00306,   0.06609,  -0.11599,   0.06434,   0.08710,  -0.04946,   0.04508,   0.03633,  -0.00919,  -0.10549,  -0.01269,   0.06084,  -0.02320,  -0.04771,  -0.03545,   0.02057,   0.01532,   0.06434,  -0.00044,  -0.08798,   0.03458,   0.03108,   0.01182,  -0.02845,  -0.00919,   0.01532,   0.09235,   0.02232,   0.05734,  -0.05121,  -0.04071,  -0.02495,  -0.02845,  -0.03721,   0.00306,  -0.01620,   0.01357,   0.09060,   0.00832,   0.03633,   0.01182,   0.00131,   0.04683,   0.08535,  -0.03195,  -0.03545,  -0.01620,   0.00657,   0.00832,  -0.12124,   0.02232,   0.03458,  -0.04946,  -0.02320,   0.02232,   0.01707,  -0.03020,  -0.04771,  -0.00919,   0.03108,   0.00832,  -0.08448,   0.03633,  -0.03896,   0.06084,   0.08185,  -0.04596,  -0.01620,   0.10811,   0.06784,   0.04858,   0.05034,  -0.07047,   0.08010,   0.00657,   0.01532,  -0.03721,   0.01182,   0.02407,  -0.02145,  -0.00219,  -0.00394,   0.01007,  -0.08098,   0.06609,   0.03983,  -0.05997,   0.08360,  -0.04071,  -0.09848,   0.03108,  -0.09148,   0.13437,  -0.09148,   0.03283,  -0.04596,  -0.00394,   0.04333,  -0.03721,   0.04158,  -0.01795,  -0.01620,  -0.03545,  -0.02320,   0.07135,  -0.02320,  -0.05822,   0.04858,  -0.03545,   0.00481,   0.05209,   0.02232,  -0.05822,  -0.06347,  -0.04421,  -0.03370,   0.03108,   0.03808,  -0.02845,  -0.10199,  -0.05121,   0.09761,  -0.05471,   0.08360,  -0.02145,   0.01007,  -0.04596,  -0.02145,   0.06434,  -0.01620,   0.05209,   0.01882,  -0.01970,   0.06959,   0.04333,   0.05209,  -0.06172,  -0.01269,   0.02933,  -0.05997,  -0.00044,  -0.00219,   0.01882,  -0.02495,   0.01532,   0.06609,   0.01882,  -0.06697,  -0.04771,   0.03458,   0.06084,   0.03633,  -0.07922,  -0.01094,  -0.06522,   0.02757,   0.06434,   0.00131,   0.01357,   0.02057,  -0.01795,   0.10286,   0.11336,   0.05734,  -0.03195,  -0.07047,  -0.04071,   0.03633,  -0.00044,   0.07135,   0.01182,   0.03108,  -0.01269,  -0.03370,   0.03458,   0.04508,  -0.01094,   0.01532,   0.01182,   0.01357,  -0.04071,   0.02933,   0.05209,   0.04158,  -0.00394,  -0.02320,   0.03808,   0.02757,  -0.02845,  -0.03896,  -0.00569,  -0.03195,   0.07485,  -0.03370,  -0.04596,   0.02057,  -0.00219,   0.04508,  -0.01970,  -0.02145,   0.01707,   0.07135,  -0.01795,  -0.11599,   0.01707,   0.03283,  -0.03195,  -0.01620,   0.03633,  -0.01269,   0.00131,   0.01707,  -0.04946,   0.04508,   0.00131,   0.00832,   0.02407,  -0.05121,   0.10811,   0.01182,   0.00832,   0.00481,   0.06784,   0.01182,  -0.02845,  -0.03721,   0.03283,   0.00306,  -0.02670,  -0.06872,   0.04683,  -0.04071,   0.00481,   0.01357,  -0.02320,   0.01007,   0.01007,   0.05209,   0.00306,  -0.00219,   0.00131,   0.05034,  -0.04596,  -0.08098,   0.06259,   0.03633,   0.01882,  -0.06872,  -0.06347,  -0.01795,   0.05734,   0.00131,   0.01882,  -0.06522,  -0.01269,   0.00306,  -0.00394,   0.04858,   0.00306,   0.01007,   0.06959,   0.06434,   0.04683,   0.01707,  -0.07047,  -0.04596,   0.07660,   0.14138,   0.06784,   0.00306,   0.01707,  -0.08098,   0.00657,  -0.08448,   0.02057,  -0.00569,   0.07835,   0.02757,   0.01357,   0.02582,   0.01357,   0.02757,   0.01532,   0.04333,   0.02057,   0.00306,  -0.00044,  -0.00569,   0.08885,  -0.08273,  -0.03721,  -0.07047,   0.02757,   0.05209,   0.05209,  -0.03545,  -0.04946,  -0.02320,  -0.04421,   0.01182,   0.02757,   0.04683,   0.04333,  -0.02145,   0.03633,   0.09235,   0.00131,   0.00657,  -0.00919,   0.04508,  -0.01269,  -0.08798,   0.00832,   0.05384,  -0.01795,   0.06959,   0.10636,   0.02757,  -0.06697,   0.10811,   0.00481,  -0.06872,  -0.04946,   0.02757,  -0.00744,   0.03808,   0.01007,   0.00131,   0.05209,  -0.05822,  -0.01795,   0.06434,  -0.00044,   0.11336,   0.01182,  -0.00919,  -0.01970,  -0.00394,  -0.09848,  -0.01094,  -0.00219,   0.00131,   0.04508,  -0.05997,   0.01532,   0.01707,  -0.02320,  -0.00394,   0.00481,  -0.04421,   0.00306,  -0.07047,   0.10111,  -0.02495,   0.04683,   0.03983,   0.00481,  -0.05296,   0.03808,   0.04333,   0.02933,   0.01007,   0.04158,   0.03808,  -0.02845,  -0.01795,  -0.01094,  -0.00569,   0.07485,   0.02582,   0.01007,  -0.03020,  -0.08623,   0.01707,   0.05909,   0.01707,   0.01007,   0.08010,  -0.00569,  -0.02495,  -0.04596,   0.03108,  -0.07047,   0.01707,  -0.05121,   0.04858,   0.03983,  -0.00569,   0.06609,  -0.00394,   0.05384,  -0.00394,   0.01357,  -0.09148,  -0.01094,   0.01007,   0.06084,  -0.00219,  -0.02320,  -0.07222,   0.03458,   0.01182,  -0.01620,  -0.04421,  -0.01970,  -0.06872,   0.16239,   0.06784,  -0.01620,   0.00131,  -0.00744,  -0.00569,   0.03283,   0.05034,   0.01707,  -0.10549,   0.02057,  -0.04246,   0.11862,   0.01532,   0.06084,   0.02407,  -0.08273,   0.04683,  -0.07572,  -0.01269,   0.01182,   0.00306,   0.03808,   0.02582,  -0.02845,  -0.05471,   0.03283,   0.00306,   0.01532,   0.01882,   0.09060,  -0.04071,  -0.02845,  -0.02670,   0.00832,  -0.06347,  -0.04071,  -0.02670,  -0.00394,  -0.00744,  -0.00219,  -0.03545,  -0.02670,   0.04683,   0.12562,   0.00481,   0.07660,   0.02582,  -0.02495,   0.03633,   0.00131,  -0.03721,  -0.07922,  -0.02845,  -0.01795,  -0.06172,  -0.00919,   0.11336,   0.03458,   0.10286,   0.00657,  -0.00044,   0.00832,   0.01357,  -0.09673,  -0.04596,  -0.00569,  -0.02320,  -0.07572,   0.05384,  -0.00744,  -0.02320,   0.05909,   0.02057,   0.03108,   0.01182,  -0.01094,  -0.08273,   0.02407,   0.07660,  -0.02320,   0.01532,  -0.07047,   0.03458,  -0.01444,  -0.03721,  -0.00919,   0.00832,  -0.03195,   0.01532,  -0.00569,  -0.01970,   0.01182,   0.02582,   0.02407,  -0.01444,   0.02757,   0.03283,   0.02407,   0.01357,   0.01007,   0.03633,   0.01532,   0.00481,  -0.02845,  -0.08798,  -0.03020,   0.00306,  -0.04771,  -0.05296,   0.00306,  -0.04596,  -0.05822,   0.00657,  -0.05471,  -0.02670,   0.05034,  -0.01444,  -0.06347,  -0.03370,  -0.10199,   0.00481,   0.01007,   0.03983,  -0.02320,  -0.03545,   0.05559,   0.01357,   0.03458,   0.00481,  -0.00919,   0.03808,   0.05559,  -0.02845,   0.00657,   0.04158,   0.02933,  -0.00744,   0.02407,   0.01707,  -0.03020,   0.06959,  -0.04771,  -0.05471,  -0.00744,   0.00832,   0.02757,   0.01707,   0.08185,  -0.04246,  -0.00044,  -0.01269,  -0.05822,   0.06609,  -0.04071,   0.12387,  -0.06522,  -0.02670,  -0.01970,  -0.01444,   0.01182,   0.02757,  -0.09323,   0.03983,  -0.01620,   0.08885,   0.02933,  -0.00744,  -0.01970,   0.08710,   0.05209,  -0.04421,   0.04333,  -0.01970,  -0.01094,   0.05734,  -0.02670,   0.07485,   0.03808,   0.05209,   0.06609,   0.01182,   0.00832,   0.07835,   0.00481,  -0.02495,  -0.02320,   0.00832,   0.06784,   0.00832,   0.00832,   0.01182,  -0.02320,  -0.07397,  -0.00219,  -0.00394,   0.01532,  -0.03896,   0.07310,  -0.01269,   0.03283,  -0.03195,   0.02407,   0.00131,  -0.00744,  -0.01620,   0.02057,  -0.01795,   0.02232,  -0.10023,  -0.00394,   0.00306,   0.01707,  -0.01269,  -0.06522,   0.02933,  -0.01094,  -0.00044,  -0.08098,   0.05209,   0.09235,   0.01007,   0.03808,   0.04858,  -0.06872,   0.09060,  -0.00044,  -0.00569,  -0.03195,  -0.03721,  -0.07572,  -0.05296,   0.09586,   0.05734,   0.03108,   0.03633,   0.04683,  -0.09848,   0.00131,   0.04683,  -0.05997,  -0.04246,   0.02057,   0.02407,   0.03983,  -0.01269,   0.01532,  -0.02320,   0.10986,   0.02757,  -0.04071,   0.01182,  -0.01444,  -0.00569,  -0.00394,  -0.04246,   0.10111,   0.07135,  -0.01269,   0.02057,   0.01882,   0.06959,  -0.00394,   0.06784,  -0.03195,   0.00306,  -0.08973,   0.13437,  -0.03896,   0.04858,  -0.03020,   0.01882,  -0.01970,  -0.05121,  -0.05121,   0.04333,  -0.03370,  -0.05471,   0.02757,  -0.01970,   0.00657,  -0.03545,  -0.00219,  -0.05471,  -0.02145,   0.03808,  -0.07222,  -0.01444,   0.07485,  -0.00569,  -0.01444,  -0.07047,  -0.09673,   0.09586,   0.00306,   0.00657,  -0.07747,   0.02232,   0.06784,  -0.05997,   0.01357,  -0.04596,   0.09761,  -0.04246,   0.03983,   0.04333,   0.05559,  -0.06172,   0.00306,  -0.03195,  -0.05471,  -0.00394,   0.02232,  -0.03020,  -0.10549,   0.05909,   0.01882,  -0.07397,  -0.04071,  -0.04596,  -0.01269,  -0.02845,  -0.12300,  -0.03896,  -0.03370,   0.03633,   0.06434,   0.03458,   0.02757,   0.01707,   0.00481,   0.05734,  -0.07047,  -0.04421,   0.01182,  -0.05121,  -0.00044,   0.06084,  -0.07572,  -0.00919,   0.09235,  -0.01444,   0.06609,   0.00657,  -0.10724,   0.09936,   0.01007,  -0.05471,   0.05559,   0.01532,  -0.00744,  -0.02845,   0.03808,  -0.03370,   0.02407,   0.05209,  -0.00919,   0.14663,  -0.03721,   0.06784,   0.02232,   0.02232,  -0.08098,   0.04683,   0.05734,  -0.01970,   0.04508,  -0.07922,   0.04333,  -0.00394,  -0.00044,  -0.02670,   0.00306,   0.08710,   0.03633,   0.03283,  -0.05471,   0.03458,   0.06609,   0.06609,   0.04683,   0.02407,  -0.01094,   0.03983,   0.00657,   0.00131,   0.02232,  -0.05296,   0.05384,   0.06609,   0.01532,  -0.02145,  -0.00744,  -0.03020,   0.01357,  -0.02495,   0.03108,  -0.03721,  -0.03721,   0.01882,  -0.00919,   0.04333,  -0.04246,   0.03108,   0.00481,  -0.05997,  -0.14225,   0.19390,   0.00306,   0.10986,  -0.03370,   0.02582,   0.05559,   0.02407,   0.01007,   0.01882,   0.09761,  -0.06347,   0.11687,   0.09761,  -0.00044,   0.01707,   0.01532,   0.04858,   0.06259,   0.08710,   0.03458,  -0.00744,   0.01182,  -0.02320,   0.06784,  -0.03195,  -0.13525,  -0.01970,  -0.02670,  -0.00219,   0.01707,  -0.01269,   0.01357,   0.02232,  -0.06872,   0.12737,  -0.06872,   0.01532,  -0.07397,   0.03983,   0.04683,  -0.00919,  -0.01970,   0.01707,  -0.00919,   0.01882,  -0.01094,   0.02407,  -0.01444,   0.00832,   0.02407,  -0.08273,   0.10636,   0.06609,  -0.01620,  -0.05121,   0.03283,   0.00481,   0.00131,  -0.02845,  -0.04596,   0.06609,  -0.02670,  -0.00044,  -0.00569,   0.10461,   0.01707,  -0.05822,   0.06259,  -0.05296,   0.02933,   0.10111,  -0.03896,  -0.04071,  -0.04071,  -0.03545,   0.06084,  -0.02845,   0.00832,  -0.01444,  -0.01620,  -0.04071,  -0.07222,   0.00657,  -0.01795,   0.02582,   0.00131,  -0.05471,   0.01182,  -0.04246,  -0.00394,  -0.00394,   0.02057,   0.15013,   0.05909,   0.00481,   0.01182,   0.03983,   0.11336,  -0.03545,   0.04508,  -0.09498,  -0.01620,  -0.03545,  -0.05296,  -0.00394,  -0.07572,  -0.00744,  -0.03721,   0.03458,  -0.02145,  -0.01269,  -0.04771,   0.04683,   0.00657,  -0.02845,   0.01707,   0.02582,  -0.02320,  -0.05646,   0.00832,   0.00481,  -0.00044,  -0.02495,  -0.00919,  -0.05646,   0.05384,   0.13437,   0.03983,  -0.03370,   0.00832,   0.00657,  -0.01094,  -0.04596,  -0.00219,   0.06084,   0.01882,   0.04333,  -0.01444,  -0.05646,  -0.05296,  -0.01444,  -0.03545,   0.01007,  -0.04771,   0.02057,   0.02582,   0.00306,  -0.09323,  -0.00569,   0.07660,  -0.00569,   0.00131,   0.08710,  -0.06522,  -0.06347,   0.04508,  -0.05471,  -0.00919,   0.01007,  -0.02670,   0.05909,  -0.04596,   0.01007,   0.00832,  -0.00919,  -0.05471,  -0.05822,   0.02232,  -0.05646,  -0.10724,   0.02757,  -0.03195,  -0.00919,   0.03283,  -0.07047,   0.05034
   0.08010,   0.03283,  -0.00044,  -0.09673,  -0.00394,   0.06434,   0.00306,  -0.01620,   0.00131,   0.05909,   0.05384,  -0.04596,  -0.04246,  -0.03721,  -0.01094,  -0.03020,  -0.00569,   0.05734,   0.02057,   0.01357,   0.04858,   0.05909,   0.02933,   0.01357,   0.00832,   0.07485,   0.02757,  -0.05646,  -0.00394,  -0.00044,   0.01182,  -0.01795,   0.03633,   0.02057,  -0.02670,   0.01007,   0.03633,   0.04508,  -0.04246,   0.00131,   0.02407,  -0.01970,  -0.02845,   0.04508,  -0.00044,  -0.03896,  -0.05471,   0.07835,  -0.02495,  -0.01795,   0.00481,  -0.00569,   0.02757,   0.00832,  -0.02495,   0.02407,   0.08010,   0.04858,   0.04683,  -0.02670,  -0.04946,  -0.00219,   0.00131,  -0.04071,  -0.01094,  -0.01094,  -0.04771,  -0.00569,  -0.03545,   0.01707,  -0.03020,   0.00131,  -0.01795,  -0.02495,  -0.01620,   0.08535,   0.01007,   0.00306,   0.02757,   0.02232,  -0.00394,   0.04508,   0.03808,  -0.00569,  -0.00044,  -0.00219,   0.07835,  -0.01444,   0.05559,   0.01007,   0.00131,   0.00306,  -0.03896,  -0.08798,   0.02582,  -0.04771,   0.05559,  -0.04246,  -0.03721,  -0.01269,   0.02933,  -0.03020,   0.01182,   0.03108,  -0.02670,  -0.04071,   0.07485,  -0.05822,   0.07660,   0.02407,   0.10111,  -0.02495,  -0.03195,   0.02232,   0.02232,   0.02933,  -0.02495,  -0.01094,  -0.00569,  -0.02670,   0.02057,   0.04333,  -0.01970,  -0.04596,  -0.04596,   0.06784,   0.00131,   0.02057,   0.06784,  -0.06522,   0.14313,   0.03108,   0.02757,  -0.10899,  -0.02145,   0.00131,  -0.00219,   0.02057,   0.00657,  -0.04071,  -0.05121,  -0.00394,  -0.06872,  -0.03721,  -0.01094,  -0.04771,   0.07310,   0.02582,   0.08360,   0.00832,   0.03458,  -0.05296,  -0.03195,  -0.05121,  -0.00744,  -0.02495,  -0.02495,  -0.02320,  -0.01620,  -0.05471,   0.05034,  -0.00919,  -0.02145,  -0.00744,  -0.02495,  -0.05646,   0.05034,  -0.01269,   0.03283,   0.00481,   0.04158,  -0.10023,   0.01182,   0.04158,  -0.04246,   0.04508,  -0.04771,  -0.01269,   0.04683,  -0.00919,   0.03633,   0.03458,  -0.02845,  -0.03370,  -0.08098,   0.01182,   0.07660,   0.00832,  -0.03020,  -0.05471,  -0.04246,  -0.04596,  -0.03370,   0.06084,  -0.07747,  -0.01269,  -0.07047,  -0.03370,   0.05734,  -0.01795,   0.00306,   0.05034,  -0.05296,  -0.01094,   0.03808,  -0.00394,  -0.01444,   0.05209,   0.01182,  -0.04246,  -0.03195,   0.05384,   0.07135,  -0.01795,  -0.00394,   0.03108,  -0.01444,   0.05384,  -0.02845,   0.00131,  -0.01444,  -0.08098,   0.02933,   0.00306,   0.08185,  -0.02145,  -0.02495,   0.00306,  -0.03195,  -0.05646,   0.01882,   0.01882,  -0.00219,   0.06784,  -0.03721,  -0.06697,   0.01532,  -0.00044,   0.08185,  -0.03020,   0.09586,  -0.07922,  -0.04596,  -0.07397,  -0.03545,   0.00832,   0.06784,   0.01882,  -0.00394,  -0.01795,  -0.01620,  -0.01444,  -0.04771,   0.02057,  -0.03721,  -0.00919,   0.07660,   0.04683,   0.03983,   0.02582,  -0.01620,   0.02407,   0.09936,   0.01182,   0.01882,  -0.02845,  -0.00219,   0.13613,  -0.05121,  -0.05296,  -0.00569,  -0.05121,   0.00131,  -0.01444,  -0.02495,   0.03108,  -0.00219,  -0.03545,  -0.02145,  -0.03020,  -0.03545,  -0.01620,  -0.04421,  -0.02495,   0.00306,   0.00131,   0.01007,   0.01707,  -0.03020,  -0.00569,   0.03983,   0.01182,  -0.05121,  -0.06347,  -0.00219,  -0.00744,   0.01007,   0.05384,  -0.07222,   0.00306,   0.00481,  -0.06872,   0.00131,   0.00832,  -0.01795,  -0.08273,  -0.01269,   0.01357,  -0.06697,  -0.00744,   0.01532,  -0.00569,   0.03458,   0.08535,  -0.03195,   0.05034,  -0.04771,   0.00657,   0.04858,  -0.04071,  -0.00219,   0.00481,   0.02757,   0.02582,  -0.00919,  -0.00044,  -0.08973,   0.02582,  -0.03896,   0.00131,   0.01007,  -0.02320,   0.03983,  -0.06872,   0.01357,  -0.00219,   0.01182,   0.01357,   0.00306,   0.02757,  -0.04596,  -0.06347,  -0.00569,   0.03983,  -0.02495,   0.02933,  -0.00569,  -0.06347,  -0.01970,  -0.01620,   0.05209,  -0.06697,   0.00481,   0.05209,   0.06434,   0.02232,   0.05734,   0.00131,   0.08710,   0.01007,  -0.00569,  -0.01970,   0.02582,   0.04508,  -0.07047,  -0.01444,   0.00481,  -0.04596,   0.03458,  -0.02495,   0.00306,   0.05034,   0.00657,  -0.01444,  -0.05471,  -0.04596,   0.03108,  -0.00919,  -0.04246,  -0.04421,   0.06784,   0.07660,  -0.03020,  -0.05471,   0.03108,   0.01707,  -0.01970,  -0.00394,   0.05909,   0.05384,   0.01182,   0.05909,  -0.00219,   0.01357,  -0.00219,  -0.11249,   0.01532,  -0.00569,   0.03808,  -0.05471,   0.06084,  -0.03195,  -0.06522,   0.00306,   0.01707,   0.04508,  -0.05822,  -0.05296,  -0.03896,   0.09235,  -0.00744,   0.00832,   0.05559,  -0.01094,  -0.03896,  -0.04771,  -0.03370,  -0.04421,  -0.03545,  -0.01795,  -0.02670,   0.01007,  -0.02320,  -0.00569,  -0.05296,   0.02407,  -0.03195,   0.00481,  -0.06697,   0.03283,  -0.02320,   0.06259,   0.00131,   0.01882,   0.05034,  -0.01444,  -0.01094,  -0.00744,   0.01357,   0.00657,  -0.04246,  -0.03721,   0.01707,  -0.01970,   0.02757,   0.00131,  -0.07747,   0.02407,   0.08885,   0.02407,  -0.00919,   0.03108,  -0.00394,   0.00306,   0.00832,  -0.04596,  -0.07572,   0.06959,   0.02933,  -0.01444,   0.02582,   0.02407,  -0.01620,   0.05559,  -0.05471,   0.02057,   0.06609,  -0.00219,  -0.03545,   0.00131,  -0.02845,   0.00832,  -0.06172,  -0.00219,  -0.00044,   0.01882,  -0.01620,   0.04508,   0.08535,  -0.03020,   0.04508,  -0.00394,   0.00657,  -0.07747,  -0.04246,  -0.01620,   0.05384,   0.05559,  -0.03721,   0.02407,  -0.03545,   0.02232,   0.01532,  -0.04246,  -0.02145,   0.01182,   0.02407,   0.02933,  -0.03370,   0.05559,  -0.09673,  -0.01444,  -0.01444,   0.01007,  -0.00219,   0.00657,   0.02407,  -0.03896,   0.00657,  -0.00044,   0.01357,   0.01007,  -0.00919,  -0.01795,   0.02757,  -0.00394,  -0.01094,  -0.00219,   0.03283,   0.02232,  -0.00394,  -0.03896,   0.01007,   0.03458,   0.01707,   0.03983,  -0.02845,  -0.02145,   0.01007,  -0.00044,  -0.05646,   0.03458,   0.03633,   0.07310,   0.05384,  -0.02145,  -0.08623,   0.08010,  -0.01269,   0.05034,   0.01007,   0.01882,   0.09936,  -0.00569,  -0.01795,  -0.06347,  -0.06697,   0.02057,  -0.04946,  -0.07747,  -0.00569,   0.00657,  -0.03896,  -0.05296,   0.01357,   0.03458,  -0.03896,   0.03808,   0.02232,  -0.04946,   0.00131,  -0.06872,   0.01182,  -0.01795,   0.00481,   0.03808,  -0.00569,  -0.02320,  -0.03721,  -0.00219,  -0.01620,  -0.03195,  -0.03896,  -0.00569,  -0.00394,   0.05384,  -0.01094,   0.02232,  -0.00394,  -0.00569,   0.01357,   0.07310,   0.06434,   0.02407,   0.00131,  -0.00569,  -0.00569,   0.02057,   0.03633,   0.03458,   0.05384,   0.04333,  -0.00219,   0.05734,   0.03283,  -0.01444,   0.02232,  -0.00569,  -0.00569,  -0.03020,  -0.09673,   0.03983,   0.04683,   0.02757,  -0.12825,   0.01707,   0.03983,  -0.03370,   0.02407,   0.06259,   0.00481,  -0.02670,  -0.05822,  -0.06347,   0.02057,  -0.03370,   0.00832,  -0.00919,   0.03283,   0.00131,   0.02057,  -0.01444,   0.02757,   0.02407,  -0.07222,   0.02057,   0.02232,  -0.07047,  -0.00744,   0.04158,  -0.04071,  -0.07572,   0.02232,   0.02407,  -0.01620,   0.04858,   0.02933,   0.03283,   0.00306,   0.06609,  -0.07397,  -0.03020,   0.04858,   0.05734,  -0.06697,  -0.04071,   0.06609,   0.00657,   0.05209,   0.01007,   0.02933,  -0.04421,  -0.09323,   0.03633,  -0.01094,   0.04858,   0.00832,  -0.08273,   0.01532,  -0.02495,  -0.00219,   0.04508,   0.02582,  -0.07222,  -0.05997,   0.02933,   0.02232,   0.05559,  -0.01444,   0.00306,  -0.06522,   0.03983,   0.08185,  -0.07922,  -0.03896,  -0.02495,  -0.05296,  -0.05121,   0.01182,  -0.06347,   0.06609,   0.01182,  -0.05997,  -0.05296,   0.07135,   0.05209,   0.01182,   0.04858,  -0.00569,   0.04508,   0.03458,  -0.02320,  -0.00569,   0.05909,  -0.00044,   0.04333,   0.03108,  -0.01094,   0.01532,  -0.01269,   0.05034,   0.02757,   0.00131,  -0.04246,  -0.02495,  -0.02320,   0.04333,   0.03633,   0.04683,  -0.01795,  -0.01094,  -0.00044,  -0.01444,   0.02407,  -0.00219,  -0.03896,  -0.04946,   0.01707,  -0.02145,  -0.00219,  -0.05822,   0.04858,  -0.01444,   0.08535,   0.01182,   0.03808,  -0.01269,  -0.02670,   0.01707,  -0.03721,   0.01882,  -0.07922,  -0.01795,   0.00306,  -0.00744,  -0.02670,  -0.07047,   0.03633,   0.03633,   0.02582,  -0.01620,   0.07835,   0.01532,   0.05734,  -0.01970,   0.07135,  -0.00919,  -0.05822,  -0.04596,   0.03283,  -0.00744,   0.01182,  -0.02320,   0.07310,  -0.04946,  -0.04596,  -0.03020,  -0.04246,  -0.02670,   0.03458,   0.05909,  -0.01620,  -0.01094,   0.02757,  -0.01620,  -0.02145,   0.04508,  -0.08098,   0.01007,  -0.03195,   0.01707,   0.02057,  -0.06522,   0.00832,  -0.01269,  -0.06347,   0.07485,  -0.02145,  -0.07047,  -0.04246,   0.02582,  -0.00219,   0.00131,   0.04508,   0.03983,  -0.03721,   0.01532,  -0.03020,  -0.00044,   0.04508,   0.02582,  -0.04246,   0.08710,   0.01007,  -0.01970,   0.00832,   0.03283,  -0.00044,   0.01532,   0.01357,  -0.05822,  -0.02320,   0.06259,  -0.02495,  -0.02670,   0.05034,  -0.03545,  -0.07747,   0.04333,   0.05559,  -0.01970,   0.03458,  -0.03370,   0.02057,   0.01182,   0.06259,  -0.02845,  -0.03195,  -0.02495,   0.05734,  -0.02145,  -0.06697,  -0.01795,  -0.10023,   0.06259,  -0.07572,   0.00832,  -0.01094,   0.09936,  -0.00744,  -0.00569,  -0.00569,  -0.06872,  -0.07397,   0.08010,   0.01007,  -0.02670,  -0.02495,  -0.00744,   0.02057,   0.05384,  -0.02320,   0.01182,   0.05734,  -0.04596,   0.00131,   0.02057,   0.03633,  -0.03195,  -0.02145,   0.07660,  -0.03370,   0.02057,   0.05209,  -0.03721,   0.01532,  -0.00044,  -0.12124,   0.05034,   0.00306,   0.06259,  -0.01795,  -0.01094,  -0.02320,  -0.01795,  -0.06697,   0.03458,  -0.03545,   0.01182,  -0.03020,  -0.02670,   0.06084,  -0.01444,   0.02407,  -0.03545,   0.00481,  -0.01795,  -0.04596,   0.08710,  -0.01620,  -0.01269,  -0.05121,  -0.03370,  -0.01269,   0.01707,   0.02933,  -0.01269,  -0.03195,  -0.01620,   0.01007,  -0.02495,   0.03283,   0.01532,   0.00481,  -0.02145,  -0.00744,   0.07660,   0.01182,   0.02407,  -0.02670,  -0.00569,  -0.00219,  -0.00044,   0.00832,   0.05209,   0.00832,   0.02757,   0.03633,  -0.03370,   0.00306,  -0.06172,  -0.03721,  -0.03545,   0.06609,  -0.02320,   0.06959,  -0.05822,   0.00131,   0.08535,  -0.04246,  -0.00744,  -0.02845,  -0.03721,  -0.02845,   0.00657,  -0.02495,  -0.01444,   0.06434,  -0.03370,  -0.04421,  -0.01970,   0.00306,  -0.00744,   0.06434,  -0.01094,   0.07485,  -0.04071,  -0.02845,  -0.00044,  -0.03896,  -0.02495,   0.00832,   0.00657,   0.04158,  -0.00394,   0.02057,   0.03283,  -0.01970,   0.01182,   0.04158,  -0.04771,  -0.00044,  -0.03020,  -0.05121,  -0.00219,  -0.04421,   0.05559,  -0.01444,   0.01882,  -0.01444,  -0.03020,   0.01357,  -0.08623,  -0.02145,   0.02057,  -0.03896,   0.03633,   0.05909,   0.05209,  -0.09498,   0.02232,  -0.07047,  -0.06522,  -0.08273,   0.01007,  -0.03020,   0.01707,   0.01182,   0.00131,  -0.00569,   0.00131,  -0.02320,  -0.04771,  -0.01970,   0.01707,   0.03633,  -0.02670,  -0.03545,  -0.02495,  -0.02670,  -0.01094,  -0.05296,  -0.00744,  -0.03370,   0.00657,   0.01357,  -0.00219,  -0.02145,   0.04683,   0.03633,  -0.01444,   0.01707,   0.08185,   0.02757,  -0.04246,  -0.04946,   0.06784,   0.01882,   0.00306,   0.02757,  -0.00219,  -0.05296,  -0.03896,  -0.00394,  -0.00394,   0.04158,   0.04508,   0.04508,  -0.00219,  -0.02670,  -0.02670,  -0.03545,  -0.03370,  -0.04596
  -0.08273,  -0.03370,  -0.01620,  -0.07922,   0.05559,   0.01007,  -0.00219,   0.01707,  -0.00744,   0.00832,  -0.02320,  -0.01795,  -0.00394,   0.02407,   0.09411,   0.09936,   0.07485,  -0.01269,  -0.03370,   0.03983,   0.02057,   0.01182,  -0.00044,   0.00306,  -0.04246,   0.01182,   0.04508,   0.05034,  -0.00569,   0.00481,   0.00481,   0.00657,  -0.01269,  -0.05646,   0.03108,  -0.01269,   0.03108,  -0.02495,  -0.00744,  -0.04246,   0.05384,  -0.00919,  -0.00219,   0.01182,  -0.00569,   0.01182,   0.01707,   0.07485,  -0.02495,  -0.01094,  -0.04246,  -0.03195,  -0.01094,  -0.05997,   0.04508,   0.04683,   0.03983,  -0.00744,  -0.05997,  -0.00569,  -0.03896,  -0.01970,  -0.01444,  -0.01444,  -0.01795,   0.02407,  -0.10899,   0.06609,  -0.06872,  -0.02670,  -0.05296,  -0.07222,   0.02232,  -0.00044,   0.02933,   0.03283,   0.01532,  -0.03896,   0.03283,  -0.06172,   0.00832,  -0.01970,  -0.02145,  -0.02845,  -0.00219,   0.01007,  -0.05121,  -0.00394,   0.06959,   0.00657,  -0.00919,  -0.01269,   0.01532,  -0.07222,  -0.01444,  -0.04946,   0.06259,  -0.00919,  -0.06347,  -0.02320,   0.01707,   0.10111,   0.06784,   0.00481,  -0.05997,   0.06609,  -0.00744,   0.00832,  -0.04771,   0.01007,   0.03283,   0.01882,   0.02232,  -0.01444,  -0.01620,  -0.02845,  -0.05296,  -0.03020,   0.04683,   0.03283,   0.04858,  -0.02845,   0.00481,   0.02757,  -0.03545,   0.01357,   0.02757,   0.04333,   0.03808,  -0.04071,  -0.07047,   0.00832,  -0.03195,   0.03633,   0.02057,   0.02933,   0.02582,  -0.03545,   0.07310,  -0.01094,   0.04333,  -0.03545,   0.12037,   0.02057,  -0.05646,  -0.02845,   0.03633,  -0.04246,   0.01357,   0.05384,  -0.00219,   0.11512,  -0.04771,   0.02757,  -0.07222,  -0.01620,  -0.04771,  -0.01795,  -0.00219,   0.03283,   0.01707,   0.04683,   0.00832,  -0.05822,  -0.04246,  -0.01444,   0.00832,  -0.03195,   0.07135,  -0.02845,  -0.05121,   0.00481,   0.00832,   0.00306,   0.02407,   0.02582,   0.00481,   0.01532,   0.02232,   0.05734,   0.02757,   0.02057,  -0.05646,   0.08885,  -0.07572,   0.01882,  -0.02495,  -0.01094,  -0.03545,  -0.02320,   0.00131,   0.01532,  -0.03721,   0.00131,  -0.01970,  -0.00919,  -0.07047,   0.02757,   0.09060,  -0.10199,   0.03283,  -0.03020,   0.00832,  -0.01970,   0.04158,  -0.03195,  -0.05296,   0.03633,   0.04333,  -0.05121,  -0.02145,  -0.09848,  -0.05296,   0.03633,   0.03283,  -0.02670,   0.00131,  -0.00569,   0.09235,   0.01007,   0.02407,  -0.01094,  -0.03020,   0.00131,  -0.01444,   0.03283,   0.02933,   0.00481,   0.03808,   0.05384,   0.06609,   0.01532,  -0.02670,  -0.01444,  -0.00569,   0.04158,  -0.00394,  -0.00744,  -0.01620,   0.03283,   0.00131,   0.13788,  -0.06697,  -0.02495,   0.02057,   0.07135,  -0.00919,   0.00832,   0.02582,  -0.04421,   0.01007,   0.02057,   0.02757,   0.00832,   0.00131,  -0.00919,   0.02757,   0.01007,   0.02582,  -0.03721,  -0.00044,  -0.00919,  -0.04596,   0.01357,   0.02232,   0.02757,  -0.09498,   0.08360,  -0.02845,   0.03108,  -0.03721,   0.05034,  -0.00744,  -0.03020,   0.05384,  -0.01094,   0.05734,   0.04333,  -0.03370,   0.07835,  -0.00219,  -0.02145,   0.03983,  -0.04771,  -0.07397,   0.01707,   0.02057,   0.01357,  -0.05471,  -0.05822,  -0.03545,  -0.01620,   0.01357,  -0.03545,   0.00306,   0.03283,   0.04333,  -0.00744,   0.02057,  -0.02845,  -0.05822,  -0.00219,  -0.00044,  -0.04071,   0.02057,  -0.03370,   0.00832,   0.04158,   0.04333,   0.02933,  -0.00044,  -0.04421,   0.01357,   0.05034,   0.07310,  -0.01444,  -0.01620,   0.02407,   0.05034,  -0.01970,  -0.01795,   0.05384,  -0.03020,  -0.11949,  -0.00744,   0.01357,  -0.02670,   0.03808,  -0.00569,   0.00306,  -0.03896,   0.07310,   0.03108,   0.01357,   0.02582,  -0.03370,  -0.00919,   0.03458,   0.04508,   0.00306,  -0.05997,  -0.02495,   0.02757,  -0.02145,  -0.04071,   0.01532,   0.07485,   0.05909,  -0.00044,   0.01357,  -0.03020,   0.07310,  -0.03370,   0.01007,  -0.02495,   0.02057,   0.03983,   0.00131,   0.04158,   0.04158,   0.02057,   0.00657,   0.00131,  -0.03896,   0.00832,  -0.03020,   0.01357,   0.03983,  -0.03020,   0.03283,   0.08885,   0.00832,  -0.04596,   0.00481,   0.10811,  -0.04246,   0.03283,   0.01532,   0.08010,   0.04333,  -0.01620,  -0.00919,  -0.00919,   0.03458,   0.00306,   0.04858,   0.05209,   0.03808,   0.03983,   0.07485,   0.00481,  -0.01970,  -0.01970,   0.06784,   0.00306,   0.04158,  -0.03370,  -0.09673,   0.04858,   0.02407,  -0.01094,   0.02582,  -0.06347,  -0.02670,   0.07310,  -0.00744,   0.07310,  -0.04421,  -0.00394,  -0.00919,  -0.00569,  -0.05822,  -0.01444,   0.04333,   0.01007,   0.02757,  -0.00744,  -0.01094,   0.03983,  -0.05997,   0.04158,  -0.03545,  -0.01795,  -0.00919,   0.01007,   0.04683,  -0.03721,  -0.00744,  -0.00219,  -0.03721,  -0.00394,   0.06084,   0.05384,  -0.00744,   0.02757,  -0.04071,  -0.02845,   0.06784,  -0.01269,  -0.00569,   0.01707,  -0.00394,   0.03108,   0.09060,   0.04858,   0.03983,  -0.00569,  -0.01795,   0.06259,  -0.02845,  -0.02145,  -0.02845,  -0.00044,   0.00657,  -0.01444,  -0.12124,  -0.11249,   0.00481,  -0.01269,   0.07660,  -0.02145,  -0.07222,   0.08535,  -0.06172,  -0.05121,   0.00657,   0.04333,   0.05734,  -0.00394,  -0.06522,  -0.07922,  -0.03370,   0.04333,  -0.03896,  -0.00744,   0.09586,   0.05734,  -0.04246,  -0.00394,   0.01357,  -0.00569,  -0.04946,   0.01707,  -0.07047,  -0.13350,   0.02933,  -0.00044,  -0.07397,  -0.06697,   0.02232,   0.02232,  -0.00044,   0.03283,  -0.03195,   0.06784,  -0.01970,  -0.04596,  -0.00569,   0.01007,   0.05384,  -0.03896,  -0.03721,  -0.00394,  -0.08973,  -0.01269,  -0.00919,  -0.00919,  -0.04246,   0.07135,   0.03633,  -0.06522,  -0.02845,   0.06084,   0.00832,   0.02057,  -0.07922,   0.00306,   0.00306,  -0.01795,  -0.03370,   0.03808,   0.02407,   0.01357,  -0.04421,  -0.07572,  -0.03545,   0.03458,   0.00306,   0.03458,  -0.04071,  -0.02495,  -0.01269,   0.04158,   0.01707,   0.04158,   0.00832,   0.03983,  -0.00744,  -0.02845,  -0.00219,   0.01882,  -0.01094,   0.03108,   0.01007,   0.07485,   0.04508,   0.03633,   0.01357,   0.01007,  -0.01444,  -0.03896,   0.01182,   0.04333,  -0.00569,   0.03458,   0.05559,  -0.06697,  -0.08448,  -0.04596,  -0.01269,   0.00481,  -0.01444,  -0.02495,  -0.02320,   0.02757,   0.04158,   0.01357,  -0.00044,   0.03458,   0.01532,  -0.00744,  -0.03721,   0.01357,  -0.02670,   0.08885,  -0.05822,   0.06959,   0.01707,   0.06084,  -0.03721,   0.00832,  -0.01620,  -0.03896,  -0.03721,  -0.01795,   0.01707,   0.01357,   0.01882,   0.01707,   0.05209,   0.03108,   0.00131,  -0.00044,   0.04158,  -0.02845,  -0.01795,   0.00306,   0.05384,   0.03458,  -0.00744,   0.00481,  -0.01620,  -0.02670,   0.10111,  -0.06172,   0.08535,   0.01182,  -0.02320,  -0.00044,  -0.03195,  -0.02495,  -0.00044,  -0.00044,   0.01357,   0.04158,   0.02232,   0.04333,  -0.00744,   0.12212,   0.02057,  -0.03370,  -0.03545,   0.04158,   0.00131,  -0.00394,   0.04508,   0.06084,   0.01882,   0.02933,   0.03983,   0.05384,  -0.03195,  -0.02495,  -0.02145,  -0.03721,  -0.03896,  -0.01795,  -0.04071,  -0.00744,   0.05909,   0.01182,  -0.08973,   0.02232,   0.03108,  -0.04421,   0.05209,   0.01357,  -0.03545,  -0.01094,  -0.04421,   0.10636,  -0.04071,  -0.01970,  -0.02845,   0.01007,  -0.07047,  -0.11774,  -0.04421,  -0.02845,   0.03633,   0.05384,  -0.00744,  -0.04596,  -0.03195,  -0.00569,  -0.02495,  -0.09148,   0.00657,  -0.10199,  -0.03370,  -0.02320,   0.04858,  -0.07747,   0.06609,  -0.01094,   0.02933,   0.01182,   0.00131,   0.03108,   0.00657,   0.05209,   0.06259,  -0.01620,  -0.05121,  -0.04246,  -0.12475,   0.05734,  -0.01094,  -0.02495,   0.01532,  -0.04421,   0.02933,  -0.00219,  -0.03545,  -0.00569,   0.01007,   0.09936,  -0.02670,  -0.04946,   0.02407,   0.01007,  -0.01620,   0.00832,  -0.04771,  -0.03195,  -0.02320,  -0.03020,   0.00481,  -0.03195,   0.00481,   0.04333,  -0.06172,   0.02582,  -0.02670,  -0.02145,   0.00832,   0.05384,  -0.05121,  -0.00394,   0.06259,   0.05559,   0.03808,  -0.06347,  -0.06172,  -0.01444,   0.04333,  -0.02320,  -0.01795,   0.05034,   0.02232,   0.01532,   0.01357,  -0.07047,  -0.06872,   0.01182,   0.04683,  -0.04246,   0.02933,   0.05559,   0.01882,   0.03983,  -0.01094,  -0.00044,   0.01182,  -0.04771,  -0.00569,   0.09411,   0.00306,  -0.03020,  -0.01795,  -0.00394,   0.02232,  -0.04246,  -0.03545,   0.07135,   0.01532,   0.05034,  -0.01970,  -0.08448,  -0.00744,  -0.06872,  -0.01269,   0.07310,   0.06959,   0.08360,   0.01707,   0.02933,   0.00481,  -0.00044,  -0.06522,  -0.00744,  -0.02145,   0.02407,  -0.05646,   0.06259,  -0.04071,  -0.00394,   0.00131,  -0.02145,  -0.05121,   0.00481,  -0.05822,   0.03633,   0.01882,   0.00306,  -0.01970,  -0.03721,   0.00306,   0.04158,  -0.03721,  -0.05646,   0.01357,  -0.00219,   0.07835,   0.02757,  -0.00744,   0.04508,  -0.05997,   0.00481,   0.00306,  -0.03020,  -0.00744,   0.00481,  -0.02670,   0.02057,   0.04683,  -0.10199,  -0.00219,  -0.07572,  -0.01269,  -0.00919,   0.08885,   0.00481,  -0.01620,   0.00306,   0.01357,   0.01007,   0.05559,   0.04158,  -0.00044,   0.01532,   0.02407,   0.02232,  -0.02670,  -0.01094,  -0.01444,   0.11862,  -0.00744,   0.01007,   0.00306,  -0.09498,  -0.01444,   0.05034,  -0.01269,   0.07660,  -0.04071,  -0.05646,  -0.01444,   0.01182,   0.03283,  -0.04946,  -0.10374,  -0.04421,  -0.08798,   0.01007,   0.08885,   0.00832,  -0.04946,   0.02933,  -0.01970,  -0.07747,   0.07485,   0.03633,  -0.01620,  -0.02845,  -0.08098,  -0.01795,  -0.02320,  -0.00219,   0.01182,  -0.01269,   0.02232,  -0.00569,   0.06259,   0.03283,  -0.02320,   0.01882,  -0.01795,  -0.03020,  -0.01444,   0.04858,  -0.02145,  -0.02670,   0.00832,  -0.04946,   0.02582,  -0.03896,  -0.05121,   0.09411,   0.04858,  -0.01269,  -0.03020,  -0.02145,  -0.06697,  -0.04246,   0.03983,   0.00657,   0.01707,  -0.01795,  -0.05997,  -0.01094,  -0.05471,  -0.07222,  -0.02495,  -0.03195,   0.02582,  -0.04771,   0.01007,  -0.03545,   0.03283,  -0.04421,  -0.01970,   0.06259,   0.01707,  -0.03721,  -0.01795,  -0.06872,   0.03983,  -0.02145,   0.02933,  -0.03896,  -0.04071,  -0.03020,  -0.05646,  -0.03020,   0.05559,  -0.04596,  -0.01795,  -0.01094,   0.03633,   0.05559,  -0.05121,   0.04158,  -0.00044,   0.06084,  -0.05646,  -0.04071,   0.03283,  -0.04946,   0.04683,   0.00481,   0.00657,   0.03808,  -0.00219,   0.01532,  -0.03545,   0.03983,  -0.00219,  -0.01620,   0.00657,   0.05559,   0.05034,  -0.02670,   0.02933,  -0.05471,  -0.02495,   0.01007,  -0.04246,  -0.03020,   0.01707,   0.02582,  -0.00219,  -0.00919,   0.06259,   0.05559,   0.01882,  -0.05646,   0.00131,  -0.01444,  -0.00044,   0.03283,   0.00306,  -0.01094,  -0.13525,  -0.10023,   0.05034,   0.03283,   0.00306,  -0.07922,  -0.00744,   0.06959,  -0.05121,  -0.02670,  -0.01094,  -0.03195,   0.01182,   0.02933,  -0.00044,  -0.09148,   0.01357,  -0.02320,   0.02757,   0.09060,  -0.01620,  -0.01620,   0.05734,   0.06084,   0.01882,  -0.04246,   0.01182,   0.02757,   0.01707,   0.02057,  -0.06522,   0.05209,   0.02582,  -0.01620,  -0.01970,  -0.00919,   0.03458,   0.05734,   0.07835,  -0.03721,   0.01007,   0.01182,  -0.00219,  -0.00744,  -0.05822,  -0.00744,  -0.03545,   0.05034,  -0.08623,  -0.02845,  -0.01795,  -0.04246,  -0.00394,  -0.01620,   0.03633,   0.02582,   0.04858,   0.01007,  -0.02145,  -0.01970,  -0.04421
  -0.04071,   0.03283,   0.00131,  -0.01620,   0.00657,   0.06959,   0.03633,   0.03983,   0.06084,   0.01007,   0.02933,   0.01007,  -0.04246,  -0.03195,   0.05909,  -0.01444,  -0.03020,  -0.01795,   0.04333,   0.06259,  -0.04771,  -0.01094,  -0.01970,  -0.02145,   0.02407,  -0.01269,   0.14138,  -0.01444,  -0.00569,   0.05559,  -0.01444,  -0.01269,   0.03983,   0.05384,  -0.03721,  -0.04421,   0.06434,   0.04858,  -0.08623,   0.06084,  -0.05646,  -0.00569,   0.06784,  -0.01444,   0.02232,  -0.05997,  -0.03195,  -0.02845,  -0.02670,  -0.00919,   0.07485,   0.04158,   0.06084,   0.01357,   0.01182,  -0.08448,  -0.04596,  -0.00919,   0.00306,  -0.05471,  -0.00044,  -0.11249,  -0.02670,   0.06084,   0.02757,  -0.05646,   0.08710,  -0.00044,   0.01882,   0.03108,  -0.02145,   0.04683,  -0.03020,  -0.07922,  -0.03545,   0.10461,   0.04508,  -0.00919,   0.00131,   0.01182,  -0.02145,  -0.01269,  -0.03896,  -0.03020,   0.01707,   0.06434,  -0.05121,   0.04158,   0.06084,   0.02582,  -0.01094,  -0.08273,   0.01007,   0.02407,   0.03633,   0.02232,   0.02232,   0.06784,   0.02582,  -0.07922,  -0.02845,  -0.07572,   0.00131,  -0.01094,  -0.04071,  -0.00744,   0.05209,   0.02407,   0.04508,  -0.01269,  -0.04071,   0.02582,   0.05909,  -0.00919,  -0.01269,  -0.04596,   0.02407,  -0.00394,  -0.01444,  -0.03370,   0.03808,   0.01182,   0.04683,  -0.01094,  -0.03545,  -0.04946,   0.02933,  -0.01444,   0.05209,  -0.03545,   0.12912,  -0.05997,   0.10111,   0.09060,  -0.00569,  -0.02320,   0.04508,  -0.06522,  -0.02845,  -0.00919,  -0.06872,   0.00131,   0.04858,   0.01707,  -0.01094,   0.01357,  -0.06172,   0.01707,  -0.05646,  -0.00394,  -0.03020,   0.00131,  -0.05997,   0.09235,  -0.01269,  -0.02320,   0.24993,  -0.01795,   0.01007,  -0.01269,  -0.06697,   0.03983,  -0.01444,   0.00131,  -0.00569,   0.01007,   0.00481,  -0.06697,   0.04683,   0.01007,   0.07135,  -0.01444,  -0.01795,  -0.01620,  -0.07397,  -0.04246,  -0.00219,   0.06084,  -0.00569,  -0.03370,  -0.03545,  -0.00394,   0.07135,  -0.01094,  -0.08623,   0.01357,   0.02232,   0.12212,  -0.04421,  -0.01269,  -0.03020,   0.06434,  -0.06872,  -0.07747,   0.03808,   0.01007,   0.01882,   0.04158,   0.06434,  -0.00744,   0.03633,   0.00306,  -0.01444,   0.00481,   0.01882,   0.01707,   0.03633,  -0.09848,   0.09235,  -0.12124,   0.05209,   0.01357,  -0.01795,   0.03808,   0.03283,   0.03458,   0.02232,  -0.09323,   0.04333,  -0.03195,  -0.13175,   0.04158,  -0.02320,  -0.00219,  -0.05121,  -0.01444,  -0.00394,  -0.04421,  -0.01269,  -0.01795,  -0.03721,  -0.03020,  -0.07747,   0.01532,  -0.07047,   0.05384,  -0.03195,  -0.00219,   0.01007,   0.11161,   0.03808,   0.01357,   0.07660,  -0.04596,  -0.04421,   0.04158,  -0.01094,   0.09060,  -0.05296,   0.03458,  -0.01970,   0.00481,  -0.01970,   0.00657,   0.01882,  -0.00744,   0.01007,  -0.05646,   0.05034,  -0.04771,  -0.07922,  -0.03545,  -0.06522,   0.01357,   0.06784,   0.01707,   0.06084,   0.03633,   0.01357,   0.01357,   0.06784,  -0.02845,   0.00832,   0.01882,   0.01182,  -0.00219,  -0.03370,  -0.00569,   0.01707,   0.03108,   0.02407,   0.02757,  -0.01970,   0.05559,   0.06609,   0.01007,  -0.03195,   0.05559,  -0.05822,   0.00131,   0.09936,   0.02933,  -0.00219,  -0.03721,  -0.14576,  -0.03545,  -0.03721,  -0.00394,  -0.05471,   0.03458,  -0.00219,  -0.01269,   0.02057,   0.00481,  -0.03721,   0.06084,   0.00131,  -0.00219,  -0.03370,   0.06784,  -0.05997,   0.00131,   0.01532,  -0.02845,  -0.00744,   0.08535,   0.06784,   0.00657,   0.01357,  -0.03020,  -0.02670,  -0.00744,   0.04333,  -0.05822,  -0.08448,   0.05209,   0.00306,  -0.03370,   0.05209,   0.02232,  -0.00219,  -0.03020,  -0.04596,  -0.01795,  -0.01269,   0.00131,  -0.08623,   0.02057,   0.02232,  -0.01444,   0.15188,  -0.08448,   0.00481,   0.05734,   0.01357,  -0.00219,  -0.00744,   0.00306,  -0.05296,  -0.06172,   0.02582,  -0.00569,   0.03808,  -0.02845,  -0.03020,   0.03108,   0.02757,   0.02057,  -0.01094,  -0.04071,   0.04858,  -0.03721,   0.07310,  -0.01970,   0.02933,  -0.03545,   0.09411,   0.02407,   0.01532,   0.02057,   0.00657,  -0.02495,  -0.00044,   0.00306,   0.04858,  -0.00744,   0.02407,  -0.05646,  -0.02670,  -0.05997,  -0.00919,   0.01007,  -0.00744,   0.07835,   0.01882,  -0.04246,   0.01357,  -0.00744,  -0.04771,   0.03633,  -0.00219,   0.05209,   0.00306,  -0.01094,  -0.02845,  -0.01795,  -0.03545,  -0.06697,   0.10811,  -0.07747,  -0.06347,  -0.06522,   0.01882,   0.00306,   0.11862,   0.01707,  -0.05822,  -0.01269,  -0.03721,  -0.00044,  -0.02495,   0.03983,   0.03108,  -0.00569,   0.01707,  -0.08448,  -0.03545,  -0.01620,   0.03983,  -0.03896,   0.05384,  -0.04421,   0.01532,  -0.04071,   0.08535,  -0.01269,  -0.03195,  -0.00744,   0.13788,  -0.10724,   0.00832,  -0.03195,   0.00832,   0.00131,  -0.03896,   0.01882,   0.05209,  -0.01444,  -0.06172,  -0.08973,   0.05209,   0.02057,  -0.06872,   0.02582,  -0.04071,  -0.01970,   0.01007,  -0.07922,  -0.00744,   0.08360,  -0.02495,  -0.03896,  -0.03370,   0.03633,   0.07485,   0.03108,   0.03983,  -0.09323,   0.01707,   0.04508,   0.01357,  -0.00044,  -0.03896,  -0.03020,   0.01707,  -0.00744,   0.05209,  -0.03721,  -0.00569,   0.01882,   0.06784,  -0.00394,  -0.02495,  -0.01620,  -0.03896,   0.07660,   0.01182,  -0.03195,  -0.04071,  -0.04596,   0.00306,   0.04508,   0.03283,   0.01882,  -0.03721,  -0.00919,   0.04683,  -0.01795,   0.02407,  -0.01795,   0.07310,  -0.05121,   0.07485,  -0.03370,   0.03458,  -0.05646,   0.04683,  -0.01795,   0.02582,   0.01882,  -0.02495,  -0.00044,  -0.01269,  -0.02320,  -0.04071,  -0.02670,   0.00131,   0.00306,  -0.04771,   0.04333,  -0.04946,  -0.04596,  -0.02145,   0.04508,  -0.10899,  -0.05121,  -0.14576,  -0.00044,   0.01882,   0.04158,   0.06784,   0.06609,  -0.01620,   0.04683,  -0.01444,  -0.01094,  -0.07222,  -0.02845,   0.08185,   0.00657,   0.06084,   0.00657,   0.06259,   0.02057,  -0.02495,   0.00131,   0.03983,   0.04508,   0.05734,  -0.07047,   0.03458,   0.03983,  -0.02670,   0.05734,  -0.04246,  -0.04421,   0.03458,   0.01007,  -0.03020,  -0.02495,   0.05909,   0.04858,  -0.03545,   0.00832,  -0.01094,  -0.03370,  -0.06697,  -0.13350,  -0.04421,  -0.02670,  -0.01094,  -0.01094,   0.07660,  -0.01444,  -0.02320,  -0.04596,   0.03633,   0.03633,   0.05384,   0.00481,  -0.02670,  -0.03020,  -0.12475,   0.08885,  -0.02320,  -0.00744,   0.00131,   0.06434,   0.00131,   0.02407,  -0.10899,  -0.01444,  -0.03721,  -0.01444,  -0.05121,   0.03808,  -0.01444,   0.02232,   0.01007,   0.01182,   0.00481,   0.00832,  -0.04946,   0.04858,   0.00131,   0.03633,  -0.07047,  -0.04771,   0.01182,   0.03283,  -0.02320,  -0.04946,  -0.02495,   0.05559,  -0.03370,  -0.02320,   0.06084,  -0.05296,   0.05734,   0.00832,   0.05734,  -0.07747,  -0.00044,  -0.03370,  -0.06347,  -0.04946,   0.03108,  -0.07922,   0.00657,   0.04858,  -0.01970,  -0.01620,   0.01007,   0.02057,  -0.01269,   0.03108,  -0.01444,   0.05909,  -0.03195,   0.03108,   0.01882,   0.02933,  -0.03370,   0.02057,  -0.06347,  -0.01094,  -0.03370,   0.09060,   0.05734,   0.01357,  -0.06172,  -0.01970,  -0.00744,   0.02232,   0.07310,  -0.06872,  -0.05296,   0.02407,   0.02407,   0.00657,   0.00657,   0.07135,   0.00832,   0.02407,  -0.05121,  -0.00569,   0.01882,  -0.10199,   0.05384,   0.01882,   0.04333,   0.06609,  -0.03195,  -0.03195,  -0.04246,  -0.03896,   0.02232,  -0.01269,   0.01707,  -0.06522,  -0.04596,   0.05384,  -0.04421,   0.03808,   0.05909,   0.01707,  -0.04596,  -0.01094,  -0.05296,  -0.04946,  -0.04771,  -0.03896,  -0.06697,   0.08185,  -0.02495,  -0.01970,  -0.09673,  -0.06172,   0.00481,   0.02582,  -0.05471,   0.01007,  -0.00919,  -0.01970,  -0.02845,  -0.04946,  -0.05646,   0.09761,   0.01007,   0.09411,   0.06609,   0.05034,  -0.00569,  -0.03896,  -0.02845,  -0.07922,  -0.03195,  -0.07747,  -0.05646,   0.06259,  -0.04596,   0.06784,   0.00657,  -0.03545,   0.08710,   0.01182,   0.06084,  -0.02145,  -0.01620,   0.03983,   0.00306,  -0.03896,   0.04858,  -0.03195,  -0.05646,   0.00657,   0.01357,   0.04333,   0.05384,   0.01532,   0.05909,   0.03458,   0.07135,  -0.05471,   0.06784,  -0.07222,   0.04858,  -0.02495,  -0.01444,  -0.04071,  -0.01444,   0.01882,   0.11336,   0.06959,   0.00481,   0.02407,   0.05909,   0.02582,   0.06084,   0.00306,  -0.01620,  -0.01970,  -0.02845,   0.02232,  -0.09148,   0.03283,  -0.05646,   0.01357,  -0.10023,  -0.04071,   0.01182,  -0.00919,  -0.10899,  -0.03020,  -0.02845,   0.00481,   0.03283,   0.02057,   0.06434,  -0.05471,   0.08010,  -0.03195,  -0.05822,   0.06959,   0.02582,   0.05209,  -0.01269,  -0.02495,  -0.00044,   0.02232,   0.01707,  -0.00919,   0.07310,   0.06259,   0.01182,  -0.04946,   0.03283,   0.03458,  -0.07222,   0.01182,  -0.04596,   0.03633,   0.00657,  -0.02845,  -0.04421,   0.04333,   0.05909,   0.07660,  -0.03020,   0.03283,   0.01882,  -0.00569,  -0.11424,  -0.00394,   0.03808,   0.05034,  -0.04246,  -0.01094,   0.01707,  -0.03370,   0.01007,  -0.04421,   0.06084,   0.00657,   0.02407,  -0.00044,   0.01707,  -0.03195,   0.01707,   0.05734,  -0.03721,   0.01182,  -0.04421,  -0.00569,  -0.03721,   0.02407,  -0.01444,   0.00832,  -0.07397,  -0.02320,   0.13262,   0.01882,  -0.00394,   0.03633,   0.03108,  -0.06172,   0.05209,  -0.04946,   0.08885,   0.01882,  -0.08273,   0.02407,  -0.01970,   0.10286,   0.01182,  -0.00219,   0.00481,   0.03283,   0.05734,   0.02757,  -0.00219,  -0.03370,   0.01707,  -0.03896,  -0.00744,   0.01532,  -0.02670,  -0.02670,  -0.10023,   0.01532,   0.01007,   0.01182,  -0.01094,   0.01882,   0.00832,  -0.03545,   0.04158,   0.03633,   0.06434,  -0.02845,   0.05734,   0.00131,   0.03283,   0.01707,   0.02057,  -0.07397,   0.02757,   0.10111,  -0.00394,   0.02757,  -0.05997,  -0.00919,   0.13437,   0.00832,  -0.05121,   0.02407,  -0.02320,  -0.04421,  -0.04071,  -0.00219,  -0.02845,   0.00832,  -0.02145,   0.12562,   0.01357,   0.04158,  -0.03195,  -0.12475,   0.04508,   0.06259,  -0.00919,   0.03458,  -0.08798,   0.00481,  -0.06697,   0.06084,   0.01182,   0.07660,   0.04158,  -0.00569,   0.05734,  -0.05121,   0.02232,  -0.04946,   0.00131,  -0.01620,   0.08885,   0.06784,  -0.04421,  -0.02495,   0.01182,  -0.00919,   0.01707,  -0.06872,  -0.04771,   0.02933,  -0.04421,   0.01707,  -0.04071,  -0.07922,  -0.04771,   0.04683,  -0.02495,   0.01882,  -0.01094,   0.00832,  -0.04596,  -0.00569,  -0.04771,   0.02407,  -0.02495,  -0.02145,  -0.04771,  -0.03195,   0.06609,   0.04683,  -0.00219,  -0.02320,   0.04683,   0.03283,   0.03108,  -0.03896,  -0.06522,  -0.00569,  -0.02495,  -0.00744,  -0.06522,   0.02407,  -0.00219,   0.02933,   0.05209,   0.05559,  -0.08098,  -0.04071,   0.10986,  -0.04771,   0.02232,   0.04158,   0.00481,   0.03633,  -0.10899,  -0.02495,  -0.06522,  -0.00394,   0.05559,   0.00657,  -0.01795,  -0.07922,   0.02933,   0.03108,  -0.08973,   0.03633,  -0.05997,  -0.03721,  -0.01970,   0.06259,   0.04683,  -0.00044,   0.01707,  -0.04596,  -0.00044,  -0.09848,  -0.08098,  -0.04946,   0.01707,  -0.01970,   0.03808,   0.03108,  -0.00394,   0.03808,   0.09060,  -0.05646,   0.02757,   0.01007,   0.01882,   0.04508,   0.00832,   0.03808,  -0.05471,   0.00131,  -0.03545,  -0.04946,  -0.03896,   0.03633,   0.01357,   0.03808,   0.01007,  -0.03020,  -0.00744,   0.04683,  -0.01795,  -0.07572,   0.01707,   0.02582
   0.02757,   0.01707,   0.05384,   0.04158,   0.02057,   0.06259,  -0.08273,  -0.01620,  -0.01970,  -0.04071,   0.02232,   0.10111,  -0.01094,   0.01357,   0.00131,  -0.01795,   0.06259,  -0.02495,  -0.02495,   0.02057,  -0.05997,  -0.03896,  -0.02320,   0.04333,  -0.05121,  -0.04946,   0.04158,   0.00306,   0.01182,   0.04333,  -0.10549,   0.01182,   0.02057,   0.08185,   0.07835,  -0.00044,  -0.00569,   0.01357,  -0.00219,   0.03458,   0.02407,   0.07835,  -0.01795,   0.03283,  -0.00919,  -0.03721,   0.00306,  -0.00569,   0.03808,  -0.05997,   0.01532,   0.01532,  -0.06697,  -0.01620,   0.02757,   0.04333,  -0.04071,  -0.03195,  -0.05471,   0.05384,   0.02757,  -0.04596,   0.02582,  -0.00394,   0.01182,  -0.03896,  -0.01970,  -0.04946,  -0.03721,  -0.03896,  -0.01620,   0.02757,  -0.00219,  -0.00219,  -0.01444,   0.02933,  -0.02320,  -0.08623,  -0.01269,  -0.00569,  -0.03020,  -0.03721,  -0.01094,   0.06259,   0.03633,  -0.08623,  -0.02320,   0.03458,  -0.03721,   0.01707,   0.07310,   0.01707,  -0.03896,   0.00306,   0.04158,   0.00832,   0.02582,  -0.00219,   0.01182,   0.01707,   0.00131,  -0.01970,  -0.04421,   0.00481,   0.01532,   0.08885,  -0.04071,   0.02757,  -0.03721,   0.04858,   0.00832,  -0.03721,   0.06609,  -0.07047,  -0.07222,  -0.06697,   0.05734,   0.02582,   0.03983,   0.08010,  -0.03370,   0.03108,  -0.01795,  -0.01620,   0.08535,  -0.08973,   0.00131,   0.00131,   0.03983,   0.03983,  -0.09673,  -0.00219,  -0.05121,  -0.05121,  -0.00044,  -0.01970,   0.03108,   0.04158,   0.00481,   0.04158,  -0.01970,  -0.02495,  -0.02320,   0.06259,   0.07660,   0.09235,  -0.04071,  -0.02670,  -0.00044,   0.01707,   0.03458,  -0.03896,  -0.04946,   0.02582,  -0.00744,   0.05209,  -0.01444,  -0.00394,   0.05034,   0.04858,  -0.01269,   0.00481,  -0.04246,   0.07835,  -0.00219,   0.00832,   0.00657,   0.06784,  -0.03545,  -0.02495,   0.03808,   0.03633,   0.04683,   0.01882,   0.07135,   0.03983,   0.04333,  -0.05471,   0.05384,  -0.06522,   0.05734,  -0.01269,  -0.04946,  -0.01269,   0.02933,   0.04508,  -0.00744,   0.00481,  -0.01620,   0.05209,   0.03983,   0.05034,   0.06434,   0.05384,   0.01532,  -0.00919,  -0.03721,  -0.02145,   0.02407,   0.02057,  -0.02145,   0.02933,  -0.00044,   0.00832,   0.03983,   0.01532,  -0.01269,  -0.00919,   0.00481,  -0.03896,  -0.01795,   0.03458,  -0.02495,   0.05909,   0.01707,   0.03458,  -0.02145,   0.01532,  -0.06872,   0.01707,   0.06434,  -0.03370,  -0.03545,   0.03633,  -0.05646,  -0.03020,   0.01707,  -0.03195,  -0.03370,   0.02057,  -0.02845,   0.05559,   0.03983,  -0.00744,   0.07310,  -0.02320,   0.00832,  -0.00219,  -0.08973,  -0.04771,   0.03283,  -0.02145,   0.02057,  -0.08448,   0.00657,  -0.00919,  -0.01269,   0.06959,  -0.06172,   0.01882,   0.04508,  -0.05296,  -0.04946,  -0.04771,   0.06259,   0.02232,  -0.03721,  -0.00919,   0.02407,   0.08710,   0.02933,   0.04508,   0.03983,   0.04333,  -0.05296,   0.07660,   0.03458,  -0.05822,   0.04683,   0.02232,   0.01182,  -0.00744,  -0.00044,  -0.03370,   0.08010,   0.05384,   0.05384,   0.04158,  -0.02670,  -0.02320,   0.02232,   0.09761,   0.01532,   0.00657,  -0.05121,   0.05559,  -0.01094,   0.01182,  -0.06872,   0.00306,  -0.03195,  -0.05646,  -0.04071,  -0.06172,   0.05909,  -0.04421,  -0.04771,   0.07310,   0.01532,   0.02933,  -0.00044,  -0.03721,  -0.03020,   0.01707,  -0.04596,  -0.00219,  -0.01620,  -0.03370,   0.01532,   0.00832,  -0.07922,  -0.03721,  -0.03020,   0.05209,  -0.01620,  -0.04946,  -0.02145,   0.01532,  -0.00744,  -0.02845,  -0.03896,   0.01882,   0.10636,  -0.00744,  -0.00044,   0.00481,   0.08360,   0.04858,  -0.05471,  -0.00569,   0.01532,   0.06959,   0.02757,  -0.03721,  -0.04946,  -0.02320,   0.04508,  -0.05296,  -0.01444,   0.03108,  -0.06172,   0.04333,   0.02757,  -0.05296,  -0.06697,  -0.05121,  -0.00744,  -0.03020,   0.05034,  -0.04246,  -0.05296,   0.01357,  -0.02495,  -0.00394,   0.01007,  -0.01970,  -0.05646,  -0.00394,  -0.00569,   0.02933,  -0.05471,  -0.02320,   0.01882,   0.06434,  -0.05646,   0.00832,  -0.01444,   0.00306,   0.00832,  -0.02495,   0.03283,   0.02582,  -0.03545,   0.01007,   0.03108,  -0.02495,  -0.04596,  -0.05646,   0.00481,   0.01707,   0.05034,  -0.03020,  -0.05296,  -0.01795,  -0.02670,  -0.04071,   0.03458,  -0.01795,   0.00657,   0.02582,   0.01882,   0.04508,  -0.01970,  -0.03721,  -0.05471,  -0.00569,   0.01182,  -0.05822,  -0.06347,   0.04158,  -0.07747,   0.00832,  -0.05822,  -0.09498,  -0.03545,  -0.04946,  -0.00219,  -0.03195,   0.04158,   0.00131,  -0.03020,   0.00131,  -0.05121,   0.01357,   0.10986,  -0.04421,  -0.03896,   0.03983,  -0.02495,  -0.00044,   0.07660,  -0.00219,  -0.04596,   0.01532,  -0.00744,  -0.01094,   0.03808,  -0.08098,  -0.04071,   0.04683,  -0.06347,  -0.02845,   0.02933,  -0.04596,   0.02582,   0.01357,   0.05909,  -0.02145,  -0.01970,   0.01707,  -0.01269,  -0.03896,   0.01707,  -0.01269,  -0.00394,  -0.01795,  -0.03896,   0.02757,  -0.00919,  -0.06347,   0.02933,   0.00481,  -0.05646,   0.02407,  -0.03545,  -0.08098,   0.02407,   0.00657,   0.02757,   0.03983,   0.04333,  -0.10899,   0.01707,   0.03283,  -0.00044,   0.03108,   0.02057,  -0.01269,   0.02933,  -0.02845,  -0.01795,  -0.02670,  -0.01795,  -0.01269,   0.01532,  -0.01094,  -0.00744,   0.03808,  -0.00394,  -0.08448,   0.00481,  -0.07047,   0.02933,   0.06609,   0.04858,  -0.00919,  -0.01094,   0.02232,   0.03283,   0.01357,  -0.00394,   0.02757,   0.05034,   0.02407,   0.03633,   0.06434,   0.00481,  -0.00744,   0.06434,  -0.01444,   0.08185,   0.01707,   0.04858,  -0.02320,  -0.05822,  -0.00394,  -0.00744,  -0.04771,  -0.02495,   0.04333,  -0.02145,   0.00657,   0.05384,  -0.02670,   0.03808,  -0.03020,  -0.01970,   0.02057,  -0.03195,   0.07310,  -0.06522,  -0.05296,   0.03808,   0.03983,  -0.00044,   0.09235,  -0.04596,  -0.00044,  -0.00569,  -0.00044,  -0.03545,   0.01357,  -0.02145,   0.03458,  -0.05296,  -0.01620,  -0.02320,  -0.05646,  -0.00394,   0.03458,  -0.02320,  -0.00744,  -0.04946,   0.01182,  -0.00219,  -0.03370,   0.01007,  -0.00919,  -0.03896,   0.02232,   0.03633,  -0.05296,  -0.03370,   0.00657,  -0.08098,   0.03108,  -0.02145,  -0.04421,   0.03458,  -0.04946,   0.02933,  -0.02845,   0.05559,   0.02933,   0.01532,  -0.00394,   0.02582,   0.04333,  -0.01269,  -0.04596,   0.06259,  -0.03370,   0.04683,  -0.04946,  -0.01620,  -0.00569,  -0.01795,  -0.02670,   0.00481,  -0.05296,  -0.01620,  -0.02845,   0.04683,  -0.03020,  -0.06697,   0.06259,  -0.02670,  -0.04421,  -0.00044,   0.01532,  -0.02320,  -0.12825,   0.02057,  -0.02845,  -0.01444,  -0.03370,  -0.01269,   0.01182,   0.03633,   0.01357,   0.00657,   0.03283,  -0.05646,   0.00306,  -0.01795,   0.11862,  -0.04596,   0.02057,   0.05734,  -0.03545,  -0.02495,   0.03808,   0.04858,   0.01707,  -0.00569,  -0.03195,   0.02582,  -0.02145,   0.01532,   0.00306,   0.00131,  -0.05646,   0.03458,   0.00657,  -0.03020,   0.02582,   0.01182,  -0.02320,  -0.08623,  -0.02145,   0.03108,  -0.02495,  -0.01269,  -0.05296,  -0.04946,   0.04858,  -0.04071,   0.01357,   0.00131,  -0.06347,   0.03283,  -0.12825,   0.02057,   0.05034,   0.02407,   0.01357,   0.09060,  -0.03896,  -0.01620,  -0.02495,   0.03108,  -0.00569,   0.04508,   0.03108,  -0.06522,   0.02407,  -0.01094,  -0.07572,   0.01182,  -0.02670,  -0.06347,   0.00657,   0.02933,  -0.00569,   0.00131,  -0.02495,  -0.03721,  -0.07747,  -0.02845,   0.01007,   0.01182,  -0.01269,  -0.07397,  -0.00219,  -0.05997,  -0.00394,   0.01532,   0.01707,  -0.03020,   0.00306,   0.00832,  -0.03721,  -0.01444,  -0.02670,  -0.08973,   0.05909,   0.01357,  -0.07397,   0.08885,  -0.05471,   0.03983,  -0.02320,   0.04858,  -0.00744,  -0.04246,   0.02757,   0.00832,  -0.00744,   0.01357,   0.03633,   0.03283,   0.01007,  -0.00394,   0.01007,  -0.04421,  -0.02670,   0.04508,  -0.08973,  -0.01269,  -0.01444,   0.01357,   0.03283,  -0.05646,  -0.04771,   0.00481,   0.03983,   0.00657,  -0.00569,  -0.03721,   0.01007,  -0.12475,  -0.03896,   0.05034,  -0.00919,  -0.00744,  -0.02845,  -0.00394,   0.01007,  -0.05471,  -0.01094,   0.01007,  -0.02145,   0.06434,  -0.06347,  -0.01795,   0.02057,  -0.03020,   0.01707,   0.04158,   0.01532,   0.02582,  -0.04946,   0.05384,  -0.00744,   0.00306,  -0.01795,   0.01532,   0.01707,   0.02757,   0.02757,  -0.02495,   0.01882,   0.04158,   0.02232,   0.07135,   0.03983,  -0.00569,  -0.02845,   0.00832,  -0.01620,  -0.04246,   0.05034,   0.11161,   0.02582,   0.01882,   0.02582,  -0.00919,  -0.01094,   0.00832,  -0.01620,   0.02757,  -0.00044,   0.02582,  -0.04246,  -0.00919,  -0.02320,  -0.01970,   0.00131,   0.02057,   0.05034,  -0.04071,   0.03283,   0.04683,   0.08885,   0.01357,   0.00131,   0.02757,   0.04858,   0.07485,  -0.02845,   0.02933,   0.03458,  -0.01444,   0.04158,  -0.08623,  -0.00219,  -0.00394,   0.00131,  -0.03896,   0.00832,  -0.00744,   0.03633,   0.07485,   0.03633,   0.02057,   0.01182,  -0.11949,   0.02582,   0.01532,   0.07660,   0.05209,   0.01182,   0.04508,   0.04858,   0.04683,  -0.01970,   0.01532,   0.04333,  -0.05296,   0.02407,  -0.03195,   0.02232,  -0.03721,  -0.04071,   0.00481,  -0.02670,  -0.03195,  -0.01620,  -0.00044,  -0.03896,   0.02933,  -0.01795,   0.03983,   0.04333,   0.03808,   0.05909,  -0.00394,   0.02933,  -0.07572,   0.03108,   0.03108,   0.00306,   0.01182,   0.02407,  -0.00744,  -0.03896,   0.03983,   0.05734,   0.01357,  -0.00919,  -0.06697,  -0.01269,   0.01532,   0.06084,  -0.02670,   0.05559,   0.01882,   0.06259,   0.02933,   0.02407,  -0.08273,  -0.07047,  -0.01970,  -0.01094,   0.00306,  -0.04246,  -0.02495,  -0.01444,   0.02582,   0.01707,   0.05384,  -0.00219,   0.01007,  -0.05822,  -0.00394,  -0.03545,   0.05384,  -0.04596,   0.00481,  -0.04946,  -0.03896,  -0.04596,  -0.01970,   0.00131,   0.02933,  -0.05997,   0.04508,  -0.01444,  -0.03545,   0.00131,  -0.03195,  -0.02495,  -0.00219,   0.01882,  -0.13875,   0.04333,  -0.05471,   0.02407,  -0.00744,  -0.00394,  -0.03721,  -0.07572,  -0.03896,  -0.03020,  -0.00744,  -0.03195,  -0.09498,   0.10461,   0.04158,  -0.00744,   0.02057,  -0.03195,  -0.04246,  -0.04946,  -0.02845,   0.05734,  -0.04946,  -0.10549,  -0.04946,   0.00657,   0.02582,  -0.03545,   0.06784,  -0.01444,   0.06259,  -0.00744,   0.05909,   0.05384,  -0.05296,   0.01532,  -0.01444,  -0.03545,   0.02232,  -0.01269,  -0.01795,   0.04158,  -0.01094,  -0.08273,  -0.01269,   0.00657,   0.00657,  -0.00219,   0.07135,  -0.00394,  -0.01970,  -0.07047,  -0.04946,  -0.01269,   0.01357,   0.01707,  -0.03195,   0.02407,   0.05034,  -0.03545,  -0.00044,  -0.01620,   0.00306,   0.01882,  -0.02495,   0.04158,   0.02057,   0.00306,  -0.03195,  -0.03545,   0.04333,   0.00832,  -0.00219,   0.03283,   0.01357,  -0.01444,  -0.03896,   0.03633,   0.02057,   0.04508,   0.02582,   0.00481,  -0.01269,  -0.02320,   0.02407,   0.02757,  -0.02320,  -0.01094,   0.09761,  -0.00919,   0.06259,   0.02757,  -0.01970,  -0.05822,  -0.05121,   0.01882,   0.02232,   0.01882,   0.02057,  -0.05121,   0.08360,  -0.02495,  -0.03896,  -0.01620,  -0.01620,   0.04858,  -0.12124,  -0.06522,  -0.01620,  -0.00744,   0.01007,   0.01532,  -0.00919,  -0.03545,  -0.03195,  -0.05646,   0.05909,   0.04333,  -0.02845,   0.02407,   0.05909,   0.04858,  -0.03721,   0.03983,  -0.02495,   0.01532,   0.01707,  -0.04246,  -0.04596,   0.00657
  -0.04596,  -0.01444,   0.02057,  -0.08098,   0.00832,   0.05734,   0.03808,  -0.00219,   0.03983,  -0.02495,  -0.01970,  -0.07397,   0.00306,  -0.03721,   0.00657,  -0.03020,  -0.04771,  -0.06522,   0.05034,   0.01182,  -0.05822,  -0.00569,  -0.03020,  -0.05296,   0.07135,  -0.01094,   0.00131,   0.00657,   0.05209,   0.03983,  -0.05997,   0.02057,   0.00832,   0.04683,   0.07135,  -0.00394,   0.02757,  -0.01795,  -0.03370,  -0.03896,  -0.00219,   0.04683,  -0.00044,  -0.01970,   0.03458,  -0.04771,   0.09411,   0.12387,  -0.03896,  -0.02845,  -0.04771,  -0.00219,   0.12037,   0.03108,  -0.00394,  -0.02320,   0.03283,  -0.00044,  -0.01269,  -0.00394,   0.02057,   0.03633,  -0.02495,  -0.05822,  -0.00744,  -0.08798,   0.02407,  -0.01620,  -0.02145,  -0.00919,  -0.01094,  -0.07572,   0.06084,  -0.05471,   0.00306,   0.05034,   0.02582,  -0.00394,  -0.07047,  -0.00744,  -0.03545,   0.00657,   0.00131,  -0.05471,   0.01707,   0.03458,   0.03633,  -0.00394,  -0.02495,   0.01357,   0.00306,   0.08010,  -0.03195,  -0.03020,   0.01182,   0.01357,   0.01882,  -0.06347,  -0.01094,  -0.09148,  -0.00569,  -0.01620,   0.01532,   0.01357,   0.04158,   0.00657,  -0.01795,  -0.05471,  -0.04421,   0.01532,   0.00657,   0.00657,  -0.06872,  -0.00919,   0.06084,   0.02232,   0.00131,   0.04158,   0.02407,   0.00131,   0.00657,   0.04158,   0.02582,   0.07835,   0.01182,  -0.04771,   0.00131,   0.02232,   0.02757,   0.08185,   0.10986,   0.01007,  -0.00044,  -0.04596,  -0.07747,  -0.01795,   0.01707,  -0.00219,  -0.00219,   0.03283,   0.05209,  -0.01795,   0.00832,   0.02057,   0.01182,   0.04158,  -0.00569,   0.09060,   0.04683,   0.01357,   0.02232,   0.04508,  -0.00219,  -0.00044,  -0.08273,  -0.01444,  -0.05822,  -0.03545,   0.03633,  -0.06697,  -0.05296,   0.03283,   0.03108,   0.00306,   0.03808,  -0.00919,  -0.00744,  -0.03370,   0.03633,   0.06434,  -0.00044,  -0.00044,  -0.06172,   0.01357,  -0.03545,   0.06259,   0.01882,  -0.00569,  -0.01970,   0.06609,  -0.07572,   0.00832,   0.03983,  -0.00744,  -0.03195,  -0.04946,   0.00306,   0.03808,   0.02057,  -0.04771,  -0.01444,  -0.07047,   0.03108,  -0.04246,  -0.01620,  -0.03370,  -0.13175,   0.00657,  -0.01620,  -0.00744,   0.02407,  -0.05471,   0.03458,  -0.02845,  -0.02495,   0.02232,   0.02407,   0.03983,   0.04158,  -0.01970,   0.00131,  -0.00219,   0.03983,  -0.00569,   0.01007,  -0.04246,  -0.06347,  -0.01094,  -0.01269,  -0.03545,   0.00657,  -0.00569,  -0.03195,  -0.01444,  -0.01620,  -0.02670,  -0.01795,  -0.08448,   0.02757,   0.06259,   0.10636,  -0.02670,  -0.03020,  -0.01620,  -0.08273,   0.00131,   0.02933,   0.07135,  -0.05822,   0.01532,  -0.01094,  -0.08973,  -0.01269,  -0.04071,   0.08710,  -0.07222,  -0.04071,  -0.00919,   0.02057,   0.01182,   0.04333,   0.10986,   0.02757,  -0.02320,   0.01007,   0.02757,  -0.00919,  -0.06697,   0.01007,  -0.00919,   0.03983,   0.01532,   0.08885,  -0.07397,  -0.02670,  -0.05471,  -0.00219,  -0.00394,   0.11161,   0.04333,  -0.06172,   0.07660,  -0.00919,  -0.00044,   0.04508,  -0.03195,   0.06784,  -0.01444,   0.00481,   0.01357,  -0.00219,   0.05734,   0.02582,   0.01182,  -0.00394,  -0.04946,   0.10286,  -0.04246,  -0.00219,  -0.04246,  -0.01620,   0.01357,   0.06084,   0.05209,  -0.04246,  -0.04071,  -0.06172,   0.03808,  -0.00569,   0.03633,  -0.05822,   0.00131,  -0.02670,  -0.02320,   0.00481,  -0.02145,  -0.01795,  -0.00744,  -0.07047,   0.02933,  -0.05471,  -0.00919,  -0.01269,  -0.02845,   0.01007,   0.01357,   0.01882,  -0.02670,   0.02933,  -0.01094,  -0.01444,  -0.03545,   0.04683,   0.06784,   0.03108,   0.05734,  -0.01795,  -0.00919,  -0.01444,  -0.02670,  -0.00919,  -0.04071,   0.05734,   0.07310,   0.03808,   0.03808,   0.02407,   0.02057,  -0.04071,  -0.09498,   0.08710,   0.02582,   0.00306,   0.00832,  -0.07572,  -0.07922,   0.02757,   0.03458,   0.03283,   0.00306,   0.12037,  -0.00744,   0.05734,  -0.00744,  -0.05296,   0.05384,   0.08710,   0.02757,   0.01882,   0.00832,  -0.03896,   0.01707,  -0.02845,  -0.01094,  -0.07047,  -0.00744,  -0.01795,   0.02582,   0.01182,  -0.00569,   0.00131,   0.02582,   0.00832,  -0.04421,  -0.03545,  -0.01269,   0.03983,   0.01357,  -0.03896,   0.01182,  -0.01970,  -0.01795,   0.06084,   0.06084,  -0.02845,  -0.00219,   0.05209,   0.01007,   0.09411,  -0.06172,   0.02057,  -0.00394,   0.01182,  -0.04246,  -0.00744,   0.00481,  -0.01269,   0.05209,   0.04508,   0.03283,  -0.07047,   0.02057,   0.02232,  -0.05822,   0.06784,  -0.01269,   0.00131,   0.04333,   0.06959,   0.04508,  -0.04421,  -0.00569,   0.02757,  -0.04771,   0.00657,   0.01882,  -0.01970,  -0.05121,  -0.01094,   0.00832,   0.06959,  -0.03195,   0.05909,  -0.02845,   0.01357,  -0.01795,   0.01007,  -0.01620,  -0.00744,  -0.01094,   0.08185,  -0.00569,  -0.03370,   0.05909,  -0.07222,   0.08360,   0.10811,   0.02057,  -0.01970,  -0.02495,  -0.06347,  -0.00219,  -0.00919,   0.03108,   0.01882,   0.05559,   0.06259,   0.00832,   0.03633,  -0.05471,  -0.04771,  -0.06522,   0.01007,   0.03458,  -0.02320,   0.06959,  -0.01269,  -0.00744,   0.06784,   0.01357,  -0.08798,  -0.03896,   0.06784,   0.00306,   0.05209,  -0.00219,  -0.00394,   0.05559,   0.00657,   0.10461,   0.07660,  -0.01269,   0.05209,   0.01532,  -0.06872,  -0.02320,  -0.07047,  -0.03195,   0.05384,   0.02582,   0.05209,   0.07660,   0.09936,   0.00306,  -0.06347,   0.03458,  -0.05296,   0.01882,   0.00306,  -0.03545,  -0.01620,  -0.00044,   0.09586,   0.05384,  -0.01970,   0.04333,  -0.01620,  -0.04246,   0.12212,   0.02582,   0.06959,   0.05384,  -0.00044,   0.09936,   0.05209,   0.00481,   0.01182,  -0.05121,  -0.01094,  -0.06522,   0.05034,  -0.07747,  -0.01269,  -0.03721,   0.02757,  -0.06872,  -0.00044,  -0.01620,  -0.00044,  -0.05471,  -0.00744,   0.05034,   0.01707,   0.00657,  -0.02145,   0.03283,   0.01532,   0.01357,   0.09060,   0.00657,   0.00481,   0.08010,   0.01707,   0.05384,   0.01707,  -0.02845,  -0.00569,  -0.00919,   0.03808,  -0.07047,  -0.02670,   0.05384,   0.00306,   0.04683,  -0.01444,   0.04158,   0.04158,   0.06784,  -0.01795,  -0.01970,  -0.07047,  -0.00044,   0.08360,  -0.01620,  -0.04946,  -0.01444,  -0.00219,  -0.02145,  -0.04246,  -0.03195,  -0.00044,   0.03983,   0.00481,   0.02757,   0.02232,   0.03108,   0.05909,   0.02057,  -0.03721,  -0.03020,   0.01707,  -0.04596,  -0.00919,  -0.00919,  -0.02845,  -0.00219,  -0.02320,  -0.00569,  -0.03721,  -0.07047,   0.01007,  -0.04946,   0.02232,  -0.01970,   0.00657,  -0.02320,  -0.09498,   0.09060,  -0.06872,   0.03983,   0.07485,   0.02582,  -0.03896,  -0.03545,   0.02057,  -0.03020,  -0.04071,  -0.08098,  -0.07397,  -0.03020,   0.00832,  -0.02320,   0.02407,   0.05909,   0.09586,   0.02757,  -0.03370,   0.01182,   0.02407,  -0.00219,   0.05034,  -0.05997,  -0.04946,   0.02057,   0.03458,   0.06609,  -0.06697,  -0.07747,   0.06259,  -0.02670,   0.03108,  -0.07047,   0.02407,   0.02232,  -0.00219,  -0.06347,  -0.04246,  -0.00219,   0.05909,  -0.00219,  -0.02495,  -0.00044,   0.05034,   0.04158,  -0.02845,  -0.06172,  -0.03020,  -0.04246,  -0.01444,   0.02933,   0.10636,   0.04508,  -0.06697,   0.00131,   0.05209,   0.10111,   0.03633,   0.00832,   0.03108,   0.01707,   0.05384,   0.03633,   0.02582,   0.08010,   0.05209,  -0.05471,  -0.08098,   0.05209,  -0.03896,  -0.03545,   0.04508,  -0.08098,   0.00481,   0.02407,  -0.07222,   0.03108,   0.03808,   0.00832,  -0.00394,  -0.05121,   0.00832,   0.01707,   0.01532,  -0.03545,  -0.00044,   0.00832,   0.00832,   0.02232,  -0.01620,   0.00306,   0.00657,   0.03283,   0.04508,   0.02933,   0.05209,  -0.05121,  -0.04071,   0.04683,   0.02232,  -0.00219,   0.01182,   0.03108,   0.00832,   0.00481,  -0.01269,   0.00131,  -0.01094,  -0.06872,  -0.05646,   0.01007,   0.01357,  -0.01970,  -0.02145,  -0.04946,   0.02757,   0.04158,  -0.03195,  -0.01269,  -0.00919,   0.07835,   0.03108,  -0.10374,   0.00131,  -0.00219,   0.01007,  -0.06872,  -0.01795,  -0.03896,   0.00131,   0.00131,  -0.03370,   0.04858,   0.00832,   0.02057,  -0.03721,   0.03633,   0.09235,  -0.10023,  -0.01094,  -0.04946,   0.01532,  -0.07572,   0.09936,   0.06959,  -0.05997,  -0.03195,  -0.01094,  -0.01795,   0.01707,  -0.02845,   0.01532,   0.05559,   0.03633,  -0.00394,  -0.05822,   0.07835,   0.01532,  -0.02845,  -0.00044,  -0.00219,  -0.00744,  -0.04071,  -0.04596,   0.01007,  -0.02320,   0.02057,  -0.04596,   0.03108,   0.01182,   0.01707,  -0.06872,   0.00481,   0.05209,  -0.04771,  -0.02495,  -0.00919,  -0.05997,  -0.01269,  -0.15801,  -0.00919,   0.01007,   0.02407,  -0.07397,  -0.01444,   0.03283,   0.03808,  -0.00044,   0.03808,  -0.05997,  -0.04421,  -0.06522,   0.06784,  -0.04946,  -0.01444,   0.01882,  -0.03721,  -0.03370,   0.09235,   0.03633,  -0.08098,   0.00306,  -0.00744,   0.04508,   0.01007,  -0.03195,  -0.01094,  -0.05471,   0.00131,   0.01707,  -0.03721,  -0.01444,  -0.02845,  -0.07222,  -0.00919,  -0.01269,  -0.06872,  -0.00919,   0.03458,   0.01707,  -0.01269,   0.02057,  -0.01970,   0.02757,  -0.02845,   0.00832,   0.08535,   0.00131,  -0.01970,  -0.01444,  -0.00744,   0.08360,   0.02757,  -0.04771,  -0.02320,   0.07485,  -0.05822,  -0.04421,  -0.02845,  -0.01269,   0.06959,   0.00832,  -0.03195,  -0.06872,  -0.00394,   0.01357,  -0.00919,   0.03283,   0.02057,   0.04158,  -0.05822,  -0.05822,   0.04158,   0.01007,   0.02407,   0.09235,  -0.03370,  -0.03721,  -0.04596,   0.02582,  -0.02670,   0.01357,   0.04158,  -0.07047,  -0.04946,  -0.01795,   0.02933,   0.04508,   0.02057,  -0.01269,  -0.03020,   0.03458,   0.02232,  -0.03721,  -0.01970,   0.03283,  -0.02145,  -0.04071,   0.03983,  -0.00744,  -0.04246,  -0.02320,   0.02057,  -0.02495,  -0.04771,  -0.01795,  -0.01795,  -0.01269,   0.05384,  -0.02145,  -0.00044,  -0.03896,  -0.00394,   0.11336,  -0.05471,  -0.01620,  -0.02145,   0.04158,  -0.05997,  -0.01444,   0.01007,   0.01882,   0.06084,   0.01182,  -0.05471,   0.02582,  -0.00219,   0.03458,   0.02582,   0.00832,  -0.01444,   0.02057,   0.02232,  -0.05121,   0.14313,   0.00657,   0.03283,  -0.02320,   0.06609,  -0.03721,   0.02407,  -0.04246,  -0.04596,   0.02057,   0.00832,   0.00832,   0.04333,  -0.08273,  -0.02320,   0.00481,   0.03808,   0.01882,  -0.00394,   0.02582,  -0.01795,  -0.04946,   0.02407,  -0.00919,   0.05734,   0.03633,  -0.13175,   0.10636,  -0.01970,   0.03283,  -0.04246,  -0.01970,  -0.02845,   0.00832,  -0.05471,   0.00832,  -0.02145,   0.02232,  -0.01620,  -0.03020,  -0.00919,  -0.02845,  -0.02320,  -0.09148,  -0.02670,   0.01357,  -0.02495,  -0.00569,   0.04333,  -0.00044,   0.03283,  -0.07047,   0.10461,  -0.01444,   0.03983,  -0.02145,  -0.05822,  -0.03020,  -0.05121,  -0.06347,   0.01532,   0.02407,   0.01707,   0.02232,   0.07135,  -0.01269,  -0.04946,   0.03458,   0.03633,  -0.03020,  -0.08798,  -0.02145,  -0.03896,   0.10286,  -0.05121,   0.04683,   0.01707,  -0.03195,   0.01532,   0.01357,  -0.07222,  -0.06347,  -0.00219,   0.05384,  -0.00919,  -0.00044,   0.04858,  -0.03370,  -0.03195,   0.05384,   0.02757,   0.11687,   0.02232,   0.02232,  -0.02320,  -0.02320,   0.09235,   0.03808,  -0.00394,   0.00657,   0.04683,  -0.04246,   0.03633,  -0.02145,  -0.09148,   0.01532,  -0.00044,   0.08185,  -0.05296,   0.00481,   0.00832,   0.03108,   0.08710,   0.00832,   0.01882,  -0.02145,  -0.01269,  -0.10023,   0.05034,   0.05209,  -0.09323
   0.02057,   0.01357,  -0.01620,  -0.02845,  -0.11599,  -0.02145,   0.02057,   0.01532,   0.00481,   0.04333,  -0.00569,   0.06784,  -0.03545,  -0.01795,   0.03283,   0.05209,  -0.02845,   0.06434,  -0.06872,  -0.01970,   0.04683,  -0.00744,  -0.02670,   0.01532,  -0.03195,  -0.05997,  -0.01269,  -0.01620,   0.03808,   0.03808,  -0.04771,   0.00832,   0.02757,   0.01707,  -0.00394,  -0.01970,   0.00306,   0.03108,  -0.03545,   0.02057,  -0.03896,   0.02057,   0.03458,   0.03808,   0.05909,   0.03808,  -0.03020,  -0.00219,  -0.03896,   0.04508,  -0.00744,  -0.01795,   0.02757,  -0.05296,  -0.00044,  -0.05471,  -0.04596,   0.04158,   0.03808,  -0.01094,   0.05384,   0.02232,   0.03108,   0.04508,   0.04508,   0.06434,  -0.05121,  -0.03721,   0.05559,   0.01182,   0.04683,  -0.01269,  -0.04946,  -0.00569,  -0.06697,   0.03458,   0.01532,  -0.02145,   0.04158,  -0.02495,   0.01532,  -0.00919,   0.02232,  -0.11424,   0.03283,   0.01707,  -0.04771,   0.02933,   0.02057,  -0.03545,  -0.02495,   0.05384,   0.04158,  -0.07397,   0.06609,  -0.06522,   0.08010,  -0.01970,   0.03633,  -0.01620,   0.00481,   0.02232,  -0.01269,   0.05909,  -0.07922,  -0.07222,  -0.04421,   0.08185,  -0.03195,  -0.14400,   0.03283,   0.01182,  -0.02495,  -0.03020,   0.04858,   0.02933,  -0.02845,  -0.05471,  -0.01620,  -0.09323,   0.07485,  -0.04946,   0.07135,  -0.00744,   0.06434,  -0.00569,  -0.00569,  -0.00919,  -0.00044,  -0.00744,  -0.05121,   0.01707,   0.06434,  -0.05296,  -0.07922,  -0.01269,   0.00481,   0.01882,  -0.12650,   0.09235,   0.00657,  -0.00394,   0.01357,  -0.01269,   0.08710,  -0.01620,   0.01532,  -0.01444,   0.05384,  -0.03020,  -0.01269,   0.00657,  -0.07922,   0.04333,  -0.06697,   0.05559,  -0.00044,   0.04333,  -0.05997,  -0.02320,  -0.00394,   0.08010,  -0.00919,  -0.00569,  -0.04596,  -0.00219,   0.03458,  -0.02145,  -0.00569,  -0.00744,   0.10111,   0.03108,   0.00306,   0.09411,   0.01357,  -0.08448,   0.01182,  -0.00394,  -0.00219,  -0.05471,   0.08710,   0.00131,   0.02582,  -0.00394,  -0.05471,   0.03983,   0.00832,   0.15013,  -0.03721,  -0.04421,  -0.04421,   0.00481,   0.00481,   0.05384,   0.00131,  -0.01795,  -0.02670,  -0.06347,  -0.05296,  -0.05997,   0.07135,  -0.03721,  -0.01444,   0.03633,  -0.01444,   0.04158,  -0.01444,  -0.13175,   0.01182,   0.04858,   0.04158,  -0.00744,   0.07485,  -0.00394,   0.02057,   0.02407,  -0.00044,   0.05909,  -0.11424,   0.01882,  -0.05471,  -0.03721,   0.03808,   0.02057,   0.06084,  -0.06872,  -0.07397,   0.00832,   0.01357,  -0.04771,   0.04683,  -0.00394,   0.02582,   0.01882,   0.10986,  -0.01620,   0.00131,  -0.01620,   0.08710,   0.03283,  -0.01269,  -0.03545,   0.01182,   0.02407,  -0.06347,  -0.09848,  -0.06172,   0.03808,  -0.03195,   0.01182,  -0.05296,   0.07485,  -0.02845,  -0.02495,  -0.08448,   0.05909,  -0.04421,  -0.02845,   0.02057,  -0.00044,  -0.04421,  -0.06872,  -0.00569,  -0.05646,  -0.07222,   0.06959,   0.05209,   0.02582,   0.01707,   0.01707,   0.02582,  -0.03545,  -0.00569,  -0.03370,  -0.08273,  -0.03370,  -0.02845,  -0.03370,   0.02757,   0.08710,   0.02057,   0.06609,  -0.05997,  -0.04071,   0.01182,   0.00832,  -0.00394,   0.02582,  -0.08623,   0.04683,  -0.00219,   0.01357,   0.05034,   0.02582,  -0.00044,   0.00481,  -0.02670,   0.03633,   0.01882,   0.02232,   0.01007,   0.03108,   0.04683,  -0.00744,   0.04858,   0.03808,  -0.10199,   0.03983,   0.02407,   0.05909,  -0.02145,   0.09936,  -0.02845,   0.01182,  -0.00044,   0.01007,  -0.02495,   0.00832,   0.09411,  -0.06347,  -0.09673,   0.01707,  -0.06522,   0.05559,  -0.07572,   0.00306,  -0.01269,   0.03983,  -0.01444,  -0.06172,   0.13437,  -0.01970,  -0.08973,  -0.05822,   0.01007,   0.04158,   0.09936,  -0.00394,   0.05034,  -0.01620,   0.00131,   0.02057,   0.05909,  -0.02495,  -0.04421,   0.01182,   0.04333,  -0.02145,  -0.01795,   0.07485,   0.07835,  -0.00394,   0.00306,   0.04508,  -0.00219,   0.01007,  -0.04071,   0.02933,  -0.01269,   0.04333,   0.00131,   0.01707,   0.02057,  -0.00394,  -0.01795,  -0.05296,  -0.00569,   0.01532,  -0.00394,  -0.01269,   0.02582,   0.02933,  -0.02495,   0.06609,   0.02232,   0.03633,   0.01357,   0.09936,   0.00657,   0.01182,  -0.02145,   0.04158,   0.02933,   0.03983,   0.03283,   0.00481,   0.06434,   0.02232,   0.05034,  -0.06522,   0.04508,  -0.07572,   0.05734,   0.02757,  -0.07397,   0.07485,   0.07310,   0.05559,   0.02933,   0.03983,   0.00131,   0.03283,   0.07660,   0.03633,  -0.00394,  -0.01094,   0.00832,   0.04158,  -0.00569,  -0.01970,   0.03633,   0.07135,   0.01182,  -0.03195,  -0.03370,  -0.06347,   0.01532,   0.00306,   0.02232,   0.01357,  -0.01620,  -0.01620,   0.06959,   0.02057,   0.07485,  -0.02495,  -0.04421,  -0.01444,  -0.00394,   0.05034,  -0.01795,   0.04158,  -0.01269,  -0.03370,   0.06609,  -0.01970,   0.00131,   0.04333,  -0.05822,   0.06609,  -0.01094,   0.00657,   0.05034,  -0.04771,   0.02757,   0.03633,   0.04508,  -0.03545,   0.06434,  -0.05471,  -0.01795,   0.03983,  -0.02670,   0.05384,  -0.05471,  -0.01444,  -0.03370,   0.03633,  -0.01620,   0.02933,   0.01182,   0.07310,   0.01707,   0.02582,  -0.03545,   0.05559,   0.00131,   0.04858,   0.02407,   0.07135,   0.02582,  -0.03545,  -0.01269,  -0.03545,  -0.05121,   0.02757,  -0.03721,  -0.03195,  -0.04596,   0.04158,   0.03808,  -0.00044,  -0.04596,  -0.03545,   0.04158,   0.07310,  -0.03896,  -0.03020,   0.08185,  -0.02845,   0.00657,  -0.03020,   0.00306,  -0.03020,  -0.05121,   0.01532,  -0.01795,  -0.00394,   0.07835,  -0.04071,  -0.07222,   0.03808,  -0.03370,   0.03808,   0.07485,   0.03458,   0.05209,  -0.04771,   0.01182,  -0.04771,  -0.02845,   0.06434,   0.09235,  -0.03545,   0.03633,   0.04508,  -0.03370,  -0.00569,   0.02757,   0.00481,   0.05034,   0.02933,   0.01007,  -0.08798,  -0.02495,  -0.03721,  -0.01094,  -0.04421,  -0.00744,  -0.04771,   0.03108,   0.06259,   0.02582,  -0.01620,  -0.06172,   0.02057,  -0.03545,   0.02057,  -0.08623,  -0.02845,   0.03808,  -0.04771,   0.03633,  -0.02145,  -0.01444,  -0.06697,   0.01882,   0.03983,   0.02582,  -0.00919,   0.02057,   0.06959,  -0.02845,   0.02933,   0.01007,   0.02407,   0.01882,  -0.05121,   0.08885,   0.07485,  -0.00919,   0.01707,  -0.00744,   0.02057,  -0.05822,  -0.07747,   0.02232,  -0.06347,  -0.04771,   0.05384,   0.03983,  -0.02670,   0.02407,   0.02407,   0.00481,  -0.05822,   0.02232,  -0.01620,   0.02933,   0.04333,   0.01532,  -0.04246,   0.03283,   0.03808,   0.02232,  -0.00044,  -0.11424,   0.03983,  -0.00044,  -0.02145,  -0.00569,   0.01182,   0.03458,  -0.06347,   0.00657,  -0.03370,   0.01007,  -0.02495,  -0.00569,   0.02933,   0.00657,  -0.01970,   0.03108,   0.05209,   0.07485,  -0.00919,  -0.03721,  -0.02320,  -0.00394,   0.01882,   0.08010,   0.02232,  -0.04946,   0.01007,  -0.00219,  -0.00744,  -0.03020,   0.01007,  -0.04421,   0.00306,   0.05734,   0.07660,   0.00481,  -0.05296,   0.02057,  -0.05296,   0.02582,   0.02232,   0.00306,  -0.00569,  -0.00394,   0.01182,  -0.01444,   0.06084,   0.02407,  -0.03896,  -0.03370,   0.02582,   0.03633,   0.01532,  -0.01970,  -0.02145,   0.05559,   0.00306,  -0.00919,  -0.04771,   0.07835,   0.01182,  -0.03195,  -0.00394,   0.05209,   0.03458,   0.00657,  -0.04771,   0.03808,  -0.03195,   0.03633,   0.03458,   0.04683,   0.06259,   0.02057,   0.05034,   0.05209,  -0.01970,   0.03458,   0.06084,   0.03283,  -0.02320,   0.03808,   0.00481,  -0.02145,   0.00481,   0.04508,   0.01532,  -0.04771,   0.03108,  -0.00219,  -0.00919,   0.06959,  -0.06347,   0.00832,  -0.03545,  -0.00919,   0.00481,  -0.02145,  -0.01269,  -0.02845,   0.06084,   0.01882,   0.04683,  -0.00394,   0.02057,   0.03633,  -0.01620,   0.04683,   0.02582,  -0.01444,  -0.06872,  -0.04071,   0.03108,  -0.02670,  -0.00219,   0.06609,  -0.05296,   0.02057,   0.02582,   0.00131,  -0.00394,  -0.03020,  -0.02145,   0.04333,   0.01707,  -0.06872,   0.00832,  -0.04421,   0.06784,   0.02582,  -0.03721,   0.02232,   0.03633,   0.03283,  -0.00394,  -0.04771,   0.06084,  -0.04946,  -0.00219,   0.02057,   0.09060,  -0.02320,  -0.05997,  -0.06172,   0.01532,  -0.06347,   0.10811,  -0.06697,   0.00131,   0.04158,   0.03983,  -0.08448,  -0.01970,   0.04508,  -0.02845,   0.01357,  -0.04246,  -0.08448,  -0.02145,  -0.05646,  -0.02845,   0.03108,  -0.02670,   0.01882,   0.02933,   0.08885,   0.01182,  -0.04421,   0.04683,   0.04508,  -0.05646,   0.02582,   0.03283,   0.06784,   0.04333,   0.06959,   0.01357,   0.04858,  -0.00919,   0.04158,  -0.08798,   0.04158,   0.05559,   0.00657,   0.01357,   0.05209,   0.01357,   0.01182,  -0.05121,   0.04158,   0.06784,  -0.08973,  -0.09148,  -0.02320,   0.09761,   0.01532,   0.04508,  -0.00919,   0.02933,  -0.07572,   0.01882,   0.02407,   0.00131,  -0.01444,   0.00481,   0.04158,   0.03458,  -0.02495,   0.03283,   0.02057,   0.02933,  -0.02320,  -0.02495,  -0.02495,   0.03983,   0.02407,  -0.03545,   0.04508,  -0.05121,   0.07135,   0.00657,   0.07135,   0.03633,   0.02757,   0.01007,   0.01182,   0.02582,  -0.08623,  -0.04421,   0.05909,   0.05034,  -0.03545,  -0.00744,   0.01707,  -0.04596,   0.02582,  -0.02320,   0.04508,   0.03108,   0.01182,   0.02232,  -0.06697,   0.09235,  -0.07222,   0.02582,  -0.03721,  -0.00219,  -0.03545,  -0.09498,  -0.01970,   0.09936,   0.00131,  -0.00569,  -0.04946,  -0.04596,   0.00131,   0.02582,  -0.01269,   0.04683,  -0.00744,  -0.04246,  -0.06697,  -0.03545,  -0.00569,   0.02582,  -0.00219,  -0.02495,  -0.01094,   0.05734,  -0.00394,  -0.07047,  -0.04596,  -0.04246,   0.01357,  -0.01970,   0.01182,  -0.01269,   0.02057,  -0.07222,   0.03108,  -0.07397,  -0.02320,  -0.03370,  -0.02670,  -0.05997,  -0.01094,   0.06259,  -0.01444,  -0.03370,  -0.02670,  -0.00569,   0.00481,   0.00481,   0.09411,  -0.06172,  -0.03195,  -0.01620,  -0.00569,   0.12562,   0.03808,  -0.00044,   0.05034,  -0.00919,   0.00481,   0.04858,   0.02757,  -0.01444,  -0.01970,  -0.02320,   0.02933,  -0.03721,   0.05384,  -0.03195,  -0.05121,  -0.03896,   0.01532,   0.05384,   0.02407,  -0.02495,  -0.00919,   0.00832,  -0.07047,   0.00832,   0.01007,  -0.01970,  -0.04946,  -0.04246,  -0.07747,  -0.01269,   0.01357,  -0.01970,   0.00306,   0.01182,  -0.00569,  -0.01970,   0.05209,   0.00657,  -0.00919,  -0.01269,  -0.02145,  -0.10899,  -0.05646,   0.03633,   0.04333,  -0.07047,   0.09936,  -0.03896,  -0.03020,  -0.03020,  -0.03020,  -0.03195,   0.01182,   0.00306,   0.01357,  -0.10374,   0.01532,   0.02232,   0.05034,  -0.07572,   0.05034,   0.01532,   0.01882,  -0.10724,   0.05034,   0.02757,  -0.04946,  -0.05296,   0.06959,   0.02232,  -0.03896,   0.01357,  -0.03370,  -0.04071,  -0.02320,   0.01007,  -0.00044,  -0.04421,  -0.08273,   0.02757,   0.03458,   0.03983,  -0.05997,  -0.01094,  -0.06697,  -0.01620,  -0.08973,   0.03983,   0.11512,  -0.02845,  -0.02320,  -0.07222,  -0.01620,   0.01707,   0.00131,   0.00481,  -0.07747,   0.00657,  -0.04596,  -0.04421,   0.00832,  -0.00919,  -0.05646,  -0.00394,  -0.02845,  -0.00394,  -0.01094,   0.01182,   0.05384,   0.03633,   0.00832,  -0.00919,   0.05559,   0.02933,  -0.11249,   0.04158,   0.01707,  -0.03545,  -0.03721,  -0.05997,   0.05909,   0.02582,  -0.01269,   0.00481,   0.04858,  -0.05121,  -0.00219,  -0.07222,  -0.03195,   0.00657,  -0.00044,   0.00832,  -0.07397,   0.05909,   0.04158,  -0.04071,   0.02757,   0.01182
  -0.01970,   0.02757,  -0.09848,  -0.04771,   0.02582,  -0.04596,   0.02582,   0.05034,  -0.01094,   0.03633,  -0.00919,  -0.03545,   0.01532,   0.04158,   0.04683,  -0.01795,  -0.07397,   0.01007,   0.00832,  -0.01269,  -0.02670,   0.06784,  -0.04071,   0.06084,   0.03283,   0.07310,  -0.02845,   0.00657,   0.02757,  -0.05997,  -0.06347,   0.02407,   0.02757,   0.12737,   0.02933,  -0.04421,  -0.04246,   0.08360,   0.11512,  -0.03896,  -0.01269,   0.01707,  -0.07572,  -0.04946,  -0.05997,   0.05909,  -0.05296,  -0.02145,   0.07660,  -0.01795,   0.03108,  -0.00219,  -0.02670,  -0.01269,   0.03458,  -0.01094,  -0.01269,  -0.04771,   0.00832,  -0.01444,   0.08535,  -0.05296,   0.02407,  -0.02495,   0.02407,  -0.02670,   0.00657,   0.05909,   0.02757,   0.04683,  -0.02145,  -0.07572,  -0.07572,   0.04508,  -0.00919,   0.10111,   0.08010,   0.01357,   0.03983,   0.04333,   0.03458,   0.02232,   0.02582,   0.04333,  -0.02845,   0.06084,   0.03808,   0.05384,  -0.04246,  -0.09323,   0.03108,   0.03633,   0.02057,   0.01882,  -0.00219,   0.02407,   0.07835,   0.03458,   0.08010,  -0.00219,  -0.02495,   0.00832,  -0.04421,  -0.04771,  -0.03721,   0.05209,   0.01532,  -0.00219,  -0.05997,   0.05209,  -0.06522,   0.05034,   0.04683,   0.10286,   0.03283,  -0.04071,  -0.05121,   0.01882,  -0.01269,   0.07485,   0.05559,  -0.03370,  -0.00219,   0.03808,   0.01007,   0.09411,  -0.06522,   0.03283,  -0.02495,  -0.03896,  -0.09673,   0.02232,   0.07660,   0.02757,   0.01007,  -0.05471,   0.02407,  -0.01094,   0.01007,   0.03983,  -0.03370,  -0.01795,  -0.05296,  -0.00919,   0.01882,   0.05734,   0.00306,   0.04683,  -0.00744,  -0.01444,   0.00481,  -0.04071,   0.01707,  -0.00394,   0.03808,   0.03983,   0.04858,  -0.00744,   0.07135,  -0.01444,  -0.00044,   0.02933,   0.04508,   0.05909,   0.01707,   0.00832,   0.03633,   0.06434,  -0.01094,   0.04858,  -0.03370,   0.05909,  -0.03545,  -0.05296,   0.10986,  -0.00919,  -0.01795,   0.04858,  -0.01269,   0.05559,  -0.07922,  -0.00569,   0.01357,  -0.05997,   0.01532,   0.06959,   0.09060,   0.03983,   0.01007,  -0.01269,  -0.02145,  -0.06872,   0.02933,  -0.05822,  -0.08623,  -0.01444,  -0.01444,  -0.00744,   0.05909,  -0.03370,  -0.01444,  -0.01269,   0.05559,   0.00306,   0.08885,  -0.02495,  -0.02845,  -0.03195,   0.02933,  -0.01620,  -0.03721,  -0.05121,  -0.01795,  -0.08798,   0.00306,  -0.00044,  -0.01444,   0.04683,   0.01882,   0.00131,   0.14663,  -0.00044,   0.04158,  -0.02145,  -0.04246,   0.01007,  -0.01094,  -0.03020,   0.01707,  -0.07047,   0.00131,  -0.11424,  -0.13000,   0.08185,  -0.01620,  -0.06697,  -0.00569,  -0.06172,   0.02582,   0.02057,   0.01532,   0.06259,  -0.01620,   0.02232,   0.00832,   0.03458,  -0.00219,   0.04333,   0.02933,   0.02582,  -0.14050,   0.06084,   0.02232,  -0.04596,   0.04683,  -0.00919,  -0.01970,   0.03983,   0.03458,   0.02232,  -0.05822,   0.06784,   0.03458,  -0.01795,   0.01007,   0.08185,   0.02057,  -0.00219,  -0.01094,   0.05209,   0.01007,  -0.00044,   0.01707,   0.03283,   0.03983,  -0.03370,   0.05734,  -0.03721,   0.10811,   0.07135,  -0.00919,  -0.00919,  -0.08798,   0.06259,   0.01532,   0.01882,   0.02232,  -0.07922,  -0.04421,  -0.01444,  -0.07047,   0.01182,   0.02757,   0.01707,   0.02757,  -0.01444,   0.00657,   0.05209,  -0.04246,  -0.01970,   0.06784,  -0.03020,   0.03983,   0.00657,  -0.08448,  -0.02145,  -0.03721,   0.02933,  -0.03545,   0.02057,   0.02057,  -0.00044,  -0.00569,  -0.07747,  -0.02495,   0.00131,  -0.03020,   0.03633,  -0.04071,  -0.01970,   0.03283,  -0.01269,   0.04333,  -0.03545,  -0.01094,  -0.00219,  -0.05822,   0.03458,   0.06084,   0.05559,  -0.00044,  -0.03896,  -0.07747,  -0.02145,   0.05209,  -0.02320,  -0.00569,   0.05909,  -0.03020,  -0.01620,   0.01882,   0.03458,   0.00832,   0.01357,  -0.01094,   0.02582,  -0.07397,   0.00131,   0.02057,   0.13437,   0.01182,  -0.00044,  -0.01094,   0.07835,   0.08710,   0.05209,  -0.01795,  -0.03721,   0.03983,   0.02933,  -0.03721,  -0.00044,   0.01882,  -0.00219,  -0.07222,  -0.00219,  -0.08098,   0.01882,   0.03983,   0.03458,  -0.05296,  -0.03370,   0.02057,  -0.07572,  -0.03195,  -0.02670,   0.02757,  -0.05646,  -0.04946,   0.04508,  -0.02845,  -0.01795,   0.05034,  -0.04421,  -0.01620,   0.02757,   0.06259,  -0.00219,   0.02757,   0.03108,   0.00306,   0.04158,  -0.00394,  -0.05296,   0.00131,   0.04158,   0.02582,   0.00657,  -0.02670,  -0.02495,   0.00832,   0.07135,   0.02232,   0.00832,   0.01357,  -0.05822,  -0.06347,  -0.03721,  -0.10374,   0.03633,   0.04683,  -0.00744,  -0.03195,   0.05559,  -0.01970,  -0.03896,   0.00481,  -0.06172,   0.01882,  -0.02670,  -0.03020,   0.01182,   0.01707,  -0.05471,  -0.14400,   0.00131,   0.00657,   0.01007,  -0.07047,  -0.08623,  -0.07572,   0.00832,   0.07135,   0.07660,  -0.03545,   0.07835,   0.07310,   0.03108,  -0.03896,  -0.00569,  -0.02845,  -0.01269,   0.00481,   0.03458,   0.03633,   0.01882,   0.04508,   0.02407,  -0.04596,   0.03983,   0.01707,  -0.00919,  -0.10023,   0.08360,  -0.00394,  -0.01795,  -0.00219,   0.01182,  -0.00744,   0.03983,  -0.00219,  -0.00044,  -0.06522,  -0.01269,   0.01182,   0.06084,  -0.00569,  -0.06697,  -0.01444,   0.03983,  -0.05121,   0.08360,  -0.06872,  -0.00219,  -0.01620,  -0.00919,   0.02407,  -0.02670,   0.02933,  -0.04246,  -0.00919,  -0.00394,   0.01707,   0.05559,  -0.00394,   0.01707,  -0.05121,  -0.01620,  -0.06347,  -0.05646,  -0.06347,   0.00131,   0.01182,   0.04158,   0.02407,  -0.06347,   0.02933,  -0.07047,  -0.00919,  -0.02495,   0.05909,   0.04333,  -0.09323,   0.01532,  -0.01094,   0.04333,   0.05034,   0.13788,   0.08360,  -0.04946,  -0.00219,  -0.08973,  -0.00744,  -0.05121,   0.03283,  -0.02320,  -0.02495,   0.02407,  -0.05646,  -0.00394,  -0.05471,  -0.00569,   0.03808,  -0.09323,   0.03633,  -0.05471,   0.00306,  -0.03721,  -0.04596,   0.04508,  -0.01795,   0.05909,   0.02757,   0.09060,   0.06959,   0.00832,  -0.00919,  -0.03195,   0.07485,  -0.02670,   0.02407,   0.01182,  -0.01620,  -0.03195,  -0.00569,   0.04858,   0.07485,   0.01007,  -0.03545,   0.05909,  -0.03020,   0.04508,   0.05034,  -0.04246,  -0.01970,   0.04683,  -0.04421,  -0.03545,   0.09761,   0.02232,   0.01707,  -0.02845,  -0.05646,  -0.00569,   0.04333,  -0.00744,  -0.01444,   0.01182,  -0.04071,   0.09586,   0.14488,  -0.02670,  -0.00044,  -0.05646,   0.01007,   0.06434,  -0.00744,   0.03458,  -0.07397,  -0.05296,  -0.08448,  -0.07572,  -0.04946,  -0.03896,  -0.03896,  -0.01795,  -0.00044,  -0.01620,   0.02757,  -0.00569,  -0.02495,  -0.03545,  -0.02320,  -0.04421,   0.00306,  -0.02495,   0.02407,   0.06609,   0.04508,   0.00131,   0.04158,  -0.00919,   0.03283,   0.11336,  -0.00044,   0.03283,  -0.03195,  -0.05471,  -0.04071,   0.06084,   0.00481,  -0.00394,   0.03633,   0.04683,   0.05209,  -0.02845,  -0.03370,   0.03283,  -0.03195,   0.03458,   0.11161,   0.03633,   0.12387,  -0.01269,  -0.02845,  -0.02320,  -0.00044,  -0.01444,   0.00657,  -0.02320,  -0.01269,  -0.02670,  -0.00219,  -0.00044,  -0.02670,  -0.02145,  -0.00744,  -0.02670,   0.01532,  -0.07222,  -0.01444,   0.00832,  -0.00219,  -0.03020,  -0.02320,   0.02582,   0.05209,   0.00131,   0.02757,  -0.07047,  -0.04421,  -0.08273,  -0.06872,   0.04508,  -0.03896,   0.00832,  -0.01444,  -0.02670,   0.02057,  -0.01269,  -0.07572,  -0.01795,   0.00306,   0.05559,  -0.03545,  -0.03545,  -0.03020,  -0.05646,  -0.00919,  -0.04946,   0.00832,   0.00481,   0.00832,  -0.03721,  -0.05471,  -0.02845,  -0.04071,   0.04683,   0.04508,   0.04333,  -0.00744,  -0.00044,  -0.04246,   0.07485,  -0.00394,  -0.02495,   0.00657,  -0.00219,   0.08535,  -0.00394,  -0.01094,  -0.06347,  -0.02495,  -0.09848,  -0.01094,  -0.05646,  -0.00569,   0.03458,  -0.07572,   0.03808,   0.03108,  -0.01795,  -0.10899,   0.05034,   0.01882,   0.01007,  -0.08798,   0.00832,   0.01182,   0.07485,   0.02933,  -0.00744,   0.06959,   0.00657,  -0.00394,  -0.04596,   0.00657,   0.01357,  -0.09673,  -0.04421,  -0.02320,   0.00481,   0.11336,  -0.07747,  -0.03370,   0.02232,  -0.01795,  -0.01269,  -0.00394,  -0.05646,   0.02232,  -0.09148,   0.02582,   0.03458,   0.02582,   0.06434,  -0.04246,  -0.01269,   0.02933,   0.03808,  -0.05471,   0.02057,  -0.01620,   0.01007,  -0.00394,   0.02057,  -0.05997,  -0.03020,  -0.03545,   0.05034,  -0.00044,  -0.04246,   0.01357,   0.04858,   0.02582,   0.00832,  -0.02320,  -0.00219,   0.03808,   0.06259,  -0.00569,   0.06784,  -0.06347,  -0.01094,  -0.06697,   0.00657,  -0.00744,  -0.02670,  -0.01620,   0.00657,   0.09761,   0.01007,   0.00131,  -0.04071,   0.01007,   0.00657,  -0.05822,   0.03458,  -0.00394,   0.01707,  -0.02145,  -0.02495,  -0.00219,   0.02407,  -0.04071,   0.03458,   0.02057,   0.03983,  -0.06347,  -0.04596,   0.00832,   0.01707,  -0.03020,   0.00657,  -0.07747,  -0.07572,   0.06784,  -0.02670,   0.07485,  -0.06697,   0.01532,  -0.01094,  -0.00919,  -0.05997,  -0.00219,   0.01182,  -0.06697,  -0.03896,   0.01532,   0.04158,  -0.02145,   0.00657,   0.03633,  -0.02320,   0.06959,  -0.03195,  -0.03020,  -0.01094,  -0.02320,   0.01882,  -0.03195,  -0.02495,  -0.04946,   0.01882,   0.05909,   0.02232,   0.02933,   0.02407,   0.00481,  -0.01970,  -0.04946,  -0.08098,  -0.02845,   0.01707,  -0.02145,   0.00306,   0.04158,   0.02232,   0.00131,  -0.03370,  -0.03896,   0.00306,   0.03108,   0.02407,  -0.00219,   0.03458,   0.06959,   0.01007,   0.01182,   0.02407,  -0.02845,   0.00131,   0.07835,  -0.05997,  -0.02845,  -0.01444,   0.00657,  -0.02320,   0.03108,   0.00657,   0.00657,   0.00131,  -0.10199,   0.05909,   0.02582,  -0.01970,  -0.01094,  -0.06172,  -0.03721,  -0.04596,   0.01707,   0.01882,  -0.10374,   0.03283,   0.00481,   0.01357,  -0.01444,  -0.06172,  -0.07922,   0.09761,   0.02933,  -0.06697,  -0.02320,  -0.02320,  -0.06172,  -0.03721,  -0.05296,   0.03633,  -0.04071,   0.08535,   0.03808,   0.01182,   0.03633,  -0.04421,  -0.01269,   0.02057,  -0.04071,   0.08710,  -0.06697,   0.02232,   0.00657,   0.02757,  -0.00919,   0.00306,  -0.01094,   0.06259,   0.02057,   0.03108,   0.01182,   0.01882,  -0.03195,  -0.01269,   0.02757,   0.07485,  -0.00569,  -0.03370,  -0.02845,  -0.00219,  -0.00044,  -0.02320,   0.00657,  -0.02495,  -0.05646,   0.12562,   0.02232,   0.05909,  -0.00394,  -0.03370,  -0.00569,  -0.07047,   0.02582,  -0.00219,   0.02757,  -0.06697,   0.04158,  -0.03896,  -0.02845,  -0.02320,   0.01532,  -0.04071,   0.04858,  -0.02320,  -0.01970,   0.05384,  -0.00744,   0.03983,  -0.01444,  -0.01970,  -0.00919,  -0.04071,  -0.04071,  -0.01970,   0.04158,  -0.06522,   0.03633,  -0.00919,   0.01707,   0.07660,  -0.02845,  -0.01970,  -0.06872,  -0.05997,  -0.04596,   0.03108,  -0.01795,  -0.01620,   0.05559,   0.03283,  -0.00569,   0.01707,   0.03108,  -0.02495,  -0.04771,  -0.00744,   0.06084,  -0.07747,   0.03983,  -0.04946,  -0.01620,   0.07660,  -0.08798,   0.03458,   0.02582,   0.03108,   0.02582,   0.06434,  -0.03370,   0.04683,  -0.08798,  -0.00919,  -0.01620,  -0.08273,  -0.01970,  -0.09148,   0.04858,   0.01882,  -0.01795,  -0.02320,   0.01707,   0.02582,   0.08710,   0.03108,   0.11336,  -0.03195,  -0.02320,   0.04858,  -0.05646,  -0.05822,  -0.07222,  -0.06347,   0.10111,   0.06084,  -0.02145,   0.07835,   0.00832,  -0.03370,   0.02582,   0.02757,   0.03458,  -0.00744,  -0.03195,  -0.03195,  -0.08098,   0.05734
   0.03108,  -0.04421,   0.00306,   0.03633,   0.08885,   0.01182,   0.08710,   0.03458,   0.05734,  -0.00044,  -0.02320,  -0.03896,  -0.04946,   0.01007,   0.05559,  -0.01795,   0.00832,   0.04158,   0.05384,   0.02582,   0.01882,  -0.02145,  -0.02320,  -0.02145,   0.03108,   0.00131,   0.00306,   0.00306,   0.03458,   0.01532,  -0.07222,  -0.02670,   0.02232,  -0.01795,  -0.00394,  -0.00744,   0.00657,  -0.10549,  -0.00219,   0.03808,  -0.05296,   0.03108,   0.00657,  -0.02495,   0.01357,  -0.00394,  -0.08273,  -0.02670,  -0.06697,   0.00832,   0.10111,  -0.05471,   0.02582,  -0.05646,  -0.00569,  -0.06172,   0.03283,   0.03283,   0.03283,   0.00131,   0.00657,   0.03283,   0.01007,   0.05209,   0.00131,  -0.02495,   0.07835,  -0.03721,  -0.04946,  -0.04246,   0.04508,   0.01532,   0.09060,  -0.02145,  -0.01795,  -0.00744,   0.00657,  -0.08273,  -0.04246,   0.03633,   0.07135,  -0.01094,   0.01007,   0.05209,  -0.07047,  -0.00569,  -0.01094,   0.02757,  -0.06522,  -0.02145,  -0.04946,  -0.03370,  -0.04421,   0.03108,  -0.02145,  -0.03545,   0.02407,   0.05559,   0.00657,  -0.01444,  -0.01444,  -0.08448,   0.03983,   0.01007,   0.00306,  -0.01970,   0.06609,  -0.02845,   0.04683,  -0.05296,   0.03633,  -0.03896,   0.02757,   0.01007,  -0.03545,  -0.05121,   0.00306,   0.04158,   0.00832,  -0.07747,   0.00657,   0.08360,   0.00481,  -0.08973,  -0.04421,  -0.03195,  -0.01620,   0.07135,  -0.01094,  -0.00744,   0.01007,  -0.00919,   0.08710,   0.01182,   0.01007,   0.01007,   0.02582,  -0.05471,  -0.07047,   0.00306,   0.03108,  -0.00744,   0.08710,   0.07135,   0.00481,   0.02757,  -0.02145,  -0.00744,   0.05909,   0.02407,  -0.01620,   0.00657,   0.09586,   0.00832,   0.04683,   0.01532,   0.00657,  -0.01795,  -0.02145,   0.06609,  -0.01269,   0.03283,   0.01882,   0.04683,   0.00306,   0.02757,  -0.00394,  -0.02495,  -0.05646,   0.00306,   0.03283,  -0.10374,  -0.01970,   0.01357,   0.02582,   0.02582,  -0.03370,   0.00306,   0.05384,  -0.01444,  -0.08973,  -0.03195,  -0.05296,   0.06609,   0.02933,   0.00306,   0.11512,  -0.01269,  -0.02320,   0.00131,   0.01882,  -0.02320,  -0.01269,   0.04508,  -0.03370,  -0.07397,  -0.08623,  -0.02495,  -0.01094,  -0.01094,   0.02757,  -0.02145,  -0.03721,   0.00306,   0.01182,   0.02582,  -0.02670,   0.06959,  -0.00569,   0.05384,  -0.00919,   0.04158,   0.00657,   0.04158,   0.06259,  -0.01269,  -0.06347,   0.08185,  -0.04771,   0.02933,   0.05384,   0.09586,  -0.01795,  -0.02495,   0.03633,  -0.05471,   0.00306,  -0.02845,  -0.00569,   0.03108,   0.02407,  -0.03020,   0.09761,  -0.04246,   0.01532,   0.07835,   0.06784,   0.01532,   0.02232,   0.04158,   0.00657,   0.09936,  -0.04771,   0.00481,   0.06609,  -0.03721,   0.02582,  -0.03020,   0.04858,  -0.04596,   0.05034,  -0.01094,   0.05559,   0.03983,   0.06959,  -0.00569,  -0.02845,   0.00657,   0.05734,   0.04508,   0.01882,  -0.00044,  -0.05296,  -0.04946,  -0.03370,  -0.02320,  -0.01269,   0.09586,   0.01532,   0.02933,  -0.00219,  -0.02495,  -0.05296,  -0.04596,   0.04333,  -0.01444,  -0.01444,   0.01182,   0.03283,  -0.03195,   0.05209,   0.04683,  -0.04246,   0.07135,   0.01532,   0.07660,  -0.03195,  -0.02495,  -0.02495,  -0.03545,   0.05384,  -0.06697,   0.09060,   0.00657,   0.03983,   0.00481,  -0.13175,  -0.00044,  -0.01970,  -0.01970,  -0.00394,  -0.08798,   0.02232,   0.03633,  -0.03721,   0.04683,   0.09936,   0.00657,   0.04858,   0.02057,  -0.02145,   0.02057,  -0.00394,  -0.09498,  -0.00569,   0.09411,  -0.01094,  -0.07047,   0.06259,   0.00832,  -0.02845,   0.03983,  -0.00569,   0.03283,  -0.00919,  -0.03896,  -0.04771,  -0.00044,  -0.05471,  -0.00394,  -0.12300,  -0.03721,   0.02057,  -0.04946,   0.02582,   0.03633,   0.02582,  -0.04771,   0.01882,  -0.00744,   0.00131,  -0.08623,  -0.02495,   0.03808,   0.05909,  -0.00744,  -0.03195,  -0.01094,   0.12037,   0.00131,   0.06434,  -0.01269,  -0.03545,  -0.07222,   0.01882,   0.00657,  -0.04771,  -0.02670,   0.05909,   0.03458,  -0.00919,   0.00481,   0.07310,  -0.00394,   0.01532,  -0.03721,   0.07310,   0.02407,   0.07660,   0.00657,   0.01707,  -0.01620,  -0.05296,   0.00131,   0.09586,   0.05209,  -0.00044,  -0.02495,  -0.00569,  -0.01620,  -0.04771,  -0.04071,   0.01182,  -0.02145,   0.05909,   0.01357,   0.00657,   0.00306,   0.01182,  -0.03896,   0.01882,  -0.00744,  -0.01269,  -0.03020,   0.02582,  -0.04596,   0.05384,  -0.02495,   0.07135,  -0.03020,   0.03808,   0.02933,  -0.00044,  -0.00569,  -0.04246,  -0.04596,  -0.06872,  -0.02845,  -0.06347,   0.02757,   0.00306,  -0.08798,  -0.09673,  -0.05997,  -0.05471,   0.02757,  -0.08623,  -0.06522,  -0.00044,  -0.00044,   0.04508,   0.03983,   0.04508,   0.05034,  -0.03370,   0.02757,  -0.10199,  -0.04771,  -0.01269,  -0.05471,  -0.02670,  -0.06522,  -0.04596,  -0.01620,   0.02057,   0.09586,  -0.01620,   0.02232,  -0.00919,  -0.00044,  -0.00744,  -0.00919,  -0.02845,   0.03458,   0.00306,   0.04508,  -0.01795,  -0.02670,  -0.02495,   0.01007,  -0.02320,   0.03283,  -0.01269,   0.00832,  -0.02495,   0.00306,   0.01707,  -0.04771,  -0.02145,   0.06259,   0.02757,  -0.04596,   0.02757,  -0.08623,   0.01882,   0.08885,  -0.02670,   0.03283,  -0.00044,   0.03808,  -0.01795,  -0.04246,   0.00306,   0.00306,   0.00131,  -0.00919,   0.00832,  -0.00394,   0.06434,   0.04333,  -0.06697,  -0.01269,   0.02933,   0.05734,   0.00481,   0.04858,  -0.04946,   0.01182,   0.03458,   0.03633,   0.02057,  -0.00044,  -0.01795,  -0.01269,   0.02407,   0.02933,  -0.00744,   0.03633,  -0.03545,   0.03808,  -0.08098,  -0.02145,  -0.01795,  -0.03896,   0.00306,  -0.00919,  -0.03896,   0.03633,   0.07485,  -0.02145,   0.04508,   0.04158,  -0.07397,  -0.07222,   0.01707,   0.00306,  -0.05121,  -0.04246,  -0.01269,  -0.01094,   0.02582,   0.02232,  -0.00569,  -0.03195,  -0.11599,   0.03283,  -0.07397,   0.03458,  -0.00394,  -0.01620,   0.07135,  -0.00569,  -0.04596,  -0.01269,   0.05909,   0.03983,  -0.03020,   0.05034,   0.01182,   0.01007,  -0.04071,  -0.05822,   0.05909,   0.05034,  -0.05997,  -0.03195,   0.05559,   0.01007,  -0.06522,   0.15188,   0.04158,  -0.00219,  -0.03370,   0.04508,  -0.05121,  -0.04071,   0.03283,  -0.03896,   0.03983,  -0.00919,  -0.00394,  -0.03195,   0.01007,   0.07135,   0.03633,   0.00306,   0.07310,   0.08360,  -0.03721,  -0.00744,  -0.02845,  -0.01444,  -0.04596,   0.03808,  -0.01094,   0.05734,  -0.00569,  -0.01970,   0.01882,  -0.04596,  -0.01444,   0.13437,  -0.00744,  -0.01620,   0.00832,   0.05559,   0.02933,   0.05734,   0.03108,   0.01007,  -0.02845,  -0.01269,  -0.03370,  -0.03721,  -0.07222,   0.00657,   0.03633,  -0.09498,   0.06259,  -0.02845,  -0.06347,  -0.00219,   0.03108,   0.00832,   0.04683,  -0.00919,  -0.04071,  -0.00744,  -0.04596,  -0.02670,  -0.01269,  -0.00919,   0.09411,   0.08185,  -0.03370,   0.00657,   0.00131,  -0.05296,   0.08185,  -0.03370,  -0.01970,   0.01532,  -0.03545,  -0.01444,  -0.01269,  -0.04071,   0.09936,  -0.01620,  -0.03545,   0.00306,  -0.01620,   0.07835,  -0.02670,  -0.07572,  -0.06522,  -0.04071,  -0.04596,   0.03633,   0.00481,  -0.00569,   0.01357,   0.01357,  -0.01795,   0.01707,  -0.03020,   0.05909,  -0.02495,   0.04508,  -0.04596,  -0.03721,   0.01707,   0.01882,   0.07485,  -0.00744,   0.00657,  -0.02145,  -0.10023,   0.05209,   0.08010,  -0.02670,  -0.02495,  -0.07572,  -0.05822,  -0.01970,  -0.06522,   0.05384,   0.01707,   0.01882,   0.04333,   0.06609,  -0.02495,  -0.00569,  -0.00394,  -0.01094,  -0.00394,   0.03458,   0.11336,   0.02407,   0.05559,  -0.02495,  -0.04771,   0.02232,   0.04158,   0.06084,  -0.01094,  -0.04246,   0.02057,  -0.08098,   0.03808,   0.01357,  -0.00744,  -0.03721,  -0.10023,  -0.04596,   0.08185,   0.01182,  -0.08098,   0.01182,  -0.15626,   0.01532,  -0.00569,   0.01182,   0.00657,   0.01532,   0.10111,  -0.00394,  -0.00744,  -0.00219,  -0.01269,   0.00306,  -0.07572,   0.02407,  -0.00219,  -0.04771,   0.04683,  -0.05121,   0.03283,   0.02933,   0.00657,  -0.01094,   0.04333,  -0.11074,  -0.03896,  -0.08098,   0.05209,   0.05384,  -0.00219,   0.01182,   0.08360,  -0.06172,  -0.00394,  -0.05121,  -0.02495,  -0.02145,   0.01182,  -0.00569,   0.00832,   0.03458,  -0.02670,  -0.05997,  -0.05296,   0.02582,  -0.00219,   0.06959,  -0.01795,   0.03458,   0.05034,  -0.02320,   0.12737,   0.02407,   0.03633,  -0.04421,  -0.02845,   0.02757,  -0.00744,   0.01182,   0.10986,  -0.03545,  -0.07397,  -0.10023,  -0.00044,   0.02232,  -0.06347,  -0.02670,  -0.03370,  -0.01094,   0.05559,  -0.06347,   0.03983,   0.03108,   0.00306,   0.01532,  -0.12475,   0.00131,   0.02057,   0.00657,   0.02407,   0.00481,   0.02232,  -0.07047,   0.05909,   0.03458,  -0.00394,   0.01882,  -0.01620,   0.02232,   0.03283,   0.12387,  -0.03721,  -0.06522,  -0.02670,   0.07135,   0.00306,  -0.03721,  -0.04246,  -0.05997,  -0.05822,   0.08010,   0.02407,  -0.04946,  -0.05997,  -0.04946,   0.05034,  -0.02320,   0.00832,   0.06259,   0.00481,   0.00832,  -0.05121,  -0.05822,  -0.05296,  -0.04596,   0.02057,  -0.03545,  -0.08448,   0.05909,  -0.01620,  -0.04421,   0.04158,   0.02057,   0.06959,   0.02232,   0.07310,   0.09761,  -0.05296,   0.04683,   0.03458,  -0.06347,  -0.03896,  -0.04421,   0.05909,   0.04333,   0.04333,   0.05909,   0.05034,  -0.03896,   0.01007,   0.02407,  -0.00044,   0.01007,   0.03633,  -0.02145,   0.02757,   0.01182,   0.07660,  -0.02320,   0.03983,   0.02407,   0.02057,  -0.00044,  -0.02495,  -0.05646,  -0.04071,  -0.00394,  -0.06872,   0.03108,  -0.04946,   0.03283,  -0.04421,   0.06959,  -0.01970,   0.01532,  -0.03195,  -0.01620,  -0.05121,   0.01182,   0.02933,   0.03458,  -0.01444,  -0.01094,   0.00306,  -0.04771,   0.01532,   0.09411,   0.00657,   0.02057,  -0.04596,   0.01532,  -0.05471,   0.00481,   0.00481,   0.03983,   0.04508,   0.02057,  -0.07922,  -0.05471,   0.01532,   0.02933,   0.02407,  -0.04246,  -0.05997,   0.03983,  -0.06697,   0.08710,  -0.02495,  -0.00569,   0.03633,  -0.02145,  -0.02145,  -0.04771,   0.08010,  -0.01094,  -0.00044,   0.01532,   0.04683,   0.05034,  -0.03545,   0.04333,   0.03458,  -0.06872,   0.03458,   0.02582,   0.04683,  -0.04596,  -0.01269,   0.02407,   0.00481,   0.04333,   0.00131,   0.05734,   0.03283,   0.03283,  -0.01795,   0.01007,   0.00131,  -0.03370,  -0.03721,  -0.00744,  -0.02320,  -0.04596,  -0.00919,   0.05559,  -0.04246,   0.01182,  -0.00044,  -0.06697,   0.02582,   0.06084,   0.04858,   0.05209,  -0.07047,  -0.02495,  -0.02845,   0.00657,   0.02057,   0.03283,  -0.03896,   0.00832,  -0.01795,  -0.00744,   0.01707,  -0.01094,   0.02933,   0.02757,  -0.04246,  -0.04596,   0.01882,  -0.06872,  -0.00744,  -0.05471,  -0.00744,   0.02057,  -0.00744,  -0.00569,  -0.01795,   0.00832,  -0.03721,  -0.00569,   0.08885,  -0.03370,   0.05034,   0.07485,   0.03808,   0.02757,  -0.05646,  -0.08448,   0.03108,  -0.04596,   0.06609,  -0.01970,  -0.00919,   0.01007,  -0.03195,  -0.00919,  -0.07397,   0.08360,   0.01707,   0.10986,   0.02582,   0.01357,   0.03108,   0.06259,   0.04508,  -0.01970,   0.01707,  -0.00219,  -0.01094,   0.07835,   0.02407,  -0.00219,   0.03983,   0.03808,  -0.01444,   0.06609,  -0.06347,  -0.07397,   0.04333,  -0.03370,  -0.07047,   0.14838,   0.02933,  -0.07572,  -0.02320,  -0.00919,  -0.00044,   0.10111,  -0.06347,   0.00306,  -0.03370,   0.00131,   0.06259,  -0.01795,   0.02232,  -0.01444
   0.13087,   0.00832,   0.01182,  -0.01795,  -0.03195,  -0.05997,  -0.03545,  -0.03721,   0.00306,   0.05909,   0.04858,  -0.00219,  -0.00569,   0.05559,  -0.00569,   0.01357,   0.03283,  -0.07397,  -0.00744,  -0.02670,   0.05034,  -0.04771,  -0.02845,   0.02407,  -0.05121,  -0.01269,   0.00832,  -0.05646,  -0.05646,   0.03458,   0.00481,  -0.02495,   0.04333,   0.02933,  -0.01444,  -0.05296,  -0.04246,  -0.01269,  -0.02670,  -0.00744,   0.04683,   0.00657,  -0.01795,  -0.02845,   0.06434,  -0.03721,  -0.03545,  -0.02670,  -0.03545,   0.01007,  -0.07047,   0.01532,  -0.02495,   0.04333,  -0.02845,  -0.09673,   0.04158,  -0.06172,   0.03808,   0.07485,  -0.01620,   0.00832,  -0.03370,  -0.00919,  -0.04946,   0.03458,  -0.09673,  -0.03545,  -0.02670,  -0.01094,  -0.01444,   0.03983,   0.03983,  -0.01094,   0.00131,   0.08885,  -0.00219,  -0.00044,  -0.02845,   0.03983,  -0.02845,   0.00832,   0.03108,   0.03458,  -0.05121,  -0.01795,   0.06084,   0.02057,   0.02933,   0.04683,  -0.02845,   0.04858,   0.02057,  -0.01795,  -0.01970,  -0.00919,  -0.06697,   0.01707,   0.00832,  -0.03020,  -0.02495,  -0.01094,  -0.03896,   0.00657,   0.01357,  -0.00919,   0.01007,  -0.08973,  -0.03370,  -0.07222,  -0.06347,  -0.01444,  -0.01094,  -0.04946,  -0.03195,  -0.02145,   0.00657,   0.02407,  -0.02320,   0.02057,  -0.01620,  -0.02145,   0.03283,  -0.08273,   0.02582,   0.00306,   0.04333,  -0.04596,   0.01357,  -0.01620,  -0.06522,   0.04683,   0.01357,  -0.01444,  -0.03370,   0.00657,   0.02057,  -0.04946,  -0.03545,  -0.05997,   0.02757,   0.03983,   0.03808,   0.01357,  -0.05296,   0.03633,  -0.05121,  -0.06347,   0.00481,   0.10286,  -0.04596,   0.01007,  -0.05997,  -0.03721,   0.03458,   0.02582,  -0.04246,   0.01357,  -0.01444,   0.01532,  -0.00044,  -0.01970,   0.01007,  -0.01269,  -0.02670,  -0.03020,   0.05559,  -0.03370,  -0.04771,  -0.04421,  -0.00219,   0.01532,  -0.03195,   0.01882,  -0.00219,  -0.02845,   0.02757,   0.03458,  -0.02670,  -0.07397,   0.06084,  -0.03020,   0.06784,  -0.02145,   0.11161,  -0.01795,   0.04158,  -0.04246,   0.02407,   0.07485,  -0.06172,   0.01182,  -0.07747,  -0.03545,  -0.04421,   0.01707,   0.06084,   0.01007,   0.00131,  -0.06172,  -0.04071,   0.00481,  -0.03545,   0.00131,   0.00306,  -0.01620,  -0.03721,   0.02057,   0.03633,   0.00481,   0.03458,   0.03633,  -0.00394,   0.00657,  -0.03896,  -0.01795,   0.03808,   0.09936,  -0.02495,   0.01532,   0.03983,   0.08710,  -0.02845,  -0.02845,   0.03458,  -0.01444,  -0.01620,   0.02057,   0.06259,  -0.00394,   0.01882,  -0.00569,  -0.01970,  -0.03020,   0.02757,   0.03983,  -0.10374,  -0.08273,   0.01007,  -0.00569,  -0.00919,  -0.02495,  -0.01620,   0.06784,  -0.09673,  -0.01970,  -0.00744,  -0.01269,  -0.01620,  -0.00219,  -0.03545,   0.03983,  -0.01620,   0.01182,  -0.00044,  -0.01620,  -0.00569,  -0.01269,  -0.10374,   0.01532,  -0.01970,   0.00131,  -0.10724,  -0.01970,  -0.00744,  -0.02495,  -0.03020,   0.02582,  -0.03545,   0.03458,  -0.03020,   0.01182,  -0.00919,   0.03283,  -0.03896,  -0.02145,  -0.00219,  -0.04421,  -0.01444,  -0.02320,   0.01532,   0.01707,  -0.03195,  -0.02495,  -0.01795,   0.02232,   0.03458,  -0.00569,   0.00306,  -0.04071,   0.00481,  -0.00044,   0.06084,   0.04683,   0.04333,   0.00832,  -0.05471,   0.08710,  -0.02495,   0.00131,   0.01357,  -0.00744,  -0.03020,  -0.00744,  -0.01795,  -0.00219,  -0.00569,  -0.04596,   0.00832,   0.08885,  -0.02145,   0.00657,  -0.00394,  -0.03721,  -0.01444,  -0.02320,  -0.00044,  -0.01444,  -0.05997,  -0.02320,  -0.02320,   0.02407,   0.05384,   0.03983,   0.02057,   0.01707,  -0.05997,   0.02057,   0.01707,   0.01882,   0.01707,  -0.05296,  -0.02145,   0.01532,  -0.01795,   0.02933,   0.07835,  -0.03370,  -0.01269,  -0.03545,  -0.00044,   0.08185,   0.02933,   0.01182,   0.01707,  -0.04771,  -0.01094,  -0.01094,   0.00131,  -0.05822,   0.09235,  -0.02320,  -0.05471,  -0.08273,  -0.00919,  -0.00044,  -0.02320,  -0.02845,  -0.00044,   0.03983,  -0.03896,   0.05034,   0.00657,   0.02933,  -0.08973,  -0.03020,  -0.13000,  -0.02145,   0.06434,   0.00481,  -0.04071,   0.00657,   0.03808,   0.02232,   0.03808,  -0.05121,  -0.00569,  -0.00219,  -0.01795,   0.01007,   0.00306,  -0.01269,  -0.02670,  -0.00219,  -0.04596,  -0.04071,   0.05034,   0.02232,  -0.01444,  -0.03195,   0.00131,  -0.01620,  -0.05471,  -0.04946,  -0.03721,   0.02232,   0.02933,  -0.00919,  -0.04596,  -0.01094,  -0.01970,  -0.01269,  -0.01094,   0.01182,   0.02057,  -0.00044,   0.03633,   0.02933,   0.08360,  -0.06522,   0.01882,   0.07310,  -0.04596,   0.02407,  -0.04421,   0.02933,   0.02407,   0.00131,   0.03633,   0.02057,  -0.03370,  -0.00219,   0.03808,  -0.01094,  -0.05121,  -0.05471,  -0.05121,   0.00481,   0.03808,  -0.04596,   0.05209,  -0.03195,  -0.07047,   0.05909,  -0.04071,  -0.02845,  -0.05471,  -0.02495,   0.01882,  -0.01269,   0.00657,  -0.00744,   0.02933,  -0.04421,   0.01707,  -0.00569,  -0.03195,   0.00481,  -0.08098,   0.05034,   0.00832,  -0.07047,  -0.07397,  -0.02845,   0.01707,   0.01182,   0.02407,  -0.05471,  -0.07047,   0.01357,   0.01707,   0.00131,  -0.02670,  -0.02845,  -0.00044,  -0.03545,  -0.02145,   0.02407,   0.03633,  -0.06522,  -0.03020,  -0.00394,  -0.06347,  -0.03020,  -0.03896,  -0.02145,  -0.03721,   0.01182,   0.05384,   0.01882,  -0.00569,  -0.03020,  -0.05121,  -0.04771,   0.05559,   0.04333,  -0.00744,   0.07135,   0.02757,  -0.06172,   0.00481,  -0.06697,  -0.03545,  -0.00744,   0.01707,  -0.00394,  -0.03896,  -0.00744,   0.03458,   0.01182,   0.00481,  -0.00919,   0.03283,  -0.06172,  -0.00044,   0.01182,  -0.02495,   0.07835,  -0.10023,  -0.00044,   0.02407,  -0.04771,  -0.06522,   0.06959,  -0.04596,   0.05209,   0.01707,  -0.01970,  -0.04246,  -0.00394,  -0.03020,   0.05734,  -0.00919,  -0.03195,   0.05909,  -0.03545,  -0.01795,   0.01707,   0.03983,   0.03283,   0.02057,   0.00657,   0.03983,   0.02933,  -0.01094,  -0.00569,   0.00131,  -0.00219,  -0.01970,  -0.01620,  -0.01269,  -0.04071,  -0.02670,  -0.03020,  -0.04246,  -0.05296,  -0.00394,   0.01357,  -0.01094,   0.04508,   0.01007,  -0.01094,  -0.04246,  -0.04946,  -0.02670,   0.01182,   0.00657,   0.03808,   0.01007,  -0.01444,   0.04508,  -0.02145,  -0.01620,  -0.04771,   0.03808,   0.03633,   0.01532,   0.01357,   0.01007,  -0.04246,   0.02407,   0.08535,  -0.04071,   0.03108,  -0.00044,  -0.00569,  -0.01970,   0.05559,  -0.03545,  -0.03020,   0.00832,   0.01007,   0.03458,   0.10636,   0.11161,   0.02232,  -0.01444,   0.00306,  -0.07922,   0.05559,  -0.00394,   0.04158,  -0.02670,  -0.01620,  -0.00394,   0.01882,   0.03108,  -0.09673,   0.04333,   0.07310,  -0.06872,  -0.01269,  -0.02495,  -0.01795,   0.00131,   0.04158,  -0.01094,  -0.04596,   0.00481,   0.01532,  -0.08798,  -0.03545,  -0.02320,   0.00481,  -0.01970,  -0.06172,  -0.00919,  -0.01620,  -0.02495,   0.01532,   0.08360,   0.00481,  -0.04071,  -0.01795,  -0.04246,   0.01707,  -0.02670,   0.04858,   0.02582,  -0.01094,  -0.06872,   0.03458,  -0.00569,   0.02057,  -0.06697,   0.04858,  -0.06522,   0.02582,  -0.03195,   0.01007,  -0.02670,   0.03808,  -0.02670,   0.06259,  -0.03020,  -0.02845,  -0.00044,   0.04858,  -0.01269,   0.03458,   0.00306,  -0.01444,   0.05209,   0.02757,  -0.02145,   0.01357,  -0.01094,  -0.02495,   0.03458,  -0.07222,  -0.03721,   0.06784,   0.06259,   0.01007,  -0.04946,  -0.00394,   0.07835,  -0.01970,  -0.03370,  -0.00919,   0.02407,   0.01007,  -0.00919,  -0.00394,  -0.04246,   0.01707,   0.01882,   0.03633,  -0.01970,  -0.00044,   0.05034,  -0.05646,   0.06959,  -0.00919,   0.00832,  -0.03020,   0.01882,   0.00657,  -0.00744,  -0.02670,  -0.03195,  -0.00394,   0.03458,   0.03283,   0.00306,  -0.00744,   0.01182,  -0.05997,  -0.01970,  -0.02845,  -0.05121,  -0.07572,  -0.00919,  -0.02670,   0.05384,   0.01007,   0.04858,  -0.02495,   0.04158,  -0.04071,   0.03283,  -0.05471,   0.04158,  -0.07922,  -0.00744,  -0.02320,   0.01357,   0.00131,   0.01882,  -0.06697,   0.01532,  -0.06347,  -0.00569,  -0.05296,   0.04333,   0.05909,   0.00306,  -0.04246,  -0.00569,   0.01182,   0.05909,   0.03983,  -0.02145,   0.01882,   0.00306,   0.07660,  -0.02495,   0.09586,  -0.02495,  -0.00219,   0.04158,  -0.05121,   0.08185,  -0.01094,  -0.01444,   0.09761,   0.01357,   0.05384,  -0.01620,  -0.02670,  -0.00044,   0.03458,   0.00131,   0.05209,  -0.00569,   0.00131,  -0.02320,  -0.01970,  -0.06347,   0.02757,   0.00306,  -0.04421,   0.01007,   0.01882,  -0.02145,  -0.00394,  -0.04421,  -0.01444,  -0.04596,  -0.02145,   0.03808,   0.03983,  -0.04596,  -0.00569,  -0.05471,  -0.03370,  -0.08448,  -0.05646,  -0.01444,   0.03983,   0.02407,  -0.01444,  -0.01094,  -0.00919,  -0.01094,  -0.01795,   0.01007,  -0.05646,  -0.03896,  -0.07572,   0.07485,   0.09761,  -0.05296,  -0.02320,  -0.07922,  -0.02145,   0.04158,  -0.02495,  -0.00744,  -0.01269,   0.01532,  -0.01094,  -0.02320,   0.00832,  -0.01444,   0.10286,   0.01182,  -0.02670,  -0.04771,   0.06259,   0.04683,   0.05384,  -0.01620,   0.05034,  -0.00394,  -0.00394,  -0.02495,  -0.03545,  -0.04596,  -0.04246,  -0.01094,  -0.04946,   0.02407,   0.09586,  -0.02320,  -0.04071,  -0.02495,  -0.03020,   0.10461,  -0.00569,  -0.05997,  -0.00919,  -0.03020,  -0.07222,  -0.02495,   0.03633,   0.05909,  -0.03370,   0.03983,   0.05734,   0.10636,  -0.04421,   0.04508,  -0.04421,   0.00657,   0.01007,   0.02933,   0.02933,   0.04508,   0.01007,  -0.04246,  -0.03896,   0.02232,  -0.02145,  -0.03195,  -0.04771,   0.01357,   0.02407,   0.01532,   0.01182,  -0.00394,  -0.02320,  -0.01444,   0.02933,   0.05909,   0.06784,  -0.04421,   0.02407,  -0.03721,   0.00306,  -0.02670,   0.01707,   0.04158,  -0.06697,   0.01357,   0.01882,   0.01882,  -0.01444,   0.01007,  -0.03896,  -0.01444,  -0.01970,  -0.00569,  -0.01269,   0.01182,   0.03808,  -0.03896,  -0.05646,   0.00481,   0.00131,  -0.03545,   0.00306,  -0.01795,  -0.02320,  -0.02320,   0.01357,   0.00657,  -0.05121,  -0.04771,  -0.01970,   0.03808,   0.02933,  -0.01444,   0.08010,  -0.07397,   0.05909,   0.10461,  -0.01970,  -0.02845,   0.01182,   0.03983,   0.03633,  -0.03020,   0.00832,   0.01007,   0.06959,   0.06434,  -0.00044,  -0.02845,  -0.02845,  -0.01970,   0.07485,   0.03633,  -0.00744,   0.03458,   0.02232,   0.01007,  -0.02845,   0.00481,  -0.03020,  -0.02670,   0.00832,   0.03983,  -0.03195,  -0.04421,   0.07660,   0.05559,  -0.05997,  -0.08098,   0.06959,  -0.02845,   0.03808,  -0.02495,  -0.05471,   0.11862,  -0.03020,  -0.03370,   0.05034,  -0.05822,   0.00306,  -0.03020,   0.06784,  -0.10023,  -0.04946,  -0.03896,  -0.05646,  -0.00044,   0.00306,  -0.02670,   0.04683,   0.09586,   0.02582,   0.05559,   0.02232,  -0.01269,  -0.06697,   0.03458,   0.01532,  -0.06697,   0.02582,   0.05034,  -0.00219,  -0.04946,  -0.05471,   0.00657,   0.02757,  -0.00919,  -0.04246,   0.04508,  -0.00394,  -0.00569,  -0.04246,   0.00657,  -0.04246,  -0.02845,  -0.04421,  -0.05997,   0.01357,  -0.09148,   0.04333,   0.03458,  -0.01094,   0.06959,   0.02232,   0.04333,   0.01182,   0.07310,  -0.03370,  -0.03721,  -0.02145,  -0.03896,   0.01707,   0.08360,   0.01357,  -0.03020,  -0.03020,   0.02582,   0.05559,  -0.03370,   0.02407,   0.05559,   0.00481,  -0.03020,  -0.01094,  -0.04421,   0.09411,   0.00657,   0.02057,   0.03283,  -0.00744,  -0.01269,   0.02407,   0.01182,  -0.00044
  -0.05296,   0.02582,   0.06609,  -0.03721,  -0.03545,  -0.00044,  -0.00744,  -0.02670,   0.02407,  -0.01620,   0.03283,  -0.04771,   0.01882,   0.02757,   0.03108,   0.03108,  -0.07572,  -0.05296,   0.07135,   0.07660,  -0.02495,   0.03808,   0.00306,   0.08360,   0.02057,   0.03458,  -0.00394,  -0.00394,   0.02933,   0.03108,   0.01007,   0.05734,   0.01882,   0.04508,  -0.06522,   0.04683,   0.02933,  -0.06172,  -0.03195,  -0.01795,  -0.00919,   0.01707,   0.00481,   0.04508,  -0.04771,  -0.12124,   0.01707,   0.01182,   0.04508,  -0.05646,  -0.01620,  -0.01094,  -0.02320,   0.13087,   0.06434,   0.00657,  -0.01444,   0.07660,   0.01357,  -0.03721,   0.03633,  -0.09148,  -0.02145,  -0.00744,  -0.00044,   0.00832,   0.01532,  -0.02320,  -0.00569,  -0.01970,   0.02582,   0.02582,  -0.00569,   0.00481,   0.00657,  -0.00219,  -0.01795,  -0.01970,   0.01532,   0.01882,   0.04508,  -0.01094,   0.00131,   0.02232,   0.05909,   0.04158,   0.02232,  -0.07397,  -0.04246,  -0.03721,  -0.02320,  -0.00394,  -0.00219,   0.02757,  -0.00044,  -0.05646,  -0.09848,   0.02407,   0.02232,   0.02232,   0.02057,   0.05559,   0.02057,   0.00832,  -0.00569,  -0.06522,  -0.02845,   0.11336,  -0.08448,  -0.03370,  -0.01094,   0.06259,  -0.04421,   0.00832,   0.02057,  -0.01444,  -0.03721,  -0.01444,  -0.05997,   0.05034,  -0.01444,   0.02232,  -0.06697,   0.01882,  -0.02495,   0.03983,  -0.03545,  -0.01795,  -0.02670,  -0.07922,   0.00832,   0.06434,  -0.04071,  -0.01795,  -0.00569,   0.01007,   0.01357,   0.02232,  -0.05296,   0.00832,  -0.03721,   0.00131,  -0.03721,   0.01357,  -0.04946,   0.00481,  -0.03020,  -0.00569,  -0.04596,  -0.03370,  -0.00919,   0.08185,  -0.01444,   0.02757,  -0.03721,   0.00657,  -0.02320,  -0.01094,   0.02933,   0.00306,   0.06259,   0.04158,  -0.01444,   0.02057,  -0.00394,   0.01707,  -0.01444,  -0.00394,  -0.02495,  -0.05121,  -0.05646,   0.03808,   0.03983,  -0.04421,   0.10111,   0.05384,  -0.01444,   0.01532,   0.01532,  -0.02145,  -0.06697,   0.02232,   0.05384,  -0.00219,  -0.01269,  -0.01444,  -0.05121,  -0.03020,  -0.01620,  -0.00394,  -0.09673,   0.09936,   0.00481,  -0.04596,  -0.01444,  -0.00044,  -0.00744,  -0.03545,  -0.02145,  -0.05822,   0.03983,   0.04158,  -0.02495,  -0.00219,   0.04858,   0.01532,   0.07835,  -0.05646,   0.05034,   0.00657,  -0.05822,  -0.07222,  -0.01620,   0.06609,  -0.00569,  -0.02145,   0.08885,  -0.01620,   0.05734,  -0.04946,  -0.01970,  -0.00219,  -0.01269,  -0.02145,   0.03283,   0.02757,  -0.04771,  -0.10549,   0.04683,  -0.04071,   0.01532,   0.05034,   0.00657,   0.00832,  -0.03721,  -0.04246,  -0.04071,   0.02232,   0.02933,  -0.05997,   0.05384,   0.02582,  -0.05121,   0.02582,   0.01357,  -0.03195,  -0.01620,  -0.03896,  -0.00744,   0.02933,   0.03633,  -0.01094,   0.08360,   0.00832,  -0.07047,  -0.08798,   0.03108,  -0.01094,  -0.05646,   0.02757,   0.06259,   0.09235,  -0.03896,  -0.01620,  -0.02670,  -0.06697,   0.08010,   0.04508,  -0.02145,  -0.00044,   0.00481,   0.00657,  -0.01094,   0.01007,   0.03108,   0.01532,  -0.00394,   0.05559,   0.00306,  -0.00219,  -0.01444,  -0.07922,  -0.09848,  -0.01620,  -0.00219,  -0.01269,   0.05209,  -0.03370,   0.02933,  -0.04246,   0.00481,  -0.02845,   0.04158,   0.04333,  -0.00219,   0.13437,  -0.10023,   0.02933,  -0.01269,  -0.02145,   0.03108,  -0.02145,  -0.00219,  -0.00219,  -0.01620,   0.03808,   0.02582,   0.00131,   0.03108,   0.09761,   0.05909,  -0.10199,  -0.03545,   0.03983,   0.03983,   0.03983,   0.00481,   0.06434,  -0.01094,   0.01882,   0.02757,  -0.05646,  -0.06347,   0.01532,  -0.05296,   0.03283,   0.02933,  -0.01444,   0.05209,  -0.00919,   0.10111,  -0.04071,   0.08010,  -0.00394,  -0.03195,  -0.00219,   0.01882,  -0.04421,   0.00832,   0.02933,   0.02933,  -0.10899,  -0.00044,   0.06259,  -0.07397,   0.03633,  -0.01094,  -0.00919,   0.03983,   0.00306,   0.05209,  -0.01269,   0.00832,   0.00832,   0.12912,  -0.06172,   0.07135,  -0.04946,   0.01357,   0.03633,  -0.01094,  -0.00394,  -0.00744,  -0.08973,   0.01007,   0.07660,  -0.03721,   0.04508,  -0.03020,  -0.01444,  -0.04246,   0.03983,   0.01007,   0.01532,   0.00832,  -0.01795,   0.05384,  -0.00394,  -0.00744,   0.02757,  -0.01795,  -0.06522,   0.02057,  -0.05121,   0.07310,  -0.01795,  -0.01444,  -0.06697,  -0.00219,  -0.04071,   0.02582,  -0.11599,  -0.03195,   0.09936,   0.01357,  -0.05997,  -0.01444,   0.01532,   0.02582,   0.01007,  -0.02495,  -0.03370,   0.01882,  -0.05296,   0.01182,   0.01007,   0.07135,  -0.02145,  -0.01795,   0.05384,  -0.06697,  -0.02670,   0.00306,  -0.00044,   0.03283,   0.02582,   0.05559,  -0.01620,  -0.00394,   0.02582,   0.02232,  -0.07047,  -0.04421,  -0.04946,   0.02582,   0.09761,   0.14663,   0.03108,   0.10111,   0.02057,  -0.02845,  -0.05121,   0.02232,  -0.01269,  -0.01444,   0.02407,  -0.02320,  -0.02145,   0.03983,   0.00657,  -0.01795,   0.06959,   0.02933,   0.00306,  -0.01620,   0.03983,  -0.00394,   0.05734,   0.02933,  -0.03370,   0.06084,  -0.01444,   0.02582,   0.01707,  -0.01795,   0.00131,   0.05209,   0.01007,   0.08535,   0.01532,   0.03108,   0.02407,  -0.01444,  -0.03020,  -0.04421,  -0.06697,   0.02232,   0.00131,  -0.02670,   0.03458,  -0.01444,  -0.02145,  -0.01620,  -0.00744,  -0.04946,   0.01357,  -0.03545,   0.00832,  -0.08623,  -0.00569,   0.10986,   0.04508,  -0.02670,   0.07310,   0.02582,  -0.08098,  -0.00044,  -0.03020,   0.02933,   0.00131,   0.02933,  -0.04421,   0.05209,   0.01357,   0.00657,  -0.03721,  -0.02495,  -0.02670,  -0.04946,   0.02757,   0.07660,   0.03808,  -0.01094,  -0.03020,  -0.05646,  -0.02845,  -0.02845,   0.06609,  -0.00744,   0.00832,   0.00832,   0.00832,   0.02057,  -0.04421,  -0.00569,  -0.01269,  -0.07747,  -0.09848,  -0.05471,  -0.05471,  -0.00919,  -0.00569,   0.02757,   0.08360,   0.04508,  -0.09323,  -0.00394,  -0.03545,   0.05559,   0.03458,  -0.02845,  -0.01269,   0.01182,   0.08710,  -0.04421,   0.01532,  -0.00919,  -0.02320,   0.05909,   0.06434,  -0.02320,   0.02757,  -0.07222,   0.00481,   0.12562,   0.01707,   0.05209,  -0.06522,  -0.01269,   0.02933,   0.08535,   0.06609,  -0.04421,  -0.03195,   0.00832,   0.08185,  -0.05822,   0.03808,   0.01007,  -0.03195,  -0.01269,   0.00657,  -0.04421,   0.04683,   0.03283,   0.04858,  -0.01094,   0.07135,   0.11336,  -0.01620,   0.11336,  -0.02320,   0.01532,  -0.02670,  -0.01795,   0.01357,  -0.00569,  -0.05296,   0.07485,  -0.05646,   0.04683,  -0.03020,   0.00131,  -0.01444,   0.04508,  -0.02845,   0.04508,   0.02757,  -0.06872,  -0.02320,  -0.06522,   0.02057,  -0.04246,  -0.03721,   0.03983,  -0.01795,   0.04158,   0.02407,   0.05559,  -0.05296,  -0.03020,   0.04158,  -0.01970,  -0.03545,   0.03458,   0.02757,  -0.00219,   0.05384,   0.00131,   0.05384,   0.02582,  -0.01269,   0.01707,  -0.04596,   0.00131,  -0.01620,  -0.02670,  -0.05997,   0.02757,   0.04333,   0.09586,   0.02407,  -0.01269,   0.01357,   0.05559,  -0.03020,   0.01707,   0.01532,  -0.06172,  -0.00569,   0.02582,  -0.03896,  -0.02845,  -0.00394,   0.06609,   0.02057,  -0.00044,   0.02407,   0.00481,   0.02057,   0.03808,  -0.01269,   0.06959,  -0.03195,  -0.03545,  -0.03545,  -0.08098,   0.00657,  -0.00219,   0.05909,  -0.09673,  -0.03721,   0.02582,  -0.02495,  -0.03545,   0.05909,  -0.04596,   0.00657,  -0.04596,  -0.00919,  -0.00219,   0.01182,  -0.00044,  -0.01444,  -0.02670,  -0.04771,  -0.06697,   0.05034,   0.06434,  -0.06697,  -0.09673,  -0.03896,   0.05909,  -0.04771,   0.05559,  -0.06872,  -0.01620,   0.03108,  -0.03896,   0.05734,  -0.00744,   0.05909,  -0.02145,   0.04508,  -0.00744,  -0.03195,   0.05034,  -0.06347,  -0.00569,  -0.07747,  -0.06872,   0.01357,  -0.00569,   0.03983,  -0.00219,  -0.00394,   0.03983,   0.05034,  -0.04946,   0.00481,  -0.03721,  -0.10899,  -0.03195,   0.05034,  -0.01795,  -0.05822,  -0.05471,  -0.09148,  -0.00219,   0.00131,   0.02057,  -0.10023,  -0.07222,  -0.01444,   0.04508,   0.06259,   0.00131,  -0.00919,  -0.03195,   0.00131,   0.05034,  -0.00044,   0.09761,   0.04508,   0.00657,  -0.01094,  -0.00044,   0.01182,   0.02582,   0.07835,   0.02232,   0.06784,  -0.02145,  -0.06347,   0.00481,  -0.02495,   0.00657,  -0.06172,  -0.06697,  -0.00044,   0.00832,  -0.03370,  -0.00044,   0.01532,   0.02232,  -0.03195,  -0.04246,  -0.05121,   0.00131,   0.01532,   0.11161,  -0.04246,   0.02232,   0.05034,   0.01707,  -0.08448,   0.02582,   0.09060,   0.05034,  -0.06522,  -0.00394,   0.03633,   0.03633,   0.11862,  -0.03370,   0.09586,  -0.02845,  -0.03545,  -0.01620,  -0.02845,  -0.04071,  -0.03370,  -0.03195,   0.04333,   0.06784,   0.04858,  -0.04246,   0.01707,   0.01357,   0.03633,  -0.08098,   0.02407,  -0.06172,  -0.03020,  -0.04421,  -0.04771,   0.00131,   0.00481,  -0.01269,  -0.01269,  -0.01620,   0.01707,  -0.04596,  -0.02145,  -0.09848,  -0.01795,  -0.05646,   0.00306,   0.04858,   0.00131,   0.01707,   0.00832,   0.01882,  -0.00744,   0.03633,  -0.04246,   0.07310,  -0.04596,   0.02057,   0.01707,   0.03633,   0.04333,   0.00657,  -0.05646,   0.01707,  -0.09673,  -0.08623,  -0.05471,   0.05909,  -0.01795,   0.05209,  -0.05121,  -0.05997,   0.04683,  -0.05471,   0.07835,  -0.02145,  -0.00569,  -0.01795,  -0.02845,   0.00131,   0.03808,   0.02407,  -0.00744,  -0.05471,  -0.03896,   0.01357,   0.01882,   0.00657,   0.00481,   0.07835,   0.02407,   0.10286,  -0.02670,  -0.01970,  -0.03545,  -0.03721,   0.01182,   0.01357,   0.05559,   0.01882,  -0.04246,  -0.04071,   0.01007,   0.02933,  -0.00219,  -0.06347,   0.06084,  -0.02145,  -0.00394,   0.01707,   0.04158,  -0.00919,   0.06084,   0.03458,  -0.03896,  -0.07222,   0.01707,   0.07660,   0.01357,   0.02232,   0.01182,  -0.04946,   0.00306,   0.03108,   0.01182,   0.02057,   0.04858,  -0.03370,   0.03808,   0.01007,   0.03633,  -0.04421,   0.03283,  -0.01620,  -0.04246,  -0.05646,  -0.02495,   0.04158,   0.03633,  -0.03195,  -0.01444,   0.03633,  -0.01094,   0.02757,   0.03808,  -0.03896,   0.12037,   0.05559,   0.02757,   0.02757,   0.02582,  -0.02495,  -0.01620,   0.03983,  -0.01620,  -0.04596,  -0.03195,   0.02757,   0.01707,  -0.02670,   0.08360,   0.05209,   0.02933,  -0.05997,  -0.07747,  -0.01620,  -0.03195,   0.08185,  -0.04071,  -0.03896,  -0.05822,  -0.01444,   0.05209,   0.02582,  -0.00569,   0.01357,  -0.04071,  -0.06347,  -0.04946,   0.01357,   0.04333,  -0.06347,  -0.03721,  -0.08623,   0.05909,   0.03983,  -0.00919,   0.02582,  -0.01094,   0.04858,   0.08360,   0.00832,   0.01532,  -0.00744,   0.05559,  -0.00919,   0.03808,  -0.02845,   0.00832,  -0.04421,  -0.03195,  -0.00219,  -0.03721,   0.00131,   0.01357,  -0.01269,   0.02757,   0.00657,   0.03283,  -0.00919,  -0.08448,   0.00657,  -0.00744,   0.01357,   0.03983,  -0.06347,  -0.01094,   0.09586,  -0.01269,  -0.02670,  -0.01444,   0.06084,   0.07835,  -0.01444,  -0.03545,  -0.03195,   0.01532,  -0.00919,  -0.00394,   0.03808,   0.06434,   0.08360,   0.05384,   0.06434,   0.01357,  -0.06172,  -0.08973,   0.00657,   0.00832,  -0.07222,   0.00481,   0.02057,   0.06259,  -0.06522,  -0.03020,   0.00481,   0.00657,  -0.02670,   0.02057,   0.02057,  -0.04071,  -0.02845,   0.00481,  -0.01970,  -0.00044,  -0.04071,  -0.00569,  -0.02495,  -0.02845,   0.02757,   0.04683,  -0.00919,   0.02232,   0.00306,   0.03983,  -0.04421,   0.00481,  -0.04771,  -0.03545,  -0.04246,   0.03983,  -0.08273,  -0.02320
   0.02933,   0.02232,   0.05559,  -0.03896,   0.09235,   0.07835,   0.04858,  -0.00569,  -0.03545,   0.01007,  -0.03020,   0.07660,  -0.01620,  -0.00744,  -0.04946,  -0.03370,   0.03633,  -0.05471,  -0.00919,   0.06609,   0.12037,  -0.06522,  -0.07047,  -0.02320,  -0.04946,  -0.04246,  -0.00744,   0.14838,  -0.04771,  -0.00044,  -0.04421,   0.05559,   0.04858,   0.01007,   0.13613,   0.00306,  -0.07572,   0.08010,   0.10636,  -0.07922,   0.06434,  -0.03370,   0.00657,  -0.07222,  -0.05646,   0.03458,   0.03633,   0.06784,  -0.00044,  -0.01269,   0.02582,  -0.01269,   0.01182,   0.08010,   0.07310,  -0.01620,  -0.00744,   0.02757,   0.04683,   0.00481,  -0.03721,  -0.01444,  -0.01620,   0.01007,  -0.04421,  -0.03545,   0.07660,   0.01007,  -0.00919,   0.04158,   0.04508,   0.01007,   0.01532,   0.04333,  -0.08448,   0.01882,  -0.01269,  -0.05121,  -0.03896,  -0.03545,  -0.00394,  -0.10199,  -0.01795,   0.03808,   0.00306,   0.03983,   0.00832,   0.01182,  -0.09848,  -0.08623,  -0.01970,  -0.05471,   0.00832,   0.00131,  -0.04421,   0.02582,   0.07835,   0.01532,   0.00306,  -0.05997,  -0.02670,  -0.01444,  -0.02145,  -0.03020,  -0.06872,  -0.00044,  -0.08973,  -0.07047,   0.01882,   0.03983,  -0.00044,   0.02407,   0.17114,  -0.04421,  -0.06522,  -0.12475,   0.01882,  -0.03195,   0.00131,   0.04683,  -0.00919,  -0.00569,  -0.01444,  -0.07922,  -0.02320,   0.04858,   0.03633,   0.02933,   0.02582,  -0.01269,   0.03108,  -0.04946,  -0.01444,   0.03283,  -0.01094,  -0.14050,  -0.01094,  -0.02320,   0.00131,  -0.00219,   0.03283,   0.06784,  -0.03545,  -0.02145,   0.01357,  -0.01620,  -0.01444,   0.07835,  -0.03020,  -0.01269,   0.03458,   0.00306,   0.01182,  -0.06522,  -0.05121,  -0.02495,  -0.08973,   0.01007,  -0.05822,   0.02232,   0.01707,   0.04158,  -0.01444,   0.00657,   0.06959,   0.09411,  -0.03370,  -0.00569,  -0.02145,   0.01007,  -0.04421,   0.05734,  -0.03370,  -0.03370,   0.00306,  -0.00394,   0.02232,   0.01182,   0.08185,   0.00657,  -0.01795,   0.04508,   0.00306,   0.08360,  -0.05471,  -0.06697,   0.01707,  -0.00394,   0.02757,   0.00832,   0.05734,  -0.00569,   0.01882,  -0.01795,   0.00832,  -0.02670,   0.00131,  -0.06347,  -0.03896,   0.01357,  -0.04071,   0.07135,   0.01182,  -0.04071,   0.03283,  -0.08273,  -0.08623,  -0.03896,   0.01182,   0.04858,  -0.05646,  -0.02320,  -0.00219,   0.02582,   0.04683,   0.02582,  -0.03020,  -0.04421,   0.00131,  -0.00044,  -0.06697,  -0.05822,  -0.00569,  -0.09148,  -0.05296,  -0.04421,   0.05209,  -0.01269,   0.04683,  -0.01620,  -0.03896,  -0.07222,   0.00832,  -0.04771,  -0.00919,   0.02057,   0.02407,   0.04158,  -0.01620,   0.04683,   0.02407,   0.10111,  -0.01269,  -0.03545,   0.02582,  -0.02670,  -0.03195,   0.05909,  -0.09148,  -0.06697,  -0.01620,  -0.06172,  -0.08098,   0.01182,  -0.07747,  -0.11074,  -0.03370,  -0.04771,   0.04683,   0.01357,   0.01007,  -0.09323,  -0.06872,   0.00306,   0.00657,  -0.05121,  -0.05646,  -0.02145,   0.03458,   0.05559,  -0.08098,   0.04333,   0.05734,  -0.03020,   0.02582,  -0.00219,   0.00832,  -0.10899,   0.09235,  -0.01094,  -0.04946,  -0.01620,  -0.05822,  -0.02845,  -0.06172,   0.00306,   0.00131,  -0.00919,   0.00832,   0.06784,  -0.03195,  -0.02145,  -0.03370,   0.00131,  -0.02845,   0.06259,   0.01357,   0.07835,   0.00131,  -0.06872,  -0.06522,  -0.04071,   0.00832,  -0.01094,   0.01707,   0.00131,   0.02407,   0.10461,   0.00131,   0.07835,  -0.05121,  -0.03370,   0.02407,  -0.01269,  -0.04596,   0.04858,  -0.05471,   0.03633,  -0.00919,  -0.04596,   0.07835,  -0.04946,   0.04508,  -0.01444,  -0.03020,   0.03283,  -0.03545,  -0.05997,   0.08010,  -0.01795,  -0.11599,  -0.03370,   0.05909,  -0.02145,  -0.02145,  -0.04946,   0.03808,   0.04333,  -0.05296,  -0.05296,  -0.05997,  -0.06172,  -0.03896,   0.00657,  -0.01269,  -0.00744,   0.05034,   0.05034,  -0.07222,   0.02232,  -0.01094,  -0.04071,   0.02232,  -0.03896,   0.09235,  -0.05471,   0.02057,  -0.03370,   0.01007,  -0.02320,  -0.00394,  -0.10199,  -0.03020,  -0.03896,  -0.02320,  -0.04246,   0.04508,   0.01532,   0.01007,   0.07310,  -0.05822,   0.01707,   0.03283,   0.00131,   0.06609,  -0.08623,  -0.11074,  -0.02145,  -0.06872,   0.03108,   0.02582,   0.02582,  -0.03896,   0.05909,   0.01532,  -0.01444,  -0.07397,  -0.11599,  -0.05997,   0.01707,  -0.05296,   0.09936,  -0.01269,  -0.01444,   0.00657,   0.05384,  -0.00744,  -0.11774,  -0.02145,  -0.05646,  -0.08098,  -0.01795,   0.00306,   0.02757,   0.06084,  -0.01094,  -0.02495,  -0.01269,  -0.02845,   0.01357,  -0.04596,   0.02232,  -0.04946,  -0.00394,   0.05909,   0.05384,  -0.07747,   0.00657,   0.00306,  -0.00919,  -0.01795,  -0.04246,  -0.00219,   0.02933,  -0.00919,  -0.00569,   0.00131,  -0.00919,   0.03633,  -0.04246,  -0.00394,   0.00481,   0.01182,  -0.04071,   0.02232,  -0.02670,  -0.02845,   0.04683,  -0.01795,  -0.00219,  -0.00569,  -0.03721,  -0.04071,   0.14138,  -0.02670,   0.04158,   0.01707,  -0.03370,  -0.05997,   0.03458,   0.01532,  -0.07047,   0.00657,  -0.02320,   0.02757,  -0.05822,  -0.03545,   0.10986,   0.03983,  -0.01795,  -0.02670,   0.03283,   0.01007,   0.00832,   0.01182,  -0.04071,   0.03983,   0.00832,  -0.00919,  -0.04246,  -0.03721,   0.02057,  -0.00569,  -0.05471,  -0.07747,  -0.05646,  -0.04771,  -0.01620,  -0.09498,  -0.07922,  -0.07747,   0.05559,  -0.02320,   0.02232,  -0.02670,   0.01532,  -0.04071,   0.01007,  -0.00919,  -0.04596,   0.09936,  -0.05296,   0.04508,   0.02757,   0.01882,  -0.03370,  -0.03195,  -0.03370,   0.00131,  -0.07222,   0.00306,   0.01357,   0.06259,   0.02933,  -0.03370,   0.07135,  -0.02145,   0.03633,  -0.06697,  -0.03020,  -0.10899,   0.05034,  -0.01269,  -0.06172,  -0.07222,   0.09235,   0.07135,   0.00306,   0.03808,   0.00657,   0.08535,  -0.00394,   0.05384,   0.10461,   0.01182,  -0.07222,  -0.07922,   0.03633,   0.09586,   0.03458,  -0.07222,  -0.04771,   0.01707,  -0.03020,   0.01007,  -0.06172,  -0.00394,  -0.02145,   0.04333,  -0.02845,  -0.01795,   0.03108,  -0.00219,  -0.03896,   0.12037,   0.02582,  -0.01970,   0.06084,  -0.03896,   0.05209,   0.03633,   0.01357,  -0.07922,  -0.03195,   0.06784,  -0.03020,  -0.02145,  -0.00219,  -0.07572,  -0.07572,   0.00832,   0.05034,   0.04683,  -0.05997,  -0.03721,  -0.01444,  -0.02845,  -0.03896,  -0.00744,   0.04683,   0.00657,   0.03108,   0.00657,  -0.01094,   0.11512,   0.02057,  -0.04946,  -0.00919,  -0.04421,   0.01532,  -0.04246,   0.04508,  -0.08798,  -0.11774,  -0.00394,  -0.02320,   0.10461,   0.03808,  -0.01970,   0.03108,   0.04333,  -0.02670,  -0.01094,  -0.06172,   0.00832,   0.00131,  -0.02320,   0.00481,  -0.04596,   0.04858,   0.04858,  -0.05296,  -0.00394,   0.00832,  -0.03195,  -0.02495,  -0.02495,   0.04158,   0.09060,   0.03283,  -0.05822,  -0.01970,   0.09411,  -0.00394,   0.00481,  -0.03370,   0.01532,  -0.01094,   0.01182,  -0.04596,  -0.01094,  -0.05471,  -0.06347,   0.02407,   0.03283,   0.05384,   0.00657,  -0.04246,   0.09586,   0.01357,   0.02582,   0.03458,  -0.05121,  -0.02145,   0.00657,   0.03633,   0.02757,  -0.05646,   0.03633,  -0.05471,  -0.01795,  -0.04071,  -0.01795,  -0.02495,   0.01707,  -0.07397,  -0.02845,  -0.05822,   0.03633,  -0.02145,  -0.04246,   0.02757,  -0.00394,   0.06784,  -0.02495,  -0.01620,  -0.01444,   0.01357,   0.02757,   0.01532,  -0.00569,  -0.03721,  -0.01444,   0.02933,  -0.09498,   0.05734,   0.04158,   0.03983,  -0.05997,   0.01532,   0.05909,   0.05909,  -0.02320,  -0.01620,  -0.03370,  -0.06347,  -0.04071,  -0.02670,  -0.05121,  -0.00569,  -0.11074,  -0.00219,   0.05384,  -0.03020,  -0.05646,  -0.05121,  -0.03545,  -0.05296,   0.03983,   0.11687,   0.01707,   0.05209,   0.04858,  -0.01269,   0.01707,  -0.00044,  -0.03721,   0.01707,  -0.04596,   0.09586,  -0.01620,  -0.06872,  -0.05296,  -0.02320,  -0.02320,  -0.08448,   0.03283,   0.04333,  -0.07747,   0.06784,   0.03808,   0.05384,  -0.05296,  -0.07572,  -0.01444,  -0.02495,  -0.04421,  -0.00219,   0.06784,  -0.03896,   0.00832,  -0.03545,   0.03108,   0.09586,   0.05384,   0.05734,  -0.00744,   0.01532,  -0.00919,  -0.01620,  -0.03545,  -0.02145,   0.02933,  -0.06872,   0.08360,   0.05734,  -0.00219,  -0.06347,   0.08885,  -0.02845,  -0.02670,   0.09235,   0.03283,   0.09586,  -0.00394,   0.01707,  -0.11424,  -0.00219,   0.03808,   0.00481,  -0.04421,  -0.01094,  -0.05121,   0.06609,  -0.06697,   0.03108,  -0.00569,  -0.00044,   0.02757,  -0.06697,  -0.00219,   0.03983,   0.01182,  -0.02670,  -0.01269,   0.05384,   0.06084,  -0.06872,  -0.03370,  -0.05822,   0.00832,   0.02057,  -0.05121,  -0.02670,  -0.05121,  -0.00394,  -0.03020,  -0.00394,  -0.02495,   0.02407,   0.06084,  -0.07572,   0.05209,   0.00481,  -0.05997,   0.05034,   0.02582,   0.03108,  -0.01094,   0.01182,   0.01357,   0.01707,   0.02057,   0.03633,  -0.02670,   0.06784,   0.01882,  -0.05646,  -0.01094,   0.00481,  -0.00219,   0.05209,  -0.05121,  -0.01970,  -0.01444,  -0.05997,   0.00306,  -0.03896,   0.04158,  -0.01620,  -0.03545,  -0.03020,   0.00832,   0.01882,   0.03458,  -0.02845,  -0.09323,  -0.03545,   0.03983,   0.03633,  -0.01269,   0.02757,  -0.01269,  -0.03545,  -0.04246,  -0.00044,  -0.01970,   0.03458,  -0.02145,  -0.08623,   0.00306,   0.04858,  -0.03896,   0.03108,  -0.00744,   0.01882,  -0.06347,  -0.01795,  -0.08623,  -0.00569,  -0.01094,  -0.00219,   0.01007,   0.10286,  -0.04421,  -0.00044,  -0.00569,   0.05034,   0.01182,  -0.01620,  -0.07572,  -0.00919,   0.08185,  -0.06697,   0.04858,  -0.03195,   0.01357,   0.02582,   0.05734,  -0.01444,  -0.00394,  -0.05822,   0.03808,   0.01357,   0.04333,  -0.01269,   0.01707,  -0.00219,  -0.04071,   0.05909,  -0.03370,   0.01007,   0.01357,   0.01532,  -0.04596,   0.00306,  -0.04596,   0.01182,   0.02582,   0.08885,  -0.05471,  -0.09148,  -0.01970,   0.10286,   0.10811,   0.03633,  -0.05121,  -0.00394,  -0.04246,  -0.00219,  -0.06347,   0.11512,   0.00131,  -0.07047,   0.02582,  -0.01444,   0.02407,   0.02232,  -0.00569,   0.03283,  -0.01444,   0.05384,   0.02057,   0.00131,   0.00306,  -0.00044,  -0.05997,  -0.02145,   0.04508,  -0.01795,   0.02757,   0.01707,  -0.05296,  -0.01620,   0.00657,   0.09235,   0.02757,  -0.00919,   0.02933,  -0.00569,  -0.07572,   0.05909,   0.04683,  -0.06172,   0.03633,  -0.03020,   0.01007,  -0.06872,  -0.01094,   0.02057,  -0.05997,   0.03633,   0.04683,  -0.07222,   0.09411,  -0.04246,  -0.04246,  -0.01269,  -0.05997,   0.06084,  -0.00919,  -0.00919,   0.08185,  -0.04946,  -0.00569,  -0.02670,  -0.02320,  -0.05121,  -0.02320,  -0.00044,   0.00481,  -0.01795,  -0.07222,   0.01007,   0.02232,   0.03983,  -0.06522,   0.07135,  -0.02495,  -0.01795,   0.06784,  -0.05121,   0.01707,  -0.06172,   0.02057,  -0.06697,  -0.04771,   0.00306,  -0.01269,  -0.02320,   0.02232,   0.05909,   0.01532,  -0.01269,  -0.03370,   0.00657,  -0.09673,   0.05034,   0.00306,  -0.01444,   0.02582,   0.08360,  -0.07922,   0.04508,  -0.01444,  -0.02320,   0.02757,   0.01532,   0.00832,  -0.04071,   0.08360,   0.05909,   0.04333,   0.02757,   0.04158,   0.03458,  -0.00919,  -0.00219,  -0.01970,  -0.00744,  -0.01094,  -0.03195,   0.03633,  -0.00919,  -0.01444,  -0.05296,   0.03108,   0.02582,  -0.05121,  -0.01269,  -0.04596,   0.07310,  -0.00219,  -0.02845,  -0.09498,  -0.05646,   0.02757,   0.01882,  -0.05471,  -0.01269,  -0.01620,  -0.04421,   0.10461,   0.00481
   0.02057,  -0.06522,   0.02407,  -0.02495,  -0.09673,  -0.00219,   0.02582,   0.08710,  -0.00219,   0.04158,   0.02582,  -0.03370,   0.01182,   0.00481,   0.06959,   0.00657,   0.03808,   0.01182,   0.08185,  -0.01620,   0.02582,   0.01532,   0.06259,  -0.01094,  -0.02845,  -0.04071,   0.05209,   0.02232,   0.06609,  -0.02670,   0.01707,   0.05909,   0.03283,  -0.06872,  -0.04246,   0.03108,   0.02582,   0.05559,   0.07660,   0.01007,  -0.02845,   0.00481,  -0.00219,  -0.01620,  -0.00394,   0.00657,   0.06084,  -0.02320,   0.05209,  -0.01795,   0.07835,  -0.01795,  -0.07922,   0.00131,   0.02757,  -0.01795,   0.00481,  -0.00394,   0.08185,  -0.03020,   0.01182,   0.06959,  -0.00219,  -0.08798,  -0.05822,  -0.00919,  -0.04071,  -0.02495,   0.05384,   0.01182,   0.05034,  -0.03020,  -0.00394,   0.01357,  -0.04771,   0.06259,   0.03633,  -0.01970,  -0.02495,   0.01357,  -0.02145,  -0.04071,  -0.00569,  -0.01620,   0.02407,  -0.07747,  -0.01094,  -0.01444,   0.04333,  -0.03896,  -0.01269,   0.01357,   0.10286,  -0.01620,  -0.01094,  -0.03020,   0.04858,  -0.06522,  -0.03545,   0.03633,  -0.02845,   0.00657,   0.02407,   0.02933,  -0.03721,   0.00306,  -0.03195,   0.04333,  -0.06697,   0.03633,   0.00657,  -0.03370,  -0.03721,  -0.00394,  -0.02845,   0.03983,  -0.04071,   0.03108,   0.02757,  -0.07747,   0.03808,  -0.06172,  -0.04071,   0.00131,  -0.00744,  -0.08448,   0.00481,  -0.01620,  -0.02845,   0.00832,   0.00306,   0.06784,   0.02582,   0.02582,   0.01707,   0.01182,  -0.00219,  -0.07747,  -0.02145,   0.06959,  -0.06522,  -0.03545,   0.05559,  -0.02495,  -0.03195,  -0.00394,   0.08185,   0.01357,   0.00481,   0.02407,  -0.05646,  -0.00569,   0.00832,   0.01007,  -0.06872,  -0.01094,   0.03283,  -0.03020,  -0.04596,   0.02582,   0.04158,   0.05209,   0.04683,   0.01182,   0.00657,  -0.07922,   0.03983,   0.08535,  -0.03370,   0.02757,  -0.01620,   0.04333,  -0.02495,   0.03808,   0.00481,  -0.03020,   0.03283,  -0.01269,   0.02232,  -0.08448,   0.07310,   0.01532,  -0.03195,   0.00306,   0.00832,   0.03283,  -0.01795,  -0.01795,  -0.05822,   0.02582,  -0.00569,   0.03633,   0.02057,   0.05384,  -0.02495,  -0.01444,   0.03983,  -0.00919,  -0.07222,   0.05209,  -0.12650,   0.09586,  -0.04596,  -0.01795,  -0.03721,  -0.02145,  -0.04596,   0.01882,   0.03633,  -0.05997,   0.08185,  -0.04771,   0.04508,  -0.01094,   0.00832,   0.03108,  -0.01620,   0.01007,  -0.01094,  -0.09148,   0.03983,   0.03108,  -0.01620,   0.02232,  -0.00044,  -0.00044,  -0.00744,   0.06259,   0.01532,  -0.04246,  -0.01269,   0.00131,   0.09060,  -0.00919,  -0.02145,   0.01182,  -0.03020,   0.01882,  -0.01269,   0.03108,  -0.04421,   0.03458,  -0.00569,   0.02757,  -0.04071,   0.01882,  -0.04421,   0.01707,   0.09235,  -0.01970,  -0.03020,  -0.00044,  -0.00219,   0.02057,  -0.06522,  -0.08623,   0.02057,   0.02232,   0.03108,   0.01532,   0.01532,  -0.04421,   0.04158,   0.00657,  -0.08273,  -0.07747,   0.01007,   0.02407,  -0.05997,   0.05909,   0.03983,   0.02582,  -0.02670,  -0.02670,  -0.03195,  -0.03896,   0.01707,   0.05384,  -0.03896,   0.01707,   0.02582,   0.03633,   0.00306,   0.03283,  -0.08273,   0.04508,   0.03458,   0.02232,   0.04683,   0.01007,   0.00481,  -0.07572,  -0.05296,  -0.01795,   0.01357,   0.00832,   0.05384,  -0.03020,  -0.02845,  -0.00394,   0.13087,   0.05209,  -0.10199,   0.09761,   0.05734,   0.01357,  -0.04421,   0.02582,   0.04858,   0.06784,  -0.06347,  -0.00219,  -0.01970,  -0.04071,  -0.02670,   0.03283,  -0.00744,   0.08885,   0.00481,  -0.01269,   0.03283,   0.01707,   0.02933,  -0.03195,   0.02057,   0.02757,   0.04683,   0.03458,  -0.02320,  -0.00569,   0.00832,  -0.01269,  -0.05296,  -0.03721,   0.09060,  -0.00044,   0.00657,  -0.00219,  -0.05121,   0.01882,  -0.01620,  -0.04771,  -0.03721,   0.04683,   0.03808,  -0.01094,  -0.01444,  -0.02670,  -0.03370,  -0.00919,  -0.07397,   0.03458,  -0.02670,   0.00306,  -0.03896,  -0.00569,   0.09060,  -0.05646,   0.01182,  -0.01620,  -0.01970,   0.01182,   0.06609,  -0.05646,  -0.06347,  -0.02495,  -0.03721,   0.02582,  -0.03721,  -0.07047,  -0.01269,  -0.00744,   0.01707,   0.10111,   0.01707,  -0.00744,   0.02407,   0.00832,   0.02933,  -0.07572,  -0.02670,  -0.02320,  -0.04596,  -0.06697,  -0.01795,   0.03283,   0.00306,  -0.01970,  -0.03545,   0.00306,   0.02757,  -0.02320,  -0.01269,   0.03808,  -0.04421,  -0.07047,   0.02933,  -0.02320,  -0.06347,  -0.03370,  -0.03370,  -0.01094,   0.06609,  -0.04071,  -0.00394,  -0.02320,  -0.00044,  -0.01094,   0.06784,  -0.02845,  -0.00744,   0.02757,  -0.01094,  -0.05121,  -0.04071,   0.03458,  -0.03721,   0.05034,   0.04858,  -0.02670,   0.02057,  -0.04771,   0.04333,   0.01357,   0.02582,  -0.00744,  -0.05822,  -0.03020,  -0.05646,  -0.02320,  -0.00919,  -0.03020,  -0.01970,  -0.03020,   0.00481,  -0.01620,  -0.00569,  -0.04946,   0.00832,   0.05909,   0.01707,  -0.03721,  -0.07047,   0.00832,   0.05209,   0.04683,   0.08885,  -0.07222,   0.01007,  -0.00044,  -0.00919,   0.02407,  -0.04946,   0.06259,  -0.04071,  -0.04596,   0.02582,   0.00832,  -0.01970,   0.02582,   0.01357,   0.02232,   0.02933,  -0.03195,  -0.08973,   0.07660,  -0.02320,  -0.03896,  -0.10899,   0.01532,  -0.02320,   0.00131,   0.02232,  -0.05296,  -0.03545,  -0.03896,  -0.01620,   0.05734,  -0.00044,   0.04858,   0.00131,   0.05034,  -0.04421,  -0.01444,   0.09411,   0.02582,   0.02582,  -0.00219,   0.02933,   0.01357,  -0.08098,  -0.07397,  -0.04421,  -0.01269,   0.05559,   0.01882,  -0.03721,   0.04858,   0.02232,  -0.00919,  -0.01620,   0.03458,  -0.01795,  -0.05822,   0.03633,   0.00832,   0.03808,   0.02407,  -0.02320,  -0.01444,  -0.05646,   0.01357,  -0.00394,   0.02057,  -0.02320,  -0.02320,  -0.00394,   0.02933,   0.03633,   0.00832,   0.00481,   0.06784,  -0.00744,  -0.11424,   0.02582,  -0.03721,   0.01182,  -0.06522,  -0.03370,   0.05209,   0.04683,  -0.02845,  -0.03545,  -0.05646,  -0.05646,   0.00131,   0.00131,  -0.01094,  -0.02845,  -0.03545,  -0.08273,   0.02582,   0.03458,   0.06784,   0.03808,  -0.00744,  -0.02495,  -0.00044,   0.07135,  -0.01620,   0.05384,  -0.00744,  -0.02495,  -0.01444,   0.01357,   0.00657,   0.06609,  -0.04771,  -0.01795,   0.05034,  -0.04596,  -0.03545,  -0.05296,   0.01707,   0.01532,  -0.03545,   0.06084,   0.01182,   0.02232,  -0.00744,  -0.01795,  -0.01970,   0.00657,  -0.04771,   0.01357,  -0.00744,   0.02582,  -0.00044,   0.05034,   0.01007,   0.01357,   0.05909,  -0.06697,  -0.00744,   0.05734,   0.01357,   0.05034,   0.01007,  -0.02495,   0.00832,  -0.00394,  -0.03020,  -0.04596,  -0.01620,  -0.00569,   0.01707,  -0.03020,   0.08010,   0.03108,   0.03983,  -0.00044,   0.01707,  -0.12650,   0.01707,  -0.00044,   0.04858,   0.05559,   0.04508,   0.01532,   0.01357,  -0.06347,   0.02232,   0.07835,   0.02407,  -0.03020,   0.02232,   0.02057,  -0.01094,  -0.02670,  -0.03896,   0.04858,   0.03983,  -0.05822,   0.06084,   0.02057,  -0.05822,   0.04683,  -0.04071,  -0.00219,  -0.02845,  -0.02495,   0.03108,  -0.05471,   0.05909,   0.03808,   0.03108,  -0.06697,   0.00131,   0.02757,  -0.01444,  -0.04946,  -0.04771,  -0.02320,   0.05734,  -0.03721,  -0.03370,   0.03108,  -0.03721,   0.02757,  -0.00394,   0.06434,   0.02232,   0.00481,  -0.09848,  -0.01620,   0.01357,  -0.00569,  -0.02320,  -0.00919,   0.01007,  -0.01094,  -0.06522,   0.02582,  -0.07922,  -0.07047,   0.01357,  -0.01269,   0.03633,  -0.04246,  -0.02145,  -0.02495,   0.02057,  -0.08448,   0.03283,  -0.05646,   0.10286,   0.00481,   0.04508,   0.04333,  -0.01269,  -0.01094,   0.07135,   0.02407,  -0.00569,   0.05559,  -0.02670,  -0.04421,  -0.04596,   0.01182,   0.00306,   0.04858,   0.03283,   0.02757,  -0.01795,  -0.00044,  -0.03721,   0.04333,  -0.03721,  -0.00219,  -0.00394,  -0.05121,   0.03808,   0.05559,   0.04158,   0.03633,   0.00657,  -0.01094,  -0.05997,   0.01007,  -0.02670,   0.01882,   0.03283,  -0.00394,   0.03808,   0.10286,  -0.06347,  -0.02845,   0.03108,   0.03808,  -0.04946,   0.04683,  -0.05296,  -0.00744,   0.01532,   0.05384,  -0.01620,   0.03633,  -0.03896,   0.01357,  -0.04946,  -0.03721,   0.00481,  -0.10374,   0.03283,   0.02057,  -0.02320,   0.03108,   0.00657,  -0.02495,  -0.03896,  -0.04246,  -0.02670,  -0.01444,   0.02582,  -0.06697,   0.05734,   0.08710,   0.00832,  -0.00744,  -0.00919,   0.01532,   0.05559,   0.02933,   0.02757,   0.08010,  -0.00919,  -0.04246,  -0.00394,   0.04508,  -0.07572,   0.00657,  -0.05646,   0.03283,   0.00131,   0.07485,   0.01532,   0.01007,  -0.02320,   0.05559,   0.05034,  -0.03370,  -0.01444,   0.01707,  -0.02670,   0.02232,  -0.02670,  -0.00744,  -0.04946,   0.03983,   0.02407,   0.05209,   0.05559,  -0.00219,  -0.00919,  -0.00919,   0.04858,   0.03633,  -0.02320,  -0.01620,   0.02757,  -0.03195,  -0.01444,   0.02232,  -0.04246,   0.04508,   0.04508,   0.04158,   0.00481,   0.02232,   0.03633,  -0.07397,   0.01707,   0.00481,   0.04508,  -0.01970,  -0.03370,   0.06784,  -0.01444,  -0.04421,   0.05384,   0.05034,  -0.08448,   0.06959,   0.06434,   0.07835,  -0.03195,   0.05384,   0.04508,  -0.00219,   0.02582,  -0.04421,   0.01357,  -0.01444,   0.03458,   0.03983,  -0.03896,   0.07135,  -0.01094,  -0.02495,  -0.03896,   0.07485,  -0.02845,  -0.00219,   0.07835,   0.03983,   0.01707,   0.02232,  -0.03896,   0.03283,  -0.03545,   0.03633,  -0.00919,   0.00131,   0.00832,   0.02057,  -0.01620,  -0.08273,  -0.08098,   0.04158,   0.04683,  -0.08098,   0.01532,   0.02757,   0.04333,   0.01357,  -0.01970,   0.02582,  -0.01094,   0.00481,   0.01007,  -0.05822,  -0.04596,  -0.07222,  -0.05646,   0.02582,  -0.05296,  -0.03545,   0.02582,  -0.03370,   0.01532,   0.01007,   0.03808,   0.04158,  -0.06697,  -0.01795,   0.01882,   0.08535,  -0.07047,   0.05034,  -0.03020,  -0.00044,   0.09586,   0.01357,   0.02407,  -0.04771,   0.05034,   0.01182,   0.03458,  -0.06347,  -0.01795,  -0.04246,   0.04508,  -0.02845,  -0.03545,   0.02933,  -0.04071,  -0.03370,  -0.02320,  -0.04071,  -0.00219,  -0.08448,  -0.04596,   0.06959,   0.10636,  -0.02670,   0.01707,   0.01882,  -0.02320,   0.08360,  -0.01444,  -0.01970,  -0.00219,   0.00832,  -0.04946,  -0.01970,  -0.05471,  -0.03195,  -0.03545,   0.05209,  -0.01094,  -0.00394,  -0.01620,   0.01182,  -0.06872,  -0.04246,   0.00131,  -0.03370,  -0.04421,  -0.01444,  -0.02670,   0.00131,  -0.08623,  -0.11949,  -0.00394,   0.02057,  -0.06697,   0.01882,  -0.05471,  -0.01620,  -0.02845,  -0.02145,  -0.02845,   0.01882,   0.01532,  -0.00219,  -0.01444,  -0.02495,  -0.06347,  -0.00744,   0.00481,  -0.07922,  -0.10549,  -0.07047,  -0.00044,   0.01357,  -0.05121,   0.05909,   0.01707,   0.08710,  -0.06347,   0.09060,   0.07135,   0.03808,   0.02757,  -0.00744,  -0.00569,   0.05559,   0.07135,   0.02057,  -0.02145,  -0.00569,   0.08010,  -0.02145,   0.01357,  -0.00394,   0.02407,  -0.05296,  -0.00919,  -0.02320,  -0.01094,  -0.00394,  -0.01269,  -0.08273,  -0.01444,  -0.00744,   0.03108,  -0.00919,   0.03808,   0.01707,  -0.01444,  -0.02145,   0.06084,   0.02582,   0.00306,   0.01007,  -0.08098,  -0.07572,   0.00306,   0.03283,  -0.01269,   0.00657,  -0.01094,   0.03633,   0.01882,  -0.06872,  -0.03195,   0.01007,  -0.06522,  -0.02845,   0.02232,  -0.04246,   0.06259,   0.01882,  -0.03370,  -0.01094,  -0.00219,  -0.01970,  -0.02495,  -0.01620,  -0.05471,  -0.03020,  -0.00044,   0.10286,   0.03808
   0.02057,   0.03108,  -0.00394,   0.04858,  -0.04596,  -0.07047,  -0.01795,   0.05034,  -0.02145,  -0.00394,   0.13788,  -0.05296,   0.03283,  -0.00219,  -0.03721,  -0.03545,  -0.01094,   0.00832,   0.02057,  -0.04246,   0.03458,   0.02407,   0.02582,   0.00306,   0.08185,   0.01182,   0.03633,   0.03633,   0.01882,   0.01007,   0.00832,   0.05034,  -0.10023,   0.06434,  -0.02495,   0.01707,  -0.01269,   0.06084,   0.04858,   0.04858,  -0.06697,   0.05909,   0.05209,   0.04508,  -0.05646,   0.05209,  -0.02320,   0.04158,   0.04333,  -0.00219,   0.01357,  -0.03020,   0.01532,  -0.02845,  -0.00744,  -0.00219,   0.00131,  -0.04071,  -0.01795,   0.06609,   0.01532,   0.01707,  -0.07397,   0.06434,  -0.05296,   0.01707,  -0.01795,  -0.01795,   0.03633,  -0.00919,  -0.01444,   0.14313,  -0.03370,  -0.01444,   0.02582,  -0.00744,  -0.02670,  -0.05646,   0.02933,  -0.01094,  -0.10374,   0.01532,  -0.02320,  -0.06872,   0.04158,   0.04683,   0.06084,  -0.02845,  -0.02670,   0.05734,   0.00131,   0.02757,  -0.04071,   0.00832,  -0.02145,   0.07310,  -0.00744,  -0.03721,   0.03808,   0.05909,   0.01532,  -0.01795,  -0.01970,  -0.01444,   0.07135,   0.02933,   0.06959,   0.02407,  -0.03370,  -0.00219,  -0.01970,  -0.04946,  -0.05296,   0.11512,   0.00131,   0.03808,  -0.02845,  -0.00744,   0.07310,   0.07660,   0.03633,  -0.04071,   0.01532,   0.02757,   0.00131,  -0.01269,  -0.03721,  -0.08973,  -0.02320,   0.01882,   0.02582,  -0.01970,  -0.00394,  -0.00569,  -0.01620,  -0.02145,  -0.03195,   0.00306,   0.01882,  -0.02495,   0.04683,   0.02232,   0.04508,   0.02757,  -0.01970,   0.08885,  -0.06347,   0.05209,   0.00306,  -0.04596,  -0.03020,   0.06084,  -0.05471,   0.06084,   0.02407,  -0.00044,   0.10636,  -0.07047,  -0.02845,   0.01707,  -0.03020,  -0.07572,   0.04508,  -0.05121,   0.07135,  -0.01970,   0.02933,   0.04858,  -0.02145,  -0.04946,  -0.01620,   0.00481,   0.06259,   0.03283,  -0.02145,   0.05909,  -0.02845,   0.02757,   0.03108,   0.00306,   0.05909,   0.00657,  -0.03896,   0.01007,  -0.04421,  -0.02145,  -0.06172,   0.01182,  -0.01795,   0.04508,  -0.01970,   0.02757,  -0.05822,   0.02057,   0.04158,  -0.07222,   0.05034,  -0.07922,   0.02232,  -0.05646,  -0.01269,  -0.05296,   0.02933,  -0.00919,   0.00832,  -0.08098,  -0.01620,  -0.01795,  -0.00219,   0.00832,   0.01182,  -0.03195,   0.01882,  -0.01094,   0.01007,   0.00481,  -0.05471,  -0.00569,  -0.02670,  -0.01269,  -0.09148,   0.12912,   0.00481,   0.01532,  -0.01620,  -0.03721,  -0.06172,  -0.01444,   0.04683,   0.08010,   0.02057,  -0.02845,  -0.06172,  -0.01795,   0.03808,   0.02057,   0.01882,  -0.04596,   0.01882,   0.03808,   0.00306,   0.06084,  -0.02845,   0.03458,   0.00657,   0.03633,  -0.05121,  -0.00394,   0.06609,   0.08010,  -0.01970,  -0.01795,  -0.02495,   0.06084,   0.00657,   0.05559,  -0.00219,   0.05559,   0.03633,  -0.00569,   0.00481,  -0.05646,   0.00306,   0.01707,  -0.01620,   0.05209,  -0.00919,  -0.04071,   0.00131,   0.00131,   0.03283,   0.04858,  -0.04071,   0.02933,   0.02057,   0.06084,   0.03633,   0.06434,   0.00832,   0.00131,   0.05734,   0.00832,   0.00657,  -0.03896,   0.07660,   0.04508,  -0.06522,   0.01532,   0.06959,  -0.01620,  -0.03896,  -0.04421,   0.03108,  -0.01970,  -0.03020,  -0.06347,  -0.01444,   0.02232,   0.02582,  -0.02670,   0.03458,  -0.05471,   0.01882,   0.05909,  -0.02145,   0.06084,   0.00306,  -0.01620,   0.04333,  -0.01620,  -0.01269,   0.00657,  -0.06697,  -0.03545,  -0.04071,  -0.00219,  -0.07397,   0.01707,   0.03633,   0.01532,   0.02232,   0.02757,   0.06959,   0.00306,   0.01182,   0.02582,   0.02232,   0.06609,   0.04333,  -0.00394,   0.01707,   0.05209,   0.03108,   0.03633,  -0.02845,  -0.02845,  -0.02670,   0.00131,   0.01357,   0.02407,   0.06959,   0.02582,  -0.07397,  -0.03721,  -0.08273,   0.05384,   0.00481,  -0.01795,   0.05909,   0.03108,   0.00481,  -0.02320,   0.02933,  -0.04421,  -0.02495,  -0.00919,   0.05909,   0.01532,  -0.01444,  -0.02495,   0.01357,  -0.01795,   0.07660,   0.02757,  -0.07747,  -0.03020,   0.02057,   0.06959,   0.04508,  -0.04246,   0.00481,  -0.03195,  -0.00044,   0.01357,   0.02582,   0.03108,   0.01882,  -0.10724,   0.01007,  -0.03020,  -0.06347,   0.03808,   0.02057,   0.07135,  -0.00219,  -0.00394,  -0.07047,  -0.00219,   0.02582,  -0.01269,  -0.02145,   0.04508,   0.00131,   0.04158,   0.02582,  -0.00744,  -0.02145,   0.09761,   0.04333,   0.05734,   0.05734,   0.06259,   0.06259,   0.05559,   0.01182,  -0.00919,  -0.05121,   0.00131,  -0.06347,   0.01182,   0.07310,   0.02933,   0.07135,  -0.03896,   0.01007,  -0.00219,  -0.00919,   0.05209,  -0.05296,   0.03458,   0.01007,   0.01182,  -0.02670,  -0.01094,  -0.03195,   0.07310,   0.05034,   0.02232,   0.01007,   0.02232,  -0.11249,   0.01182,   0.02407,  -0.07922,  -0.09848,   0.04858,   0.01182,  -0.01269,  -0.02670,   0.02232,  -0.06347,  -0.07922,   0.05734,  -0.03020,   0.01007,   0.00306,  -0.02495,   0.00657,   0.06784,  -0.09148,  -0.05646,   0.01357,   0.02232,   0.01532,   0.07135,   0.02933,   0.02933,   0.01707,   0.08360,  -0.08623,  -0.04071,  -0.06522,   0.04683,  -0.04246,   0.02057,   0.01532,   0.00481,   0.02057,   0.01357,  -0.06697,  -0.01620,  -0.08273,  -0.06172,   0.00832,  -0.01094,   0.07135,   0.05734,   0.08885,   0.01882,  -0.05121,  -0.05296,   0.01357,  -0.00919,   0.01882,  -0.01795,  -0.03545,   0.00481,   0.03983,  -0.05997,  -0.04596,  -0.04946,   0.00657,   0.01882,   0.01007,  -0.01795,  -0.05646,  -0.01444,  -0.00044,  -0.05646,   0.01182,   0.01007,   0.06084,  -0.02495,  -0.01094,   0.05559,  -0.04071,   0.01532,   0.01532,  -0.06172,  -0.02320,  -0.00744,  -0.01620,   0.01707,   0.02582,  -0.00044,  -0.11424,  -0.01094,  -0.05121,  -0.14576,  -0.00569,  -0.03195,  -0.05121,  -0.04771,  -0.00744,  -0.00919,   0.02232,   0.02057,   0.04158,   0.02933,   0.01532,   0.00306,  -0.03721,   0.01532,   0.03458,  -0.01620,   0.01357,  -0.02145,  -0.03370,  -0.04946,   0.02407,  -0.02495,   0.03808,  -0.03020,   0.05034,  -0.01444,  -0.02320,   0.02933,   0.05209,   0.06084,   0.01882,  -0.03370,   0.08710,   0.02757,   0.05734,  -0.04946,  -0.03370,  -0.00219,  -0.01269,   0.02232,  -0.02845,  -0.00919,  -0.05296,  -0.05471,  -0.04421,   0.00657,  -0.05822,   0.09936,  -0.00919,  -0.03370,  -0.05471,   0.01007,  -0.01269,  -0.06347,  -0.06872,  -0.03896,  -0.05646,   0.02582,  -0.01094,  -0.00044,   0.01707,   0.03808,  -0.01970,   0.01707,  -0.03721,  -0.00569,   0.00832,   0.08885,   0.02582,  -0.04771,  -0.03896,  -0.01444,   0.01007,  -0.01620,   0.01007,   0.03458,   0.03108,   0.00306,  -0.00744,  -0.03721,  -0.00744,  -0.03721,   0.09936,   0.08010,  -0.07222,   0.00832,  -0.01795,  -0.01620,  -0.04946,   0.03108,  -0.01269,   0.00306,   0.00306,  -0.02320,  -0.04421,  -0.02320,   0.03808,  -0.01620,  -0.01269,  -0.09323,  -0.02845,  -0.01795,  -0.01620,   0.03983,  -0.06872,   0.05559,  -0.00919,  -0.03896,   0.08710,  -0.02495,   0.01532,  -0.03545,  -0.05997,   0.02582,   0.02757,   0.02933,  -0.00744,   0.00131,  -0.00569,  -0.01094,   0.07660,  -0.07397,   0.06609,   0.01357,  -0.00744,  -0.06872,   0.01007,  -0.03896,   0.10286,   0.01182,   0.01007,   0.07135,   0.06784,   0.03108,  -0.02845,  -0.00569,  -0.02145,  -0.01269,  -0.00744,   0.00306,  -0.05822,  -0.00044,   0.02582,   0.02582,   0.00832,   0.00832,   0.00131,  -0.04071,  -0.04946,  -0.01620,   0.02933,  -0.07747,  -0.06872,   0.01707,   0.06259,   0.04158,  -0.01444,  -0.06522,   0.03283,   0.00481,   0.01182,  -0.10199,   0.00657,  -0.03020,  -0.00394,   0.00306,  -0.09848,  -0.06347,   0.02232,  -0.03370,   0.02582,  -0.02495,   0.03983,   0.00131,   0.02407,   0.03983,   0.02757,   0.01882,  -0.00394,   0.04158,  -0.03370,  -0.00394,  -0.05997,  -0.05646,   0.11862,   0.02582,  -0.02145,   0.01357,   0.00131,   0.05909,  -0.04071,  -0.00569,   0.01707,   0.02232,   0.00481,   0.00131,   0.13262,   0.00832,   0.03108,  -0.01620,   0.05209,   0.05384,   0.08710,   0.03283,   0.01182,   0.03983,  -0.04071,  -0.02145,  -0.06172,   0.04683,   0.00832,   0.00481,  -0.06697,  -0.00569,  -0.05646,   0.00832,  -0.02670,   0.03283,   0.02057,  -0.05121,   0.03983,   0.00131,  -0.02845,   0.00481,   0.01707,   0.06084,  -0.02845,  -0.00569,   0.01357,  -0.04771,  -0.00394,  -0.02145,  -0.00569,  -0.00744,  -0.06697,   0.00657,   0.06784,  -0.04596,   0.06084,  -0.02145,   0.02757,   0.01532,  -0.07222,  -0.04946,  -0.03721,   0.02757,   0.01882,  -0.04071,   0.00657,   0.07135,  -0.06172,   0.01882,   0.01182,  -0.00744,   0.03283,   0.01357,   0.03983,   0.02582,  -0.02320,  -0.03370,   0.01532,   0.00481,   0.04683,  -0.00919,  -0.02320,  -0.01269,   0.02057,  -0.01269,   0.03108,  -0.00919,  -0.05471,   0.05384,   0.03283,  -0.03896,   0.00131,  -0.06522,  -0.07747,   0.01707,   0.04508,  -0.06172,  -0.06697,   0.02933,   0.01357,   0.00657,  -0.02495,   0.04508,  -0.04071,   0.01007,   0.08885,  -0.02145,   0.05034,   0.01007,  -0.00744,   0.02582,  -0.04596,  -0.02845,  -0.02145,   0.06959,   0.11336,  -0.04071,  -0.04246,   0.02407,  -0.00394,   0.11687,  -0.02320,   0.04858,  -0.01269,  -0.04771,  -0.05822,   0.02933,   0.00481,   0.04158,  -0.00219,  -0.00044,   0.02582,  -0.00219,  -0.02320,   0.03633,   0.01007,   0.02933,  -0.06347,  -0.00744,   0.01882,  -0.01094,  -0.05121,  -0.05646,  -0.02320,  -0.05822,   0.02057,  -0.01620,   0.00131,   0.11687,  -0.02495,  -0.03896,   0.06609,  -0.00394,   0.04158,  -0.07397,   0.08185,  -0.01795,  -0.10199,   0.02232,  -0.02845,  -0.03545,  -0.00744,  -0.01269,   0.03108,   0.00306,   0.05034,  -0.00219,  -0.04246,   0.01882,   0.00657,   0.03108,  -0.02845,   0.04158,  -0.02845,  -0.04071,   0.05559,  -0.03896,  -0.01970,  -0.00569,   0.07310,   0.02757,   0.02232,   0.03108,   0.02582,  -0.03020,  -0.01444,   0.03108,   0.00306,  -0.09148,  -0.00744,  -0.03195,  -0.03370,   0.05209,   0.00306,   0.05909,  -0.08273,   0.04158,   0.01532,  -0.03545,  -0.06172,  -0.00744,   0.00481,  -0.02320,   0.08010,   0.02582,  -0.02320,  -0.00044,  -0.03545,  -0.02495,   0.08710,  -0.04771,   0.00131,  -0.05296,   0.01707,  -0.00219,   0.03458,   0.00306,   0.08360,  -0.01269,  -0.03370,   0.01007,   0.03458,  -0.06697,  -0.02845,  -0.02845,   0.02933,  -0.00569,   0.06959,  -0.02495,  -0.01970,  -0.05296,  -0.02495,  -0.02320,   0.08710,  -0.02845,  -0.02495,   0.08185,   0.09586,  -0.00919,   0.02933,  -0.01620,   0.03283,  -0.05471,  -0.02845,  -0.02495,   0.02057,  -0.00744,   0.04333,   0.04683,   0.02933,  -0.02320,  -0.03370,   0.04683,  -0.01094,   0.02757,   0.07485,   0.03283,  -0.03195,  -0.06872,   0.05209,  -0.05646,   0.02407,   0.04158,  -0.05471,   0.03633,   0.01707,   0.05909,   0.03108,   0.11336,   0.00481,   0.04508,   0.08185,   0.01882,   0.04683,  -0.03195,  -0.02670,  -0.00394,  -0.01970,  -0.04246,  -0.00219,  -0.02845,   0.03108,  -0.01795,  -0.01444,   0.04683,  -0.02845,  -0.02495,   0.07135,   0.02757,  -0.01970,   0.06784,   0.04333,   0.05034,  -0.02320,  -0.01970,  -0.04771,  -0.02670,  -0.04771,   0.02757,  -0.01094,   0.02232,   0.04508,   0.00306,  -0.03195,   0.04683,   0.00481,   0.03458,   0.03633,  -0.03370,  -0.01970,  -0.01269,   0.05034,   0.01357,   0.05034,   0.00657,  -0.07222,  -0.04946,  -0.00919,  -0.05997,  -0.01795,   0.02582,   0.00832
  -0.04946,  -0.01094,  -0.03370,  -0.02845,  -0.04771,  -0.00919,   0.01007,  -0.01094,  -0.07047,  -0.01620,  -0.06522,   0.05909,   0.03808,  -0.01620,  -0.01444,  -0.01970,   0.03808,   0.00481,  -0.01795,   0.02232,  -0.02845,  -0.00569,  -0.04421,  -0.03721,  -0.01444,  -0.09673,   0.06084,   0.04158,  -0.04771,   0.03283,   0.02057,   0.00832,   0.03108,  -0.01970,  -0.00394,   0.05034,  -0.02670,  -0.07922,  -0.01094,   0.02933,  -0.01444,   0.01007,  -0.07047,  -0.01444,   0.02232,  -0.03370,   0.02582,  -0.01444,   0.04333,   0.01882,   0.02407,  -0.07572,   0.02407,  -0.05121,  -0.01269,  -0.04421,  -0.05822,   0.02933,   0.00481,   0.07660,  -0.04071,   0.03108,  -0.04421,   0.01357,  -0.03896,   0.01007,   0.04858,  -0.02145,  -0.05471,   0.00657,   0.01532,  -0.04596,  -0.02145,  -0.04771,   0.03983,  -0.00394,   0.07660,   0.09411,   0.07485,  -0.08623,   0.01007,  -0.03545,  -0.04946,  -0.01444,  -0.04071,  -0.00919,   0.06084,  -0.00394,   0.01707,   0.01707,   0.00657,  -0.05296,  -0.01094,   0.02757,  -0.03370,   0.00657,  -0.02845,   0.00832,  -0.06872,  -0.00219,   0.00481,   0.08360,  -0.02145,   0.00832,  -0.01269,   0.08535,  -0.02320,  -0.04421,   0.08885,  -0.06697,   0.03283,  -0.00394,  -0.00569,  -0.01795,  -0.02320,   0.02232,  -0.03020,  -0.07047,   0.01182,   0.00832,  -0.05296,   0.02582,  -0.03370,  -0.01970,   0.06084,   0.01182,   0.02933,  -0.00744,   0.00481,  -0.00744,  -0.01269,   0.02933,  -0.03195,  -0.06347,   0.11161,   0.01357,   0.02582,   0.01532,   0.00832,  -0.00394,   0.02057,  -0.04246,   0.06959,   0.00481,   0.06434,  -0.09848,  -0.04946,  -0.02145,   0.00481,   0.02757,  -0.02320,   0.02757,  -0.03195,   0.02933,   0.01182,  -0.11774,  -0.00744,   0.00657,  -0.10199,   0.00481,  -0.04946,  -0.00044,   0.05209,  -0.00044,  -0.02320,   0.00131,   0.01007,  -0.00044,  -0.04421,  -0.00044,  -0.01094,  -0.03545,   0.03983,   0.03633,   0.03983,  -0.02495,  -0.06347,   0.01882,   0.04333,  -0.04771,   0.03283,   0.01882,  -0.00744,  -0.06872,   0.05734,  -0.05121,  -0.00044,  -0.03370,   0.04858,  -0.01620,  -0.02845,  -0.03020,  -0.02495,  -0.05471,  -0.03020,  -0.05997,  -0.04771,   0.01707,  -0.01620,  -0.01094,   0.04158,  -0.07922,   0.04683,  -0.03896,   0.03283,   0.04858,  -0.03020,   0.01532,  -0.00744,  -0.01795,   0.01882,  -0.01795,   0.06259,   0.01007,   0.05034,   0.03633,  -0.08798,  -0.00044,  -0.03721,   0.03808,  -0.02145,   0.04508,  -0.05296,   0.03983,  -0.05646,   0.04683,   0.07660,   0.01532,  -0.01620,   0.02232,   0.03108,  -0.01444,  -0.05121,  -0.02145,  -0.01620,  -0.00044,  -0.04071,  -0.01444,  -0.01620,   0.00657,  -0.04596,   0.03283,   0.07310,  -0.04071,   0.02057,   0.02232,   0.06609,   0.02933,   0.00131,  -0.04771,   0.02757,   0.00306,  -0.00044,  -0.05471,   0.03633,   0.07135,   0.01357,  -0.04771,   0.04683,  -0.06522,   0.02407,  -0.00219,  -0.03020,   0.07135,  -0.06522,  -0.03370,  -0.02670,  -0.04246,  -0.04421,   0.03283,  -0.05121,   0.03458,   0.02933,   0.01707,   0.01882,   0.01182,  -0.01444,  -0.05296,   0.05034,  -0.03195,   0.00657,  -0.01444,   0.03808,   0.02057,   0.03983,  -0.04246,  -0.00569,   0.04508,   0.04158,  -0.02845,   0.04683,   0.03983,  -0.01620,   0.02757,   0.09235,  -0.03545,  -0.02670,   0.03633,   0.02933,   0.00306,  -0.03020,   0.06084,  -0.01444,  -0.01970,  -0.10724,   0.00657,   0.07660,  -0.00394,   0.02582,   0.00481,  -0.01620,  -0.00044,  -0.02845,  -0.00394,  -0.00044,  -0.02320,   0.03108,   0.02057,  -0.04071,   0.02407,  -0.00744,   0.03633,  -0.04946,  -0.04421,  -0.05121,   0.01882,  -0.02495,  -0.01970,  -0.05471,  -0.04071,  -0.03370,   0.07135,   0.03283,   0.00131,   0.03983,   0.03633,   0.01007,  -0.00744,   0.01882,  -0.02495,   0.08535,   0.01182,   0.02582,   0.00131,   0.01357,  -0.05121,   0.04333,   0.08010,  -0.02495,  -0.04946,  -0.00044,   0.03283,  -0.03545,  -0.04946,   0.00131,   0.00481,   0.03983,   0.04858,   0.02757,   0.05909,   0.00306,   0.05559,   0.04333,   0.02057,  -0.03020,  -0.01970,   0.03983,   0.02407,  -0.00569,   0.06084,   0.03283,   0.01707,  -0.03020,  -0.02320,   0.03283,   0.00657,   0.09060,  -0.06172,  -0.06347,  -0.00919,   0.02232,   0.02407,  -0.06522,  -0.03545,  -0.04246,   0.00131,  -0.03896,   0.01882,   0.05209,  -0.05296,   0.01007,  -0.04771,  -0.01269,   0.01707,   0.04158,   0.01182,   0.02407,  -0.01795,  -0.04946,  -0.01444,  -0.04421,  -0.01269,  -0.00919,   0.05384,   0.12212,  -0.08448,  -0.00394,  -0.00044,   0.04858,   0.05909,  -0.01620,  -0.01795,  -0.01094,   0.02232,   0.07660,   0.11161,  -0.05646,   0.01882,   0.03808,   0.07135,  -0.01094,   0.00832,  -0.03545,   0.05384,   0.06434,  -0.01444,  -0.03896,   0.03458,  -0.03896,  -0.04771,   0.01707,   0.04508,   0.01882,   0.01707,   0.06959,   0.00131,   0.02232,  -0.00394,   0.00481,   0.03808,  -0.02845,   0.04683,   0.02232,  -0.00919,  -0.06172,   0.01532,  -0.02495,   0.08185,   0.06434,  -0.07922,  -0.03195,  -0.02495,  -0.01795,  -0.07747,  -0.01444,  -0.02845,   0.05034,  -0.02320,   0.02933,  -0.03195,   0.04508,  -0.01269,  -0.09148,   0.00131,  -0.00569,  -0.00219,   0.04333,   0.02757,  -0.00569,  -0.01269,   0.00306,   0.01007,   0.05209,  -0.04596,  -0.02145,  -0.02670,  -0.00044,  -0.01795,  -0.04421,  -0.04946,  -0.05646,   0.04858,  -0.00744,  -0.02145,   0.02407,  -0.01795,  -0.06347,  -0.05121,  -0.04246,  -0.00394,   0.01882,   0.04158,   0.01707,   0.01532,  -0.00569,   0.01532,  -0.03020,  -0.00569,   0.04858,   0.06784,   0.03808,   0.01532,  -0.04946,  -0.01444,   0.06259,  -0.00569,  -0.03370,   0.05384,  -0.01094,   0.05034,  -0.01444,  -0.01620,   0.04683,   0.01532,   0.00657,  -0.05121,   0.01357,  -0.00744,  -0.00219,   0.02757,  -0.00044,  -0.02145,  -0.01970,   0.03108,   0.03808,   0.03283,   0.00481,   0.02057,  -0.00569,  -0.01444,  -0.04771,  -0.03020,   0.03283,  -0.05997,  -0.06522,  -0.00219,   0.04858,   0.00832,  -0.02670,   0.01007,  -0.01444,   0.12387,  -0.00394,   0.02582,  -0.05822,   0.04158,   0.06609,  -0.03545,   0.00306,  -0.00394,  -0.05471,  -0.01444,   0.06084,   0.01707,   0.02232,  -0.01795,  -0.05296,   0.05384,   0.02582,   0.01182,  -0.00744,   0.05209,   0.03283,  -0.04946,  -0.01795,   0.05909,   0.00832,  -0.00919,   0.01532,  -0.06522,   0.02757,  -0.00919,   0.07660,   0.03458,  -0.02670,  -0.00044,  -0.03545,  -0.00919,  -0.08273,  -0.05296,  -0.04596,   0.04508,  -0.05121,  -0.05296,   0.01532,  -0.08623,  -0.04771,   0.06434,  -0.03020,   0.04333,   0.06609,   0.03108,  -0.01269,  -0.01444,   0.01882,  -0.02845,   0.02407,   0.07310,  -0.01269,   0.04858,   0.02407,  -0.03020,  -0.05997,   0.05384,  -0.09498,  -0.04246,  -0.05646,  -0.02145,   0.03633,   0.01707,  -0.05646,   0.02057,   0.06784,   0.01882,  -0.05822,  -0.03896,   0.02582,  -0.02320,  -0.00569,  -0.01620,   0.05384,   0.01707,  -0.05646,  -0.00219,  -0.02845,   0.02232,   0.06434,   0.03283,   0.03633,   0.04508,   0.01532,   0.04158,  -0.05471,  -0.08798,  -0.03195,   0.01357,   0.02232,   0.03283,  -0.00919,   0.00131,   0.02933,  -0.03020,   0.01882,  -0.04596,   0.04683,  -0.02845,   0.00481,  -0.07047,   0.05559,   0.03808,  -0.00044,   0.03808,   0.01182,   0.02232,  -0.00744,  -0.02145,   0.06259,  -0.02670,  -0.00744,   0.01357,  -0.01094,  -0.05646,  -0.00219,   0.02757,   0.04333,   0.00131,   0.05209,  -0.00919,   0.01357,  -0.03370,   0.09761,   0.02933,  -0.02670,   0.01182,   0.03633,   0.03633,  -0.03195,  -0.00044,  -0.02495,   0.10286,  -0.05646,   0.03983,   0.08885,  -0.00394,   0.00657,   0.00657,   0.05209,   0.02232,  -0.00569,  -0.02495,  -0.00569,   0.06959,   0.11161,   0.01357,  -0.00919,   0.01882,  -0.03721,  -0.02145,  -0.05471,  -0.00219,  -0.02145,  -0.02845,  -0.02495,  -0.05296,   0.03108,  -0.05121,  -0.01094,  -0.09673,  -0.01269,  -0.01444,  -0.02670,   0.01882,  -0.01269,   0.02057,  -0.02845,   0.03108,   0.04683,  -0.07747,   0.01357,   0.09761,  -0.03020,   0.04333,  -0.03195,   0.00832,   0.08885,  -0.02320,   0.09936,  -0.01795,  -0.02495,   0.02057,   0.04333,   0.00306,  -0.03020,  -0.03721,   0.04508,  -0.03195,   0.00481,  -0.07572,   0.03983,   0.03983,  -0.04421,   0.06259,   0.03633,   0.06609,   0.02407,   0.06259,   0.02582,  -0.02320,  -0.03896,   0.00481,  -0.01444,   0.06084,  -0.01620,   0.06959,  -0.04246,  -0.01970,   0.05034,   0.04683,   0.02757,   0.05034,  -0.05997,  -0.03195,   0.02933,  -0.06697,  -0.04246,   0.00657,  -0.00044,   0.02057,  -0.01795,   0.02757,  -0.02145,  -0.02670,   0.02232,   0.08360,   0.05034,  -0.05646,   0.00481,   0.03983,   0.01532,   0.03808,  -0.01795,  -0.01795,   0.06084,  -0.00919,   0.09235,  -0.04946,   0.03983,  -0.01620,  -0.00919,  -0.01269,   0.01357,   0.01707,  -0.04246,   0.03458,  -0.03370,  -0.00744,  -0.00744,   0.02582,  -0.01269,   0.04858,   0.01007,   0.00306,  -0.00744,   0.00306,  -0.00569,  -0.03721,  -0.01620,   0.02757,  -0.01269,   0.01882,  -0.03020,   0.05559,   0.00306,  -0.03896,   0.00131,  -0.02145,  -0.00919,   0.07310,  -0.02320,   0.02057,   0.05034,  -0.03020,   0.02232,  -0.01795,   0.04683,   0.04858,  -0.04071,   0.01707,   0.05734,  -0.02845,   0.03983,   0.01707,   0.03108,  -0.04596,  -0.04771,   0.01532,  -0.08448,  -0.02320,  -0.05822,  -0.07397,   0.03808,   0.09936,  -0.03896,  -0.08798,   0.00131,  -0.07397,  -0.00394,  -0.01795,   0.06609,  -0.00744,  -0.06872,  -0.02145,  -0.04071,   0.04158,   0.07485,  -0.00394,  -0.03896,  -0.02145,  -0.05471,   0.05384,  -0.02845,   0.00306,  -0.00569,   0.06084,   0.03633,   0.00657,  -0.01970,   0.02933,  -0.02145,   0.03458,  -0.03896,   0.01707,  -0.04071,  -0.11774,  -0.08098,   0.03983,  -0.00394,  -0.04421,   0.00657,  -0.03195,   0.00657,   0.05384,   0.01532,  -0.00919,  -0.06872,   0.03633,  -0.06172,  -0.05997,  -0.02145,   0.07660,   0.05559,   0.12387,  -0.00044,   0.03633,   0.05559,   0.02933,   0.01357,   0.00306,  -0.03195,   0.03633,  -0.05822,  -0.03195,   0.01882,  -0.00044,  -0.03721,   0.07485,   0.01007,   0.01007,   0.01707,  -0.06172,   0.02057,   0.01532,  -0.03195,   0.07485,   0.00481,   0.11512,  -0.05997,   0.01007,   0.04158,  -0.00919,   0.01532,  -0.00219,   0.07485,   0.03108,  -0.00744,   0.03983,  -0.00919,   0.04333,  -0.01444,  -0.03721,   0.01007,  -0.00919,  -0.02845,   0.03108,   0.02757,  -0.05471,   0.00131,  -0.01269,   0.03808,   0.04333,   0.08010,   0.06784,   0.02407,  -0.02670,   0.01357,   0.02757,   0.04508,   0.06259,  -0.02320,  -0.07922,  -0.01620,  -0.01970,   0.04858,   0.05034,   0.05909,  -0.01094,  -0.07747,   0.01532,   0.06434,   0.04158,  -0.00744,   0.01357,   0.02407,   0.01182,  -0.04421,  -0.06347,  -0.00569,   0.01707,  -0.00044,   0.07835,   0.03983,   0.01182,  -0.05471,  -0.00569,  -0.03545,  -0.03195,   0.04333,   0.05734,   0.01357,  -0.02495,   0.09235,   0.02232,  -0.02145,  -0.07747,   0.02933,  -0.00394,   0.03808,  -0.03195,   0.01357,   0.06609,   0.01182,  -0.03020,   0.01532,   0.05559,  -0.12475,  -0.07222,  -0.05471,  -0.07047,   0.03633,   0.07485,  -0.00219,  -0.03896,   0.04508,  -0.00219,  -0.05296,  -0.02145,   0.02933,   0.01532,   0.06259,  -0.03896,   0.06084,  -0.04771,  -0.08973,  -0.01620,  -0.02495,   0.08535,   0.01182,   0.01357,   0.02933,   0.00306,  -0.03195,  -0.04421,   0.03283,  -0.03896
  -0.00744,   0.02757,  -0.01970,   0.05909,  -0.04421,   0.01007,  -0.02670,   0.01707,   0.01882,  -0.03370,  -0.03370,  -0.06172,  -0.02320,  -0.01970,   0.05384,   0.03808,  -0.04946,  -0.00219,   0.03458,   0.01357,  -0.04946,   0.01182,   0.02232,   0.03458,  -0.02145,   0.00832,  -0.02670,   0.02057,   0.07485,  -0.02320,  -0.01620,  -0.01970,  -0.03020,  -0.02845,  -0.02495,  -0.08623,  -0.03896,  -0.03545,  -0.01269,  -0.01444,   0.02057,  -0.02320,  -0.04246,  -0.01444,  -0.00394,  -0.08973,  -0.00394,   0.03633,  -0.03545,   0.00131,  -0.02670,  -0.02495,   0.00306,  -0.08973,  -0.05646,  -0.01269,   0.01357,  -0.02495,   0.01707,  -0.02845,  -0.00569,  -0.00044,   0.03108,  -0.03370,   0.06784,  -0.01444,   0.10461,   0.04683,   0.00832,  -0.05121,   0.02757,   0.01007,  -0.00044,   0.03283,  -0.05997,   0.01707,  -0.03370,   0.01532,  -0.00394,  -0.00569,  -0.09673,   0.07135,  -0.05296,  -0.01620,  -0.01094,  -0.02670,   0.01007,  -0.03721,  -0.08798,   0.01007,  -0.03370,   0.01707,   0.02057,  -0.06697,  -0.03721,   0.13087,   0.03108,   0.03458,   0.03283,  -0.00394,  -0.05121,   0.02933,  -0.09673,  -0.03545,  -0.08273,  -0.04246,  -0.00219,  -0.00744,  -0.01795,   0.02582,   0.00832,   0.00657,  -0.01269,   0.01357,   0.01707,  -0.02145,   0.03633,   0.02582,   0.00657,  -0.00744,   0.09235,  -0.04421,   0.00306,  -0.01620,   0.01357,   0.00131,   0.02407,   0.06959,   0.01357,  -0.05471,  -0.02670,  -0.02845,  -0.06172,  -0.04946,   0.06609,   0.04333,  -0.05296,   0.05034,   0.05909,   0.05734,  -0.04421,  -0.02145,   0.03283,  -0.00919,  -0.08098,   0.06784,  -0.07397,   0.00832,   0.06084,  -0.03545,   0.01007,  -0.06172,  -0.07222,   0.01532,  -0.01620,  -0.02320,   0.04158,   0.07485,   0.07310,  -0.01094,   0.03283,   0.05209,  -0.02495,   0.06434,   0.05034,   0.04508,  -0.00919,   0.04683,   0.03458,   0.03283,  -0.05997,  -0.02145,  -0.02320,  -0.01094,  -0.00744,  -0.00919,   0.01707,   0.01882,   0.03633,  -0.00744,   0.05384,   0.01882,   0.00832,   0.03108,  -0.00219,   0.04158,   0.02933,  -0.05121,   0.01357,  -0.00044,   0.01707,   0.02407,  -0.00394,   0.02582,   0.03633,  -0.03020,   0.00306,  -0.00044,   0.03808,   0.00306,  -0.06872,   0.07660,  -0.01970,   0.01007,  -0.02670,  -0.03896,   0.03983,   0.00657,   0.04683,  -0.00569,   0.07310,  -0.00219,   0.01707,  -0.06872,  -0.05471,  -0.03896,   0.05209,  -0.01269,  -0.02320,  -0.01269,  -0.02845,   0.00657,   0.01707,  -0.05471,  -0.07572,  -0.04071,  -0.07222,   0.02582,  -0.00744,   0.07485,  -0.00219,   0.02232,   0.02582,   0.04858,  -0.03721,  -0.07397,  -0.01970,  -0.01444,  -0.02145,   0.04858,   0.07835,   0.05559,   0.01357,   0.02933,   0.00131,  -0.05646,  -0.01620,  -0.01094,   0.02407,   0.01182,   0.03983,  -0.01970,  -0.00569,  -0.02145,  -0.00044,  -0.00044,  -0.01970,   0.09060,  -0.03721,   0.07835,   0.00481,  -0.04246,   0.03108,   0.02232,  -0.01620,  -0.01444,   0.01357,  -0.03020,  -0.01444,   0.00657,   0.01357,  -0.02845,  -0.01094,   0.02407,  -0.00394,  -0.05471,   0.00832,  -0.04946,   0.09586,   0.03808,   0.02757,   0.06259,  -0.01444,   0.08535,  -0.00919,  -0.05822,   0.03458,   0.02232,  -0.05121,   0.00481,  -0.03370,   0.02232,   0.00306,   0.04333,  -0.04771,  -0.01620,   0.02933,   0.05734,  -0.00044,  -0.04246,   0.00832,   0.02582,  -0.03896,   0.02232,  -0.06697,   0.03983,  -0.07047,  -0.01620,   0.01532,   0.02057,   0.05384,  -0.08798,   0.04858,   0.02407,   0.02232,   0.11336,  -0.04071,  -0.03020,  -0.00044,  -0.06522,  -0.01094,  -0.02495,   0.01532,   0.09235,  -0.04771,  -0.00569,  -0.01620,  -0.00919,  -0.00394,  -0.03370,  -0.01970,   0.06084,  -0.02495,  -0.01269,  -0.02320,  -0.04946,   0.01357,  -0.05471,   0.00832,  -0.01795,  -0.01620,  -0.01620,  -0.03020,   0.01707,   0.00131,   0.00832,  -0.09848,   0.03808,  -0.03195,  -0.10199,  -0.04946,   0.07660,   0.00306,  -0.08973,  -0.04596,   0.01357,   0.01882,  -0.07047,   0.02057,  -0.03020,   0.01182,   0.03108,  -0.04071,   0.02232,   0.00481,  -0.05471,  -0.02145,   0.01357,  -0.05296,   0.07135,   0.09060,  -0.01094,  -0.03721,  -0.03721,   0.00657,   0.04333,  -0.02495,   0.04158,   0.06259,   0.00306,   0.00131,   0.01532,  -0.00919,  -0.09148,   0.00306,   0.01532,   0.02407,   0.02933,   0.05034,   0.02757,   0.00657,   0.01882,  -0.02495,   0.00481,  -0.07922,   0.00832,   0.00306,   0.00481,  -0.08623,   0.04683,   0.07135,  -0.00219,  -0.00044,  -0.03545,  -0.06172,  -0.02145,   0.02232,  -0.00919,   0.05559,  -0.04596,  -0.04771,  -0.04421,  -0.00569,  -0.03545,  -0.01795,   0.07310,   0.01882,   0.00832,  -0.02320,  -0.05296,   0.08535,   0.05559,   0.05034,   0.00481,   0.00832,  -0.01269,  -0.02145,   0.07485,  -0.00044,  -0.04421,   0.06959,   0.03633,  -0.01795,  -0.03896,   0.04683,   0.08885,   0.00657,  -0.10549,   0.04158,   0.10811,   0.01882,  -0.00044,   0.04158,  -0.02495,  -0.03896,   0.03283,  -0.01620,   0.03458,   0.02232,  -0.00569,  -0.01970,  -0.01269,   0.00306,  -0.02670,  -0.08973,   0.01007,  -0.02320,   0.02232,   0.04683,  -0.00919,   0.01357,  -0.02320,   0.03633,  -0.02145,  -0.01795,  -0.07922,  -0.03195,  -0.06172,  -0.00219,   0.03983,  -0.06697,  -0.03195,   0.02057,   0.05034,   0.01532,   0.03108,   0.04158,   0.01707,   0.03108,   0.05209,  -0.01795,   0.08535,   0.03283,  -0.01094,  -0.05121,   0.04858,  -0.04946,  -0.00044,  -0.02320,  -0.04421,  -0.03545,   0.01182,   0.05209,   0.02757,  -0.04421,   0.00832,  -0.00044,   0.12037,   0.07310,   0.00481,   0.02057,   0.02933,   0.07835,  -0.01970,  -0.05296,   0.10286,   0.00131,  -0.05121,   0.06784,   0.02232,   0.00657,  -0.00744,  -0.00219,   0.01007,  -0.03020,   0.02757,   0.07135,  -0.05121,  -0.08273,  -0.02320,  -0.02495,   0.07485,  -0.01970,   0.03633,  -0.02145,  -0.07747,  -0.01444,   0.08535,  -0.03545,   0.05734,   0.02057,  -0.08973,  -0.02320,  -0.01094,  -0.00569,   0.02232,   0.04508,  -0.02670,   0.01882,  -0.05646,   0.03283,   0.01182,   0.03283,  -0.01269,   0.01182,   0.03633,   0.09936,   0.03108,  -0.04946,  -0.01269,  -0.03195,  -0.02670,   0.00306,  -0.00044,  -0.00044,  -0.03721,   0.01007,   0.01182,  -0.03195,  -0.00394,  -0.01094,   0.04858,   0.03108,  -0.04071,   0.02933,   0.07135,   0.02232,   0.02933,  -0.02495,  -0.01269,  -0.04246,  -0.05471,  -0.07222,  -0.05471,  -0.07922,  -0.00569,   0.05734,  -0.04771,  -0.02320,  -0.02670,   0.01707,   0.00131,  -0.03020,  -0.07922,   0.01707,  -0.01620,  -0.04071,  -0.03896,   0.01532,   0.01182,  -0.00919,  -0.01795,  -0.06347,  -0.08798,  -0.01269,   0.01182,   0.01182,   0.01182,  -0.04071,   0.00481,  -0.08273,   0.05734,   0.03283,  -0.05471,   0.04858,   0.05909,  -0.02320,  -0.07222,  -0.05296,  -0.05121,  -0.00219,  -0.00394,   0.01007,  -0.01620,   0.03108,   0.04683,  -0.02320,   0.03108,  -0.04596,  -0.03545,   0.00657,   0.04158,   0.00131,  -0.04246,  -0.03370,   0.01007,   0.00657,  -0.06872,  -0.01269,  -0.02145,   0.05384,  -0.02145,  -0.08973,   0.01182,   0.04858,  -0.02670,  -0.02320,   0.02057,  -0.01094,  -0.05822,  -0.05296,  -0.03896,   0.02057,   0.01532,   0.02407,   0.04858,   0.07485,   0.01182,  -0.02495,  -0.03721,   0.00481,   0.01007,  -0.02845,   0.02057,  -0.04071,  -0.01094,   0.04333,  -0.01444,  -0.01444,  -0.03370,  -0.04596,  -0.03020,  -0.00569,  -0.03370,   0.03633,  -0.03195,   0.01182,  -0.00044,  -0.04071,   0.01707,   0.01182,   0.02057,   0.03808,   0.03108,  -0.08623,   0.03458,   0.00131,   0.02232,  -0.00219,  -0.00919,   0.01357,   0.02232,  -0.04596,   0.05909,   0.00306,  -0.00919,  -0.00744,  -0.08448,   0.04508,   0.02232,   0.01357,  -0.04946,   0.01182,   0.04858,   0.09936,   0.02582,   0.03283,   0.09411,   0.05384,   0.07835,  -0.01620,   0.02407,  -0.00919,   0.03808,  -0.03370,   0.01182,   0.04858,   0.00306,  -0.03721,   0.01182,  -0.02320,   0.00131,   0.05559,   0.01882,  -0.01795,   0.00131,  -0.01795,  -0.02670,   0.00832,  -0.04421,   0.04683,   0.05384,  -0.02495,  -0.03896,  -0.01795,  -0.01094,  -0.03721,   0.00131,  -0.02495,  -0.02670,   0.08010,  -0.09498,  -0.00219,  -0.05646,   0.10461,   0.05034,  -0.00219,  -0.06697,  -0.02145,   0.03633,  -0.00569,  -0.01269,  -0.01444,   0.00481,   0.00306,   0.10286,  -0.02495,  -0.08273,  -0.06697,   0.03983,  -0.02145,  -0.04596,  -0.04596,   0.00306,  -0.00919,  -0.00744,  -0.06347,   0.09761,  -0.00219,  -0.05121,  -0.07397,  -0.01970,   0.02057,   0.04683,  -0.01620,   0.08010,  -0.05296,   0.02933,   0.05559,   0.00131,  -0.00569,  -0.02670,   0.02933,  -0.04071,   0.00832,  -0.01620,  -0.01094,  -0.02495,   0.01532,  -0.05296,  -0.04771,  -0.00044,   0.07135,   0.05034,   0.00481,  -0.08448,   0.03458,   0.04508,  -0.03195,  -0.02845,   0.06434,   0.03983,  -0.00219,  -0.01620,  -0.09848,  -0.05471,  -0.07922,  -0.01620,  -0.07572,  -0.04071,  -0.03370,   0.02407,   0.00832,  -0.00919,  -0.01620,  -0.00394,  -0.01444,   0.03808,  -0.02320,   0.00131,  -0.05822,   0.05209,   0.03108,   0.05034,  -0.01620,   0.00832,  -0.04946,   0.05209,   0.04683,   0.04858,  -0.02845,   0.01182,  -0.08098,   0.02057,   0.05909,   0.01182,  -0.01094,  -0.03020,  -0.03020,  -0.03545,   0.00306,   0.03633,   0.01357,   0.05909,  -0.01795,  -0.06172,   0.03633,  -0.03020,   0.02933,  -0.01444,   0.02757,  -0.01970,   0.03458,  -0.03195,   0.05384,  -0.03195,   0.00131,   0.08885,   0.02057,  -0.00394,   0.00832,  -0.00044,  -0.02145,  -0.02320,  -0.02845,  -0.00569,  -0.01444,  -0.03721,  -0.01094,   0.00832,   0.02582,  -0.02495,   0.09761,  -0.02845,   0.02933,  -0.04421,   0.05384,   0.01882,   0.00481,   0.00131,  -0.05296,   0.05034,   0.02232,  -0.00044,   0.02582,  -0.00919,   0.02232,  -0.04771,  -0.03195,  -0.01795,   0.09235,   0.02757,   0.00131,   0.02933,   0.02232,   0.03808,  -0.04771,   0.02232,  -0.01269,   0.01007,  -0.00744,   0.02407,   0.07135,   0.00832,   0.02933,   0.03108,  -0.00744,   0.03983,  -0.05646,   0.01882,   0.02057,  -0.00744,  -0.00744,   0.01182,  -0.00219,   0.03458,   0.06434,  -0.00394,   0.01882,  -0.03545,   0.02057,  -0.04946,   0.07660,   0.01357,  -0.04071,   0.00131,  -0.03545,   0.00657,  -0.00044,  -0.05646,   0.02933,  -0.01094,  -0.04421,   0.00657,  -0.03545,   0.03633,   0.01357,   0.03983,   0.05384,   0.02057,  -0.01094,  -0.00044,   0.02232,   0.00832,  -0.04596,   0.04858,   0.02057,   0.02757,  -0.07397,  -0.06522,  -0.02495,   0.00832,   0.00832,  -0.02320,  -0.01970,  -0.03896,   0.02933,   0.00832,   0.02232,  -0.04596,   0.06259,   0.05209,   0.01357,   0.00131,  -0.00569,  -0.07222,   0.03808,   0.05909,  -0.06347,  -0.01795,  -0.04596,   0.08185,   0.00306,  -0.04071,   0.09586,   0.00832,   0.02407,   0.02933,   0.03808,  -0.01269,  -0.00919,  -0.05121,   0.04508,   0.00657,  -0.06172,   0.00657,   0.01707,   0.03458,   0.04333,   0.01532,  -0.03545,   0.06434,   0.01007,  -0.01970,   0.02757,   0.02582,   0.03458,  -0.03896,   0.04683,  -0.07922,  -0.05822,   0.06259,   0.01882,   0.03808,   0.03983,  -0.04071,   0.00832,  -0.07047,   0.08360,  -0.03896,  -0.01970,   0.02757,   0.03808,  -0.00744,   0.05909,  -0.00569,   0.01007,   0.05734,   0.08010,   0.07660,  -0.02320,   0.04508,   0.00306,   0.06959,   0.04158,   0.00306,   0.02933,   0.02933,   0.01882,   0.07660,   0.00131,   0.02407,  -0.06172,   0.02582
   0.04333,  -0.04771,  -0.02320,   0.07135,   0.07660,  -0.07572,   0.00481,  -0.00919,  -0.01620,  -0.00919,  -0.01094,  -0.00044,  -0.01795,  -0.00744,  -0.06172,  -0.05471,   0.03108,  -0.01444,   0.03633,   0.04858,   0.03633,  -0.01620,   0.04333,   0.16939,  -0.06872,  -0.03545,   0.03108,  -0.01094,   0.02582,  -0.02495,   0.07485,   0.09761,  -0.03020,   0.08010,  -0.00044,  -0.05997,  -0.02320,   0.03633,   0.04858,   0.04858,   0.04158,   0.01707,   0.02057,   0.01182,   0.03283,  -0.06172,  -0.05471,  -0.05646,  -0.02320,   0.01182,   0.12212,  -0.04771,   0.09411,   0.04158,  -0.05296,   0.10461,  -0.00219,   0.06084,   0.04858,  -0.05121,  -0.06172,  -0.04946,   0.01007,  -0.07047,  -0.04071,   0.02407,  -0.00394,   0.06784,   0.05559,   0.03283,   0.05734,  -0.01094,   0.00306,  -0.06697,  -0.01970,  -0.11249,  -0.01620,  -0.04596,  -0.00569,   0.05559,  -0.00569,  -0.01269,   0.01882,   0.01707,  -0.03020,  -0.06347,   0.09411,   0.06259,  -0.05822,  -0.04596,  -0.08098,  -0.03195,  -0.01444,   0.00306,  -0.00044,   0.00131,   0.04333,  -0.00569,  -0.05822,   0.04508,  -0.13875,  -0.04071,  -0.04946,   0.05559,   0.03283,   0.04508,   0.01707,   0.03108,  -0.02670,   0.02057,  -0.06872,  -0.04246,   0.05909,   0.00832,  -0.12124,  -0.04071,  -0.03896,  -0.07572,   0.02582,   0.14663,   0.04683,  -0.06172,   0.06609,   0.10111,  -0.01269,   0.05034,   0.12912,  -0.04071,   0.08885,  -0.03370,  -0.00744,  -0.02845,  -0.11249,   0.02582,   0.03458,   0.00306,   0.03283,  -0.02320,   0.00832,   0.03458,  -0.03545,  -0.02670,  -0.05296,  -0.01620,   0.00657,   0.02057,   0.03458,  -0.03020,  -0.00569,   0.04508,   0.05909,  -0.08273,  -0.05296,  -0.02670,  -0.04421,   0.01532,   0.13437,  -0.05121,  -0.02145,   0.05209,   0.03983,   0.08010,  -0.01269,  -0.03721,  -0.00044,   0.06259,   0.02407,   0.07310,   0.00131,  -0.02670,   0.01182,   0.03808,  -0.01444,   0.01182,  -0.06522,  -0.00394,   0.00306,   0.04158,   0.04683,   0.01357,   0.02057,  -0.08623,   0.07835,  -0.01795,  -0.01444,  -0.05822,  -0.03195,   0.04508,  -0.03896,   0.03283,   0.00306,   0.00306,   0.00481,  -0.07922,   0.02582,  -0.04946,   0.01532,   0.08885,  -0.01795,  -0.00394,   0.00832,  -0.03896,  -0.00744,  -0.00394,  -0.12475,   0.03283,  -0.07922,  -0.00394,  -0.09498,   0.08710,  -0.01620,  -0.02845,  -0.00744,   0.03283,  -0.04246,  -0.03545,  -0.12300,   0.00832,   0.06434,  -0.02670,   0.04683,   0.03808,   0.03283,  -0.00394,   0.03283,  -0.01620,  -0.04596,  -0.07397,   0.00657,  -0.00044,  -0.01970,  -0.04771,  -0.05997,   0.07135,  -0.05121,   0.07135,   0.04683,   0.01532,  -0.04071,   0.01882,   0.01532,  -0.02495,  -0.04946,   0.01882,  -0.03545,  -0.00744,  -0.08448,  -0.03545,  -0.04071,  -0.10199,  -0.06872,  -0.03195,   0.04858,  -0.01795,   0.02407,  -0.04071,  -0.06697,  -0.06522,  -0.03020,  -0.06697,   0.04683,   0.06259,   0.01707,   0.07135,  -0.06697,   0.04333,   0.01357,   0.02933,  -0.07747,   0.01707,   0.05559,  -0.00919,  -0.03370,  -0.04071,  -0.10374,  -0.04946,   0.04508,  -0.02670,   0.04683,   0.10111,   0.03283,   0.04508,   0.01532,  -0.04421,  -0.07572,   0.06609,   0.07135,   0.01882,  -0.08448,   0.09936,  -0.11249,   0.00306,   0.01882,  -0.04596,   0.00832,  -0.05471,   0.07835,   0.04158,  -0.04596,  -0.01444,   0.02407,   0.02057,   0.05209,   0.03808,   0.03283,   0.05734,   0.08885,  -0.03721,   0.05909,   0.08010,  -0.00044,  -0.04421,   0.04333,  -0.03370,   0.00306,  -0.05296,  -0.03020,   0.01007,   0.01882,  -0.02845,   0.01357,  -0.02670,  -0.06347,  -0.05646,  -0.12475,  -0.03370,  -0.04596,  -0.07747,   0.02582,   0.04508,  -0.03195,  -0.00219,  -0.01620,   0.03983,   0.03108,  -0.01970,   0.01882,  -0.01795,  -0.01970,  -0.03721,   0.04508,   0.03108,   0.02407,   0.06084,   0.04333,   0.02933,  -0.00219,  -0.05471,  -0.01795,  -0.04771,  -0.00569,   0.03283,   0.03983,  -0.00744,  -0.04421,  -0.03370,   0.03283,   0.03108,  -0.00044,   0.03108,   0.01882,   0.04508,  -0.00044,  -0.01094,  -0.06347,  -0.05296,  -0.04771,  -0.00044,  -0.01444,  -0.01620,  -0.02145,   0.01532,  -0.05121,   0.06259,   0.06609,  -0.07222,  -0.04421,   0.01882,   0.02232,   0.04508,   0.03108,   0.01532,  -0.03545,   0.07835,   0.03808,   0.05909,   0.00481,  -0.01094,   0.02933,   0.07310,  -0.03195,   0.09586,   0.04333,  -0.05296,   0.01357,   0.12387,  -0.03896,  -0.11249,  -0.03545,  -0.07747,   0.02757,   0.01357,   0.04858,  -0.01970,  -0.07572,  -0.00919,  -0.00744,   0.03983,  -0.00919,   0.00832,  -0.03020,   0.03108,  -0.00219,   0.00657,  -0.01620,  -0.03896,   0.07135,  -0.04596,   0.02933,  -0.01795,  -0.03020,  -0.00744,   0.08885,   0.02232,   0.01532,   0.00657,  -0.00569,   0.03808,   0.00657,  -0.00569,  -0.05997,  -0.05646,   0.01707,   0.06259,  -0.07047,  -0.00744,   0.01182,   0.03458,  -0.01269,   0.01882,  -0.03896,  -0.05646,  -0.04071,   0.06959,   0.02933,   0.01882,  -0.00219,  -0.02495,  -0.00569,  -0.02320,  -0.01970,   0.01357,  -0.08448,   0.03458,   0.00131,   0.06609,  -0.03545,   0.01007,   0.05909,  -0.01444,  -0.05471,  -0.00394,  -0.02495,   0.05034,  -0.05121,  -0.04771,  -0.01444,  -0.01620,   0.06959,  -0.00744,  -0.05296,  -0.05471,  -0.01795,   0.00131,   0.06609,  -0.02145,   0.00306,  -0.06872,  -0.05997,   0.02407,   0.00131,  -0.02845,  -0.07397,   0.08360,   0.04158,   0.02582,  -0.02670,  -0.01269,  -0.02145,   0.08185,  -0.02495,  -0.09323,  -0.01620,   0.00481,   0.06084,   0.06259,  -0.01620,   0.05384,   0.01007,   0.01882,  -0.00044,  -0.04946,   0.05734,  -0.03195,  -0.03195,   0.03983,  -0.03195,   0.04508,  -0.01094,   0.01532,   0.08010,   0.02933,   0.03283,  -0.03545,  -0.01970,  -0.01795,   0.07660,  -0.04946,  -0.05471,  -0.03370,   0.00131,   0.01007,   0.01357,   0.02407,  -0.06347,   0.06609,  -0.09848,  -0.01795,  -0.06697,   0.07485,   0.01182,   0.00832,   0.09936,  -0.00919,   0.00306,   0.06609,  -0.00394,   0.00832,   0.06259,   0.03633,  -0.01094,   0.04508,   0.00832,  -0.04246,   0.01707,  -0.00569,   0.03808,  -0.00569,  -0.00569,  -0.01094,   0.05384,  -0.03195,  -0.05997,   0.02933,  -0.05646,   0.01007,   0.03458,   0.06609,  -0.06172,  -0.05822,  -0.03370,  -0.07222,  -0.03545,  -0.00744,  -0.09498,   0.00832,   0.02057,  -0.02145,  -0.06522,  -0.00219,  -0.06697,   0.01532,   0.02407,  -0.03020,   0.01007,  -0.01444,   0.06609,  -0.08098,   0.04858,   0.01882,  -0.03896,   0.00131,  -0.06522,  -0.07922,   0.07835,  -0.02320,  -0.05121,   0.00306,  -0.04071,   0.00832,   0.01182,  -0.04246,   0.05734,   0.03283,   0.06434,  -0.02670,   0.06434,  -0.05121,   0.08360,  -0.03896,   0.02407,  -0.03195,   0.07485,   0.00657,  -0.05997,  -0.03896,  -0.02845,  -0.01269,  -0.03020,   0.00131,   0.02933,  -0.00219,  -0.00044,   0.03458,   0.05384,   0.01532,   0.04508,   0.01707,  -0.05296,  -0.00919,  -0.02145,  -0.02845,  -0.01444,   0.02232,   0.04858,   0.03808,  -0.02845,   0.04858,   0.02232,  -0.01444,   0.00481,   0.05209,   0.07135,   0.01707,   0.01182,   0.02232,  -0.06172,  -0.06697,   0.01357,  -0.05296,  -0.03896,   0.08710,  -0.01269,  -0.06872,  -0.02145,   0.05034,   0.00306,  -0.04771,  -0.00744,  -0.06172,  -0.03721,   0.04683,  -0.04421,  -0.00394,  -0.04071,  -0.06697,  -0.12475,  -0.04246,   0.11336,   0.07660,  -0.01795,  -0.14225,  -0.01620,   0.03108,  -0.01444,   0.06959,  -0.07922,  -0.00394,   0.02407,   0.00481,  -0.05471,  -0.06172,  -0.04071,   0.06434,  -0.02320,   0.02933,  -0.00044,   0.02757,   0.01007,   0.06959,  -0.07397,  -0.06172,   0.04158,   0.05734,   0.02757,  -0.00744,  -0.00044,  -0.06347,   0.04858,   0.04508,  -0.04596,  -0.02495,  -0.05822,  -0.05471,  -0.01795,   0.01532,   0.02757,   0.04508,   0.01182,  -0.07222,  -0.01444,  -0.06347,  -0.10724,   0.03633,   0.05209,  -0.06172,   0.00657,  -0.01970,  -0.03721,  -0.04421,  -0.01444,  -0.02845,  -0.05997,   0.05034,   0.02232,  -0.00569,   0.04683,   0.04508,   0.01707,   0.01182,   0.01707,   0.00832,   0.01357,  -0.09323,   0.01532,   0.02057,  -0.02845,   0.03108,   0.02057,   0.01532,   0.06609,   0.08885,   0.01007,  -0.02670,   0.03633,   0.05384,   0.02933,  -0.01444,  -0.00394,  -0.04596,  -0.02145,  -0.00919,  -0.01269,  -0.02495,  -0.01620,   0.01182,  -0.02495,   0.04158,   0.04683,  -0.06522,  -0.00569,   0.04683,  -0.01094,   0.07310,  -0.00919,  -0.14751,   0.05209,  -0.00394,  -0.06522,  -0.04771,   0.03633,   0.02582,  -0.04421,   0.10986,  -0.01444,  -0.09498,  -0.02145,   0.01532,  -0.02495,  -0.05997,   0.00657,   0.02057,   0.01007,  -0.05646,  -0.07922,   0.02407,  -0.03195,   0.02582,  -0.01620,   0.04508,  -0.05822,  -0.01269,  -0.03721,   0.03283,  -0.04771,  -0.07222,   0.08535,   0.03983,  -0.04596,  -0.06872,  -0.02845,  -0.04771,   0.01182,   0.00306,  -0.03896,   0.01007,   0.09761,   0.06084,  -0.02145,  -0.00744,   0.00832,  -0.07047,  -0.04596,   0.01532,   0.04158,   0.01357,   0.02582,  -0.04421,   0.00481,   0.04858,  -0.05997,  -0.08973,   0.07135,   0.05034,   0.01532,  -0.06172,  -0.00919,   0.00481,  -0.06872,   0.04683,   0.02582,  -0.00044,   0.12737,  -0.01795,  -0.00219,  -0.02145,  -0.05121,  -0.03195,   0.01882,   0.01707,   0.00306,   0.01357,  -0.02495,  -0.00219,  -0.03721,  -0.02845,   0.02933,   0.00131,  -0.07922,   0.04158,  -0.10724,   0.01182,   0.05034,   0.05909,  -0.01620,  -0.00044,  -0.05646,   0.01007,   0.01007,  -0.01094,  -0.04071,   0.10111,  -0.05296,   0.01532,   0.11862,  -0.04421,   0.00481,   0.03808,  -0.06872,   0.00481,   0.02232,  -0.02145,   0.01357,   0.01007,  -0.05822,   0.00131,  -0.01795,  -0.01970,  -0.04071,  -0.10199,   0.01357,   0.04683,   0.01007,  -0.02845,  -0.01970,   0.04683,   0.03283,  -0.02320,   0.05559,  -0.09148,  -0.00744,  -0.05997,   0.01532,  -0.02320,   0.01182,   0.01007,   0.00131,   0.10811,  -0.00394,   0.14138,   0.05209,  -0.04421,   0.01182,   0.05909,   0.04858,  -0.01094,  -0.09498,  -0.03370,   0.02057,   0.01357,   0.07310,   0.01882,   0.04508,   0.01007,   0.05384,   0.02582,   0.01707,  -0.00919,   0.09586,  -0.02845,   0.01182,   0.03283,   0.01182,   0.01707,   0.06959,   0.00131,  -0.03896,   0.00481,   0.06084,  -0.03721,   0.01707,   0.01707,   0.00481,   0.02232,   0.06784,   0.07835,  -0.08448,  -0.04071,   0.01707,  -0.03370,  -0.06697,  -0.04596,  -0.03195,  -0.03370,  -0.01620,  -0.08623,  -0.01094,  -0.08798,  -0.07572,  -0.01795,   0.02232,  -0.00744,  -0.00569,  -0.02320,  -0.00919,  -0.07572,  -0.03020,   0.05559,   0.04858,  -0.07922,   0.03808,   0.02407,  -0.02145,  -0.07572,  -0.00919,   0.04158,  -0.04071,  -0.00219,  -0.03896,   0.02582,   0.00131,   0.00657,   0.06084,  -0.00919,  -0.04071,   0.02057,   0.04158,  -0.01269,   0.06609,   0.04683,   0.05734,   0.01182,   0.05209,  -0.05471,   0.06784,  -0.01620,   0.01357,  -0.06872,  -0.08273,   0.01182,  -0.05471,  -0.05471,   0.01532,   0.02057,  -0.02320,   0.00657,  -0.01795,   0.09235,  -0.04421,  -0.01269,   0.06959,  -0.08973,  -0.06347,  -0.06172,  -0.01970,   0.02757,   0.02232,   0.06609,  -0.05121,   0.01182,   0.09411,   0.02232,  -0.01269,   0.00657,  -0.05296,   0.00657,   0.02232,   0.00832,  -0.02145,  -0.01444,  -0.01620,   0.06609,  -0.03896,  -0.00569,  -0.06872,   0.05559,   0.06084,  -0.06697,  -0.00394,   0.02232,  -0.00744,   0.00481,   0.03808,   0.03458
  -0.00044,  -0.08098,  -0.06522,   0.03808,  -0.10199,   0.11336,   0.01707,  -0.03545,  -0.02320,   0.07485,   0.07310,  -0.04771,  -0.03896,   0.02757,  -0.09148,   0.00306,   0.04858,  -0.02145,   0.02757,  -0.02320,   0.04683,   0.04508,   0.02232,  -0.00394,  -0.00919,  -0.00394,   0.01707,   0.03983,   0.02407,  -0.00219,   0.05384,  -0.03020,  -0.01094,  -0.00744,   0.02933,   0.00832,   0.03108,   0.06959,  -0.05646,  -0.05296,   0.04508,   0.00131,   0.03808,   0.02933,   0.03633,  -0.06872,  -0.01094,  -0.01970,   0.00657,  -0.04071,  -0.01444,  -0.01269,  -0.05822,   0.03983,  -0.01970,  -0.00044,   0.01182,  -0.01795,   0.03108,   0.02582,   0.11687,   0.01707,   0.01882,  -0.02320,  -0.00744,   0.06434,   0.01357,   0.12912,  -0.00394,   0.09761,   0.03458,  -0.02145,   0.01707,   0.02933,   0.00481,   0.02232,  -0.09498,  -0.09498,   0.02933,   0.04508,   0.02933,   0.08185,  -0.06347,   0.04508,  -0.00744,  -0.05646,  -0.03020,   0.04683,  -0.06872,   0.02582,  -0.00394,  -0.01620,  -0.02495,  -0.02320,   0.02232,   0.00481,  -0.04246,   0.00657,  -0.01269,   0.01707,  -0.01269,  -0.09323,  -0.02320,   0.06609,  -0.03896,  -0.07222,  -0.05997,   0.07485,   0.00306,  -0.05997,  -0.00919,  -0.02495,   0.05034,  -0.03370,  -0.01269,   0.03283,   0.08010,   0.00306,   0.10461,   0.05909,   0.05034,  -0.00744,   0.00131,   0.00131,   0.06259,   0.03108,   0.02933,   0.03633,   0.02933,   0.08885,  -0.05471,   0.00306,   0.01532,   0.02582,   0.00131,   0.00832,   0.04508,  -0.03545,  -0.08273,  -0.00044,  -0.01970,   0.01532,  -0.03020,  -0.04071,   0.04158,  -0.03195,  -0.01444,   0.00832,  -0.02320,   0.04333,   0.06784,  -0.04421,  -0.06697,   0.01532,  -0.06522,  -0.00044,  -0.04596,  -0.04946,  -0.01444,   0.03108,   0.03983,   0.03633,  -0.10374,   0.01882,   0.05209,   0.00306,  -0.03721,  -0.00394,   0.01707,   0.02057,  -0.01444,   0.05909,  -0.02495,  -0.04246,  -0.07047,   0.05384,  -0.00394,   0.04158,   0.06084,  -0.02495,  -0.06872,  -0.01970,   0.03983,  -0.01094,  -0.01795,  -0.01795,  -0.01795,   0.08185,  -0.02845,  -0.02320,   0.00657,  -0.02670,   0.00131,  -0.17202,   0.03808,   0.02933,  -0.08973,  -0.04771,   0.05909,   0.02407,  -0.08273,   0.08885,   0.06609,   0.04683,   0.01882,   0.01882,  -0.04421,  -0.02495,   0.01707,   0.01707,  -0.03020,   0.01182,   0.03283,   0.00832,  -0.01444,  -0.04421,   0.03983,  -0.05121,  -0.06347,   0.02757,   0.03458,  -0.04071,  -0.02670,  -0.02495,  -0.04596,   0.02232,  -0.05997,  -0.04946,  -0.03545,   0.04508,   0.02933,  -0.07922,  -0.05822,  -0.04246,   0.06784,   0.00306,   0.01882,   0.06434,   0.06959,  -0.05296,   0.01007,   0.01357,  -0.02845,   0.03108,   0.01707,  -0.02320,   0.07485,   0.00657,  -0.01094,  -0.04771,  -0.03545,  -0.06872,   0.02057,  -0.00044,  -0.03195,   0.00657,   0.02057,   0.00306,   0.00657,   0.03983,   0.00306,  -0.00219,   0.08010,   0.01357,  -0.02145,   0.07835,  -0.01444,  -0.03370,   0.00657,  -0.05121,  -0.09498,  -0.04596,  -0.02495,   0.13087,   0.01882,  -0.04596,   0.05034,  -0.02320,   0.03633,  -0.00394,   0.02407,   0.01007,  -0.00744,   0.04508,  -0.00569,   0.03983,   0.03983,   0.01357,   0.03458,   0.02757,   0.04858,  -0.04946,   0.04858,  -0.10023,   0.00306,   0.06609,   0.03283,  -0.00569,  -0.02845,   0.01007,  -0.02145,   0.05909,   0.03983,  -0.00744,   0.01007,  -0.00744,  -0.14400,  -0.00219,   0.04508,  -0.05997,   0.00832,   0.01532,  -0.05646,   0.02582,  -0.01970,  -0.08973,  -0.05997,   0.03108,   0.02757,  -0.01795,  -0.05646,   0.03633,   0.03108,   0.06784,  -0.03896,  -0.04946,  -0.03896,   0.05034,  -0.04771,  -0.04596,  -0.00569,   0.01707,  -0.00919,   0.02757,  -0.01444,  -0.01970,  -0.02145,   0.00481,  -0.02670,   0.11161,  -0.04421,  -0.00394,   0.01707,   0.05034,   0.00306,  -0.01970,   0.06084,   0.02407,   0.03283,   0.02057,  -0.03721,  -0.05471,  -0.01795,  -0.00569,  -0.03195,  -0.03020,   0.00832,  -0.01795,   0.02933,   0.06434,   0.08010,   0.06084,   0.02407,   0.07310,  -0.02495,  -0.01795,   0.00832,  -0.00394,  -0.04596,  -0.00569,  -0.08448,   0.02232,   0.06784,  -0.00044,   0.03633,  -0.01620,  -0.04596,  -0.01795,  -0.04771,   0.04683,   0.04858,  -0.00394,  -0.07222,   0.01007,   0.07485,   0.01532,  -0.00394,  -0.04246,   0.05209,   0.01882,   0.08360,   0.03808,   0.00481,  -0.00919,  -0.05471,   0.02407,  -0.05121,   0.03633,   0.03458,  -0.00569,  -0.02145,   0.01357,  -0.02670,  -0.05471,  -0.02145,   0.02407,  -0.02845,  -0.02670,  -0.00044,   0.04508,   0.04683,   0.05034,   0.03983,   0.03983,  -0.00219,  -0.06347,   0.04508,  -0.01620,  -0.05471,   0.03108,   0.01357,  -0.00919,  -0.07922,   0.05734,   0.02933,   0.01182,   0.02933,  -0.06872,   0.04333,   0.01532,  -0.05646,  -0.07397,  -0.02670,   0.03108,   0.03283,   0.02582,   0.02933,  -0.03721,   0.02757,  -0.02320,   0.00481,   0.06784,   0.05909,   0.02582,   0.04158,  -0.00919,  -0.04421,   0.00832,  -0.00919,  -0.01094,  -0.06697,   0.05559,  -0.04421,  -0.05471,   0.00832,   0.01007,  -0.03545,   0.00306,   0.00481,  -0.00219,   0.02232,   0.01882,  -0.01269,  -0.00219,   0.01532,   0.02757,  -0.00569,  -0.01269,   0.02407,  -0.07747,  -0.01094,  -0.01795,   0.02407,   0.04158,   0.03633,   0.13087,  -0.00394,   0.05734,  -0.05296,   0.00131,   0.01532,  -0.02145,  -0.07922,   0.08185,   0.02407,  -0.04246,   0.01707,   0.02407,  -0.03020,  -0.06872,  -0.07047,  -0.03370,  -0.07572,  -0.03370,  -0.04596,   0.10636,  -0.02320,  -0.03020,   0.02933,   0.00832,  -0.05296,   0.00832,   0.04333,  -0.00744,  -0.04771,   0.00657,  -0.01795,  -0.03370,  -0.02495,   0.02933,  -0.03896,  -0.01444,  -0.04946,   0.02582,   0.05209,   0.00657,  -0.03721,  -0.05296,   0.01707,  -0.01444,   0.02933,   0.00306,   0.06959,  -0.01620,  -0.06872,  -0.05121,  -0.00569,   0.01707,  -0.05646,  -0.00394,   0.04333,   0.03108,  -0.04246,  -0.01970,   0.03458,  -0.08448,   0.00481,   0.00657,   0.00657,   0.06784,  -0.01444,  -0.05997,  -0.05121,  -0.00744,  -0.04421,   0.02057,  -0.07222,  -0.02495,   0.00131,  -0.04946,  -0.05646,   0.05384,  -0.05646,  -0.00394,   0.00131,   0.01882,  -0.04246,  -0.00569,   0.01007,  -0.05997,   0.05559,   0.05909,  -0.01094,  -0.00394,   0.05734,  -0.01795,  -0.00219,   0.04683,  -0.00394,   0.01007,  -0.04421,   0.00832,   0.02057,   0.00131,  -0.04421,   0.02757,   0.02232,  -0.01795,   0.00131,   0.03283,   0.00306,  -0.02145,   0.05034,   0.08010,   0.02582,   0.00131,  -0.07572,   0.10636,   0.05734,  -0.02670,  -0.00569,   0.00657,  -0.01269,  -0.04946,  -0.01269,  -0.01970,  -0.01269,  -0.00744,  -0.06172,  -0.03195,  -0.03195,   0.01007,  -0.02495,  -0.02495,   0.06434,  -0.01795,   0.03458,  -0.00219,   0.05909,  -0.02845,   0.00481,  -0.02320,   0.01007,  -0.01269,   0.03283,  -0.04596,   0.02407,   0.00832,   0.05034,  -0.03545,  -0.03545,  -0.05296,   0.07310,   0.00131,   0.03633,  -0.00394,   0.00657,   0.02933,   0.02057,   0.01707,  -0.08798,   0.04508,  -0.03020,  -0.05822,   0.01357,   0.04508,   0.07835,   0.03108,  -0.03370,  -0.01970,  -0.03370,   0.01532,  -0.05646,   0.01882,  -0.03370,   0.00306,   0.07135,  -0.06872,  -0.00219,  -0.01970,  -0.01795,  -0.03721,  -0.00569,  -0.04246,   0.05384,  -0.05997,   0.01007,  -0.02845,  -0.03721,   0.04158,  -0.00569,  -0.01970,   0.03458,  -0.07222,  -0.04246,   0.00131,   0.03633,  -0.03545,   0.00832,  -0.07222,  -0.06347,   0.01532,   0.07135,  -0.00569,   0.03283,  -0.00569,  -0.01094,  -0.05296,  -0.01970,  -0.03195,   0.07135,   0.03283,  -0.10374,  -0.05296,   0.01007,  -0.04946,   0.05209,   0.04508,   0.08535,  -0.01795,   0.02933,  -0.08273,  -0.03020,   0.02232,   0.00131,   0.06259,   0.06784,   0.00481,   0.05209,   0.02582,  -0.04246,  -0.02670,  -0.06522,  -0.01269,   0.00481,  -0.05822,   0.00832,  -0.00219,   0.05909,  -0.05296,  -0.01620,   0.06259,  -0.00744,   0.01007,   0.03633,   0.06609,   0.03983,   0.03633,  -0.00919,   0.02407,  -0.02495,   0.02057,  -0.03020,   0.05384,   0.03983,   0.00131,  -0.02495,   0.01182,  -0.01795,  -0.03020,  -0.01094,  -0.10199,  -0.01970,   0.02232,  -0.03020,   0.01882,   0.03108,  -0.01444,  -0.06872,   0.01707,   0.01357,   0.01357,  -0.03370,   0.05209,   0.06084,  -0.02495,   0.04858,  -0.01269,   0.03283,   0.00832,  -0.00219,  -0.03195,  -0.03370,  -0.01094,  -0.05121,   0.01707,  -0.00744,   0.06084,  -0.04246,   0.04158,   0.04508,   0.00832,   0.01007,   0.00481,  -0.06347,  -0.03896,   0.01532,  -0.04246,   0.06084,   0.06259,  -0.11424,   0.03283,  -0.02845,  -0.01970,   0.03108,   0.08010,  -0.03721,   0.00832,  -0.00044,  -0.00569,   0.00832,   0.03983,   0.03808,   0.02582,  -0.05646,   0.03458,  -0.03545,  -0.04071,  -0.00569,  -0.10724,  -0.03195,   0.05209,   0.04508,  -0.04946,  -0.00744,  -0.04946,  -0.00219,   0.04683,  -0.08273,  -0.05997,  -0.06172,   0.01882,   0.13437,  -0.01269,   0.01182,   0.00131,  -0.00569,   0.02407,   0.07310,   0.06084,   0.00832,   0.01007,  -0.00569,   0.00306,  -0.03020,  -0.00044,  -0.01444,  -0.04246,   0.03283,  -0.02320,   0.01707,   0.03108,  -0.03896,  -0.09498,  -0.02670,   0.02407,  -0.06872,   0.03283,   0.01357,  -0.05121,  -0.07397,   0.01357,  -0.01795,   0.02407,   0.00832,  -0.04071,  -0.07397,   0.01357,   0.06259,  -0.01795,  -0.04071,  -0.06522,  -0.01269,  -0.00744,  -0.03020,  -0.00219,  -0.03721,   0.06959,  -0.04596,  -0.07747,   0.00657,   0.00306,   0.05734,   0.00657,   0.03458,   0.03283,   0.10636,   0.02407,   0.04508,  -0.02670,   0.02933,   0.00306,   0.01882,   0.06434,   0.03633,   0.05384,   0.01357,   0.00657,  -0.01970,   0.02582,  -0.00394,  -0.02320,  -0.03370,  -0.01970,   0.00306,  -0.01620,  -0.08798,   0.01532,  -0.02145,  -0.02145,   0.02232,   0.03633,  -0.03545,   0.05734,   0.08885,  -0.01094,   0.02582,  -0.02495,   0.05909,   0.03108,  -0.00394,   0.01007,  -0.03195,  -0.07047,   0.07835,   0.00481,   0.02933,  -0.05646,   0.08885,   0.02057,   0.08010,  -0.03896,  -0.04421,  -0.07222,  -0.00569,   0.03633,   0.03458,  -0.04071,  -0.04246,  -0.01795,  -0.03896,   0.06784,  -0.02495,   0.01707,   0.00306,  -0.00919,   0.04858,   0.02933,   0.01882,  -0.05646,   0.02057,   0.00832,   0.00131,   0.05034,   0.00481,   0.09586,  -0.03896,   0.00832,  -0.03195,   0.02057,   0.00131,  -0.04946,   0.00481,  -0.00569,  -0.01970,  -0.00744,   0.03458,   0.00481,  -0.00744,   0.02582,   0.00131,  -0.02320,   0.01007,  -0.03020,   0.06784,   0.04333,   0.04508,   0.01532,  -0.06697,  -0.02845,   0.00481,   0.01357,   0.02232,   0.02757,  -0.05471,   0.01707,   0.02232,   0.01357,  -0.04071,  -0.01620,   0.02582,   0.03808,  -0.01094,  -0.03896,  -0.06522,   0.04508,   0.01182,  -0.00219,   0.02933,  -0.01970,  -0.03195,   0.05559,   0.03808,  -0.03195,   0.01182,  -0.00219,   0.03808,   0.01707,  -0.02845,   0.09235,  -0.02495,   0.00657,   0.00657,  -0.02670,   0.03108,   0.01707,   0.01532,   0.03108,  -0.04596,  -0.04421,   0.02582,  -0.03195,   0.02232,  -0.08798,  -0.04771,   0.00481,   0.03458,  -0.01269,  -0.00219,  -0.06872,  -0.02145,  -0.04946,  -0.06172,  -0.06872,  -0.00744,  -0.01620,  -0.07747,   0.00131,   0.00306,  -0.01269,  -0.05822,  -0.01795,   0.07310,   0.02582,  -0.05296,  -0.00569,  -0.06697,   0.02582,  -0.01269,  -0.03545,   0.05209,   0.01532,  -0.08273,   0.01707
   0.03458,  -0.02495,  -0.10023,   0.01882,  -0.00569,   0.01182,   0.01707,   0.02582,  -0.00044,   0.00657,   0.05559,   0.04508,  -0.00394,  -0.04421,  -0.01795,  -0.03545,   0.03808,  -0.01269,  -0.00919,  -0.03020,  -0.04246,  -0.03545,  -0.02495,   0.01707,   0.02582,  -0.07047,  -0.01444,  -0.07047,   0.03808,   0.01182,  -0.00394,   0.01182,  -0.00394,  -0.01094,   0.00481,  -0.04771,  -0.03721,   0.01882,  -0.04071,   0.02407,   0.02232,  -0.03195,   0.08710,  -0.03020,   0.03108,  -0.02670,  -0.04771,   0.00832,  -0.02670,   0.01357,  -0.04246,   0.01357,   0.02232,  -0.03020,  -0.05822,   0.01882,   0.01532,  -0.03545,   0.01707,  -0.06172,   0.01707,  -0.03896,  -0.05646,   0.03108,   0.02757,   0.01357,   0.01532,   0.02407,   0.02232,   0.06084,  -0.01970,   0.02057,  -0.02845,  -0.00744,  -0.00219,  -0.04071,  -0.01970,  -0.05822,   0.04508,   0.05909,  -0.03721,  -0.01795,   0.01182,  -0.01444,  -0.00394,  -0.05471,  -0.06872,  -0.06697,  -0.01620,  -0.05121,  -0.01970,   0.01182,  -0.01970,  -0.04421,   0.01707,   0.02933,   0.05559,  -0.00569,  -0.00219,   0.04158,  -0.06872,   0.02582,   0.00832,   0.02407,  -0.03020,  -0.01269,   0.01707,  -0.01094,  -0.01094,  -0.05997,  -0.04421,  -0.03020,  -0.01444,   0.00131,  -0.00044,   0.04858,  -0.05997,   0.00306,   0.04158,  -0.01094,  -0.00044,  -0.05296,  -0.02670,   0.01707,   0.04683,   0.06434,  -0.06347,  -0.04946,   0.00832,  -0.05646,  -0.04246,  -0.05121,  -0.06172,   0.04858,   0.05909,   0.01882,  -0.00569,  -0.00044,   0.00832,   0.03458,  -0.04421,  -0.03195,   0.04683,   0.00131,  -0.02670,   0.01182,   0.00832,  -0.04771,  -0.01444,   0.04158,  -0.00044,  -0.01795,   0.04683,   0.06609,   0.01532,   0.06259,   0.03808,   0.02407,  -0.00919,  -0.04071,  -0.01620,   0.04333,   0.03983,   0.02232,   0.06784,  -0.03721,  -0.07922,  -0.01620,  -0.05121,   0.01182,   0.01357,  -0.03721,   0.03808,  -0.04596,  -0.02670,  -0.03370,  -0.05121,   0.01007,  -0.02145,  -0.02320,   0.02057,  -0.04421,  -0.08448,  -0.00394,   0.05734,   0.01532,  -0.05121,  -0.00044,   0.05909,  -0.04771,  -0.00919,   0.04158,  -0.05471,   0.01707,  -0.01795,  -0.04246,  -0.03896,   0.01532,   0.02407,  -0.05646,   0.06259,   0.01882,  -0.08098,  -0.03020,  -0.03195,   0.00832,   0.00657,   0.01357,   0.05384,   0.01182,   0.02582,   0.02407,   0.03458,  -0.03721,  -0.03896,   0.03633,   0.04858,   0.01182,  -0.06697,   0.05209,  -0.00394,  -0.00394,   0.06784,  -0.00919,   0.01707,  -0.04421,  -0.00744,   0.05559,  -0.00394,   0.00481,   0.00657,   0.03808,   0.01007,  -0.09498,   0.05559,  -0.03721,   0.00481,  -0.06347,   0.04683,   0.04333,  -0.05121,  -0.02145,  -0.04421,   0.01532,  -0.03545,  -0.00569,   0.03283,   0.02757,  -0.10023,   0.01182,  -0.02495,   0.04683,  -0.03545,   0.08360,  -0.00394,  -0.01094,   0.01007,  -0.04071,  -0.03020,  -0.00744,   0.06259,  -0.01795,   0.00306,   0.03283,   0.07660,   0.01707,  -0.04596,   0.02933,   0.05909,  -0.02670,  -0.04421,   0.00657,  -0.01970,   0.04333,   0.02933,   0.07135,   0.04158,  -0.00219,   0.01882,  -0.04946,   0.06434,   0.01532,   0.02407,  -0.02845,   0.02582,  -0.00919,  -0.02845,   0.01007,  -0.01795,  -0.00919,  -0.01620,  -0.03020,  -0.01094,  -0.03896,  -0.04596,  -0.07222,   0.03458,  -0.04421,   0.02407,   0.03633,   0.06609,   0.01882,   0.03283,  -0.05121,  -0.01269,  -0.02320,   0.08360,  -0.02845,   0.02232,   0.05559,  -0.10374,  -0.03721,   0.00306,   0.00131,  -0.02670,   0.03633,  -0.03545,  -0.01795,   0.06434,   0.03108,  -0.12650,   0.03983,  -0.04771,   0.11336,  -0.01970,   0.01882,   0.02407,  -0.04946,  -0.02145,  -0.01970,   0.00657,   0.02933,   0.02933,  -0.04421,   0.06434,  -0.00919,  -0.02845,  -0.01444,   0.00657,   0.02232,   0.11512,  -0.05997,  -0.04246,   0.03983,  -0.06347,  -0.03896,   0.02407,   0.00306,   0.05209,   0.00657,  -0.00919,  -0.02495,  -0.00044,  -0.00394,   0.01707,   0.01882,   0.04858,   0.02933,   0.01007,  -0.04771,   0.00131,  -0.05121,  -0.05822,   0.00306,   0.06959,   0.00481,   0.07660,   0.06084,   0.01707,  -0.04946,  -0.03896,   0.02232,  -0.07047,   0.03983,  -0.00044,  -0.01269,  -0.01620,  -0.00394,  -0.01269,   0.03633,  -0.09848,   0.00657,   0.04333,   0.00657,   0.01532,  -0.03370,  -0.00919,  -0.01970,  -0.01444,  -0.01269,   0.07660,  -0.03370,   0.00306,  -0.07747,   0.04683,  -0.03370,   0.09586,  -0.00394,   0.06784,  -0.00569,   0.02933,  -0.01444,   0.02057,   0.05734,  -0.03195,   0.03108,  -0.00569,   0.00481,   0.01182,  -0.00744,  -0.00919,   0.05384,   0.05734,  -0.00744,   0.04683,   0.05384,   0.01707,  -0.02145,  -0.00744,   0.03283,  -0.03721,  -0.01444,   0.00657,  -0.07397,   0.02582,   0.00131,  -0.00569,  -0.01269,  -0.05121,   0.01532,  -0.01094,  -0.03545,   0.01182,   0.02057,  -0.00569,  -0.02320,   0.00306,   0.01707,   0.03458,  -0.07572,   0.01532,  -0.03721,   0.00657,  -0.01444,  -0.00919,   0.02933,   0.02057,   0.01882,   0.02582,  -0.01444,  -0.03195,  -0.07572,   0.01707,  -0.05822,   0.04158,  -0.00394,  -0.02845,   0.00131,  -0.05646,  -0.06172,   0.05909,   0.04683,   0.01882,   0.01182,  -0.00219,   0.00131,  -0.01444,  -0.04246,  -0.03896,  -0.02320,   0.04858,   0.01007,  -0.07747,   0.04333,   0.03983,  -0.01795,  -0.02670,  -0.01795,  -0.05121,  -0.03545,   0.06784,   0.07135,   0.03108,   0.07135,  -0.01970,   0.00306,   0.02582,   0.03108,   0.00657,  -0.05471,   0.07135,  -0.01444,  -0.08448,  -0.04071,  -0.01094,  -0.02320,  -0.04596,   0.10636,   0.00481,   0.01882,  -0.03721,  -0.05646,   0.02757,  -0.11774,   0.04508,   0.04508,   0.05559,  -0.05121,  -0.01094,  -0.02845,   0.00131,   0.05209,   0.02582,   0.00306,  -0.03896,  -0.10724,   0.05559,  -0.06347,  -0.00044,   0.01882,  -0.01444,  -0.07397,  -0.04946,  -0.06697,  -0.02670,   0.02582,  -0.03195,  -0.02320,   0.03983,  -0.02495,  -0.07922,  -0.02670,  -0.04771,   0.01707,   0.03633,   0.05384,  -0.02495,  -0.03020,   0.05034,   0.03458,  -0.03896,  -0.05471,  -0.03020,  -0.01795,   0.03808,   0.06434,  -0.01795,   0.03808,  -0.01795,   0.02757,  -0.08273,  -0.04596,   0.03108,   0.04333,  -0.01444,   0.01007,   0.07660,  -0.06522,   0.01007,   0.03283,   0.01182,  -0.03721,   0.03808,   0.00657,   0.08535,  -0.02845,   0.00306,  -0.05296,   0.08710,  -0.03721,   0.07835,   0.02407,   0.02582,  -0.01620,  -0.01269,  -0.00044,   0.02232,  -0.04421,   0.01007,  -0.06347,  -0.00744,   0.01357,   0.00131,  -0.03370,  -0.02670,   0.02232,   0.02933,  -0.01444,  -0.03545,  -0.01269,  -0.01269,  -0.03020,  -0.00744,   0.02232,   0.02407,   0.01882,  -0.06522,   0.02057,   0.05559,  -0.04246,  -0.04246,   0.02232,   0.03633,  -0.02320,   0.01532,  -0.06522,  -0.03370,   0.02407,   0.03458,  -0.01620,   0.02232,  -0.03020,   0.01007,   0.00131,  -0.11249,  -0.00394,  -0.00044,   0.11336,  -0.05646,  -0.05997,   0.05034,   0.01532,  -0.06697,  -0.01094,   0.00832,   0.03983,   0.06434,  -0.01970,   0.10111,  -0.06697,   0.06959,  -0.01620,  -0.01795,  -0.00044,   0.08885,   0.00657,  -0.01620,  -0.02145,   0.00306,  -0.03545,  -0.01795,  -0.00394,  -0.00394,  -0.03020,  -0.05296,   0.01357,   0.06959,   0.01532,   0.03108,  -0.04071,  -0.01970,   0.01007,   0.02232,  -0.02320,   0.07835,  -0.06347,   0.08535,   0.02407,   0.03458,  -0.00394,   0.07135,  -0.07397,  -0.08273,  -0.03020,   0.01007,  -0.03896,  -0.11599,  -0.02495,  -0.03545,  -0.04246,  -0.01094,   0.01182,   0.02057,   0.00131,   0.00657,   0.01707,  -0.03896,   0.00481,   0.00832,   0.04158,   0.01707,  -0.04596,   0.02582,  -0.02845,  -0.06347,   0.02407,   0.00131,  -0.04246,  -0.07397,   0.04333,  -0.00044,  -0.11249,  -0.03545,  -0.00569,   0.08885,  -0.05296,   0.01182,   0.03808,  -0.02495,  -0.01970,  -0.07047,   0.03458,  -0.02845,  -0.00569,  -0.05471,   0.06084,   0.05734,  -0.05471,  -0.01620,  -0.02845,  -0.01620,   0.04158,   0.02582,  -0.07747,   0.00306,  -0.05121,  -0.00219,  -0.01620,  -0.06347,  -0.05121,   0.08360,   0.00657,  -0.00394,  -0.01620,   0.06609,   0.02232,   0.02757,  -0.06697,  -0.00744,  -0.02145,  -0.03195,  -0.07397,  -0.05822,  -0.01620,   0.01532,  -0.01444,  -0.00044,   0.00131,  -0.09498,   0.01882,   0.01882,  -0.04071,  -0.02670,  -0.05997,   0.01182,  -0.00044,   0.01357,   0.00832,   0.00832,  -0.01620,   0.01882,   0.02933,   0.05034,   0.06434,  -0.00044,   0.04333,   0.05559,   0.02582,   0.03983,   0.02933,   0.03108,   0.02757,  -0.03195,  -0.05121,  -0.02495,   0.05559,  -0.03195,  -0.00919,   0.01182,  -0.09148,  -0.03545,   0.02582,  -0.01094,   0.05559,   0.06434,  -0.00919,  -0.01620,  -0.04071,   0.05034,  -0.07222,   0.04333,   0.01532,   0.04333,  -0.01970,  -0.08623,  -0.00569,  -0.00744,   0.04858,   0.00481,  -0.08448,   0.01182,   0.00131,  -0.01444,  -0.01620,  -0.04596,   0.07660,  -0.02670,   0.00306,  -0.01970,   0.03283,  -0.01094,  -0.02145,   0.06434,   0.03808,  -0.00744,   0.02057,   0.01707,   0.01007,   0.02933,   0.07660,  -0.02320,  -0.00744,  -0.03370,  -0.02670,  -0.07922,  -0.06347,   0.05209,  -0.00569,  -0.01620,  -0.05822,   0.00306,   0.01182,  -0.01444,  -0.02145,  -0.00919,  -0.00569,  -0.04771,  -0.04421,  -0.05296,  -0.04421,   0.01007,   0.03458,  -0.02145,   0.01532,  -0.00744,  -0.04946,   0.05209,   0.00481,   0.08710,   0.01882,  -0.02670,  -0.04421,   0.02057,  -0.04246,  -0.03370,  -0.04946,  -0.03370,   0.03283,  -0.05121,  -0.02145,   0.06434,  -0.06697,  -0.04771,  -0.00919,   0.00832,   0.05559,   0.01882,  -0.00219,   0.10461,   0.02407,  -0.05296,   0.01007,   0.05209,   0.02582,  -0.01444,   0.02232,  -0.06347,   0.02757,   0.01707,  -0.07047,   0.00481,   0.01707,   0.03808,   0.01707,  -0.03195,  -0.07222,   0.00481,   0.02407,  -0.10199,  -0.04071,  -0.02320,   0.02933,   0.03283,   0.03633,  -0.01269,  -0.02845,  -0.00394,  -0.03370,   0.05734,   0.01532,   0.01882,  -0.00394,  -0.04596,   0.03633,  -0.02320,   0.03283,   0.01532,  -0.04421,   0.00306,   0.04858,   0.00131,   0.03983,   0.04683,   0.03983,  -0.07572,   0.04508,   0.04333,  -0.04071,  -0.04421,   0.03983,  -0.05997,   0.00131,  -0.00919,   0.00306,  -0.00394,   0.05034,   0.07135,  -0.01620,   0.01707,   0.03108,  -0.01269,   0.04508,  -0.00919,  -0.04771,   0.01707,  -0.00919,  -0.02845,   0.01532,  -0.03896,  -0.06872,  -0.02145,   0.01182,   0.03283,   0.01532,  -0.03896,   0.01707,  -0.02145,   0.02582,  -0.01970,  -0.02145,  -0.03020,   0.01357,  -0.04771,  -0.09148,   0.00832,  -0.00394,  -0.01795,  -0.03020,  -0.00569,  -0.10023,   0.06084,  -0.03721,   0.00306,  -0.08623,  -0.09498,   0.07135,   0.10986,  -0.08448,  -0.00744,   0.08885,  -0.04596,   0.01357,  -0.02495,  -0.03020,   0.07835,   0.02407,   0.03283,   0.01182,   0.01532,  -0.01620,   0.01007,  -0.00919,   0.00306,  -0.06172,  -0.04071,   0.09586,  -0.02495,  -0.01269,   0.03458,  -0.01970,   0.00832,   0.02933,  -0.04596,   0.02582,   0.01007,   0.03108,  -0.00219,  -0.02320,  -0.00744,  -0.02320,   0.03808,  -0.02495,  -0.02845,   0.08185,  -0.02320,   0.07660,  -0.01269,  -0.00569,  -0.05296,   0.04683,   0.04508,   0.02407,  -0.00044,   0.03983,  -0.01269,  -0.11249,  -0.02495,  -0.02495,  -0.00219,  -0.04071,   0.01707,  -0.00394,  -0.00219,  -0.04421,   0.02933,   0.02407,  -0.08623,  -0.05296,  -0.01444,   0.05559,   0.03283,   0.08010,   0.02407,   0.02407
  -0.06872,   0.03283,   0.05384,   0.09235,  -0.03020,   0.03633,  -0.03721,  -0.01795,   0.03633,   0.02407,  -0.01795,   0.05734,   0.01182,  -0.03370,   0.02407,   0.03283,  -0.04246,   0.06259,  -0.00394,   0.02407,  -0.00744,   0.05734,   0.03633,  -0.05296,   0.02232,  -0.01444,   0.00306,   0.05734,   0.04158,  -0.02845,  -0.03545,  -0.02145,   0.04333,  -0.02495,   0.00306,   0.02232,   0.03108,   0.04683,  -0.01269,   0.06084,  -0.02145,   0.03283,   0.02933,   0.06084,  -0.01620,   0.06084,  -0.04246,  -0.03195,  -0.02495,  -0.00569,   0.02407,   0.06259,   0.00131,  -0.02845,  -0.01444,  -0.06872,   0.02933,   0.00657,  -0.04421,  -0.00569,   0.01532,  -0.02845,  -0.01269,  -0.00744,  -0.00394,  -0.01094,   0.01532,  -0.05822,   0.05559,   0.10111,  -0.00744,   0.02757,  -0.01094,  -0.05646,  -0.03370,   0.03108,  -0.00394,  -0.01620,  -0.00744,   0.00657,   0.01882,   0.02232,  -0.05296,  -0.00919,   0.10986,  -0.04771,   0.02933,  -0.07922,  -0.00044,   0.01357,   0.02057,   0.07485,   0.05559,  -0.05822,  -0.03370,  -0.00219,   0.02057,   0.00131,   0.00131,  -0.03195,  -0.01094,  -0.03020,  -0.07747,   0.03983,   0.00306,   0.00306,  -0.01620,   0.03283,   0.07310,   0.06259,  -0.00744,  -0.01795,   0.05034,   0.03458,   0.00481,   0.12037,   0.06259,  -0.03896,  -0.00394,   0.02057,   0.02232,   0.04333,   0.00306,   0.07485,  -0.08098,   0.04683,   0.00131,   0.04683,   0.03283,  -0.00394,   0.03633,   0.10286,  -0.00044,  -0.00219,  -0.03721,   0.00306,  -0.06172,  -0.00044,  -0.01444,   0.03633,  -0.02145,   0.02757,  -0.02145,   0.03458,  -0.10724,   0.04508,  -0.02495,   0.03633,   0.07485,  -0.01620,   0.09761,   0.00832,  -0.03370,  -0.01444,  -0.04771,  -0.06522,   0.00131,  -0.04596,   0.02057,   0.00832,  -0.03545,  -0.03195,  -0.02145,  -0.03370,  -0.01795,   0.03458,  -0.01094,  -0.00394,  -0.05121,  -0.04421,  -0.02145,   0.03633,   0.05734,  -0.01620,  -0.01094,  -0.07922,   0.02933,   0.06084,  -0.04421,  -0.04421,   0.04333,   0.05559,   0.09060,   0.01357,   0.00657,  -0.01795,  -0.08273,   0.06784,   0.02933,   0.01882,   0.06784,  -0.05121,  -0.06522,   0.01532,   0.01182,   0.05909,   0.01882,  -0.04596,  -0.05471,  -0.02670,   0.03283,   0.03458,   0.04158,   0.03633,   0.00131,   0.07835,   0.00306,  -0.03896,   0.01357,   0.13262,  -0.10549,  -0.00569,   0.02057,  -0.02495,  -0.02670,   0.00306,  -0.06172,  -0.01970,  -0.00569,  -0.02320,  -0.07922,  -0.06872,   0.03108,  -0.00919,  -0.01269,  -0.07222,  -0.03721,   0.01532,  -0.02845,   0.05909,   0.06084,  -0.08798,  -0.01620,  -0.02145,   0.00832,  -0.03896,  -0.00394,   0.03283,   0.06609,  -0.01094,  -0.06172,   0.02057,   0.09411,  -0.02145,   0.02582,   0.03283,  -0.00219,   0.04333,  -0.04246,   0.03633,  -0.00044,   0.02057,  -0.06172,  -0.00569,   0.00481,  -0.01444,  -0.04771,   0.01007,   0.01357,  -0.00044,  -0.07572,  -0.02845,  -0.00394,   0.05909,   0.07835,   0.04158,  -0.10199,   0.00481,   0.03108,   0.07310,  -0.00219,   0.00131,  -0.07922,  -0.00219,  -0.05296,  -0.00569,  -0.01795,  -0.04421,   0.02057,   0.01707,  -0.04946,   0.05384,  -0.01094,  -0.00044,   0.02582,  -0.05471,   0.03633,  -0.04071,  -0.01795,   0.00131,  -0.00394,  -0.00394,   0.05209,   0.01357,   0.06959,  -0.00569,   0.04158,  -0.01269,   0.01007,  -0.03896,  -0.00219,  -0.01620,   0.01182,   0.02232,   0.00306,  -0.00044,   0.00131,  -0.04071,   0.02582,   0.04158,   0.00657,   0.00481,   0.02582,  -0.01269,  -0.06522,  -0.02495,  -0.05822,   0.04858,  -0.02495,  -0.02495,  -0.01795,   0.02757,  -0.05646,   0.03108,   0.11512,   0.01007,   0.10461,  -0.00394,   0.01882,  -0.02145,   0.03283,  -0.04421,   0.02407,  -0.10549,   0.02582,   0.01707,  -0.04596,   0.06259,  -0.00919,  -0.09498,  -0.00044,  -0.00919,   0.06259,   0.04333,   0.04858,  -0.00569,  -0.07397,  -0.02320,  -0.00394,  -0.01094,   0.01182,   0.03983,   0.04158,   0.03283,   0.02232,  -0.02670,  -0.01620,  -0.01094,  -0.01444,  -0.05997,  -0.02495,   0.01182,  -0.01444,  -0.05997,  -0.09323,   0.03283,  -0.02845,  -0.01620,  -0.00219,  -0.00569,   0.01532,   0.07135,   0.01182,   0.01707,   0.04158,  -0.05997,   0.08710,   0.07485,  -0.00569,  -0.10724,  -0.04771,   0.00657,  -0.05296,   0.03808,  -0.01795,   0.08885,   0.03983,   0.01882,   0.02232,   0.06259,   0.02232,  -0.08098,   0.00657,   0.00657,   0.05559,   0.00657,   0.02757,   0.03108,   0.05559,   0.03983,  -0.02145,   0.02057,  -0.04946,   0.03633,   0.09235,   0.00832,   0.04158,   0.12212,   0.01532,  -0.01269,   0.11512,  -0.02670,   0.00481,  -0.02145,  -0.03721,  -0.07747,   0.04508,  -0.06872,  -0.00744,  -0.02320,   0.02407,  -0.00919,  -0.03195,   0.00657,  -0.03020,  -0.05822,   0.02057,  -0.04246,   0.01707,   0.05734,  -0.05997,  -0.00044,  -0.00219,  -0.01444,   0.04683,  -0.00569,   0.01882,  -0.06872,  -0.04421,   0.03283,  -0.00394,  -0.01269,   0.10461,   0.01007,  -0.00044,   0.00131,   0.08010,   0.01532,  -0.02670,   0.00657,   0.00131,   0.01007,   0.02582,  -0.03896,  -0.04771,  -0.00744,   0.07485,   0.02582,   0.04683,   0.05909,   0.10986,   0.05209,   0.00832,   0.05209,  -0.08273,  -0.02145,  -0.01444,  -0.01444,  -0.06872,   0.05034,   0.00481,   0.02407,   0.02407,  -0.06872,   0.06084,  -0.03195,   0.03458,   0.00657,  -0.00569,   0.01882,   0.02933,   0.05909,  -0.03721,   0.02757,  -0.00744,  -0.02145,  -0.03020,   0.05384,   0.01182,  -0.03545,   0.01882,  -0.00394,  -0.00394,  -0.02845,  -0.07922,  -0.03195,   0.02757,  -0.06172,   0.02057,   0.01532,  -0.02145,   0.01007,   0.05209,   0.02407,   0.02757,  -0.03195,  -0.05471,   0.03108,  -0.01269,  -0.04421,  -0.05471,  -0.04246,   0.03633,  -0.05296,   0.08185,  -0.00394,   0.02232,   0.10636,  -0.01444,   0.01182,  -0.02320,  -0.02845,   0.04683,   0.03633,   0.02232,  -0.01094,  -0.02670,   0.03633,   0.00481,   0.04158,   0.00832,   0.05209,   0.07310,   0.09235,   0.04333,   0.05034,   0.05034,  -0.05646,  -0.06872,  -0.07572,  -0.01620,   0.03283,   0.01882,   0.00657,   0.08535,   0.04508,   0.06084,  -0.02145,  -0.00919,  -0.14926,   0.01357,  -0.01620,  -0.00044,   0.00131,   0.03458,  -0.01094,  -0.02495,  -0.11424,  -0.05471,  -0.04246,   0.11687,   0.04333,   0.00306,   0.01007,  -0.00569,   0.02582,  -0.07397,  -0.10549,  -0.00744,  -0.06872,   0.08010,   0.00131,  -0.00219,  -0.06172,   0.02057,   0.04858,   0.01532,  -0.07222,  -0.07397,   0.02933,   0.00306,   0.00306,   0.06609,  -0.01795,   0.02757,  -0.03020,   0.01532,  -0.02145,   0.04158,  -0.02670,   0.01007,  -0.04596,   0.04858,   0.00306,  -0.04946,  -0.07047,  -0.00569,   0.08185,  -0.05646,  -0.04421,   0.02232,  -0.01620,  -0.00219,  -0.04771,   0.00832,   0.02757,   0.03283,   0.01007,  -0.01620,  -0.04771,  -0.01620,   0.01707,   0.02057,  -0.01795,  -0.04946,  -0.00044,   0.02057,  -0.03020,  -0.06697,  -0.05296,  -0.06872,  -0.00219,   0.06084,  -0.00919,   0.07135,   0.05909,  -0.02845,   0.03283,  -0.00394,  -0.08098,  -0.12124,   0.02232,   0.00481,  -0.03545,   0.01182,   0.03458,   0.01532,  -0.03545,   0.03458,   0.01357,   0.00832,  -0.03896,  -0.06522,   0.07835,   0.00657,   0.06434,   0.06084,   0.09761,   0.03108,  -0.01795,   0.03983,   0.09235,  -0.01444,  -0.01269,   0.04508,  -0.04421,   0.02933,  -0.05121,   0.03108,   0.01007,  -0.03195,  -0.02670,  -0.02845,  -0.00044,   0.02582,  -0.08448,   0.00657,  -0.00744,  -0.00744,  -0.10199,  -0.02145,   0.03108,  -0.03195,  -0.04071,   0.09761,  -0.07222,   0.03283,  -0.02495,  -0.02845,   0.04858,  -0.00394,  -0.06347,   0.02582,  -0.01620,   0.02232,   0.05209,  -0.07047,   0.00657,  -0.01795,   0.03633,  -0.05471,   0.06784,  -0.02670,  -0.09848,   0.01882,  -0.00044,  -0.00569,   0.01532,  -0.04946,  -0.04246,  -0.00219,  -0.00744,   0.05209,   0.00306,   0.12037,  -0.02495,  -0.06347,   0.07485,   0.07310,   0.05559,  -0.01795,   0.02232,   0.01007,  -0.03721,   0.01182,  -0.00569,  -0.01444,   0.01357,  -0.01795,  -0.05646,   0.03108,  -0.01970,  -0.08448,   0.03983,  -0.03721,  -0.02670,   0.07835,  -0.00919,   0.05384,   0.00306,   0.10461,  -0.01444,   0.01707,   0.07835,  -0.00569,   0.00481,  -0.00919,   0.01357,   0.08360,  -0.05822,  -0.08098,  -0.00919,   0.00131,   0.03283,  -0.10199,   0.00832,   0.01882,   0.03633,   0.01357,  -0.04071,  -0.07047,  -0.01094,   0.00832,  -0.03195,   0.04333,   0.06609,   0.00481,   0.05209,   0.02407,   0.01007,   0.02757,  -0.00569,   0.07310,   0.02407,  -0.04246,   0.04508,  -0.01269,  -0.03370,   0.05559,   0.01707,  -0.07047,   0.00306,   0.03108,   0.00131,  -0.01444,   0.05384,   0.00131,  -0.00394,   0.03983,   0.03283,   0.02232,  -0.00744,  -0.00044,  -0.00569,   0.01882,  -0.09498,  -0.07047,  -0.05822,  -0.04071,   0.02057,   0.12212,  -0.02845,  -0.09673,  -0.03896,   0.08360,   0.00131,   0.05034,   0.01882,  -0.08623,   0.00657,   0.06434,   0.00131,  -0.05822,   0.06959,  -0.04071,  -0.08098,  -0.04421,   0.10461,   0.01182,  -0.01269,  -0.06522,   0.02757,   0.00306,   0.01007,  -0.00744,   0.01182,   0.02933,   0.07835,  -0.06522,  -0.04071,  -0.02145,   0.02933,   0.06609,  -0.00919,  -0.02320,  -0.07047,  -0.03020,   0.02582,   0.00481,  -0.01444,  -0.03370,   0.02407,  -0.02845,  -0.04596,  -0.10023,  -0.00744,  -0.00919,   0.07835,  -0.09498,  -0.03370,   0.06959,   0.03633,  -0.00219,  -0.01444,   0.12912,   0.07660,   0.03108,   0.03983,   0.04858,   0.03458,   0.06959,  -0.03545,  -0.01970,   0.00131,  -0.01444,  -0.03195,   0.05909,  -0.13000,  -0.03721,   0.07660,   0.07835,   0.06259,  -0.03896,   0.06609,  -0.02495,   0.05384,  -0.09848,  -0.05646,  -0.06347,  -0.02495,  -0.02845,   0.00306,  -0.03896,   0.02232,   0.00481,   0.00832,  -0.01620,  -0.04421,  -0.02495,   0.06259,  -0.02495,   0.00657,   0.10111,   0.01357,  -0.07397,   0.06609,   0.03633,  -0.01970,   0.00657,   0.01707,  -0.01444,   0.04683,   0.07310,  -0.00044,  -0.01444,   0.04683,  -0.07747,  -0.02670,  -0.03896,   0.02582,  -0.10374,   0.02933,  -0.01620,  -0.04771,   0.01182,  -0.04246,  -0.01620,   0.08185,   0.04158,  -0.01444,  -0.03020,  -0.01620,   0.03633,  -0.01094,   0.07135,  -0.01970,   0.00481,   0.03108,   0.03983,   0.02057,   0.07485,  -0.02845,  -0.01269,   0.00657,  -0.04946,  -0.07922,  -0.01094,  -0.01269,   0.00832,   0.01182,   0.09060,   0.03458,   0.01882,  -0.00569,   0.01707,   0.02057,  -0.05646,   0.01182,   0.08185,  -0.00044,  -0.04946,   0.06259,   0.02057,   0.04158,  -0.01620,   0.04158,  -0.01795,  -0.03195,   0.02407,   0.01532,  -0.01444,   0.02582,  -0.02320,   0.04683,  -0.01970,   0.00306,   0.07135,  -0.04246,   0.03633,  -0.10199,   0.04858,  -0.00744,  -0.04246,   0.01532,   0.02407,   0.00306,  -0.04246,   0.10111,   0.01007,   0.12387,   0.02757,  -0.05646,  -0.04946,  -0.01620,  -0.03020,   0.06784,  -0.00394,   0.04333,  -0.02670,  -0.00569,  -0.02495,  -0.03896,   0.05034,  -0.02845,  -0.05121,   0.04508,  -0.00219,  -0.02145,  -0.03020,  -0.02670,   0.03808,  -0.07047,  -0.02670,  -0.05997,   0.03808,   0.02757,   0.01882,   0.01882,   0.00306,   0.01007,   0.06084,  -0.02845,   0.05559,  -0.01444,   0.02582,  -0.01795,   0.01707,  -0.00919,   0.00306,   0.03983,   0.03808,   0.05209,  -0.06697,   0.03458,   0.07485,  -0.00394,  -0.02845,   0.01882,  -0.04246,  -0.01094,  -0.01620,  -0.08448,  -0.01094,  -0.03370
  -0.02145,   0.00131,  -0.09148,   0.03458,  -0.05121,   0.04333,  -0.11424,  -0.02145,   0.00657,   0.07135,   0.03808,  -0.03020,   0.10111,   0.00832,   0.01707,  -0.06172,  -0.01444,   0.00131,  -0.01269,   0.01007,  -0.08098,   0.01882,  -0.00044,   0.01007,  -0.00219,   0.06959,   0.00131,   0.06434,  -0.00219,  -0.02845,  -0.05121,  -0.02320,  -0.02145,   0.01707,   0.00306,   0.04508,  -0.00394,  -0.04946,  -0.13000,   0.08360,   0.04858,   0.05734,  -0.00394,   0.01882,  -0.01094,   0.02057,  -0.05471,  -0.00394,  -0.08098,  -0.04071,   0.00481,   0.01707,   0.01707,   0.03458,  -0.09848,  -0.03896,   0.04683,  -0.03020,  -0.00044,   0.05909,  -0.00044,   0.01357,  -0.03896,   0.02057,  -0.02845,  -0.04246,   0.03808,  -0.05646,   0.00657,  -0.07572,   0.03633,  -0.02670,   0.04683,  -0.03370,  -0.06172,   0.04333,  -0.00744,   0.04333,   0.07310,  -0.03370,  -0.03721,   0.09235,   0.03983,   0.07135,  -0.00919,   0.10111,  -0.00569,  -0.03020,  -0.00919,  -0.01444,   0.02232,  -0.05296,   0.00481,  -0.01444,  -0.06872,   0.02933,  -0.02845,   0.02757,  -0.04596,  -0.01620,  -0.00044,   0.01007,  -0.06697,   0.03283,   0.03633,  -0.06347,   0.04858,   0.05034,   0.08185,   0.04683,   0.03633,  -0.06697,   0.01532,  -0.08973,   0.03633,   0.03808,   0.01182,   0.02933,   0.01007,   0.08885,   0.01007,   0.01007,  -0.00919,   0.04508,   0.05909,   0.05559,  -0.00919,   0.06084,  -0.02495,   0.00657,  -0.00394,   0.00481,  -0.01444,  -0.04071,   0.09411,   0.03983,   0.00481,   0.06084,   0.07485,   0.00832,   0.03633,   0.03808,   0.06434,   0.01357,   0.04333,   0.09235,   0.06784,  -0.03545,  -0.00219,  -0.05822,  -0.04246,  -0.00919,  -0.09323,   0.04333,  -0.01269,  -0.06172,  -0.03545,   0.00657,   0.05209,  -0.02145,  -0.03370,  -0.05121,   0.01357,  -0.03721,  -0.02495,   0.00306,  -0.03195,   0.02232,   0.00657,  -0.01620,  -0.04246,  -0.14576,   0.01882,   0.06084,   0.03108,   0.03808,   0.03633,   0.03108,   0.01182,  -0.06522,   0.03983,   0.00832,   0.04508,  -0.01094,   0.01007,   0.03458,   0.05034,  -0.06522,   0.03983,  -0.03721,  -0.00569,   0.00306,   0.02057,  -0.01269,   0.05909,  -0.06172,   0.01357,  -0.07572,   0.07485,   0.00481,  -0.06697,   0.06959,   0.00131,  -0.07572,   0.03108,   0.04508,  -0.05121,  -0.04946,   0.06259,  -0.00919,   0.07485,   0.00832,   0.06259,  -0.00569,  -0.05121,  -0.04246,   0.12387,  -0.04071,   0.02582,   0.01882,  -0.01269,   0.02232,   0.03633,  -0.06347,   0.04333,  -0.00394,   0.00131,   0.04333,   0.04158,   0.06434,   0.00481,   0.02232,   0.04158,   0.03458,   0.08010,  -0.05646,   0.00657,  -0.07747,   0.03283,   0.00657,   0.04333,   0.02757,   0.03458,  -0.03896,   0.05734,   0.07135,   0.08360,   0.00657,  -0.01269,   0.05909,  -0.00394,   0.00131,   0.08185,   0.00832,   0.03108,   0.05209,  -0.00219,   0.09761,  -0.03545,   0.05034,  -0.06347,   0.02933,   0.09936,   0.03458,   0.08360,   0.10461,   0.03808,   0.01007,  -0.04071,   0.03808,  -0.02845,  -0.00044,  -0.06172,   0.06434,  -0.01620,   0.01357,  -0.09148,   0.02057,   0.05034,   0.00832,  -0.05822,  -0.02145,   0.01182,   0.05384,  -0.03896,  -0.00919,  -0.06347,   0.09761,   0.03633,   0.00832,   0.03808,  -0.02145,  -0.01795,   0.00657,  -0.00044,  -0.02145,   0.00131,   0.00131,  -0.01269,  -0.00744,   0.00832,  -0.00219,   0.02933,  -0.01970,   0.08535,   0.03283,  -0.03370,   0.01532,  -0.05471,   0.05384,  -0.03370,  -0.00219,  -0.04421,   0.00481,  -0.08798,   0.02407,  -0.03721,  -0.02145,   0.03983,   0.04333,   0.04333,   0.08010,   0.01707,   0.02933,   0.01532,   0.00131,   0.03633,   0.02582,   0.05209,   0.08535,  -0.05121,   0.08185,  -0.03020,   0.07485,   0.02057,  -0.02670,  -0.03545,  -0.09148,  -0.14751,   0.04858,   0.03983,  -0.06347,   0.04858,   0.04158,   0.00481,  -0.01269,  -0.05646,   0.01007,   0.00481,  -0.07222,  -0.05471,   0.03983,   0.00657,   0.08535,   0.01882,   0.03458,  -0.01795,  -0.02845,   0.11512,  -0.00394,  -0.02495,   0.06609,  -0.06347,  -0.07572,  -0.07922,  -0.04946,  -0.01970,   0.07485,  -0.02670,  -0.01444,  -0.01970,  -0.11424,   0.05909,   0.02933,  -0.04421,   0.04683,  -0.03370,   0.09235,   0.02757,  -0.07222,   0.01007,  -0.01970,  -0.03195,  -0.04771,   0.07835,  -0.05822,   0.03458,   0.05384,   0.02757,  -0.04946,   0.02933,  -0.02320,   0.03983,   0.01007,   0.02232,  -0.03370,  -0.04771,   0.02232,   0.04508,   0.03458,   0.01882,  -0.02320,  -0.00394,   0.02933,   0.05384,   0.02232,  -0.02495,  -0.06347,   0.01007,   0.11161,   0.00832,   0.08885,   0.12737,   0.05559,   0.02407,   0.05209,   0.06609,  -0.06872,  -0.02320,  -0.00744,   0.04333,   0.04508,  -0.04946,  -0.00744,  -0.00744,   0.01007,   0.05209,   0.06609,   0.02933,   0.01182,   0.00657,   0.00306,  -0.05121,  -0.00219,   0.00306,  -0.00744,  -0.01970,  -0.03545,  -0.03370,  -0.05822,  -0.04421,   0.02757,   0.03633,  -0.02845,   0.02933,   0.09936,  -0.02145,   0.04858,  -0.04071,  -0.02145,   0.01882,  -0.10374,  -0.03721,  -0.01269,   0.05209,  -0.03020,   0.02933,   0.01882,  -0.01094,  -0.02670,   0.02582,   0.00481,  -0.05471,  -0.04946,  -0.04421,   0.03633,  -0.05121,   0.05909,  -0.00219,   0.05209,   0.05384,   0.02757,   0.04333,   0.10286,   0.01707,   0.03983,  -0.04771,  -0.04771,  -0.01444,  -0.03896,   0.05909,  -0.01269,   0.00832,   0.02407,  -0.07222,  -0.01094,   0.05559,  -0.00744,  -0.04421,   0.02757,  -0.03896,   0.07485,   0.00131,   0.03808,  -0.00044,   0.03983,   0.01882,  -0.00044,   0.03983,  -0.00569,   0.03808,  -0.06347,   0.04333,   0.03633,  -0.02670,   0.03983,  -0.06172,  -0.00219,  -0.02845,  -0.03195,   0.01182,   0.04508,  -0.02845,   0.00481,   0.00306,  -0.05296,   0.02232,  -0.04071,  -0.04421,   0.05559,   0.04158,  -0.07222,   0.04683,   0.03808,   0.03108,  -0.05121,  -0.00394,  -0.01269,  -0.06347,  -0.07397,  -0.06697,  -0.03721,  -0.09673,   0.09411,   0.02933,  -0.01269,   0.01882,  -0.01269,  -0.04071,   0.00306,   0.00481,  -0.12300,  -0.00044,   0.00657,  -0.07047,  -0.02495,   0.01532,   0.05209,   0.07310,   0.00832,  -0.07747,   0.05209,  -0.05822,   0.01357,   0.02407,  -0.00569,   0.01532,   0.03458,  -0.03020,  -0.09323,   0.03108,  -0.01094,  -0.02670,  -0.03896,  -0.04771,  -0.00394,  -0.08798,   0.00306,   0.01707,   0.00832,   0.08360,   0.00306,   0.00131,  -0.00044,  -0.08973,  -0.00919,   0.04858,   0.05209,   0.01357,  -0.01795,  -0.00394,  -0.04596,   0.00481,  -0.03545,   0.04858,   0.04858,   0.01707,   0.03808,  -0.04946,   0.01882,  -0.00919,   0.03633,   0.00832,   0.00481,   0.01532,  -0.00219,   0.04858,  -0.03195,  -0.09148,  -0.04246,  -0.01970,  -0.00219,  -0.06347,   0.04858,   0.10111,  -0.01620,   0.03458,  -0.01970,   0.02057,   0.05734,   0.04333,   0.06084,  -0.02320,   0.00481,   0.02582,   0.08535,  -0.12650,   0.07310,  -0.02670,  -0.04771,  -0.01444,  -0.06172,   0.05209,   0.01707,  -0.01620,  -0.01795,   0.00832,   0.03283,   0.01007,   0.07135,  -0.03195,  -0.03370,   0.08535,  -0.00569,  -0.06522,  -0.00569,   0.04333,   0.03633,  -0.02320,  -0.00919,   0.00657,   0.14838,   0.05034,   0.02933,   0.02407,  -0.04246,  -0.01269,   0.06084,  -0.05646,   0.00481,  -0.00569,   0.02407,   0.00481,   0.02582,   0.01707,  -0.07747,   0.06434,   0.01707,  -0.01795,   0.00131,   0.01357,  -0.05822,   0.02933,  -0.07747,   0.02407,   0.08185,  -0.05471,   0.06259,  -0.01094,   0.03983,  -0.06172,  -0.03195,   0.00481,  -0.00044,  -0.10549,   0.01882,  -0.00044,  -0.04071,  -0.01970,   0.01357,  -0.03896,  -0.05121,  -0.07397,   0.01707,  -0.01970,   0.03283,  -0.06872,   0.07135,  -0.04071,  -0.05822,   0.01882,  -0.07222,  -0.04771,  -0.00219,   0.04333,   0.00657,   0.01882,   0.00832,  -0.04246,   0.09411,   0.03458,  -0.04596,  -0.00744,   0.03633,  -0.05822,   0.05734,  -0.04596,   0.02057,   0.03633,  -0.06522,  -0.07922,  -0.06347,   0.00481,   0.00306,   0.09586,   0.01707,   0.05559,   0.03108,  -0.01444,   0.05909,   0.03108,  -0.00394,   0.00481,   0.03983,  -0.03020,   0.04858,   0.01182,  -0.00044,   0.00832,   0.01182,  -0.02845,  -0.05646,   0.03283,  -0.00219,  -0.05997,  -0.00044,  -0.03195,  -0.00219,   0.08185,  -0.06172,  -0.04596,  -0.07047,   0.04508,  -0.03545,   0.03633,  -0.00219,  -0.03545,  -0.02320,   0.04158,   0.00131,   0.05909,   0.02057,  -0.06697,  -0.06347,   0.01007,   0.00131,  -0.03370,   0.10111,  -0.00394,  -0.00744,   0.05034,  -0.02320,  -0.10899,   0.02582,  -0.07747,   0.00657,  -0.03370,  -0.01444,   0.00832,  -0.03020,  -0.02145,  -0.01269,  -0.02495,   0.05909,   0.01182,   0.08885,   0.04683,   0.00481,   0.09936,  -0.01094,  -0.01795,  -0.10724,   0.03283,  -0.06872,   0.03633,   0.01007,  -0.01970,   0.06084,   0.01357,   0.04508,   0.00131,   0.02582,   0.05734,  -0.04946,  -0.03896,   0.02057,  -0.08623,  -0.04071,   0.01882,   0.01357,  -0.01970,   0.02232,   0.03108,  -0.09673,   0.01182,   0.06784,  -0.05296,   0.03108,   0.02407,  -0.03721,  -0.08448,   0.07660,  -0.04071,  -0.04421,  -0.06522,  -0.08973,   0.01357,  -0.04421,  -0.00219,  -0.03020,   0.01882,   0.04858,  -0.11074,   0.00306,   0.02582,   0.06784,   0.06084,   0.06959,  -0.03721,  -0.03020,   0.02757,   0.03458,  -0.01795,   0.00306,   0.06784,  -0.02145,  -0.01620,   0.06434,   0.00306,  -0.02495,  -0.02845,   0.00131,  -0.07397,  -0.01444,   0.00832,   0.05734,   0.00481,   0.10111,  -0.08973,  -0.02845,   0.03108,   0.01007,  -0.07572,   0.02582,   0.01707,   0.10461,  -0.00219,   0.09235,   0.01007,  -0.00044,   0.06959,   0.03808,  -0.05646,   0.07135,   0.02582,   0.01357,   0.04508,   0.01182,   0.04683,   0.01182,   0.02407,  -0.06347,   0.02757,  -0.04771,  -0.01970,   0.05034,  -0.00219,  -0.00744,  -0.01269,  -0.00919,   0.09060,  -0.04421,   0.02057,  -0.01269,   0.09060,  -0.00569,   0.02582,  -0.04071,   0.03458,   0.00131,  -0.06872,  -0.03020,  -0.05296,   0.00131,  -0.00044,   0.01007,  -0.03545,  -0.01795,   0.01707,   0.02933,   0.04508,  -0.01094,   0.01357,  -0.00569,  -0.01970,  -0.08098,  -0.00569,   0.02757,   0.03458,  -0.01620,  -0.05121,   0.00657,  -0.03721,  -0.01269,  -0.03195,  -0.03020,  -0.01444,   0.03108,  -0.05646,  -0.06872,  -0.05822,  -0.02495,  -0.03896,   0.05909,  -0.02670,  -0.04246,   0.01357,   0.05034,   0.08185,   0.06084,  -0.09148,   0.04333,   0.03458,  -0.06347,   0.00131,   0.03633,   0.03983,   0.05909,   0.00832,   0.08710,  -0.04246,   0.02232,  -0.00219,   0.01882,   0.08710,   0.06259,   0.03808,   0.02757,   0.04683,  -0.03195,   0.07310,   0.01357,   0.01357,   0.01357,   0.01357,   0.03283,  -0.04421,  -0.03545,   0.01007,   0.05034,   0.03108,   0.01882,  -0.02495,  -0.01795,   0.03983,  -0.03020,   0.03983,   0.03108,   0.02407,   0.05559,   0.08535,   0.00832,   0.01882,  -0.04596,  -0.02320,   0.03633,  -0.04596,   0.08710,   0.06609,  -0.02320,   0.03983,   0.01007,   0.01182,   0.06259,   0.04158,   0.03108,  -0.06697,   0.06259,  -0.05121,  -0.04246,   0.03283,  -0.05646,   0.01882,  -0.02670,  -0.00219,  -0.01970,   0.02582,  -0.07922,  -0.00919,  -0.06172,   0.00131,  -0.01970,   0.15188,   0.05734,  -0.01444,   0.05734,  -0.09673,  -0.02495,   0.02407,  -0.02845,   0.07135,   0.02057,   0.04508,  -0.01620,   0.02407,   0.02933,  -0.04771,   0.07485,  -0.00744,  -0.00744,  -0.00394,   0.01707,  -0.04771,  -0.00569
  -0.02845,  -0.01970,   0.02232,   0.04508,  -0.04596,   0.00131,  -0.02845,  -0.03896,  -0.03545,  -0.01444,  -0.03020,   0.01007,  -0.00919,   0.04683,  -0.02320,   0.03108,  -0.02845,   0.01007,  -0.03370,  -0.01970,   0.06259,   0.01882,  -0.01094,   0.01882,   0.01532,  -0.00394,  -0.00569,   0.02582,   0.03633,   0.01007,  -0.05822,   0.03283,  -0.00394,   0.02057,   0.01532,  -0.05646,  -0.01094,   0.01707,   0.00481,  -0.00394,  -0.01444,  -0.03545,   0.03983,  -0.07572,   0.05909,  -0.01094,  -0.04946,   0.05734,   0.01882,   0.05034,   0.00481,   0.00657,   0.02057,  -0.03370,  -0.06697,   0.04858,   0.03808,  -0.01795,   0.00657,   0.04683,   0.02232,   0.05034,  -0.04596,   0.01182,   0.02232,   0.00832,   0.01357,   0.00131,   0.00306,  -0.00394,   0.06084,  -0.01795,  -0.01269,  -0.03545,  -0.01795,  -0.00569,   0.05384,  -0.02145,   0.00657,   0.01357,   0.01532,  -0.06347,   0.01707,  -0.05121,  -0.00044,   0.02582,  -0.02145,  -0.06172,   0.03283,   0.11336,  -0.01795,   0.00832,   0.07835,  -0.06697,  -0.05822,   0.08185,   0.03808,  -0.04596,  -0.04421,  -0.02495,  -0.03195,  -0.01444,  -0.04071,  -0.01094,   0.00481,   0.02232,   0.09060,  -0.05997,  -0.02145,  -0.03370,   0.01882,  -0.00044,  -0.00394,   0.01532,   0.01357,   0.05209,  -0.04246,  -0.01444,   0.01182,  -0.01444,  -0.10899,  -0.01094,   0.01007,   0.04683,   0.06784,  -0.00044,  -0.03020,  -0.05296,   0.00306,   0.00306,   0.04333,  -0.00744,   0.10811,  -0.01269,  -0.04421,  -0.05997,  -0.03721,   0.03283,   0.02407,   0.00657,   0.01182,   0.01357,  -0.03195,  -0.04071,  -0.01970,   0.03458,  -0.07397,   0.05034,  -0.00044,   0.02232,   0.04683,   0.01182,  -0.00919,   0.01007,   0.04508,   0.03633,   0.03283,  -0.01269,  -0.01620,  -0.00919,   0.02057,  -0.00219,   0.01532,   0.08360,  -0.08273,  -0.01269,  -0.02320,  -0.04246,   0.06609,   0.06609,   0.02057,   0.05034,   0.02757,   0.00131,   0.01357,   0.00306,   0.07135,  -0.01620,  -0.08098,  -0.05296,   0.07485,   0.01182,  -0.06347,  -0.02495,  -0.06697,  -0.02495,   0.05209,   0.03108,   0.01882,  -0.05822,  -0.01970,  -0.02145,  -0.01795,   0.01357,   0.02582,  -0.04946,   0.02057,   0.00481,   0.01882,   0.03808,   0.01707,  -0.01620,   0.01707,   0.03458,   0.07485,  -0.04946,  -0.06872,  -0.03721,   0.00131,  -0.08273,   0.01007,  -0.00569,  -0.06872,   0.03108,  -0.02845,   0.04858,   0.05209,   0.00481,  -0.00044,   0.02582,   0.00481,  -0.01269,   0.03808,  -0.07747,  -0.02845,   0.02232,  -0.01795,   0.08885,   0.07135,  -0.02145,   0.09060,  -0.02320,  -0.03195,   0.01182,   0.00131,   0.04683,   0.01707,   0.02582,  -0.00569,  -0.02845,   0.04333,   0.00832,   0.03458,  -0.07047,  -0.04771,  -0.06347,   0.02407,   0.02582,   0.03458,  -0.00394,   0.05734,  -0.02495,   0.01182,   0.05734,   0.02582,  -0.04771,  -0.05296,  -0.02320,   0.05034,  -0.01094,   0.00832,  -0.04071,   0.01357,   0.04858,   0.03808,  -0.02495,   0.04158,   0.01532,   0.02582,  -0.01269,   0.00481,  -0.01444,   0.02933,   0.05559,   0.02057,  -0.04246,  -0.01620,  -0.07397,   0.05559,   0.00131,  -0.00744,   0.04508,  -0.00394,   0.03633,   0.02232,   0.02407,  -0.04596,  -0.02145,  -0.04596,  -0.02845,  -0.00919,   0.02057,  -0.02495,  -0.01269,   0.03983,   0.07485,   0.10811,  -0.12650,   0.03283,  -0.09848,  -0.04596,  -0.00919,  -0.06522,  -0.06697,  -0.05121,   0.07135,  -0.00744,  -0.02145,  -0.01094,  -0.04771,   0.00306,  -0.02670,   0.02232,  -0.00044,  -0.01444,  -0.00394,  -0.07397,   0.08185,  -0.02145,  -0.02670,  -0.00219,  -0.00919,   0.04683,   0.00832,  -0.01094,   0.00306,  -0.01444,   0.04683,   0.05734,   0.07310,  -0.02845,   0.05909,   0.05734,  -0.00394,  -0.01795,  -0.02495,   0.07485,  -0.06522,  -0.02845,   0.02057,  -0.01795,   0.05034,  -0.05296,  -0.02670,  -0.02320,   0.00832,   0.02757,  -0.07047,   0.01182,  -0.00919,  -0.09148,  -0.02495,  -0.03370,  -0.01094,  -0.00919,   0.04858,  -0.03896,  -0.02670,  -0.03721,   0.01007,   0.03633,  -0.02670,   0.01532,  -0.03370,  -0.03020,  -0.03721,  -0.02495,  -0.02145,  -0.05822,  -0.05296,   0.00832,   0.03283,  -0.05997,   0.02757,  -0.04246,   0.02232,  -0.00044,  -0.03195,  -0.04071,  -0.06347,   0.01007,   0.01707,  -0.00044,  -0.03020,  -0.01444,  -0.01620,  -0.00744,  -0.07397,  -0.01094,   0.02933,  -0.00394,  -0.03370,  -0.02845,  -0.06522,  -0.03721,   0.01707,   0.00657,  -0.02670,  -0.01269,   0.00832,   0.03108,  -0.03545,   0.01707,  -0.04771,   0.03633,  -0.00744,   0.00306,  -0.02495,   0.00481,  -0.03195,  -0.00569,  -0.00569,  -0.03721,  -0.00569,   0.00481,  -0.02145,  -0.03020,  -0.00919,  -0.02670,  -0.00044,  -0.02845,   0.01532,   0.00481,  -0.01094,   0.01882,  -0.00394,   0.00131,  -0.00744,  -0.05822,   0.03633,  -0.00219,  -0.05822,   0.00657,   0.06084,  -0.04596,   0.03808,  -0.05646,  -0.01795,   0.06434,   0.00131,   0.04683,  -0.07222,  -0.00219,   0.00306,   0.07310,  -0.02320,   0.01882,  -0.06347,  -0.07222,  -0.01269,   0.01882,   0.01007,  -0.03195,  -0.04946,  -0.04596,  -0.00044,  -0.02845,  -0.00919,  -0.10199,   0.00832,   0.05909,  -0.05296,   0.00306,  -0.02320,   0.02933,   0.01882,  -0.01795,  -0.00219,   0.02757,  -0.00219,  -0.01795,  -0.07397,   0.12387,  -0.00744,   0.03108,   0.03808,  -0.03545,  -0.06872,  -0.01620,   0.09936,  -0.03195,  -0.00569,   0.01707,  -0.03195,  -0.02320,  -0.03370,  -0.00744,  -0.01094,  -0.00744,  -0.08623,   0.06259,  -0.01444,   0.00306,   0.03283,   0.00481,  -0.04246,  -0.05997,  -0.04246,  -0.08273,   0.01882,   0.00832,  -0.02495,  -0.02670,  -0.03020,  -0.02145,  -0.03545,   0.02232,   0.02757,  -0.00044,   0.00832,  -0.03370,   0.03283,   0.04858,   0.02933,   0.05734,   0.01357,   0.01707,  -0.02670,  -0.03370,   0.01007,  -0.01444,   0.04683,  -0.04071,  -0.04071,  -0.01970,   0.00131,   0.02232,  -0.01094,   0.05384,  -0.00919,  -0.00569,   0.00832,  -0.04946,   0.05734,   0.03108,  -0.05822,   0.02933,   0.02582,   0.05209,  -0.09323,   0.06084,   0.04333,  -0.05646,  -0.03370,  -0.00919,  -0.00044,  -0.03195,  -0.02320,  -0.04596,  -0.04596,  -0.01970,  -0.01269,   0.02057,  -0.00394,   0.07835,  -0.06172,   0.06084,   0.00832,  -0.00919,   0.09235,   0.02933,   0.03283,  -0.05822,   0.00481,  -0.02145,   0.02757,   0.00481,   0.01007,  -0.03370,  -0.04946,   0.01707,  -0.05822,  -0.01444,  -0.03020,  -0.02145,  -0.05121,  -0.02845,   0.02757,  -0.00044,   0.05034,   0.02407,  -0.02670,   0.01707,  -0.00744,   0.05384,  -0.03721,   0.12037,   0.02757,  -0.00394,   0.02933,   0.02757,   0.07135,   0.03808,   0.02057,   0.08185,   0.05734,  -0.04596,   0.04508,   0.01882,   0.05034,   0.01182,   0.03633,   0.01707,   0.01532,  -0.00219,   0.03633,   0.00306,  -0.00219,   0.04683,   0.06084,   0.00832,  -0.04771,  -0.06172,  -0.04771,  -0.04246,  -0.05471,   0.01707,   0.00657,  -0.04421,   0.01357,   0.02407,   0.04508,   0.01707,   0.02057,  -0.04071,  -0.00744,   0.06259,  -0.04946,   0.03808,   0.01007,   0.01532,   0.05034,   0.03633,  -0.01094,   0.01357,   0.01357,  -0.01970,   0.03458,   0.07310,   0.05734,   0.06434,  -0.05997,   0.05034,  -0.03370,   0.06259,   0.05034,   0.03108,  -0.00569,   0.04333,   0.05909,   0.00657,   0.04158,   0.02057,  -0.04421,   0.03983,  -0.01970,  -0.02495,   0.00481,  -0.01444,   0.05384,   0.01357,   0.04683,  -0.00744,   0.01532,   0.05384,  -0.00044,  -0.04071,   0.01707,   0.01882,   0.09411,  -0.05997,   0.04858,  -0.05121,  -0.00394,   0.00131,  -0.01970,  -0.04421,  -0.05296,  -0.05121,  -0.10374,  -0.00919,   0.00657,   0.05559,   0.04333,   0.01007,   0.02933,   0.03633,  -0.08973,  -0.01795,   0.04683,  -0.04946,  -0.00569,   0.09235,   0.01882,  -0.01444,   0.02232,  -0.00044,  -0.03020,   0.03458,   0.04333,   0.06784,  -0.04771,   0.03808,   0.02407,  -0.01620,  -0.02670,  -0.01444,  -0.02145,  -0.05296,   0.01007,   0.04683,   0.03458,   0.06609,  -0.04421,   0.06609,   0.05909,  -0.08623,  -0.06522,   0.01707,  -0.00394,   0.04508,  -0.01269,   0.03633,  -0.04071,   0.03633,   0.06609,  -0.04421,   0.01882,  -0.00569,   0.02407,   0.00131,   0.03458,  -0.03896,   0.00657,   0.03633,   0.05209,   0.01007,   0.00657,   0.04683,   0.01182,   0.00306,   0.03108,   0.02757,   0.02757,   0.04683,  -0.01269,   0.02407,  -0.02845,  -0.04421,  -0.07747,  -0.04421,   0.05559,  -0.03195,  -0.04246,   0.06084,  -0.02495,  -0.01970,  -0.05822,   0.05034,  -0.04946,   0.02407,   0.01357,   0.08535,  -0.00569,   0.00131,  -0.00044,   0.01357,  -0.03370,   0.05034,  -0.04946,  -0.00919,  -0.02320,   0.03283,  -0.00919,   0.00657,  -0.03545,   0.00131,   0.03283,   0.04333,   0.02757,   0.04508,  -0.04771,   0.01882,   0.02582,   0.01357,  -0.02845,  -0.00569,   0.01882,  -0.03020,  -0.03020,  -0.08973,   0.05209,  -0.00394,  -0.01970,  -0.00744,   0.04158,  -0.01970,   0.09936,   0.00832,  -0.05646,   0.01182,   0.00131,  -0.00219,  -0.01094,  -0.05471,   0.03983,  -0.08273,   0.01882,   0.01357,   0.01882,   0.00131,  -0.02145,   0.07485,  -0.00394,   0.02757,  -0.02845,   0.05209,   0.05559,  -0.02495,   0.04858,  -0.08623,  -0.03020,  -0.04071,  -0.05121,   0.05559,   0.05384,  -0.02145,  -0.05296,   0.01357,  -0.03896,  -0.03370,  -0.09848,   0.02757,   0.04508,   0.05909,  -0.00394,   0.00657,   0.00131,  -0.09148,   0.02933,  -0.06522,  -0.01444,   0.01882,   0.00481,   0.00306,  -0.02495,   0.02407,  -0.00219,   0.02057,  -0.05296,  -0.02845,  -0.01094,   0.00481,   0.06084,   0.02232,  -0.05646,  -0.01269,  -0.01620,   0.06259,   0.01007,   0.00832,  -0.00569,   0.01182,  -0.00919,   0.00306,  -0.05471,  -0.01970,  -0.03896,  -0.02845,  -0.05646,   0.01357,   0.00832,  -0.04771,   0.03808,  -0.01094,   0.01182,   0.03633,   0.02933,   0.00306,  -0.01795,   0.00131,   0.00306,  -0.03896,  -0.08973,   0.01882,  -0.02845,   0.06434,   0.05384,  -0.04071,  -0.03721,  -0.00394,   0.05559,   0.00481,  -0.06347,  -0.05296,   0.01182,  -0.05296,  -0.01970,  -0.00044,   0.00131,  -0.00744,  -0.03545,   0.00832,  -0.08098,  -0.08273,   0.04158,  -0.05997,  -0.02320,  -0.00919,  -0.04421,   0.02407,  -0.01444,   0.02407,   0.06434,  -0.04596,  -0.02495,   0.04683,  -0.03020,   0.02757,  -0.03896,  -0.01795,  -0.01620,  -0.05646,  -0.05646,  -0.00744,  -0.07222,  -0.02845,   0.08185,  -0.02320,   0.01532,   0.01707,  -0.00044,   0.02232,  -0.11249,   0.04333,  -0.04946,  -0.03896,  -0.05296,   0.01182,  -0.04071,  -0.06697,  -0.06347,  -0.07922,   0.10111,  -0.00219,   0.01007,  -0.00219,   0.01707,   0.02407,   0.01882,   0.02232,   0.00657,  -0.03721,  -0.01269,  -0.05646,   0.04158,  -0.01795,   0.01182,   0.02933,  -0.04246,   0.02757,   0.00131,  -0.02495,   0.00306,   0.00306,  -0.01269,  -0.02845,   0.01357,  -0.01269,  -0.02845,  -0.04946,  -0.01970,  -0.04596,  -0.07747,  -0.02495,  -0.04946,  -0.02845,  -0.05471,   0.02933,   0.05384,  -0.02670,  -0.03721,   0.07485,  -0.02670,  -0.04246,   0.05034,  -0.01970,   0.01007,   0.00131,   0.01357,  -0.00744,   0.07485,  -0.06872,  -0.01269,  -0.02320,  -0.03195,  -0.02145,   0.01182,   0.03108,  -0.05296,  -0.01444,  -0.01269,  -0.01795,  -0.00219,  -0.08623,   0.08360,   0.01882,  -0.04071,   0.02057,   0.00131,   0.00657,   0.00657,  -0.01795,   0.01182,   0.08185,   0.04333,  -0.01970,  -0.00219,   0.01707,  -0.01094,   0.01882,   0.00306,  -0.03545,   0.01357
  -0.07922,  -0.02670,  -0.02145,   0.02232,   0.01182,   0.02232,   0.07310,  -0.02320,  -0.05646,  -0.03020,  -0.01620,   0.02057,  -0.00569,  -0.00394,  -0.01620,   0.00131,   0.01707,   0.01707,  -0.03370,  -0.00569,   0.02582,   0.00306,  -0.02320,  -0.09148,  -0.03896,  -0.06697,  -0.05997,  -0.00569,   0.03983,  -0.03195,  -0.03721,   0.05034,   0.04858,   0.01532,  -0.01620,  -0.05646,   0.01182,  -0.08098,  -0.00744,   0.01357,   0.07485,  -0.02320,  -0.07222,  -0.11074,   0.04333,  -0.04946,  -0.02670,  -0.00394,  -0.08273,  -0.01970,  -0.02320,  -0.00394,  -0.05997,  -0.01269,  -0.02495,  -0.04771,  -0.04596,  -0.01269,   0.02757,   0.05734,   0.03283,  -0.04421,  -0.02320,   0.01357,  -0.02320,   0.06084,  -0.00394,   0.01182,  -0.00394,   0.00306,  -0.12124,  -0.00744,   0.02757,   0.00657,  -0.05471,  -0.04946,   0.01882,   0.03283,  -0.03721,   0.03808,   0.02933,   0.04158,   0.03108,  -0.00744,  -0.05997,  -0.01970,   0.11161,   0.04158,   0.04333,  -0.02670,  -0.03896,   0.00657,   0.05209,  -0.01795,  -0.05296,  -0.00569,  -0.00744,   0.06084,   0.06784,   0.02407,   0.05909,  -0.01094,  -0.01795,  -0.09673,  -0.03020,   0.07485,   0.10636,  -0.08273,  -0.04071,   0.03458,  -0.01795,   0.01707,   0.01357,  -0.05822,   0.06609,   0.01532,   0.02582,   0.00657,  -0.05121,   0.01007,   0.02582,  -0.01444,   0.10111,  -0.01444,  -0.05471,  -0.07572,   0.06259,  -0.00044,   0.06609,   0.02407,  -0.02845,  -0.07397,  -0.01094,   0.00131,  -0.01444,   0.11687,  -0.04071,  -0.01970,  -0.04246,  -0.07397,  -0.03195,   0.01357,  -0.00394,  -0.04771,   0.00657,  -0.00919,  -0.07222,  -0.04421,  -0.04071,   0.01007,  -0.00044,  -0.03195,   0.01357,  -0.08798,  -0.05121,  -0.01269,  -0.02495,   0.03458,   0.09235,   0.05559,  -0.04421,   0.03633,   0.01182,   0.00306,   0.02933,   0.00306,   0.04333,  -0.01444,   0.06959,  -0.01269,   0.02057,  -0.01444,  -0.05646,   0.08360,  -0.04421,   0.02057,   0.00657,  -0.03370,   0.01707,   0.02407,   0.08010,  -0.07747,  -0.05997,  -0.01620,  -0.01269,  -0.03020,  -0.06697,  -0.05471,   0.04858,   0.00657,   0.06434,  -0.00219,   0.02757,   0.05209,   0.06959,  -0.05471,  -0.00219,   0.03458,  -0.00744,  -0.06172,  -0.00744,   0.07835,   0.03458,   0.03458,  -0.09848,  -0.01269,  -0.04596,  -0.03020,   0.01707,   0.05209,   0.03808,  -0.00919,  -0.03545,  -0.06697,   0.03633,   0.02582,   0.01357,  -0.04246,   0.05034,   0.08885,  -0.04421,  -0.03370,   0.07135,   0.05384,   0.00306,  -0.02670,  -0.02145,   0.00832,  -0.09498,   0.00131,   0.08010,   0.00306,  -0.00044,  -0.00394,  -0.03721,  -0.02845,   0.01882,  -0.01970,   0.03808,   0.06609,   0.07310,   0.02582,  -0.09673,   0.09761,   0.00832,   0.05734,  -0.00219,   0.02057,   0.03108,  -0.07397,   0.05034,   0.01707,  -0.01269,  -0.08973,  -0.04246,   0.04333,   0.00306,  -0.03195,   0.00306,   0.06609,  -0.04946,   0.07310,   0.02407,  -0.05121,   0.01357,   0.02407,  -0.08098,   0.07310,   0.03283,   0.03633,  -0.08273,   0.02933,  -0.06697,   0.00481,   0.03283,  -0.01444,   0.01007,   0.01882,  -0.07397,  -0.04246,   0.06959,   0.00832,  -0.03020,   0.02757,  -0.03370,  -0.04771,   0.01007,   0.00131,   0.02232,  -0.00044,  -0.00044,  -0.02670,  -0.06697,  -0.01970,   0.05909,   0.01007,  -0.02320,  -0.00919,   0.07135,   0.03983,  -0.02670,  -0.03721,  -0.00919,  -0.02670,  -0.02845,  -0.05822,  -0.10023,  -0.03545,   0.05209,  -0.02670,  -0.07922,   0.04158,   0.03633,   0.03808,  -0.04596,   0.06084,  -0.07397,  -0.02495,  -0.10724,  -0.03370,  -0.01094,   0.10811,  -0.04246,  -0.01970,   0.03283,   0.04158,  -0.05121,   0.00131,  -0.01269,  -0.01269,   0.00131,  -0.01094,   0.02407,  -0.04246,   0.06959,  -0.01094,   0.04858,   0.08535,  -0.05646,  -0.08448,   0.03108,  -0.02145,   0.01007,   0.05909,   0.06609,  -0.02670,  -0.03020,   0.02933,   0.00481,  -0.05997,   0.00657,  -0.01444,   0.01357,   0.08535,  -0.00919,  -0.02670,   0.04508,  -0.02495,  -0.00569,  -0.00044,   0.07310,  -0.01795,   0.01007,   0.00832,   0.02232,  -0.09498,   0.07310,   0.01007,  -0.06347,   0.04858,  -0.00919,   0.00832,   0.02407,  -0.04246,  -0.07397,  -0.01444,   0.07835,   0.01007,  -0.04771,  -0.02670,   0.06259,  -0.13350,   0.00306,  -0.00219,   0.06609,  -0.03370,   0.10111,   0.00832,  -0.07747,   0.03108,   0.07485,  -0.01795,   0.09761,  -0.05471,  -0.06172,   0.02232,   0.04158,   0.06609,  -0.08098,  -0.03896,   0.05384,   0.00306,   0.00832,  -0.06872,   0.08885,   0.01007,   0.05384,   0.05034,  -0.00219,  -0.00744,  -0.00744,   0.01707,  -0.00744,  -0.00569,   0.03808,  -0.07397,   0.00481,   0.05559,   0.01532,  -0.02495,  -0.01444,  -0.01970,   0.04508,  -0.04946,   0.10461,  -0.00744,  -0.03370,  -0.02495,   0.03458,  -0.03020,   0.01532,   0.05559,  -0.06347,  -0.10374,   0.05384,   0.09936,   0.02933,  -0.04421,  -0.01269,  -0.00394,   0.00832,   0.00306,  -0.02845,   0.00481,  -0.02670,   0.08535,  -0.00044,  -0.07572,  -0.05471,   0.05209,  -0.03020,  -0.08798,   0.00306,  -0.06522,   0.02057,  -0.03545,   0.02757,   0.06784,   0.01532,  -0.03370,  -0.07572,   0.00657,   0.02933,   0.00306,   0.00306,   0.02407,  -0.05997,   0.05384,   0.01007,   0.05034,  -0.01269,  -0.01269,   0.05034,   0.08010,  -0.05822,  -0.05296,   0.09761,   0.03808,  -0.00569,   0.03283,  -0.04421,  -0.06872,  -0.00044,  -0.05997,   0.06434,   0.05034,   0.02232,   0.02407,  -0.02495,  -0.03721,   0.07310,  -0.07747,  -0.01269,   0.02057,   0.01357,  -0.02320,  -0.08798,   0.11687,   0.01182,  -0.09323,   0.00481,   0.00832,   0.02057,  -0.04946,   0.02933,   0.04158,   0.10461,   0.04158,   0.02582,  -0.00394,  -0.05646,   0.03458,  -0.07047,   0.05559,  -0.03721,   0.02933,  -0.04421,   0.01707,   0.00131,   0.05384,   0.03983,  -0.04246,  -0.05997,  -0.02495,  -0.00569,   0.00657,  -0.04771,   0.03108,   0.00306,   0.08535,   0.03808,   0.01007,  -0.07047,  -0.00044,   0.13087,   0.02232,   0.00481,   0.01707,   0.03458,  -0.06172,  -0.05121,  -0.01795,  -0.01970,   0.01182,   0.04158,  -0.09848,  -0.00569,  -0.01094,   0.02582,   0.00306,  -0.01094,  -0.11074,   0.00306,   0.03633,   0.04158,  -0.09148,  -0.02145,   0.02057,  -0.14225,   0.07310,   0.06959,   0.02582,  -0.08623,  -0.06522,   0.02757,  -0.03195,   0.00306,  -0.00394,  -0.04246,  -0.06872,  -0.08623,  -0.05471,   0.02232,  -0.02495,   0.00832,   0.03283,   0.02933,  -0.03545,  -0.00219,   0.02407,  -0.03721,   0.01357,  -0.01269,  -0.04946,   0.01357,   0.05909,  -0.01970,  -0.04246,  -0.05997,   0.04333,  -0.09323,  -0.00919,   0.03983,   0.00481,   0.03283,  -0.02145,  -0.03020,   0.00481,  -0.02670,   0.07135,  -0.07572,   0.03808,   0.00306,  -0.01094,   0.02232,  -0.00044,  -0.07572,  -0.01795,  -0.01620,  -0.00044,   0.03458,  -0.05997,   0.01357,  -0.01970,  -0.03721,   0.02757,  -0.03721,   0.03808,   0.05384,  -0.01620,   0.01007,  -0.03370,   0.05384,   0.02232,   0.07135,   0.02407,   0.03283,   0.01357,  -0.02320,   0.02057,   0.03283,  -0.01444,  -0.02845,  -0.00919,   0.07135,   0.02407,  -0.02845,  -0.03896,   0.05034,   0.04508,  -0.00394,   0.03108,  -0.04071,   0.01882,   0.01707,  -0.08448,   0.01707,   0.07135,   0.00306,  -0.01094,   0.00832,   0.01182,  -0.00394,  -0.04246,  -0.03721,   0.03983,   0.00832,  -0.05296,   0.06609,  -0.01269,   0.07135,  -0.05296,   0.02407,   0.02407,   0.02407,   0.01182,   0.01532,   0.05384,  -0.01620,   0.00306,  -0.02495,  -0.00919,  -0.03370,  -0.01970,  -0.01444,   0.03808,  -0.04771,   0.06434,  -0.01444,  -0.01444,  -0.05471,  -0.00569,   0.03458,  -0.00569,   0.01182,  -0.07047,  -0.01444,   0.01357,  -0.04071,  -0.00394,  -0.06872,  -0.01444,  -0.05997,   0.00481,   0.04508,  -0.00919,   0.06609,   0.03983,  -0.05296,   0.03983,   0.01532,   0.08535,  -0.05121,  -0.03195,  -0.00044,   0.03108,   0.03983,  -0.04421,  -0.00744,  -0.08098,   0.00306,   0.00481,  -0.02145,   0.05734,  -0.01620,  -0.00394,  -0.01444,  -0.07397,   0.00657,  -0.01444,  -0.00394,  -0.01094,   0.05034,  -0.04771,   0.00832,   0.01357,   0.00832,  -0.00044,   0.01357,  -0.02145,   0.02232,  -0.06172,  -0.03195,  -0.00394,  -0.10374,  -0.04246,   0.04333,  -0.00919,   0.00832,   0.08535,  -0.00744,   0.06259,  -0.07397,  -0.04071,   0.02057,   0.05034,   0.04683,  -0.04071,  -0.07572,  -0.03195,  -0.02670,   0.05209,  -0.03896,  -0.02670,   0.03633,   0.02933,   0.03283,  -0.02845,  -0.02320,  -0.04596,   0.02057,  -0.04246,  -0.02320,  -0.02320,   0.03283,   0.02057,  -0.08973,   0.01707,   0.08885,   0.03633,  -0.02845,  -0.06522,   0.06784,  -0.07222,   0.01007,  -0.01269,  -0.00219,   0.04508,  -0.04596,   0.06259,   0.14838,   0.00657,  -0.03370,  -0.04246,   0.03458,  -0.07222,  -0.01795,   0.02407,  -0.04771,   0.03283,  -0.03370,  -0.00569,  -0.01444,  -0.05997,  -0.07747,   0.02757,  -0.08098,  -0.03195,  -0.05121,  -0.04421,   0.01707,   0.11336,  -0.02845,   0.02232,   0.00131,  -0.03721,   0.01707,  -0.00569,   0.04158,   0.00306,  -0.03195,   0.01357,  -0.06697,   0.02933,  -0.07922,   0.00832,   0.02757,  -0.00744,  -0.08973,  -0.03370,  -0.04771,   0.02933,  -0.10549,  -0.00744,   0.00131,  -0.06697,   0.01882,   0.03633,  -0.06697,   0.03808,   0.03283,  -0.02845,  -0.05997,   0.04683,   0.02232,   0.04858,  -0.02320,  -0.05121,  -0.05121,  -0.04421,  -0.01620,   0.01882,  -0.00744,   0.11336,  -0.03195,   0.07135,  -0.05997,   0.02407,  -0.02145,  -0.01970,   0.01707,  -0.02845,   0.05384,  -0.06172,  -0.06697,   0.00832,   0.01007,   0.01707,   0.15889,  -0.10724,  -0.03020,   0.02232,   0.03983,   0.01882,  -0.05471,  -0.04421,   0.01707,   0.00131,  -0.03896,   0.02757,  -0.05471,  -0.04071,  -0.00919,  -0.04246,   0.02057,  -0.05296,   0.01182,   0.02407,   0.05909,  -0.02845,  -0.02670,   0.06259,   0.06434,   0.03108,  -0.03195,  -0.02495,  -0.08798,   0.02757,   0.01007,  -0.00569,  -0.00219,   0.03458,   0.06784,  -0.05471,  -0.03721,  -0.02320,   0.00481,  -0.02495,  -0.03896,  -0.02670,  -0.02145,  -0.03545,   0.01182,   0.02933,  -0.00394,   0.04158,   0.06259,   0.05384,  -0.02670,   0.00657,   0.01357,  -0.00919,  -0.01620,   0.02232,   0.06084,   0.05909,  -0.05997,   0.00832,  -0.03545,  -0.02845,   0.00481,  -0.07572,   0.06259,   0.02232,   0.02232,  -0.02145,  -0.03545,  -0.06697,  -0.04246,   0.05734,  -0.02845,   0.02933,  -0.05471,   0.02407,   0.01707,  -0.04246,  -0.00044,   0.02232,   0.00657,  -0.00744,  -0.02670,  -0.01094,   0.00306,   0.01707,   0.02582,   0.02232,  -0.04596,   0.02757,   0.06084,  -0.02320,  -0.00919,   0.04858,  -0.10899,   0.06259,  -0.03545,  -0.01620,  -0.04071,  -0.05121,   0.05384,   0.02232,  -0.03721,   0.03633,  -0.08448,  -0.00219,  -0.01094,   0.01707,  -0.01620,   0.05034,   0.03108,   0.03283,  -0.07047,   0.08185,   0.03633,   0.04683,   0.10461,   0.04158,   0.05734,  -0.01620,   0.07485,  -0.02495,   0.05209,   0.01707,  -0.01444,  -0.02145,   0.03108,  -0.03721,   0.08185,  -0.10724,   0.01532,   0.08360,   0.02407,  -0.00569,   0.06434,  -0.01795,   0.00306,   0.05559,   0.06784,   0.00832,  -0.03721,  -0.03896,   0.01707,   0.02057,  -0.02495,  -0.02845,  -0.01269,   0.04858,  -0.04771,   0.06784,   0.00832,   0.03108,  -0.04771,   0.01182,  -0.03020,   0.06259,   0.04333,  -0.01094,   0.04333,  -0.07047,   0.03983,   0.01532,   0.02933,   0.10461,  -0.01444,  -0.04946
   0.06434,  -0.04071,  -0.05296,   0.08535,   0.01357,  -0.02670,  -0.01269,   0.02057,   0.07485,  -0.11599,  -0.00219,  -0.00394,   0.00306,   0.07835,  -0.04246,   0.00131,  -0.01444,  -0.02670,   0.07310,  -0.01269,   0.00481,   0.01882,   0.05909,  -0.02845,  -0.03195,   0.04158,   0.06609,   0.00657,  -0.03370,   0.06259,   0.01182,  -0.00919,  -0.02670,   0.05559,  -0.01444,   0.00131,  -0.02320,   0.02757,   0.03633,  -0.00569,   0.01182,  -0.00219,   0.02232,   0.01532,  -0.03545,   0.01357,  -0.00044,  -0.00569,   0.02407,   0.02582,   0.02057,   0.09586,   0.02232,  -0.00044,   0.00131,  -0.03370,   0.00306,  -0.06172,   0.01707,   0.02933,   0.00657,  -0.05471,   0.03108,   0.05909,  -0.03721,  -0.05997,   0.08360,   0.05559,   0.07660,  -0.03370,  -0.04421,  -0.06697,  -0.01620,  -0.01970,   0.01532,   0.02757,   0.07835,   0.00306,   0.03808,  -0.02495,  -0.01269,  -0.08973,   0.03108,   0.06784,  -0.07397,  -0.00744,  -0.08273,   0.00131,  -0.04946,   0.00481,   0.05034,   0.02933,   0.05384,   0.01007,  -0.08623,   0.02582,  -0.03370,  -0.04596,  -0.07922,   0.01182,   0.03983,  -0.03545,  -0.05822,   0.04508,   0.04858,  -0.09673,   0.00481,  -0.01620,  -0.01269,   0.09586,   0.08535,   0.03283,   0.00131,   0.00832,   0.02757,   0.07660,  -0.03721,  -0.04246,  -0.00394,   0.03983,   0.01532,   0.02057,  -0.00219,   0.05559,  -0.01094,   0.02582,   0.01882,  -0.03721,  -0.02670,  -0.00394,  -0.01620,  -0.05296,   0.06784,   0.01182,   0.04683,  -0.05296,   0.02232,   0.06609,   0.07835,   0.02407,   0.05559,   0.01532,   0.00657,  -0.01269,  -0.01795,   0.03283,  -0.04246,   0.02232,   0.01707,   0.02232,   0.03283,   0.05559,   0.00131,  -0.00394,  -0.03195,   0.00657,  -0.02495,   0.01357,   0.00131,   0.03983,   0.06434,  -0.05121,  -0.12124,   0.05734,   0.08360,   0.00657,   0.03458,   0.03108,  -0.02320,   0.06609,   0.03458,  -0.00919,   0.02582,  -0.03370,  -0.07397,   0.04333,   0.01532,   0.00481,   0.04158,  -0.01620,  -0.06522,  -0.03370,  -0.01970,   0.05384,   0.01532,   0.00131,   0.03108,  -0.00394,  -0.00919,   0.01882,  -0.08623,  -0.11949,  -0.06172,  -0.01970,  -0.00219,   0.03283,   0.05034,   0.05209,   0.06434,  -0.03545,  -0.04596,   0.00832,   0.09235,   0.06784,   0.00657,   0.00657,  -0.06697,  -0.02145,   0.00832,   0.04508,  -0.01269,  -0.01444,   0.01182,   0.00131,  -0.00044,   0.03283,   0.00131,   0.00832,   0.01182,   0.01182,  -0.04071,   0.02933,  -0.04946,   0.00306,  -0.06172,  -0.02495,   0.02933,  -0.04421,   0.02407,   0.08010,   0.01882,  -0.08623,  -0.01795,   0.02407,  -0.02495,  -0.08798,   0.02933,  -0.00394,  -0.05296,   0.00131,   0.01182,  -0.01444,   0.06259,  -0.01620,  -0.05121,   0.04683,   0.08010,   0.05559,   0.00481,   0.06434,  -0.01795,   0.00481,   0.04333,   0.01532,   0.00657,   0.01882,  -0.01094,  -0.03721,   0.00131,  -0.07397,   0.08010,  -0.00744,  -0.07922,  -0.07397,  -0.03195,   0.01182,  -0.02670,   0.01182,   0.03108,  -0.00744,  -0.00044,   0.00832,  -0.00394,   0.00481,   0.03633,  -0.03721,  -0.01970,   0.03983,   0.03458,  -0.00919,   0.02407,  -0.01444,   0.02232,   0.09411,  -0.06172,  -0.01795,   0.02582,   0.01182,  -0.04421,  -0.06172,  -0.03370,   0.12562,   0.05559,  -0.02495,  -0.00394,  -0.05822,  -0.08448,  -0.04596,  -0.08098,  -0.03545,   0.01707,   0.01182,  -0.02845,   0.00131,  -0.01970,   0.06434,   0.00657,   0.04333,  -0.09323,  -0.00569,   0.05734,  -0.10023,   0.05559,  -0.01970,  -0.00219,   0.04333,   0.00131,   0.02582,  -0.03195,   0.08535,   0.03458,  -0.04071,  -0.02145,  -0.01795,  -0.02145,  -0.02495,  -0.00044,   0.00481,   0.03458,   0.02407,  -0.04596,   0.01357,  -0.01094,   0.01707,  -0.01444,   0.02407,   0.06784,  -0.01795,  -0.06697,  -0.06172,  -0.00219,   0.01357,  -0.05121,  -0.02670,  -0.01444,  -0.02670,   0.00481,  -0.03020,   0.02232,   0.02582,   0.08185,  -0.03020,   0.04508,   0.01707,  -0.02495,  -0.02495,   0.01182,  -0.02845,  -0.02495,  -0.01970,   0.01357,   0.06259,   0.05384,  -0.06522,  -0.10724,   0.03808,  -0.03195,   0.02232,  -0.07747,   0.01357,  -0.01970,  -0.01970,   0.05384,  -0.07572,   0.09936,  -0.01795,  -0.00569,   0.01182,   0.03283,   0.02933,  -0.06172,  -0.04246,  -0.03545,  -0.03545,   0.01007,  -0.04071,  -0.03721,  -0.01269,   0.02057,  -0.00919,   0.01182,   0.00832,  -0.11249,   0.02582,   0.02407,   0.10111,  -0.02670,  -0.04071,  -0.02495,   0.06784,   0.00832,   0.01357,   0.01707,   0.01532,  -0.07397,  -0.03721,   0.03983,   0.03808,  -0.01094,   0.00657,   0.02582,   0.04333,  -0.00569,  -0.06347,  -0.05646,  -0.05121,   0.02933,  -0.01444,   0.07835,   0.02582,  -0.02495,   0.01882,  -0.02145,  -0.03545,   0.02757,   0.02933,  -0.02145,   0.01882,  -0.04946,   0.03983,  -0.03195,   0.04333,   0.09761,  -0.03195,  -0.02670,  -0.00744,   0.02407,   0.07310,  -0.01444,   0.02407,   0.03458,  -0.01620,   0.01357,  -0.01970,  -0.05646,   0.05559,  -0.01620,   0.03283,  -0.05646,  -0.04596,  -0.03370,   0.07485,  -0.06697,  -0.01970,  -0.02145,   0.01007,   0.04508,  -0.00219,   0.03633,  -0.01444,  -0.07572,  -0.02145,   0.03458,   0.03283,   0.03283,   0.01357,  -0.04771,  -0.00044,  -0.00219,   0.03283,   0.08360,   0.03458,   0.00657,  -0.05997,   0.08185,  -0.04246,   0.00306,  -0.04246,   0.04858,  -0.00394,   0.00306,  -0.00569,  -0.04071,  -0.03545,   0.00657,   0.03808,   0.00832,  -0.02320,   0.03458,   0.00306,  -0.02845,  -0.02495,   0.01182,  -0.00569,  -0.01444,  -0.01094,   0.09235,  -0.01620,  -0.06697,  -0.04246,   0.01707,  -0.01444,  -0.02845,  -0.01269,  -0.02670,   0.00131,   0.09411,   0.04508,   0.05034,  -0.07922,  -0.01269,  -0.08098,  -0.00044,  -0.02145,   0.01357,  -0.06172,   0.05909,   0.00131,  -0.05471,   0.05559,   0.01882,   0.03808,  -0.00569,  -0.02145,   0.04683,   0.02407,  -0.03545,  -0.03545,   0.04333,   0.00832,   0.07135,  -0.05997,  -0.00744,  -0.00219,  -0.01620,   0.08885,   0.04858,  -0.04771,  -0.04421,   0.10111,   0.09761,   0.02933,  -0.00744,   0.01532,  -0.00219,   0.02232,  -0.02670,   0.01882,  -0.11774,  -0.08273,   0.01182,  -0.04421,  -0.00394,   0.04858,  -0.00394,   0.01707,   0.02057,  -0.02145,   0.06959,  -0.00569,   0.02407,  -0.00919,  -0.06872,   0.03633,   0.02933,  -0.05121,   0.02407,   0.04683,   0.02407,   0.08185,  -0.04596,  -0.04421,  -0.04071,   0.01882,  -0.06522,   0.00481,  -0.00569,  -0.01795,  -0.01620,  -0.03721,   0.03283,   0.00481,  -0.01094,  -0.00044,   0.02057,  -0.01795,  -0.01444,   0.03283,  -0.05997,  -0.00219,   0.01357,  -0.05997,   0.00657,   0.01532,   0.06609,  -0.01269,   0.02407,  -0.05296,  -0.06522,   0.00481,  -0.03545,  -0.02320,  -0.01444,   0.00481,   0.01182,  -0.07047,  -0.08798,  -0.04421,  -0.02495,  -0.07047,  -0.04596,   0.03283,   0.08010,  -0.02670,  -0.01970,  -0.01444,   0.01357,   0.03983,   0.00131,   0.04158,  -0.04946,   0.05909,   0.07310,  -0.05646,   0.01357,   0.07310,  -0.01795,   0.00657,  -0.06697,  -0.07922,   0.08010,   0.07135,  -0.02670,   0.01007,   0.02407,   0.00481,  -0.00744,   0.02933,   0.01007,  -0.00744,   0.01007,  -0.02495,  -0.05471,  -0.00044,   0.01357,   0.00306,  -0.04071,  -0.05296,  -0.02495,   0.01182,   0.01182,   0.04508,  -0.00569,  -0.00394,  -0.00919,   0.00657,  -0.04771,  -0.09848,   0.06959,   0.02582,   0.02582,   0.00481,  -0.01094,   0.01357,  -0.00044,  -0.02670,  -0.05997,  -0.00744,  -0.01620,   0.03458,   0.01007,   0.04508,  -0.00744,   0.02933,   0.02582,  -0.02320,  -0.03370,   0.03633,  -0.00919,  -0.00219,   0.04158,  -0.01970,  -0.03721,  -0.03896,  -0.04246,   0.00832,  -0.01094,  -0.07397,  -0.02320,  -0.02670,  -0.02145,  -0.02670,   0.03283,  -0.01795,  -0.00219,  -0.04421,   0.02933,   0.08360,  -0.00219,  -0.09498,  -0.06522,   0.07135,   0.06784,   0.04858,  -0.01620,  -0.01444,  -0.03195,  -0.01269,   0.00832,  -0.07572,   0.05209,   0.09936,   0.01007,   0.00306,   0.00832,   0.02407,  -0.02145,   0.01882,   0.02057,   0.01532,  -0.01269,   0.01007,   0.00657,  -0.00219,  -0.03896,  -0.01094,  -0.03545,   0.07135,  -0.04771,   0.06259,   0.01532,  -0.01444,  -0.00919,  -0.08098,   0.01357,   0.02232,  -0.04071,  -0.02320,   0.05559,  -0.02845,  -0.05646,  -0.08098,  -0.03020,   0.03808,  -0.04771,  -0.00219,   0.07310,   0.03458,   0.00832,  -0.05296,  -0.05471,  -0.05997,   0.03458,   0.04158,   0.01007,  -0.00394,   0.03633,  -0.03545,   0.02933,   0.03108,   0.04333,   0.02757,   0.02057,  -0.04946,   0.02757,  -0.04771,   0.03108,   0.00306,   0.01882,   0.05559,   0.02232,   0.00306,   0.02582,  -0.04946,  -0.02495,   0.02757,   0.04158,  -0.11249,  -0.06347,   0.02057,   0.09060,  -0.07572,   0.00481,   0.03108,  -0.01094,   0.02757,  -0.03896,   0.02057,   0.00131,   0.01882,  -0.02495,  -0.05296,  -0.04071,   0.02757,   0.04333,  -0.06872,   0.05909,  -0.01269,   0.03458,   0.01882,   0.00481,   0.00832,  -0.07922,   0.01532,   0.03458,  -0.02845,   0.05734,  -0.11774,  -0.05296,  -0.04071,   0.04333,  -0.03020,   0.05909,  -0.00219,   0.05384,  -0.06347,  -0.01269,  -0.05646,   0.00481,   0.02407,  -0.05646,  -0.11599,  -0.00919,  -0.04946,  -0.01444,   0.07485,  -0.04246,  -0.02670,   0.03283,   0.00306,  -0.05646,   0.05734,  -0.04771,   0.09060,   0.01357,  -0.06172,   0.02407,  -0.03020,   0.04508,  -0.03896,  -0.05296,   0.05384,  -0.02845,  -0.04246,  -0.00219,  -0.03896,  -0.01444,   0.01882,  -0.03545,   0.05209,  -0.03370,   0.01007,  -0.01444,   0.03283,  -0.01620,  -0.05471,   0.03108,  -0.06872,   0.05034,   0.07660,   0.03108,  -0.00394,  -0.03721,  -0.05471,   0.03458,   0.04683,  -0.07397,   0.01357,  -0.08273,   0.03283,  -0.04771,  -0.06172,   0.04158,  -0.01795,   0.03808,   0.08360,  -0.00044,  -0.00744,  -0.03195,   0.04858,  -0.00919,   0.03983,  -0.13350,  -0.01444,   0.04333,  -0.01094,   0.01182,   0.03983,   0.03458,   0.02582,  -0.03721,   0.01882,   0.04683,  -0.05296,  -0.02670,   0.01007,   0.02933,  -0.01795,  -0.02320,  -0.03545,  -0.01970,   0.07310,   0.01357,  -0.04596,   0.07135,   0.11161,   0.01707,   0.01182,   0.05034,  -0.07747,  -0.11599,  -0.04946,   0.06259,   0.00481,   0.02407,  -0.03721,   0.02933,  -0.03020,  -0.03020,  -0.09148,   0.01357,  -0.00219,   0.00306,   0.03808,  -0.04946,   0.00657,   0.00657,   0.02407,  -0.01094,  -0.02670,   0.05384,   0.10811,  -0.07572,   0.02933,  -0.02145,  -0.00044,   0.07135,   0.03458,   0.06784,   0.01882,   0.03808,  -0.01620,   0.02057,  -0.08273,   0.00832,   0.04508,   0.00131,   0.05734,  -0.00394,  -0.00044,  -0.04596,  -0.04421,  -0.06697,  -0.10724,   0.03458,  -0.05296,  -0.02320,  -0.01970,   0.09411,  -0.00044,   0.03983,  -0.03545,   0.03633,   0.04683,  -0.04421,  -0.03721,   0.02232,   0.07835,  -0.02320,   0.04333,  -0.04421,   0.03283,   0.02582,   0.13788,  -0.01970,  -0.00044,  -0.03370,   0.05909,   0.01707,  -0.06697,  -0.03020,  -0.05646,   0.00131,  -0.09498,  -0.04246,   0.01007,  -0.05997,   0.01357,   0.00306,   0.02582,  -0.02320,  -0.08098,  -0.04246,  -0.06872,  -0.01970,  -0.00919,  -0.07397,   0.04333,   0.04508,  -0.05822,  -0.00919,   0.00657,  -0.01444,  -0.02670,  -0.05121,   0.03108,  -0.00394,   0.05209,   0.03983,  -0.02145,  -0.01970,   0.05734,  -0.07222,   0.05209,   0.00657,  -0.03195,  -0.06522,   0.02232,  -0.04246,   0.02757,   0.03983,  -0.05471,  -0.04071,  -0.00219
   0.02057,   0.06084,   0.05209,  -0.03020,   0.00131,  -0.02495,   0.08010,   0.00306,  -0.00569,   0.07660,   0.01882,  -0.08098,  -0.00219,   0.08360,  -0.04596,   0.03633,  -0.02670,  -0.02145,  -0.06347,   0.02757,  -0.09498,   0.06784,   0.04508,  -0.04246,   0.03633,   0.06084,  -0.01620,  -0.03020,   0.03283,  -0.08623,  -0.00044,  -0.02320,   0.03633,   0.04158,  -0.03721,   0.05909,  -0.05121,  -0.00219,   0.00306,  -0.09673,   0.01707,   0.03283,  -0.10023,  -0.08098,   0.05559,   0.04333,  -0.00569,  -0.03545,   0.09761,   0.03983,   0.00481,  -0.01970,  -0.00394,  -0.00744,   0.10986,   0.03108,   0.04683,   0.05384,   0.06084,   0.01532,   0.06259,  -0.00744,  -0.03020,   0.03108,  -0.01795,   0.03108,   0.03808,   0.03458,   0.05734,   0.07660,   0.05559,  -0.04771,  -0.00569,   0.05559,   0.04158,  -0.05471,  -0.00394,   0.04333,  -0.05997,   0.03633,   0.09936,  -0.09498,  -0.03545,  -0.01094,   0.08185,   0.11862,   0.04333,  -0.07047,   0.08710,   0.04508,  -0.00044,  -0.03896,   0.03633,  -0.01444,  -0.15101,  -0.01795,  -0.02670,   0.02407,   0.10111,   0.06609,  -0.04071,   0.03633,  -0.04946,   0.05209,  -0.02495,  -0.06872,   0.04158,  -0.04421,  -0.06697,   0.07660,  -0.03896,  -0.00394,   0.04858,   0.02933,   0.11336,   0.01357,   0.01007,  -0.07747,  -0.02670,   0.06259,   0.07835,   0.07485,   0.00306,  -0.02320,   0.04158,  -0.00919,   0.02407,   0.00657,   0.06609,   0.05909,   0.01882,   0.03808,   0.09235,   0.04683,  -0.04771,  -0.02320,  -0.03896,  -0.08273,   0.01182,  -0.00044,  -0.05471,   0.09761,   0.00481,   0.04508,   0.01882,  -0.00919,   0.02757,  -0.05121,   0.00481,   0.03458,   0.09235,   0.03808,   0.03458,   0.04333,   0.02057,   0.07660,   0.03283,   0.03283,  -0.01795,   0.11512,  -0.02670,  -0.09498,   0.09411,   0.02582,   0.06434,  -0.00569,   0.01007,  -0.08623,  -0.05822,  -0.00219,  -0.04771,   0.03283,   0.05209,   0.03983,  -0.05471,   0.10111,  -0.00569,  -0.01269,   0.03808,  -0.00744,  -0.02320,  -0.07747,   0.07485,  -0.01094,  -0.00569,   0.05909,   0.02582,   0.02582,  -0.02670,  -0.00219,   0.03283,   0.08185,   0.01357,   0.05734,  -0.07047,   0.08010,   0.03983,  -0.09148,  -0.02320,  -0.04771,  -0.00569,   0.02582,  -0.03195,   0.05034,   0.02933,  -0.01269,  -0.02320,   0.01532,  -0.02320,  -0.05997,  -0.03195,  -0.05296,   0.01882,  -0.07922,   0.04333,  -0.00394,  -0.04071,   0.06784,   0.08360,  -0.01094,  -0.08973,  -0.01970,   0.02407,   0.03983,   0.02407,   0.13262,  -0.03195,   0.06784,   0.07660,  -0.02495,   0.04508,  -0.03370,   0.00657,  -0.04946,  -0.08098,  -0.00744,  -0.03195,   0.00131,   0.05384,  -0.02845,   0.03983,  -0.04071,  -0.00394,   0.02933,  -0.04596,   0.05909,  -0.04246,  -0.05997,   0.12037,  -0.06872,   0.03458,  -0.00569,  -0.04246,  -0.00744,  -0.09148,  -0.09148,   0.01182,   0.01357,   0.06784,  -0.01269,  -0.03545,   0.00481,  -0.00919,   0.03283,  -0.00394,  -0.04246,   0.01182,   0.04858,  -0.02845,   0.02057,  -0.05296,   0.02757,  -0.02495,  -0.00919,   0.07310,   0.06784,  -0.01444,   0.00657,   0.03633,   0.01182,  -0.03370,  -0.04946,  -0.09673,  -0.00219,   0.02582,  -0.06872,   0.00306,  -0.03370,  -0.03896,   0.02407,   0.02407,  -0.05822,  -0.01795,   0.03808,   0.00832,  -0.03545,  -0.02670,  -0.02495,  -0.05296,  -0.01970,   0.01182,  -0.09673,   0.02057,   0.06084,   0.04333,  -0.02845,  -0.11424,   0.04158,   0.01707,   0.03283,   0.05384,  -0.04421,  -0.02320,   0.00306,  -0.03896,  -0.01970,   0.03108,   0.01532,  -0.05646,  -0.04071,   0.09060,   0.00832,   0.02057,  -0.03721,   0.03458,  -0.07922,   0.09060,   0.03983,   0.00131,  -0.02845,   0.02757,  -0.00744,   0.04858,   0.03808,   0.05034,  -0.08273,   0.01007,   0.02582,   0.12562,   0.00131,  -0.01269,   0.02582,   0.01882,  -0.04946,  -0.04071,  -0.00744,   0.01707,  -0.01094,   0.04683,   0.04508,   0.02582,  -0.00044,  -0.05121,  -0.00044,   0.06259,   0.01357,  -0.06697,  -0.04771,  -0.00569,   0.02407,  -0.08798,  -0.05121,  -0.04946,  -0.05822,  -0.04771,   0.14138,   0.04158,   0.06259,   0.02757,   0.01707,   0.03633,   0.00657,  -0.00744,   0.03983,   0.00657,  -0.03721,   0.00131,  -0.00744,  -0.01620,  -0.06172,  -0.00744,  -0.04421,  -0.03721,  -0.07572,   0.08535,   0.07485,   0.00832,  -0.11424,   0.02757,  -0.08623,   0.08535,  -0.09148,  -0.01269,  -0.06872,  -0.08973,   0.06084,   0.00481,   0.06959,  -0.04946,  -0.00219,  -0.01269,  -0.05646,   0.04158,   0.04158,   0.01182,  -0.10899,  -0.03545,   0.10636,   0.05384,  -0.05822,   0.07485,  -0.05296,  -0.08973,   0.03108,  -0.02495,   0.03458,   0.01357,  -0.02495,  -0.04946,  -0.03721,  -0.02670,   0.04683,   0.06609,  -0.02145,   0.01707,   0.00481,   0.08360,   0.08535,   0.03808,  -0.03721,  -0.05822,  -0.03545,   0.06259,  -0.03896,  -0.04771,  -0.04771,  -0.06697,   0.00131,  -0.10023,  -0.07572,   0.10461,   0.02757,  -0.06697,  -0.03195,  -0.05471,   0.06434,  -0.00569,  -0.07572,  -0.00044,  -0.00919,   0.01882,   0.07835,   0.00481,   0.13963,   0.02057,  -0.00044,   0.07835,  -0.02145,  -0.06347,  -0.00394,  -0.01795,   0.00657,   0.00306,   0.12212,  -0.05471,  -0.00219,   0.06259,  -0.01795,   0.07135,  -0.03020,  -0.00219,   0.04158,  -0.03545,   0.03633,   0.09411,  -0.00569,   0.02933,   0.06784,   0.14138,   0.11336,   0.09586,  -0.03545,  -0.02320,   0.01007,  -0.08448,   0.05209,  -0.03370,   0.02232,  -0.00394,   0.10636,  -0.04946,  -0.06522,  -0.09498,   0.02757,  -0.00744,  -0.01444,  -0.00219,   0.04333,  -0.07922,   0.04683,  -0.04071,   0.01882,   0.01707,   0.10811,   0.00657,   0.09060,   0.04333,   0.07835,   0.03108,  -0.00569,   0.01007,   0.04158,   0.03108,   0.05034,   0.03983,  -0.08448,  -0.02670,   0.02757,   0.02407,  -0.04421,   0.01182,   0.06959,   0.05384,   0.07660,   0.04158,   0.06959,   0.04508,  -0.00919,  -0.03721,  -0.01094,  -0.00919,   0.05384,  -0.03545,  -0.02670,   0.03633,  -0.05822,  -0.05296,  -0.02495,   0.01707,   0.00832,  -0.01444,   0.03983,  -0.00744,  -0.01444,  -0.05997,  -0.02320,  -0.06697,   0.04333,   0.02232,  -0.01970,   0.01707,  -0.00744,   0.00481,  -0.03896,  -0.04596,   0.07135,   0.02933,   0.01707,  -0.04071,  -0.06172,  -0.02845,  -0.06172,   0.06434,   0.01532,   0.12912,   0.02057,  -0.02145,   0.01007,   0.04858,  -0.02145,   0.03283,   0.02407,   0.04158,   0.08885,  -0.08798,   0.03983,   0.00306,   0.03108,  -0.00744,   0.01182,   0.02057,  -0.02495,  -0.01620,   0.05209,  -0.04946,  -0.05997,   0.15714,  -0.08448,   0.10811,  -0.01269,   0.03458,   0.00131,   0.01532,  -0.02670,   0.07310,   0.07135,   0.06259,   0.01007,   0.03983,   0.01882,   0.01007,  -0.00919,  -0.05296,   0.03983,  -0.08973,   0.02407,   0.03808,  -0.01970,   0.02933,   0.01357,   0.07835,   0.00832,   0.02057,  -0.06172,   0.07310,   0.00306,  -0.03721,  -0.03896,   0.00657,  -0.00394,   0.02407,   0.05384,   0.01882,  -0.01970,  -0.05296,   0.01007,   0.08185,   0.00657,  -0.00394,  -0.02845,   0.04508,  -0.01795,  -0.07222,   0.04333,  -0.03020,  -0.05296,   0.05734,  -0.03721,   0.02582,  -0.02145,  -0.04596,  -0.05822,  -0.11249,   0.06784,   0.01882,   0.01007,   0.02407,  -0.08798,   0.00832,   0.04683,  -0.04421,  -0.00569,  -0.04596,  -0.04071,   0.04858,   0.10636,   0.06259,   0.03983,   0.02407,   0.07310,  -0.04946,   0.06959,  -0.04071,  -0.00919,  -0.00744,   0.00306,  -0.02670,  -0.02670,  -0.04421,   0.02407,   0.01007,   0.07135,  -0.01269,   0.09586,  -0.01269,  -0.04946,  -0.00569,   0.08885,  -0.02145,  -0.01620,  -0.03020,   0.03633,   0.05034,  -0.02670,   0.07310,  -0.10724,   0.06784,  -0.05822,   0.04858,  -0.03896,  -0.03195,  -0.01094,  -0.07922,   0.10286,  -0.05646,  -0.05646,  -0.02145,   0.08535,   0.01707,  -0.02495,   0.11161,  -0.03545,  -0.01795,   0.06434,   0.06959,   0.12912,   0.05034,   0.05559,  -0.10899,   0.04333,   0.00306,   0.00481,  -0.09848,   0.00832,   0.03108,  -0.10899,  -0.00569,  -0.05646,   0.04158,   0.02407,   0.00832,   0.01357,   0.13437,   0.01707,  -0.04071,  -0.00394,  -0.07047,  -0.00394,   0.05734,  -0.03896,   0.01007,  -0.02320,  -0.01444,  -0.00044,  -0.01094,   0.01357,   0.07310,   0.01532,   0.02757,  -0.04246,   0.07310,   0.01532,   0.04683,   0.05209,   0.02933,   0.09060,   0.07835,   0.04333,   0.07835,  -0.04246,  -0.04071,   0.01882,   0.02407,   0.02057,  -0.00569,  -0.04946,   0.00832,   0.09936,   0.07835,   0.02057,   0.06434,   0.02933,  -0.00569,  -0.03545,   0.08360,  -0.04771,   0.01532,   0.08360,   0.09586,   0.01357,  -0.05121,  -0.03721,   0.09411,  -0.08273,   0.06084,  -0.01094,  -0.05121,  -0.03370,   0.02057,   0.13087,   0.06434,   0.05734,   0.03633,  -0.06697,   0.02582,   0.07485,   0.03458,  -0.02145,  -0.12475,  -0.03195,   0.01882,   0.02933,   0.02582,  -0.06172,   0.07660,   0.04158,   0.00832,   0.04158,   0.01182,   0.00306,   0.00657,  -0.00569,   0.05734,  -0.04246,   0.06609,  -0.07747,  -0.07047,  -0.04421,   0.07485,  -0.03195,  -0.02845,  -0.00919,  -0.02495,  -0.04071,   0.10286,   0.05909,  -0.00394,  -0.00394,  -0.03545,  -0.00919,   0.04508,   0.01532,  -0.04771,   0.05909,   0.02407,   0.07835,  -0.03195,  -0.08273,  -0.00744,   0.06434,  -0.01620,   0.04158,  -0.03020,  -0.01795,   0.04858,  -0.07747,  -0.04771,  -0.00919,  -0.03020,  -0.04596,  -0.01620,   0.01007,   0.03808,   0.02582,   0.00657,   0.07135,  -0.05121,  -0.08448,  -0.08273,  -0.06347,   0.09586,   0.02407,  -0.02320,  -0.02145,  -0.04246,  -0.11074,  -0.00044,  -0.08798,   0.02582,   0.02757,  -0.02320,   0.03633,   0.02582,   0.00306,  -0.09848,  -0.00569,   0.04333,  -0.04071,   0.00481,   0.03983,  -0.03195,  -0.00744,  -0.01795,  -0.04771,   0.04333,   0.02757,  -0.02320,   0.01532,   0.06434,  -0.02145,  -0.04246,   0.01182,  -0.07397,  -0.00394,   0.04683,   0.06259,   0.00481,   0.05734,  -0.03896,   0.06609,   0.04508,   0.03808,   0.04858,   0.05909,  -0.00219,  -0.04596,  -0.01094,   0.02057,   0.05209,  -0.11599,  -0.06872,  -0.04421,   0.00306,  -0.03721,   0.05909,   0.05559,  -0.13000,  -0.00919,   0.13963,   0.06784,   0.00832,  -0.05646,   0.07135,  -0.05121,   0.03458,  -0.05646,  -0.01269,   0.09936,  -0.10199,   0.02407,  -0.02670,  -0.02320,   0.01357,   0.03108,  -0.02670,  -0.04421,   0.02407,  -0.05296,  -0.12300,   0.01357,   0.04333,   0.03108,  -0.08448,   0.06959,   0.05734,  -0.02145,   0.03283,  -0.03721,  -0.04946,   0.00131,  -0.00919,  -0.03020,   0.01007,   0.05034,  -0.01620,   0.04683,   0.04508,   0.02582,   0.04333,   0.02232,   0.03633,  -0.02670,  -0.01795,  -0.05471,  -0.02320,   0.13788,   0.05909,   0.07660,  -0.00744,   0.00131,  -0.00044,   0.00832,  -0.03896,  -0.06872,  -0.02670,  -0.03721,   0.00481,  -0.03020,   0.06084,  -0.02320,  -0.01970,  -0.00919,   0.03808,  -0.01795,  -0.03545,  -0.05997,  -0.02845,   0.02407,  -0.07047,  -0.01269,   0.06434,   0.03983,  -0.05997,   0.02933,   0.00832,  -0.01620,   0.04858,   0.02232,  -0.01795,   0.07660,   0.05209,   0.02582,  -0.03020,  -0.05471,  -0.06697,  -0.06872,  -0.05296,  -0.04946,   0.09761,  -0.05471,  -0.13875,  -0.00219,  -0.00569,  -0.02320,  -0.07222,   0.13437,  -0.08623,  -0.01444,  -0.03370,  -0.00044,  -0.07397,   0.01182,  -0.02845,   0.03458,  -0.01094,  -0.01444,   0.00306,   0.09586,  -0.09848,   0.02757,  -0.02145,   0.07485,   0.01357,  -0.02495
  -0.04771,   0.01007,   0.01357,   0.00657,  -0.03721,  -0.08273,   0.02057,   0.06959,   0.02757,  -0.08623,   0.03458,  -0.06872,   0.03108,  -0.02320,   0.02407,   0.00131,  -0.00044,   0.00832,  -0.06522,  -0.02670,   0.03808,  -0.01269,   0.06609,   0.04333,  -0.03721,   0.12912,   0.01532,   0.03458,   0.00306,   0.03808,  -0.06522,  -0.02145,   0.11336,  -0.07572,  -0.00394,   0.02232,  -0.04946,   0.01357,  -0.02670,   0.08885,  -0.01444,   0.03283,   0.00131,   0.07485,   0.03983,  -0.00744,  -0.04246,  -0.03020,   0.10636,  -0.03370,   0.01357,   0.02232,   0.03458,  -0.00219,  -0.02670,   0.03983,   0.08885,   0.00481,   0.07135,  -0.00219,  -0.01269,  -0.00044,   0.04333,   0.13262,   0.05034,  -0.09323,   0.00306,   0.00832,  -0.04771,  -0.13350,   0.04333,   0.07660,  -0.16852,  -0.02145,   0.04858,  -0.00219,  -0.00394,   0.00131,   0.03808,  -0.07922,  -0.05646,  -0.05646,  -0.04071,   0.00657,   0.04683,   0.02582,  -0.00394,  -0.08623,  -0.03020,   0.02232,  -0.00569,  -0.01795,  -0.03721,  -0.01795,  -0.04421,  -0.06172,   0.05559,  -0.03545,  -0.03545,  -0.02495,  -0.09148,   0.06959,   0.00657,   0.01882,   0.04158,   0.03808,   0.03983,   0.10461,   0.00306,  -0.04946,  -0.04421,  -0.01970,  -0.02495,  -0.04771,  -0.02320,   0.03458,   0.01007,   0.00306,  -0.03545,  -0.04946,  -0.01094,  -0.00044,  -0.16151,   0.01707,   0.00306,   0.03983,   0.01707,  -0.00394,  -0.04246,  -0.01620,  -0.01970,   0.04508,  -0.01094,  -0.03020,   0.03283,  -0.00744,  -0.05471,   0.03458,   0.02057,   0.01357,   0.01182,  -0.06697,   0.02407,  -0.07047,  -0.07922,   0.03108,   0.03283,  -0.04421,   0.06609,  -0.05121,   0.03808,   0.03808,  -0.02495,   0.01357,   0.02407,  -0.01094,   0.00657,   0.07835,  -0.03370,   0.06259,  -0.03020,   0.01532,   0.06259,   0.01007,   0.03108,   0.02933,   0.00306,   0.10636,   0.05384,   0.07660,   0.04158,  -0.01444,  -0.05822,   0.01532,  -0.06522,  -0.01094,  -0.05646,   0.01707,  -0.05121,   0.03458,   0.01707,  -0.03020,   0.02232,   0.04683,  -0.02670,  -0.03896,  -0.00919,  -0.05471,   0.09586,  -0.06172,  -0.01269,  -0.04946,   0.04508,   0.02232,   0.00657,  -0.02670,  -0.01620,   0.00832,  -0.02845,  -0.03721,  -0.00394,  -0.08798,  -0.01094,   0.01357,   0.05734,  -0.06172,  -0.00219,   0.02232,  -0.03370,  -0.00919,   0.01532,  -0.05646,  -0.01269,   0.00657,   0.06959,  -0.03370,   0.02057,  -0.11774,  -0.04071,   0.07135,  -0.07397,   0.04158,   0.06609,  -0.04771,   0.04158,   0.07660,   0.00832,   0.05209,  -0.02845,   0.01532,  -0.08798,  -0.00219,  -0.01094,  -0.07572,   0.06259,   0.06784,  -0.07572,   0.02057,   0.01532,  -0.05121,  -0.06347,  -0.04421,  -0.06172,   0.03808,  -0.03896,  -0.05121,   0.03283,  -0.02845,  -0.01094,  -0.09323,  -0.00219,   0.02407,   0.07310,  -0.01094,  -0.03370,  -0.04421,   0.03283,   0.05209,  -0.05997,   0.01007,  -0.02320,  -0.00044,  -0.03721,  -0.00569,  -0.02670,   0.00657,  -0.04421,   0.06959,  -0.00744,   0.01882,  -0.00919,  -0.02320,   0.06784,   0.01182,   0.00481,  -0.01094,   0.00481,  -0.04596,  -0.03370,  -0.01620,  -0.00394,  -0.04071,  -0.03545,   0.06434,   0.03983,  -0.10724,   0.01532,   0.01357,   0.02407,   0.06784,  -0.08273,   0.04858,   0.05559,   0.01882,  -0.06697,   0.07660,  -0.07397,  -0.03195,   0.03983,   0.04683,  -0.06697,   0.01182,  -0.05997,  -0.03195,  -0.00219,  -0.01970,   0.06084,   0.00657,   0.01532,   0.02757,  -0.08098,   0.02057,   0.01532,  -0.05296,  -0.03195,  -0.10899,  -0.07572,   0.02232,   0.06784,  -0.02495,   0.08360,  -0.04421,  -0.11249,   0.02582,  -0.00569,   0.05909,   0.06609,   0.00306,   0.07310,   0.08010,  -0.02845,   0.07485,   0.04158,   0.02232,  -0.01094,   0.00131,   0.00832,  -0.07047,   0.04683,   0.04683,  -0.03721,   0.01357,   0.02057,  -0.07047,   0.02057,   0.02757,  -0.00044,   0.02933,  -0.06172,   0.05734,  -0.00394,  -0.05121,  -0.01269,   0.02582,  -0.04771,   0.02407,   0.07835,  -0.01094,   0.00131,   0.05384,   0.00832,   0.04683,   0.01882,  -0.02495,   0.03808,   0.04508,   0.00481,  -0.08973,  -0.00569,  -0.02145,   0.00481,  -0.00394,   0.00306,   0.04158,  -0.03020,   0.05034,  -0.05822,   0.02232,  -0.03896,   0.00657,   0.03108,  -0.00569,  -0.00044,   0.03283,  -0.01970,   0.01357,   0.00131,  -0.06522,  -0.01444,  -0.02670,  -0.03721,  -0.01620,   0.01707,  -0.01795,   0.00481,   0.04508,  -0.08273,   0.07310,  -0.02145,  -0.01094,  -0.04421,  -0.04946,   0.06434,   0.06434,  -0.00044,   0.14488,  -0.00219,  -0.03545,   0.02407,  -0.04071,   0.03458,  -0.00219,  -0.06697,  -0.05646,   0.01532,   0.11512,   0.10286,   0.03458,   0.04858,  -0.00044,   0.06959,  -0.10899,   0.08360,   0.01182,   0.07485,   0.06784,   0.02057,   0.00131,   0.09761,  -0.01620,   0.00131,  -0.02145,  -0.00394,  -0.04071,   0.07135,   0.00131,   0.00657,  -0.01620,   0.03808,   0.02232,   0.01707,  -0.08098,  -0.02670,   0.00481,   0.05909,   0.05559,  -0.03721,  -0.05121,   0.02232,   0.00306,   0.03808,  -0.00919,  -0.01795,   0.00832,  -0.04946,   0.03458,   0.04508,   0.00481,  -0.01795,   0.03108,  -0.03020,   0.02582,  -0.07047,   0.00832,   0.00131,  -0.03195,  -0.04071,   0.08710,   0.01357,   0.04333,  -0.05997,  -0.01620,   0.02407,  -0.02845,  -0.05646,   0.02232,   0.02057,   0.09586,   0.01007,   0.03983,  -0.02495,   0.00657,  -0.01269,   0.04683,  -0.09673,   0.00657,   0.02582,  -0.02145,  -0.08273,  -0.00744,   0.02232,   0.10636,  -0.06347,  -0.01620,  -0.01795,   0.05909,  -0.02495,  -0.04071,  -0.04421,   0.04683,  -0.02145,  -0.04421,   0.04858,   0.03983,   0.11336,   0.00657,   0.02582,   0.05734,   0.01707,  -0.05296,   0.00131,  -0.00219,  -0.02845,   0.01707,   0.00131,  -0.05822,  -0.05296,   0.03633,   0.04158,  -0.07747,  -0.00569,  -0.01094,   0.07135,   0.07135,  -0.00394,  -0.02845,   0.00131,   0.03108,   0.02757,  -0.00919,   0.02057,   0.03108,  -0.02670,  -0.03545,   0.04158,   0.00657,  -0.07572,   0.00131,   0.02757,   0.06084,  -0.08973,   0.00657,  -0.01269,  -0.07572,  -0.03370,  -0.02670,  -0.08098,   0.04333,  -0.06172,  -0.00919,   0.01707,   0.09761,  -0.03545,   0.08010,  -0.00044,  -0.03195,   0.02232,  -0.00219,  -0.07047,  -0.01970,  -0.00219,  -0.03545,  -0.07747,  -0.04421,  -0.04246,  -0.04596,  -0.05997,  -0.05121,  -0.02495,  -0.01269,   0.01182,  -0.00744,   0.02407,  -0.03896,   0.05559,  -0.04946,  -0.04946,  -0.05822,   0.01532,   0.03633,  -0.00044,   0.04508,   0.01707,   0.04858,  -0.01795,  -0.02670,   0.02232,   0.08360,  -0.05997,  -0.03896,  -0.02845,   0.01357,  -0.00744,   0.00657,  -0.04071,   0.03633,  -0.08973,  -0.01795,  -0.02845,   0.05209,   0.00306,   0.01182,   0.03633,  -0.04421,  -0.00394,  -0.02495,   0.02407,   0.05384,   0.10636,  -0.03545,  -0.07747,   0.11161,   0.00131,  -0.01444,   0.01357,   0.02757,  -0.04771,   0.10111,  -0.00919,  -0.02845,   0.08710,   0.01007,   0.02582,   0.02057,  -0.00394,  -0.01444,   0.01882,  -0.02845,   0.02407,   0.04158,   0.07660,  -0.05822,  -0.00569,  -0.02145,   0.08185,   0.05209,   0.08360,   0.01182,   0.01707,  -0.02320,  -0.01970,  -0.02320,   0.02057,  -0.06347,  -0.05121,  -0.02495,   0.08360,  -0.05296,   0.04508,   0.06259,  -0.07397,  -0.02670,  -0.02670,  -0.08798,   0.03458,   0.02582,  -0.01795,  -0.04596,   0.02232,  -0.00044,  -0.04946,   0.01182,   0.05909,   0.03283,  -0.05121,   0.03633,  -0.03896,  -0.01094,  -0.05997,   0.02057,  -0.01094,   0.00657,   0.03633,  -0.04071,   0.08010,  -0.05471,  -0.07397,   0.00131,  -0.05121,   0.02232,   0.00657,   0.06609,  -0.00919,  -0.01795,  -0.04421,   0.00832,   0.06959,   0.06784,  -0.00219,  -0.05121,   0.03283,   0.01532,   0.03108,  -0.01094,  -0.04071,  -0.05646,  -0.04071,  -0.12650,   0.05209,  -0.03195,   0.00832,   0.01182,  -0.00919,   0.15714,  -0.10199,   0.00832,  -0.01444,   0.04508,   0.03108,   0.08010,  -0.06172,   0.02933,  -0.00394,  -0.03545,   0.00306,  -0.01444,   0.10986,  -0.00044,   0.02057,   0.02582,   0.04508,  -0.07922,  -0.08448,  -0.03545,  -0.03721,   0.00657,   0.05034,  -0.03195,  -0.04946,  -0.00919,  -0.01269,   0.07835,   0.03458,   0.08885,   0.01007,   0.02757,   0.00657,   0.04858,   0.03983,  -0.04946,  -0.06522,   0.03633,   0.01882,  -0.04596,  -0.04596,  -0.03896,  -0.01620,   0.08885,  -0.03195,  -0.12124,  -0.04071,  -0.02145,  -0.01970,   0.08185,  -0.05296,   0.05734,  -0.04596,   0.01532,  -0.00744,   0.02933,   0.02057,  -0.03195,  -0.04071,   0.05559,  -0.02495,  -0.03195,   0.03108,   0.08360,  -0.03896,  -0.05121,   0.07660,   0.01182,  -0.06522,   0.06084,   0.03283,  -0.00919,   0.10111,  -0.01970,  -0.06347,   0.04333,   0.06434,   0.08360,  -0.00569,   0.04508,   0.01532,   0.02407,  -0.06347,  -0.05121,   0.00306,  -0.04421,  -0.00744,   0.10986,   0.07660,  -0.08973,   0.07135,  -0.10374,   0.03458,   0.05559,   0.01707,   0.07485,  -0.01444,  -0.09848,  -0.03020,   0.02407,   0.01532,  -0.09498,   0.02407,   0.01357,   0.06259,  -0.04946,  -0.01269,  -0.02320,  -0.03020,  -0.01795,  -0.04246,   0.01707,   0.01532,   0.03458,   0.02057,  -0.04421,   0.07310,  -0.02145,   0.00481,  -0.05822,  -0.00219,   0.02407,  -0.00744,  -0.01269,   0.03283,  -0.02670,  -0.07397,   0.01182,  -0.11599,   0.00306,  -0.03896,  -0.02670,  -0.14400,  -0.00044,   0.03108,  -0.01795,   0.06259,   0.03983,   0.01882,  -0.02495,  -0.00744,  -0.01444,   0.05734,  -0.04946,  -0.03721,   0.06609,  -0.01620,   0.03633,  -0.02845,   0.00832,   0.05734,  -0.04596,  -0.05646,   0.00481,   0.05909,  -0.07922,  -0.03721,  -0.00919,  -0.05997,   0.02407,  -0.04071,  -0.07747,  -0.03370,   0.03808,   0.10111,   0.06259,  -0.07222,  -0.00919,  -0.07747,  -0.00569,  -0.01795,   0.05909,   0.05734,  -0.00744,  -0.04596,   0.03108,  -0.05121,   0.04333,  -0.11074,  -0.03896,   0.03633,  -0.00919,   0.02757,  -0.06172,   0.00306,   0.02407,  -0.05121,   0.04333,  -0.02145,  -0.04421,   0.00481,   0.08535,   0.01007,  -0.03370,  -0.07397,  -0.07222,   0.02582,   0.05209,   0.11161,   0.00832,  -0.03896,  -0.02845,   0.08535,  -0.06872,  -0.00044,   0.01532,   0.12037,   0.02582,  -0.02145,   0.01532,  -0.05471,   0.07135,  -0.03721,   0.00131,  -0.03370,  -0.03545,   0.07485,   0.02057,   0.05909,  -0.06172,  -0.03020,  -0.09148,   0.06784,   0.12387,   0.01707,   0.09411,  -0.07397,  -0.05471,   0.02933,   0.01182,  -0.01620,  -0.02145,   0.00131,   0.01532,   0.02757,   0.06609,  -0.03020,   0.12912,   0.00832,  -0.03020,  -0.02320,  -0.02320,  -0.06172,  -0.03896,   0.00481,   0.02933,  -0.06872,   0.02582,  -0.00394,   0.05734,  -0.00394,   0.04508,   0.03108,   0.03633,   0.03458,   0.08185,  -0.01970,  -0.02320,  -0.11599,   0.07835,  -0.05296,  -0.00044,  -0.00219,   0.03983,   0.08360,   0.01882,   0.02582,  -0.03195,   0.00832,  -0.00744,  -0.03195,   0.01707,  -0.04071,   0.09761,  -0.07572,  -0.00569,   0.03108,  -0.06872,   0.02407,  -0.05471,  -0.03370,  -0.05822,  -0.01444,   0.03108,  -0.05471,   0.06959,   0.06959,   0.00657,  -0.03020,  -0.05822,  -0.00919,   0.02057,   0.01182,   0.09235,   0.05909,   0.03808,   0.03808,  -0.02320,   0.08535,   0.06434,  -0.04946,  -0.03370,   0.04683,   0.03283,   0.00306,   0.02232,   0.02407,   0.13262,  -0.00744,   0.01882,   0.04158,  -0.04596,  -0.04771,   0.04158,  -0.02845,   0.04158,  -0.02145,   0.01007,   0.09411,   0.04858
   0.01707,   0.03108,  -0.05121,   0.02057,  -0.00569,  -0.08448,   0.02057,  -0.00394,   0.02407,  -0.03195,   0.04858,   0.00131,   0.01882,  -0.02670,  -0.05997,  -0.06697,  -0.03195,  -0.01795,  -0.06347,   0.00131,   0.00832,  -0.02845,   0.00481,   0.05034,  -0.04246,  -0.02495,   0.05559,  -0.00219,   0.00306,   0.05034,   0.02232,  -0.02845,  -0.04421,   0.04683,  -0.00569,   0.02757,  -0.02495,  -0.00569,   0.05384,  -0.02320,  -0.04071,  -0.00919,   0.06259,   0.04858,  -0.04421,   0.01357,  -0.02320,   0.05034,   0.08185,  -0.06347,   0.08010,   0.01007,  -0.03721,   0.04333,  -0.04421,   0.03108,   0.00131,  -0.02145,   0.07835,   0.00832,   0.09235,  -0.04596,   0.01007,   0.03633,   0.06609,  -0.01795,  -0.03195,   0.01707,  -0.00044,  -0.05997,   0.04508,   0.03458,  -0.00044,  -0.06697,   0.00657,   0.00131,   0.02757,   0.07835,   0.00306,  -0.04596,  -0.05121,  -0.01269,  -0.01269,  -0.01269,   0.04683,  -0.06172,   0.03108,  -0.02320,  -0.00569,   0.03108,  -0.02320,   0.01532,   0.00481,   0.02232,  -0.00919,   0.02232,   0.01532,  -0.02320,  -0.03195,  -0.10374,   0.08360,  -0.01269,   0.02757,  -0.08973,   0.01532,   0.09411,  -0.00919,  -0.01444,  -0.01620,   0.09586,  -0.01094,   0.00481,   0.03983,   0.02757,  -0.02670,   0.02933,   0.02582,   0.02407,   0.01007,   0.00306,   0.04333,  -0.01620,  -0.00919,  -0.00744,   0.04508,  -0.05471,   0.03983,  -0.06347,  -0.02495,  -0.05296,  -0.05822,  -0.00919,  -0.03896,  -0.01620,   0.00306,   0.12737,  -0.03195,   0.01707,   0.04683,   0.09586,  -0.01970,   0.05909,   0.03458,   0.00131,   0.03808,  -0.04246,   0.12212,   0.01357,   0.06259,  -0.03721,   0.04508,   0.04158,   0.00306,  -0.00744,   0.04683,  -0.03896,   0.01707,  -0.04246,  -0.00919,   0.01357,  -0.00394,  -0.01269,  -0.03896,  -0.02145,  -0.03896,   0.02407,   0.01707,   0.05209,  -0.02845,   0.06784,  -0.00919,   0.00832,  -0.00919,  -0.01795,  -0.09498,   0.03808,   0.04508,   0.05909,  -0.04071,   0.03633,  -0.01795,  -0.03020,   0.07485,  -0.00919,  -0.05121,  -0.00569,   0.04858,   0.01357,   0.01357,  -0.04071,   0.04158,   0.02232,   0.01707,  -0.05646,   0.01357,  -0.03896,  -0.01094,  -0.03370,  -0.04596,   0.02582,  -0.04421,   0.00832,   0.03108,   0.06959,   0.02057,  -0.02845,  -0.06872,  -0.00744,  -0.04246,  -0.00044,  -0.00044,  -0.02670,  -0.03721,   0.05909,   0.06434,  -0.04596,   0.06259,   0.02407,  -0.02145,  -0.02670,  -0.05296,   0.04158,  -0.03020,  -0.05296,  -0.03896,   0.02232,  -0.03545,   0.03283,   0.02757,   0.05384,   0.01182,   0.01357,  -0.02145,  -0.04596,   0.05034,  -0.03370,   0.02933,  -0.07222,  -0.02320,   0.01707,   0.01182,  -0.04771,   0.01357,   0.06084,  -0.00569,  -0.04071,  -0.01970,  -0.01094,   0.01357,  -0.03370,   0.03983,   0.03283,   0.03983,  -0.05471,   0.00832,  -0.06347,   0.03458,  -0.00744,  -0.11774,  -0.07572,   0.01182,  -0.07572,   0.05034,   0.04333,   0.04508,   0.03633,  -0.04246,  -0.01970,  -0.01269,   0.02407,   0.04333,   0.01007,   0.02933,  -0.04771,   0.01357,  -0.04421,   0.03808,   0.03283,   0.02933,   0.01182,  -0.01795,  -0.00219,  -0.02670,   0.00832,   0.08185,   0.08185,   0.00481,   0.04333,  -0.00219,   0.02407,  -0.02845,   0.05559,  -0.10724,   0.05734,  -0.07397,   0.04158,   0.05909,   0.04508,  -0.03370,   0.09235,   0.04508,   0.00481,  -0.02145,  -0.06697,   0.00481,  -0.01970,   0.03108,   0.08535,  -0.04246,  -0.01795,  -0.00744,  -0.04421,   0.04333,  -0.05822,  -0.04071,   0.01532,  -0.00044,   0.06784,  -0.03370,  -0.05822,   0.10986,   0.00131,  -0.05296,   0.02582,   0.01357,   0.02933,  -0.01970,   0.08360,   0.05209,   0.01357,  -0.01620,   0.07485,   0.03108,  -0.04071,   0.02757,  -0.04771,   0.07135,  -0.04946,   0.06784,  -0.08273,   0.02057,   0.03108,   0.01007,   0.06434,  -0.02845,  -0.01795,   0.03283,   0.09235,   0.01182,  -0.04246,  -0.00744,  -0.01444,  -0.09323,   0.05034,  -0.00744,  -0.05646,   0.04333,   0.00832,  -0.05296,  -0.00044,   0.03458,  -0.00569,   0.00657,  -0.01094,   0.02933,   0.03808,  -0.08098,   0.02057,  -0.01444,  -0.08798,  -0.08448,  -0.06347,  -0.05296,  -0.07047,  -0.08623,  -0.01795,   0.02057,  -0.00744,   0.04333,  -0.02845,   0.00657,  -0.02670,  -0.04071,  -0.04071,  -0.10549,  -0.01620,  -0.00219,   0.04858,  -0.00744,  -0.01094,  -0.10724,  -0.09673,   0.06084,  -0.03020,   0.03983,   0.04158,  -0.02495,  -0.03195,   0.03983,  -0.03545,   0.02407,   0.07660,  -0.05997,   0.04333,  -0.00044,   0.10111,   0.07135,  -0.00744,   0.02582,   0.04333,  -0.01795,   0.00832,  -0.02320,   0.00657,  -0.03370,   0.00832,  -0.04071,  -0.00919,  -0.06172,   0.00657,   0.01357,  -0.05471,  -0.00044,   0.01357,   0.08010,  -0.06172,  -0.05296,   0.03108,   0.01532,   0.02933,   0.10636,  -0.07747,   0.05909,   0.07310,   0.10811,  -0.00919,  -0.00394,  -0.00394,   0.00832,   0.00131,  -0.04246,  -0.05121,  -0.01795,  -0.02495,   0.00832,   0.01357,   0.03458,   0.00131,   0.11512,   0.05209,  -0.01269,   0.02232,  -0.02320,   0.05559,   0.05559,  -0.08098,  -0.06347,  -0.08798,  -0.06522,  -0.01970,  -0.04071,  -0.01094,  -0.03545,  -0.10374,  -0.05471,   0.00657,  -0.02145,   0.06609,   0.06259,   0.04683,  -0.07572,  -0.00394,   0.01532,   0.05734,  -0.00044,  -0.00744,  -0.01444,  -0.01094,   0.01007,  -0.01795,  -0.00744,  -0.00919,  -0.05121,  -0.08098,  -0.07922,  -0.04071,  -0.05822,  -0.00919,  -0.05997,   0.00131,  -0.06172,  -0.03896,   0.00131,   0.10111,   0.06609,  -0.05646,   0.02757,  -0.02145,  -0.05822,   0.05384,   0.01357,  -0.00219,  -0.01444,  -0.14751,   0.03808,  -0.03370,   0.02757,  -0.01269,  -0.00394,  -0.01269,   0.03983,   0.02057,   0.06084,  -0.01620,  -0.07047,   0.00657,   0.02232,  -0.01970,   0.02757,   0.01707,  -0.04946,  -0.00044,   0.01007,  -0.04421,   0.01707,  -0.00919,   0.00306,   0.03283,   0.00306,  -0.02670,  -0.04596,   0.01882,   0.02232,   0.02582,   0.06784,   0.00306,   0.02057,  -0.03721,   0.03458,   0.00306,   0.00832,  -0.04596,  -0.05822,   0.00481,  -0.01094,   0.06959,   0.03983,   0.00832,  -0.05296,  -0.02495,  -0.00919,  -0.01795,  -0.02145,   0.03458,   0.03108,   0.01882,   0.00657,   0.04333,   0.03983,   0.06434,  -0.05646,   0.04858,  -0.00919,  -0.03370,  -0.06522,   0.06084,  -0.00044,   0.02407,  -0.01094,   0.03808,  -0.06347,  -0.04246,  -0.04946,  -0.06347,   0.07135,   0.06259,   0.04508,  -0.02495,  -0.00569,  -0.04071,   0.02057,  -0.03721,  -0.00394,  -0.00919,   0.07310,  -0.10023,   0.04858,   0.02232,   0.04508,  -0.05997,   0.03108,  -0.01795,  -0.01795,   0.01532,   0.11336,   0.01707,  -0.00219,   0.04508,  -0.04246,   0.04158,  -0.05646,   0.04683,  -0.02670,  -0.02495,  -0.02320,  -0.02145,   0.00306,   0.01007,   0.07835,  -0.02145,   0.01532,   0.00657,  -0.05296,   0.02582,  -0.05822,  -0.00744,  -0.03545,   0.02407,  -0.01269,   0.01532,  -0.04946,  -0.03545,   0.02757,   0.03983,  -0.03195,   0.00306,   0.02933,  -0.01620,   0.02407,   0.01182,  -0.09323,   0.03458,   0.03458,   0.03283,   0.01357,  -0.03370,  -0.01094,  -0.02845,  -0.02320,  -0.05471,   0.00481,  -0.02670,  -0.01094,  -0.05121,   0.07835,  -0.01094,   0.04683,  -0.00569,   0.01007,  -0.00394,  -0.02320,   0.09586,  -0.07572,  -0.02845,  -0.04246,   0.00131,  -0.03020,   0.09235,   0.01007,  -0.05296,   0.00657,  -0.09148,  -0.01620,   0.01182,  -0.01970,  -0.07572,  -0.04771,   0.02757,  -0.11424,   0.00832,  -0.03721,   0.00657,  -0.03195,   0.03983,  -0.00919,  -0.02320,  -0.04771,   0.03633,   0.00306,   0.12562,  -0.04246,   0.01182,  -0.03020,   0.01532,  -0.05822,  -0.01795,   0.07310,   0.02232,   0.03633,   0.01357,   0.02933,  -0.00044,  -0.01444,   0.03108,  -0.07747,   0.01182,  -0.01444,  -0.00219,  -0.00219,  -0.02320,  -0.05296,   0.00481,   0.04683,  -0.01269,  -0.09323,   0.03458,   0.07135,   0.02232,   0.03283,  -0.02495,  -0.03370,  -0.09848,  -0.03896,  -0.03545,  -0.03545,   0.02407,  -0.01094,   0.03108,   0.02933,  -0.01269,   0.01182,   0.05734,  -0.02145,  -0.01620,  -0.00219,  -0.01444,  -0.01620,   0.02933,  -0.07572,  -0.02495,  -0.05822,   0.01882,  -0.00044,   0.02057,  -0.00744,   0.02933,  -0.01970,  -0.05471,   0.02057,  -0.03370,  -0.07397,   0.03458,  -0.03896,   0.04158,   0.06609,   0.00832,  -0.04771,  -0.01620,  -0.05121,  -0.02845,  -0.02495,  -0.01620,   0.02232,  -0.00569,  -0.01269,  -0.02670,  -0.06697,  -0.01970,   0.04858,  -0.03195,  -0.01444,  -0.03721,  -0.04771,  -0.01094,  -0.07397,   0.07835,  -0.03545,   0.00131,   0.02232,  -0.00044,  -0.03896,  -0.01795,   0.01707,  -0.06172,   0.06084,   0.01182,   0.06434,  -0.05121,   0.02232,   0.09936,   0.02407,   0.03633,   0.02582,  -0.04421,   0.08010,  -0.01269,  -0.03721,  -0.07222,   0.07310,  -0.01795,   0.01007,  -0.03545,   0.01882,   0.03808,   0.02757,   0.01007,  -0.04246,  -0.02845,   0.00832,   0.01882,   0.07310,  -0.07222,  -0.06872,   0.06259,  -0.08273,  -0.01620,   0.02057,  -0.02145,   0.08360,   0.00832,  -0.04596,   0.01532,   0.01882,   0.02582,  -0.07922,   0.00131,   0.02757,  -0.02320,  -0.01795,  -0.04246,  -0.06697,   0.05734,   0.02933,  -0.03545,   0.06084,  -0.00569,   0.03633,   0.03808,  -0.03195,   0.03633,   0.02582,   0.03283,  -0.04596,  -0.02495,  -0.02320,   0.03983,  -0.00394,  -0.04246,  -0.03896,  -0.05296,  -0.01444,  -0.04771,   0.02232,   0.07135,   0.02582,   0.09060,   0.12737,   0.05559,   0.04683,  -0.00569,  -0.05121,   0.01357,   0.00481,   0.01182,  -0.03020,  -0.03020,   0.00481,  -0.03195,  -0.01094,   0.05734,   0.03633,  -0.00744,  -0.06872,  -0.07922,  -0.09148,   0.04858,  -0.01795,   0.05909,  -0.04421,  -0.00219,   0.05209,  -0.00919,  -0.03545,   0.01007,  -0.04246,   0.03108,   0.02232,   0.07310,  -0.07047,  -0.11599,  -0.00569,   0.04508,   0.04508,   0.00306,  -0.01795,  -0.02320,   0.03983,  -0.00394,  -0.00744,   0.04508,  -0.05471,  -0.00569,   0.02582,  -0.06697,   0.05559,   0.01182,  -0.00569,   0.01532,  -0.02670,  -0.04596,   0.10986,   0.01007,  -0.02320,   0.03283,  -0.03896,   0.03808,  -0.00219,  -0.01444,   0.03108,   0.03283,   0.02933,   0.03458,   0.00832,  -0.00219,  -0.02145,   0.02232,  -0.03545,   0.00832,  -0.05296,  -0.00744,   0.04858,   0.01182,  -0.01795,   0.02757,  -0.02845,  -0.00044,  -0.02670,   0.00481,   0.08185,   0.04158,  -0.04596,  -0.01620,  -0.00219,  -0.04946,   0.08710,   0.09411,   0.05559,   0.03633,   0.00306,   0.04858,  -0.02845,   0.00131,   0.03108,   0.01007,   0.04683,   0.02757,   0.01182,   0.01532,   0.02933,  -0.01620,   0.01532,   0.02757,   0.08010,   0.00131,   0.02057,   0.04858,  -0.01094,  -0.03721,  -0.03721,   0.00832,   0.02232,   0.01357,  -0.04071,  -0.06522,  -0.05646,   0.04333,  -0.00219,  -0.02495,  -0.01620,  -0.01970,   0.00306,   0.06259,  -0.06347,  -0.00569,   0.03283,  -0.00919,   0.00306,   0.01182,  -0.05121,   0.05909,   0.00306,   0.02232,  -0.03545,   0.02407,   0.02757,  -0.01620,  -0.02495,  -0.02320,   0.01882,   0.02057,  -0.02670,  -0.00394,   0.00832,  -0.03721,  -0.03896,   0.08535,  -0.07222,  -0.04596,   0.03283,  -0.03370,  -0.01094,  -0.03896,   0.01532,  -0.11599,  -0.03020,   0.00131,   0.01882,  -0.03545,  -0.00044,   0.03983,   0.03983,  -0.00744,   0.00306,   0.07135,   0.00131,  -0.00569,  -0.01795,  -0.03721,   0.03633,   0.06959,  -0.00744,   0.00657,   0.07135,   0.06609
  -0.10724,   0.02582,   0.05384,   0.02582,   0.05559,  -0.00394,   0.01882,   0.06784,  -0.03020,  -0.05296,  -0.11074,   0.10811,  -0.05646,   0.02232,   0.01707,   0.01007,  -0.05822,  -0.03195,  -0.08273,   0.00481,  -0.01094,   0.03283,   0.08185,   0.02582,  -0.03545,   0.01182,  -0.02145,  -0.02495,   0.04858,  -0.03721,   0.02057,  -0.02145,   0.00657,   0.02232,   0.00657,  -0.01795,  -0.02670,   0.03983,  -0.04246,  -0.00919,  -0.03020,  -0.08098,  -0.02845,  -0.04421,  -0.01444,   0.00481,   0.00832,  -0.03020,  -0.03370,   0.02057,   0.00481,  -0.09148,   0.08010,  -0.10023,  -0.01620,   0.00131,   0.00131,  -0.01970,  -0.07747,   0.03458,  -0.05646,  -0.03545,  -0.08623,   0.01182,   0.00481,  -0.01795,  -0.02670,   0.02057,   0.03633,  -0.00569,  -0.05121,   0.01882,  -0.02845,   0.01882,  -0.03896,  -0.00919,  -0.04596,   0.00657,  -0.03721,  -0.01094,  -0.03721,  -0.05822,   0.01357,  -0.02845,  -0.00744,  -0.00919,   0.01882,  -0.02320,  -0.00394,   0.02582,  -0.03896,   0.06609,   0.01532,  -0.00744,   0.05909,   0.02757,  -0.05646,   0.03808,  -0.05646,  -0.03545,  -0.03721,  -0.04246,   0.10811,  -0.01970,  -0.06872,   0.03633,  -0.05646,  -0.04421,  -0.00044,   0.01007,  -0.00569,  -0.03721,   0.03108,  -0.08973,   0.02232,  -0.03721,   0.03283,  -0.05471,   0.00306,  -0.02670,  -0.01269,   0.01357,  -0.01620,   0.03808,  -0.05822,   0.02407,  -0.04946,   0.06084,  -0.01970,   0.01007,  -0.04246,  -0.00569,   0.03108,   0.02933,  -0.08798,  -0.04596,  -0.06522,  -0.01269,  -0.00569,   0.06609,   0.04508,  -0.03195,  -0.00219,  -0.02845,  -0.05997,   0.00657,  -0.01269,   0.03633,   0.03458,   0.00131,  -0.02320,   0.03458,   0.04858,  -0.03721,   0.02232,   0.03458,   0.00657,   0.03108,  -0.00919,   0.10636,   0.05909,   0.06084,   0.03283,   0.00481,   0.00832,  -0.04246,  -0.05646,  -0.03721,  -0.03195,   0.02407,   0.02232,  -0.02670,   0.02933,  -0.00219,   0.05209,  -0.02320,  -0.05471,   0.00657,  -0.07922,   0.01707,  -0.03370,  -0.05646,  -0.09673,   0.02407,  -0.03896,   0.04508,   0.00481,   0.02057,   0.02582,  -0.07747,  -0.00569,   0.04683,  -0.00569,   0.04683,  -0.06172,   0.01007,  -0.05646,  -0.02845,   0.06259,  -0.01795,   0.02232,   0.04333,  -0.03545,   0.01882,  -0.03545,   0.03108,   0.07485,   0.00131,   0.03108,  -0.01444,  -0.07572,  -0.00219,   0.04683,   0.02582,  -0.00919,   0.02582,  -0.06697,  -0.06172,   0.02057,   0.03108,  -0.01795,   0.01707,   0.03108,  -0.03721,   0.02933,   0.04508,  -0.04071,   0.00481,  -0.05121,  -0.04771,   0.02232,   0.00832,  -0.05121,   0.01882,  -0.03721,  -0.05997,  -0.01970,  -0.03721,  -0.05296,   0.04683,  -0.02320,   0.03983,   0.03108,  -0.01094,  -0.05471,   0.01182,   0.04508,  -0.03721,  -0.02845,  -0.02145,  -0.04421,   0.04333,  -0.02145,   0.00131,   0.05209,   0.01882,   0.11161,  -0.08448,   0.02582,  -0.00569,  -0.01094,  -0.06872,  -0.00394,  -0.08623,   0.01007,  -0.03195,  -0.05296,  -0.01269,  -0.03721,  -0.04246,   0.01357,   0.03808,  -0.02320,   0.02232,   0.01357,   0.03983,  -0.07222,   0.01707,  -0.04946,   0.06609,  -0.04421,  -0.00569,   0.00657,   0.01007,  -0.05296,   0.05384,  -0.04771,   0.02407,   0.05559,  -0.02495,   0.00306,   0.05909,  -0.05822,   0.05559,  -0.00394,  -0.04596,  -0.00044,   0.02407,  -0.01795,  -0.01795,  -0.01795,  -0.02670,  -0.00394,  -0.08273,  -0.03545,   0.02407,  -0.03195,   0.08885,  -0.01970,  -0.06872,  -0.01269,  -0.00744,  -0.01620,   0.01357,   0.08710,  -0.06347,  -0.03896,   0.02933,   0.04858,  -0.07572,   0.03983,  -0.03545,  -0.00394,  -0.02670,   0.04333,  -0.01970,  -0.00919,   0.01707,  -0.00044,  -0.00219,   0.05384,   0.03108,   0.05034,  -0.02495,  -0.00044,  -0.00919,   0.00657,   0.03633,   0.05209,   0.04683,   0.00131,  -0.00569,   0.01882,   0.01532,  -0.01620,  -0.03721,  -0.00569,   0.06084,   0.02057,  -0.05296,  -0.00569,  -0.02145,   0.00481,   0.01357,  -0.04246,   0.00481,   0.05209,   0.01882,   0.01532,   0.06259,   0.00306,  -0.02495,  -0.04421,   0.06609,  -0.06872,  -0.01444,  -0.05646,   0.05559,  -0.05296,   0.00657,   0.06259,   0.01357,  -0.06347,   0.04333,   0.05909,  -0.08098,   0.04858,   0.09586,  -0.03545,  -0.01444,  -0.00569,   0.08185,   0.03808,   0.07660,  -0.08448,   0.06959,   0.03458,  -0.06697,   0.02057,   0.04683,   0.00657,   0.05909,  -0.02320,  -0.03545,   0.00306,   0.02582,   0.04508,  -0.03020,  -0.05646,  -0.01620,  -0.00569,  -0.09148,   0.02933,  -0.03896,   0.06609,  -0.00569,   0.10286,   0.05209,  -0.02845,   0.03283,   0.03633,  -0.06522,   0.00832,   0.00306,   0.05209,  -0.07222,  -0.01444,  -0.02495,   0.08710,  -0.06697,  -0.01269,  -0.02845,   0.05734,   0.07485,  -0.05471,  -0.05997,  -0.00394,   0.01007,   0.03633,  -0.03896,   0.01532,   0.06609,   0.07835,   0.02232,  -0.00044,  -0.02145,   0.03458,  -0.01970,  -0.08973,   0.02057,  -0.04071,  -0.02320,   0.04158,   0.06259,  -0.02845,  -0.02670,   0.02933,   0.00832,   0.01882,   0.05034,  -0.00219,   0.05209,   0.00832,  -0.06697,   0.01007,  -0.00569,   0.01707,  -0.00569,   0.00481,  -0.08098,  -0.00744,   0.06959,   0.02407,  -0.03020,  -0.06522,   0.02057,   0.01532,   0.02057,   0.02057,   0.05559,  -0.03020,   0.01357,  -0.07747,  -0.02320,  -0.00219,   0.00131,   0.01357,   0.03108,   0.06784,  -0.01269,   0.05909,   0.00832,   0.01182,   0.02407,   0.02232,  -0.09498,  -0.00919,  -0.00569,   0.03458,   0.01182,  -0.00219,   0.00306,   0.09586,  -0.03370,   0.02057,  -0.05121,  -0.01620,  -0.03020,   0.06784,   0.02232,  -0.03545,   0.05559,   0.06084,   0.03458,   0.01182,  -0.00744,   0.08185,  -0.08098,  -0.00569,   0.00481,  -0.03545,  -0.01094,  -0.06697,  -0.01620,  -0.02145,  -0.06522,  -0.04421,  -0.03195,   0.02757,   0.00131,   0.05209,  -0.00569,   0.01532,   0.00657,  -0.06172,   0.02057,   0.06784,   0.02757,   0.04333,  -0.03896,  -0.10023,  -0.01269,   0.03808,  -0.02320,   0.00131,   0.00481,  -0.00044,  -0.06522,  -0.04596,  -0.00219,  -0.02145,  -0.03896,   0.03283,   0.05734,   0.04333,   0.06259,   0.01182,  -0.00919,   0.01007,   0.04858,   0.02933,  -0.02145,   0.03108,  -0.00919,   0.03458,  -0.00394,  -0.01970,   0.02407,  -0.00044,  -0.02145,  -0.05121,   0.00657,   0.02933,   0.06609,   0.08010,   0.08010,  -0.01970,   0.02933,   0.07835,  -0.01795,  -0.05646,   0.00306,   0.05909,  -0.00219,   0.06259,  -0.03370,  -0.00044,  -0.04771,   0.01182,   0.04333,   0.00832,   0.01007,  -0.00919,  -0.00569,  -0.08448,  -0.02145,   0.00131,   0.01357,   0.02232,  -0.03721,  -0.00394,  -0.00569,   0.01532,   0.00832,   0.00832,   0.02407,  -0.06697,   0.03983,  -0.05822,   0.02057,   0.03458,  -0.05997,   0.04858,  -0.01620,   0.00481,  -0.02670,  -0.03195,   0.11862,  -0.02145,   0.00131,   0.03283,  -0.01620,   0.00306,  -0.00394,   0.05034,  -0.02845,   0.01707,   0.02407,   0.07835,  -0.10724,  -0.03195,   0.03458,  -0.04771,   0.00481,  -0.00044,  -0.05121,   0.00832,  -0.00919,   0.00657,   0.06784,  -0.07747,   0.02933,   0.01882,   0.05734,  -0.02670,  -0.02495,  -0.01269,   0.00131,  -0.06347,  -0.00919,  -0.00044,  -0.02845,  -0.09848,   0.03808,   0.05384,   0.00131,   0.05909,  -0.00919,  -0.06347,   0.01532,   0.04158,  -0.01795,  -0.00044,   0.07135,  -0.05121,   0.01532,   0.00306,  -0.05471,  -0.02145,  -0.05646,  -0.01620,   0.05909,  -0.00044,  -0.05646,   0.00832,  -0.03195,  -0.03721,   0.02407,   0.02582,   0.02582,   0.00481,  -0.05121,  -0.02670,   0.06259,  -0.05471,   0.04158,   0.02407,  -0.06697,  -0.03370,  -0.01269,   0.05559,   0.05734,   0.00481,  -0.03545,  -0.02320,  -0.02320,  -0.01795,   0.04158,  -0.02845,   0.00306,  -0.07747,   0.01532,   0.00481,   0.02232,  -0.04246,   0.05734,   0.01357,  -0.05646,   0.12562,   0.05734,   0.03458,   0.04508,  -0.06697,   0.03458,  -0.01269,   0.01532,   0.02757,   0.00481,  -0.02495,  -0.00044,   0.00131,  -0.00219,  -0.00044,   0.01182,   0.10811,   0.05909,  -0.08273,  -0.05997,   0.00832,  -0.01094,  -0.02145,  -0.00394,   0.01707,  -0.06872,  -0.06872,  -0.08448,   0.00481,   0.02757,   0.04683,  -0.01444,  -0.02145,   0.03283,  -0.01970,  -0.01620,  -0.05822,   0.02933,  -0.03020,   0.02582,  -0.02145,  -0.03195,   0.03633,  -0.04246,  -0.05646,  -0.02670,   0.07485,   0.02057,   0.06609,   0.01707,   0.02057,   0.04858,  -0.01444,  -0.04246,   0.01707,   0.00131,  -0.02320,  -0.02845,  -0.01269,  -0.02145,  -0.07922,  -0.01269,   0.05209,   0.02057,   0.01707,  -0.07047,  -0.01269,   0.03983,  -0.03195,   0.01532,  -0.05121,  -0.02495,  -0.05121,  -0.00744,  -0.01620,  -0.01970,  -0.03020,  -0.00394,  -0.02320,  -0.00219,  -0.01620,   0.02757,   0.04158,   0.04683,   0.03458,  -0.04071,   0.01532,  -0.04946,   0.05559,   0.01532,  -0.01620,  -0.04596,   0.04508,  -0.00044,   0.00657,   0.05384,  -0.04596,   0.00306,   0.09761,   0.04858,   0.01007,  -0.05296,   0.03983,   0.05384,   0.05559,   0.04158,  -0.02145,   0.01707,   0.06259,  -0.05296,   0.05734,  -0.06872,  -0.02670,  -0.06872,  -0.03370,   0.05909,   0.03983,   0.01882,   0.02407,   0.00657,  -0.00744,   0.03458,   0.00832,   0.02757,  -0.03896,   0.04158,  -0.03195,  -0.03896,   0.01882,   0.02757,  -0.06872,   0.00306,  -0.03020,  -0.01444,  -0.00919,  -0.01970,   0.04158,  -0.02495,  -0.08098,  -0.01970,   0.09411,  -0.01620,   0.00131,   0.05559,  -0.01444,   0.00306,   0.04858,  -0.01970,   0.05384,  -0.04421,  -0.02845,  -0.05296,   0.05209,  -0.01795,   0.01532,   0.04858,  -0.01795,   0.04858,  -0.10023,  -0.05296,  -0.02670,  -0.04771,   0.07135,   0.00832,   0.01707,  -0.05296,  -0.05296,   0.01532,  -0.03896,  -0.01795,  -0.05822,  -0.06872,   0.02407,  -0.08448,   0.04858,   0.01882,   0.00131,   0.04858,   0.09235,  -0.01795,   0.10286,   0.04508,   0.02232,   0.04858,   0.05384,   0.00131,   0.07835,  -0.04596,   0.00131,   0.02582,  -0.05471,  -0.01444,  -0.01444,  -0.08098,   0.02232,  -0.00394,  -0.02145,   0.01182,  -0.04946,  -0.00744,  -0.03195,  -0.06522,  -0.04421,  -0.03896,   0.05209,  -0.01620,  -0.05646,  -0.00044,   0.09586,   0.07485,   0.01007,   0.05384,  -0.05822,   0.00832,  -0.02320,   0.03458,   0.03808,   0.00306,  -0.04596,  -0.00744,  -0.01444,  -0.00569,  -0.01094,   0.05209,   0.01182,  -0.01094,  -0.04071,   0.00306,  -0.00394,  -0.01094,  -0.05997,   0.01182,   0.00306,  -0.03370,   0.01532,  -0.03195,  -0.02145,  -0.05646,  -0.02845,   0.00481,   0.02933,   0.02757,   0.01707,   0.07135,  -0.05997,  -0.06522,   0.07660,  -0.03896,   0.01357,  -0.08448,  -0.05997,   0.01357,   0.03983,   0.03458,  -0.03020,   0.05909,  -0.04246,  -0.00394,  -0.03721,   0.10461,  -0.01094,   0.03458,  -0.01094,  -0.00044,  -0.06697,  -0.05296,   0.04683,  -0.00044,  -0.00919,  -0.00569,  -0.00744,  -0.04246,   0.03633,   0.10986,  -0.02495,  -0.06347,   0.04858,   0.04158,  -0.03545,   0.00481,   0.00832,   0.01882,  -0.01444,   0.02232,   0.02933,  -0.01269,  -0.09148,   0.02407,  -0.00569,   0.01532,  -0.06172,   0.07310,  -0.04421,   0.00657,   0.05209,  -0.01444,  -0.03545,  -0.03896,   0.01707,  -0.03195,  -0.01444,   0.03108,  -0.05646,  -0.00219,   0.02933,  -0.01094,   0.02933,  -0.00394,  -0.02495,   0.01707,   0.09060,  -0.05646,   0.03458,  -0.05121,   0.04333,  -0.01970,   0.02407,   0.03633,   0.04508,  -0.03020,  -0.01970,   0.00481,   0.00131,  -0.00219,   0.05559,   0.04158
   0.03633,  -0.01620,   0.01882,  -0.00744,  -0.01444,   0.00131,   0.06084,   0.00481,   0.06784,   0.04858,  -0.03896,   0.02407,   0.03633,  -0.06522,   0.03983,  -0.03896,   0.04508,  -0.00044,   0.05559,  -0.06347,  -0.03020,  -0.00219,  -0.03020,  -0.03195,  -0.02145,   0.01357,   0.04158,  -0.03721,  -0.03020,   0.05209,   0.04158,  -0.06872,  -0.07222,   0.00657,   0.00306,  -0.08098,  -0.04421,  -0.13875,   0.00306,   0.01707,   0.03983,  -0.02670,   0.03283,  -0.08448,   0.02057,   0.02933,  -0.04771,  -0.05296,  -0.03545,  -0.02320,  -0.00744,   0.01707,   0.06609,  -0.00219,  -0.02670,  -0.00744,   0.06084,  -0.04596,   0.04858,  -0.03545,   0.00832,  -0.01094,   0.08010,  -0.03020,  -0.04596,   0.02933,  -0.03195,  -0.03545,  -0.04771,  -0.00919,  -0.02145,  -0.04246,   0.02933,   0.03633,   0.04158,  -0.00219,  -0.03545,   0.03633,   0.08710,   0.01357,  -0.02145,  -0.01620,   0.04683,  -0.05296,   0.01707,   0.03633,  -0.06522,   0.02407,  -0.05121,   0.10461,   0.05909,  -0.02495,  -0.03195,  -0.04596,  -0.02145,   0.08710,  -0.04421,   0.00657,  -0.00394,  -0.02670,   0.01882,  -0.00219,  -0.03721,  -0.03195,   0.01707,   0.02057,   0.04858,  -0.01444,   0.00306,  -0.06697,  -0.10374,   0.11161,  -0.00219,  -0.00919,   0.02582,   0.03283,  -0.02495,   0.02232,   0.09761,   0.04333,  -0.00394,  -0.02495,   0.09586,   0.02057,   0.05559,   0.06609,  -0.02320,   0.05034,  -0.06347,  -0.03545,  -0.01620,  -0.04246,   0.01882,   0.02407,   0.01882,  -0.02845,   0.06434,   0.03108,   0.03283,   0.01357,   0.01532,  -0.05121,  -0.03195,   0.10986,  -0.00569,   0.01707,  -0.02845,  -0.05296,  -0.01620,   0.01532,   0.02757,  -0.03545,   0.05209,  -0.01444,  -0.05646,  -0.04771,   0.01007,   0.01182,  -0.07397,  -0.03721,   0.06084,  -0.05121,   0.01882,   0.01007,   0.07310,   0.01357,  -0.02845,  -0.00044,  -0.00569,  -0.01269,   0.02933,   0.02757,  -0.01970,   0.01007,  -0.00919,   0.01532,   0.04158,   0.01532,   0.02407,  -0.02670,   0.05034,   0.03108,  -0.08098,  -0.05997,  -0.02320,  -0.01620,  -0.01970,  -0.05121,  -0.08623,  -0.01795,  -0.00919,   0.00657,   0.05209,   0.01357,  -0.01094,  -0.00919,   0.01532,  -0.01269,   0.06084,   0.02407,  -0.04421,   0.01182,   0.03458,  -0.00569,  -0.04596,   0.05734,  -0.01269,   0.03458,  -0.03721,  -0.02845,  -0.03896,  -0.02145,  -0.01444,  -0.01444,   0.02232,   0.01007,   0.01532,  -0.04071,  -0.10374,  -0.03020,  -0.06872,   0.05909,   0.02232,   0.00832,  -0.01269,  -0.02145,  -0.05646,  -0.07222,  -0.01620,   0.02057,   0.03458,   0.02407,   0.00657,   0.04333,  -0.02845,   0.00832,  -0.02495,  -0.00744,  -0.00569,   0.02232,   0.01357,   0.05384,   0.00481,   0.02933,  -0.01444,  -0.05471,   0.03283,   0.01182,  -0.08973,  -0.01444,  -0.07922,   0.03983,   0.00306,   0.00306,   0.10286,  -0.01269,  -0.01620,   0.02407,  -0.03896,  -0.01620,  -0.02145,  -0.10023,   0.05559,  -0.01269,  -0.04071,   0.00481,   0.01707,  -0.00569,  -0.06697,   0.00131,   0.01182,  -0.00219,  -0.03721,  -0.07572,  -0.03195,  -0.02495,  -0.02670,   0.07485,   0.02757,  -0.04946,  -0.05121,   0.00306,   0.03633,  -0.01620,  -0.04596,  -0.03896,  -0.07572,   0.09411,  -0.01444,   0.08360,   0.08885,   0.09761,  -0.05471,  -0.04071,  -0.02145,  -0.04596,   0.08885,  -0.00744,  -0.08273,  -0.01269,  -0.00569,   0.05209,   0.06784,  -0.02320,   0.04508,  -0.01970,  -0.05121,   0.07485,  -0.03020,   0.01182,   0.04508,   0.06609,   0.02232,  -0.07397,   0.05384,  -0.00394,  -0.02495,  -0.04946,   0.00306,   0.01182,  -0.05646,  -0.08798,  -0.00744,  -0.00394,   0.04158,  -0.00744,  -0.00569,  -0.03896,  -0.00569,  -0.03370,  -0.06172,   0.00131,   0.01532,  -0.00569,  -0.07397,  -0.03020,  -0.03195,  -0.04421,   0.03983,  -0.06697,  -0.01269,  -0.02845,  -0.01094,   0.02582,  -0.01269,  -0.04596,  -0.01444,   0.01357,  -0.06872,  -0.00569,  -0.00744,  -0.01269,   0.09761,  -0.00744,  -0.02495,  -0.03020,  -0.02670,   0.07310,  -0.00569,  -0.01094,   0.02232,   0.03808,  -0.08448,   0.01532,  -0.02845,  -0.04946,  -0.06172,  -0.00744,  -0.09673,   0.02933,   0.02407,  -0.01444,   0.02407,  -0.03896,  -0.02670,   0.01882,  -0.08273,   0.00306,   0.01357,  -0.08448,   0.03108,  -0.03020,  -0.08798,   0.07485,   0.04858,  -0.02320,   0.05559,   0.00657,  -0.10899,  -0.00219,  -0.05296,  -0.05471,  -0.01970,   0.03808,   0.01532,   0.02407,   0.03458,  -0.00744,  -0.06872,   0.02407,  -0.02145,  -0.07222,  -0.02145,   0.00481,   0.05034,  -0.02495,   0.01707,   0.02582,  -0.02145,   0.08535,  -0.01094,  -0.01970,   0.01007,  -0.06522,   0.04333,   0.02582,   0.01007,   0.02757,   0.02407,  -0.06697,   0.01007,  -0.01620,   0.12387,   0.04333,   0.02232,  -0.01444,   0.03633,   0.03983,  -0.02495,  -0.04946,   0.02407,   0.03283,  -0.01269,  -0.06522,  -0.01795,   0.08885,   0.02232,   0.06434,   0.06784,   0.09411,  -0.07747,   0.06784,  -0.00569,  -0.00744,  -0.01795,   0.01182,   0.12737,  -0.06347,  -0.00744,   0.01882,   0.03283,   0.05209,  -0.04946,  -0.05822,   0.01707,  -0.04246,  -0.05121,  -0.03545,  -0.01795,   0.08885,   0.06084,  -0.04946,  -0.01620,   0.00306,  -0.02320,   0.03808,  -0.04246,  -0.10374,   0.00832,   0.02582,   0.00657,  -0.00044,  -0.01269,  -0.11599,  -0.00394,  -0.01444,   0.03633,  -0.01094,  -0.00919,   0.02057,   0.03283,  -0.03896,  -0.01620,  -0.01094,   0.01357,  -0.06347,   0.04333,  -0.03545,  -0.01269,  -0.05822,  -0.04771,  -0.11424,   0.04508,   0.00306,   0.04683,   0.01007,   0.04508,   0.03458,  -0.03020,  -0.09498,   0.00306,   0.00657,  -0.03721,   0.00481,  -0.08098,  -0.00744,  -0.07397,  -0.05296,   0.06784,   0.01707,  -0.00044,   0.03808,  -0.06872,   0.00306,   0.02757,  -0.03896,  -0.01094,  -0.00219,   0.01182,  -0.02670,  -0.03721,   0.04683,   0.00657,  -0.07222,   0.00306,  -0.00569,  -0.00919,  -0.00044,   0.01707,  -0.01269,   0.02407,   0.02407,  -0.03020,  -0.01444,   0.01707,   0.06434,   0.05034,  -0.02670,   0.06959,  -0.08273,   0.08360,   0.01532,  -0.00744,  -0.00044,   0.01182,  -0.05296,   0.02933,  -0.05121,   0.01182,   0.03108,   0.01007,   0.00481,  -0.06872,   0.04158,   0.04333,   0.06609,   0.00131,  -0.00219,  -0.01795,  -0.04771,   0.04858,   0.05034,  -0.05997,   0.02407,   0.02582,   0.01182,   0.00481,   0.02582,  -0.01094,  -0.02320,  -0.01444,   0.03283,  -0.02145,  -0.03896,  -0.07397,  -0.04946,   0.06259,  -0.03370,  -0.04771,  -0.01269,   0.10811,  -0.01795,  -0.03020,  -0.04071,  -0.07397,  -0.09323,  -0.01795,  -0.03721,  -0.04071,   0.03808,   0.04683,   0.00306,   0.01182,  -0.01970,   0.00657,   0.02757,  -0.02495,  -0.02320,   0.03983,   0.01357,  -0.08623,   0.00306,   0.01882,  -0.06347,  -0.00219,  -0.02145,  -0.00394,  -0.00044,  -0.10023,  -0.02145,  -0.00744,   0.07135,  -0.07397,  -0.03195,  -0.01444,   0.03458,  -0.06697,  -0.03370,  -0.01620,   0.06434,  -0.00394,   0.02582,   0.02757,   0.05559,   0.01182,  -0.02670,  -0.10549,  -0.01094,   0.00481,  -0.05471,  -0.00394,   0.02232,   0.00131,   0.00131,  -0.02495,   0.00306,  -0.04946,  -0.10023,  -0.05471,  -0.01269,  -0.09848,   0.01007,  -0.03020,  -0.00044,  -0.01094,   0.07135,   0.06959,  -0.07397,  -0.00394,  -0.04421,   0.03108,  -0.02670,   0.03633,  -0.05471,  -0.00044,   0.05909,  -0.02845,   0.03108,   0.05734,   0.08010,   0.03283,   0.03458,   0.02757,   0.09235,   0.03283,  -0.02145,   0.04158,   0.06784,   0.03458,  -0.05296,  -0.10199,  -0.02320,  -0.06697,   0.03808,  -0.01269,  -0.01269,  -0.03020,  -0.02145,  -0.03195,  -0.02845,   0.01182,  -0.04771,  -0.01795,   0.00657,   0.13613,  -0.04771,  -0.01795,  -0.07572,  -0.02320,  -0.05296,   0.02407,  -0.06172,  -0.04071,   0.01707,   0.04683,  -0.05296,   0.06084,   0.03108,   0.06259,  -0.03370,  -0.03721,  -0.10724,  -0.02320,  -0.04946,  -0.03195,  -0.02145,   0.02582,   0.06259,   0.03283,  -0.01269,   0.05034,   0.02407,  -0.00569,   0.01007,   0.02232,   0.03983,  -0.14576,   0.05909,  -0.04246,  -0.06172,   0.01357,  -0.00219,   0.01007,   0.02933,  -0.04771,  -0.01444,  -0.01094,  -0.00219,  -0.05997,  -0.02670,  -0.02670,   0.05909,  -0.08273,   0.00832,  -0.06172,   0.00657,  -0.03721,  -0.01970,  -0.00044,  -0.00219,  -0.10023,  -0.06172,   0.04333,  -0.02320,   0.03283,  -0.01795,   0.00832,   0.00832,   0.07835,  -0.00919,   0.01707,  -0.01094,  -0.01620,   0.01007,   0.00657,  -0.00044,  -0.04246,   0.00306,   0.03108,   0.01532,  -0.04421,  -0.01269,   0.01707,  -0.06872,  -0.00044,   0.05384,  -0.01620,   0.02057,  -0.04771,   0.00481,  -0.01620,  -0.07922,   0.02407,  -0.02495,  -0.00919,   0.00306,   0.01532,   0.05034,  -0.02670,   0.05559,   0.06609,  -0.01444,   0.02582,  -0.01094,   0.00657,  -0.05646,  -0.02145,  -0.09498,   0.00306,  -0.02145,  -0.03545,   0.01707,  -0.06522,  -0.00394,   0.03633,  -0.01444,   0.03983,  -0.06522,  -0.00569,   0.00306,   0.03458,   0.02582,  -0.07222,   0.00306,  -0.01094,   0.02757,   0.04858,  -0.01094,   0.06084,   0.00657,  -0.04771,  -0.03195,   0.03283,   0.03983,  -0.01269,  -0.05121,  -0.04421,   0.03633,   0.01007,   0.05034,   0.10286,   0.02057,  -0.08448,  -0.00919,   0.02057,   0.02407,  -0.03020,   0.01182,   0.03983,   0.02757,   0.04683,  -0.06522,   0.01182,   0.02057,   0.04508,  -0.08798,  -0.03370,  -0.00394,   0.02582,  -0.00044,  -0.01970,   0.07135,  -0.00744,  -0.08273,  -0.01094,   0.05209,   0.03458,  -0.08973,  -0.02845,   0.00306,  -0.02495,  -0.02845,  -0.01269,   0.02232,  -0.01269,   0.01882,   0.01007,  -0.01269,  -0.06347,   0.10111,   0.01707,   0.00657,  -0.00744,  -0.00919,   0.01882,  -0.06872,  -0.00219,   0.03808,  -0.02670,   0.00131,   0.00657,  -0.03370,  -0.04421,   0.04508,  -0.04071,  -0.02495,   0.04333,  -0.02145,   0.05559,  -0.02670,  -0.04071,   0.02757,   0.09586,  -0.10549,  -0.06522,   0.01532,  -0.03896,  -0.03896,  -0.01444,  -0.04071,  -0.04421,   0.04858,  -0.06347,  -0.01269,   0.01357,  -0.00044,  -0.02670,  -0.01795,   0.04858,   0.00131,   0.03108,   0.00657,  -0.08448,   0.02407,   0.06084,   0.01007,   0.00481,  -0.01795,  -0.02845,   0.03633,  -0.08098,   0.01707,  -0.00744,   0.04333,  -0.00044,   0.04333,  -0.03721,  -0.01620,   0.03108,  -0.02670,   0.04858,   0.05034,  -0.02495,   0.06259,  -0.09148,   0.02582,   0.00481,  -0.00044,   0.01007,   0.06959,   0.06434,  -0.00569,   0.03808,  -0.00044,   0.04683,  -0.00569,  -0.05997,   0.00481,   0.04683,  -0.03545,  -0.02670,  -0.01094,   0.02232,   0.00832,   0.05034,   0.02232,  -0.10374,  -0.06347,  -0.04946,  -0.00044,  -0.00569,   0.00481,  -0.03545,   0.01182,  -0.04246,  -0.03545,  -0.01970,  -0.04421,  -0.07747,  -0.07747,  -0.03545,  -0.03020,   0.05909,  -0.05822,  -0.07047,   0.08885,   0.02407,  -0.04071,   0.02757,  -0.07397,  -0.02145,  -0.00569,  -0.05471,  -0.03020,   0.02057,  -0.00394,  -0.04771,  -0.00569,   0.02582,  -0.02145,   0.02757,   0.02232,  -0.05822,  -0.10549,   0.02933,   0.00832,  -0.00569,  -0.01269,   0.03983,  -0.00569,   0.01707,   0.00481,  -0.01620,  -0.01620,  -0.00569,   0.01357,  -0.07222,   0.06084,   0.01532,  -0.05121,  -0.02495,  -0.04946,  -0.00569,  -0.06172,   0.03283,   0.03808,   0.03283,  -0.00394,  -0.05471,  -0.05822,  -0.02495,   0.00657,  -0.03370,  -0.02320,  -0.01970,  -0.01970,  -0.03545,  -0.05646,   0.02407,   0.02057,  -0.01269,   0.02407,   0.03983,   0.01007
